-1988577
-1977402
-1977020
-1971721
-1969601
-1950190
-1948431
-1945860
-1940065
-1934539
-1929359
-1928662
-1928234
-1926035
-1924272
-1922005
-1921154
-1914126
-1912097
-1910429
-1906143
-1903868
-1902277
-1901050
-1884382
-1879810
-1876032
-1865607
-1863889
-1861657
-1860940
-1857819
-1852837
-1841784
-1840106
-1838150
-1834503
-1831696
-1828983
-1826823
-1825495
-1821334
-1818108
-1808615
-1803645
-1803326
-1800585
-1800110
-1793141
-1790653
-1789303
-1777047
-1762532
-1758417
-1754696
-1754682
-1726143
-1714340
-1707044
-1701676
-1701476
-1696591
-1696543
-1693071
-1691704
-1688882
-1686069
-1683164
-1674943
-1672796
-1661192
-1656198
-1653649
-1653597
-1651321
-1648410
-1647394
-1646905
-1645306
-1639634
-1637864
-1629518
-1623923
-1621465
-1619359
-1616007
-1614289
-1614003
-1607188
-1606238
-1601065
-1591516
-1588457
-1585125
-1584130
-1583219
-1579466
-1579108
-1578865
-1574045
-1558038
-1553447
-1553147
-1547645
-1541819
-1540230
-1536411
-1532892
-1529443
-1529047
-1521442
-1520757
-1518398
-1517461
-1515036
-1514514
-1513622
-1504305
-1490818
-1487347
-1486330
-1474555
-1472477
-1471690
-1471549
-1468412
-1463151
-1461753
-1461179
-1460003
-1459597
-1455672
-1455633
-1453177
-1447526
-1445973
-1445334
-1443380
-1438840
-1434039
-1429420
-1428858
-1412401
-1404580
-1397180
-1394261
-1393678
-1393614
-1393224
-1391151
-1386381
-1386043
-1385893
-1385498
-1385245
-1385073
-1384444
-1383389
-1382973
-1378030
-1377611
-1377163
-1358614
-1354404
-1350660
-1347273
-1344263
-1341373
-1337560
-1336798
-1336443
-1335548
-1331860
-1328820
-1328525
-1324787
-1319026
-1313616
-1310358
-1308945
-1306858
-1306741
-1302202
-1299090
-1298026
-1291987
-1280543
-1279255
-1276130
-1274951
-1274463
-1259364
-1259247
-1255495
-1249698
-1244560
-1243435
-1240309
-1236092
-1233469
-1232643
-1232143
-1229430
-1228601
-1226853
-1226332
-1218519
-1217903
-1207860
-1207036
-1206715
-1202632
-1201641
-1200324
-1196297
-1195601
-1193836
-1191684
-1187698
-1174665
-1172121
-1168868
-1167136
-1166655
-1162522
-1162522
-1148925
-1143602
-1142307
-1140437
-1137511
-1133781
-1133455
-1132440
-1130347
-1129086
-1126271
-1125031
-1122436
-1121286
-1117453
-1113864
-1113200
-1112820
-1104872
-1101986
-1099594
-1087558
-1084735
-1076835
-1071781
-1071721
-1064117
-1062666
-1061927
-1055909
-1051257
-1051049
-1050379
-1034636
-1034082
-1033396
-1026404
-1023079
-1023042
-1019768
-1017007
-1014471
-1010149
-1008043
-1006386
-989862
-987083
-986913
-986584
-985342
-983621
-981843
-972426
-959522
-952010
-951265
-945500
-938100
-937526
-929673
-928250
-928131
-918896
-914783
-909662
-907092
-906364
-901765
-899710
-894195
-888956
-882067
-872576
-872562
-871878
-870963
-868221
-862657
-857482
-853999
-843358
-832326
-832326
-830814
-829130
-824526
-820710
-815540
-813228
-806702
-803034
-800690
-794563
-794223
-792792
-789098
-788818
-788442
-771027
-766139
-763608
-757431
-757423
-756782
-755458
-751630
-742920
-740401
-738408
-735848
-734914
-732784
-730206
-725695
-718659
-716570
-713080
-712113
-709649
-706309
-699636
-687512
-679386
-672311
-672262
-667706
-658998
-656857
-653990
-650054
-643043
-634126
-633580
-632945
-629940
-625979
-624718
-617443
-616371
-606066
-598934
-591199
-584761
-583548
-582634
-581247
-551434
-550798
-547819
-542472
-540625
-532609
-531064
-525235
-517155
-502365
-500162
-499319
-495031
-489080
-486514
-481452
-480727
-477962
-475573
-475393
-470593
-469696
-467939
-466760
-464583
-461460
-449623
-449468
-445008
-442905
-441537
-441115
-434850
-430154
-424163
-417089
-414253
-412780
-412161
-398219
-397979
-394590
-385427
-374100
-372408
-368899
-365477
-353816
-353413
-351183
-341812
-338956
-332578
-323458
-315762
-308902
-292461
-289663
-283955
-271910
-267381
-265931
-263684
-258290
-255256
-248029
-244644
-244483
-238043
-230836
-226846
-221951
-208159
-195371
-186498
-178787
-177216
-173588
-167613
-158189
-138216
-126449
-121407
-119134
-115595
-114158
-97871
-94418
-92251
-85658
-81584
-80839
-76034
-75343
-67015
-66453
-55118
-49122
-47787
-39068
-38491
-37146
-22701
-20016
-19579
-19405
-11807
-10668
-8405
-4358
-2908
-191
1583
1587
9058
11222
12758
25521
27040
27261
28078
30549
32002
32497
36903
41367
41765
46630
49807
54347
60375
65872
72998
77511
79621
80464
82946
84688
85080
85869
86990
89046
97813
100075
100187
100382
101326
102682
102870
103982
104790
105199
105777
111181
111257
125951
129246
131583
132670
133701
134869
140636
142932
142999
151984
152203
158168
168822
171442
176317
176455
183074
183280
189115
196404
198334
200160
206165
210144
213698
218416
223006
223190
225627
227930
231350
240675
250920
254075
255398
266262
267653
271271
271983
272950
276355
287915
288775
292075
296024
300117
300770
303932
309693
321878
331628
331773
334938
338536
342747
344656
345921
356756
364589
366060
372414
374881
380557
380562
386367
398403
409573
414426
424518
428245
429471
431596
432179
435533
437516
457417
459915
466159
469205
473631
476197
476913
481240
481343
481828
483119
489796
489805
491535
494694
497257
501496
503017
503546
504404
505777
506490
507882
512086
513466
515380
516105
523924
528173
533670
533698
534578
536407
537907
539838
540320
541815
546833
548300
552626
554223
556626
560863
561220
561384
562667
568920
572391
580760
585181
586274
587657
588684
590710
591693
594386
597391
601946
602977
603165
604770
608824
612780
613434
616170
616511
621037
623013
629154
639168
640951
646311
656679
657760
659048
659691
661328
670194
674716
674873
678155
680933
682248
685824
689236
695090
696358
697079
701662
708456
708872
714012
716031
719879
720091
741791
749802
750055
751661
754077
758873
782187
784938
785396
790103
795528
797365
797745
804161
807333
815059
818657
826551
832543
842076
845084
849923
861036
867877
872023
873023
888430
892988
893159
899683
902724
903300
905389
908557
909919
915710
919193
931227
933573
933699
934424
934608
935327
936509
939656
941760
945003
949183
950377
955257
966310
966711
970503
971751
980579
987410
995792
996832
997440
997746
998714
1005658
1011303
1012116
1013490
1016142
1016464
1020204
1024361
1024569
1027855
1038244
1040553
1040790
1045258
1047624
1048254
1048660
1051434
1058611
1059891
1066506
1072310
1082927
1083886
1085172
1086728
1097495
1113057
1113363
1116829
1128771
1139435
1153963
1167722
1168305
1174098
1177625
1177846
1180089
1193723
1194431
1194481
1194561
1206001
1212481
1212631
1218839
1226345
1229140
1232845
1233782
1235382
1242633
1242634
1245687
1257676
1260212
1261873
1261986
1264195
1265596
1267077
1277149
1284091
1289216
1296724
1301005
1307334
1309917
1311877
1314299
1319447
1320483
1327149
1330855
1332203
1337309
1339676
1341566
1344084
1348912
1357847
1360118
1361069
1362522
1375901
1379755
1380756
1387109
1392174
1394122
1396783
1396960
1398240
1403679
1406451
1410119
1414614
1416084
1418723
1421924
1424419
1428521
1431163
1431346
1435535
1440460
1441741
1447485
1454026
1471118
1476357
1477843
1479251
1491740
1493064
1507380
1509460
1518681
1519598
1521568
1522537
1531069
1542727
1552376
1574156
1576757
1579231
1593568
1594623
1597773
1599210
1603630
1606465
1608959
1610979
1621491
1621708
1625486
1625999
1626449
1629939
1633607
1637044
1642141
1642434
1642855
1643906
1644626
1647017
1648322
1649274
1654323
1654762
1656905
1672068
1673390
1675075
1676429
1681426
1682573
1683092
1684107
1686466
1688952
1693995
1696833
1699801
1705267
1706747
1707408
1708421
1708933
1716891
1719845
1720182
1723680
1730920
1732541
1734922
1741762
1745585
1746682
1753106
1756779
1761106
1761414
1764541
1767055
1769787
1770098
1772484
1773666
1778325
1781638
1782607
1783133
1783816
1786545
1788608
1795612
1810253
1818264
1825423
1825709
1827538
1830366
1840251
1844763
1847486
1848122
1851905
1865854
1889776
1897556
1898516
1900309
1912755
1916215
1916456
1917002
1919166
1919690
1921452
1930358
1932841
1933298
1935905
1942518
1942752
1944502
1946304
1957289
1959378
1965762
1974474
1975813
1979221
1983886
1988835
1993360
1998641
