-1999185
-1997916
-1991416
-1990760
-1990567
-1988309
-1985915
-1984007
-1981087
-1979007
-1978852
-1978848
-1976999
-1958243
-1957621
-1954761
-1953735
-1951323
-1941889
-1935797
-1932922
-1922477
-1905774
-1893437
-1892623
-1888990
-1888492
-1884788
-1884067
-1883021
-1882777
-1879395
-1877394
-1874163
-1870013
-1869910
-1863700
-1861638
-1852868
-1842908
-1835571
-1822528
-1821148
-1820145
-1814040
-1810391
-1808520
-1806969
-1802447
-1793781
-1770411
-1769934
-1766510
-1764891
-1759746
-1757331
-1751736
-1750300
-1749765
-1748224
-1744378
-1742196
-1741761
-1735334
-1726883
-1724777
-1723583
-1722249
-1717444
-1714570
-1705097
-1704363
-1699298
-1685474
-1684677
-1684593
-1679075
-1675483
-1675045
-1672809
-1656937
-1647877
-1647705
-1647003
-1632272
-1630057
-1624308
-1618716
-1612334
-1603803
-1601597
-1595713
-1593335
-1592664
-1589142
-1589019
-1587268
-1585629
-1578930
-1577855
-1577187
-1570881
-1569335
-1561408
-1560141
-1554000
-1553695
-1552244
-1549260
-1548002
-1545796
-1545750
-1540606
-1538896
-1537231
-1535061
-1532842
-1526036
-1525369
-1518690
-1517615
-1508333
-1501298
-1498886
-1495545
-1494515
-1480367
-1474971
-1462735
-1460301
-1454129
-1451382
-1445937
-1427329
-1425030
-1420614
-1414168
-1412063
-1411827
-1407436
-1406751
-1406675
-1400089
-1397782
-1392721
-1391115
-1382846
-1378919
-1378185
-1376082
-1369564
-1368298
-1362932
-1362925
-1359325
-1351098
-1344552
-1338262
-1335011
-1334484
-1333605
-1333156
-1332329
-1329847
-1329765
-1327315
-1319094
-1316726
-1314642
-1312214
-1308690
-1306343
-1305268
-1304315
-1301522
-1300647
-1291248
-1279413
-1277951
-1274845
-1268012
-1262815
-1262282
-1254062
-1252352
-1251804
-1249535
-1240861
-1231216
-1225601
-1223867
-1220261
-1218716
-1218314
-1218142
-1210512
-1209748
-1207267
-1203941
-1200822
-1199412
-1194789
-1189374
-1187708
-1178219
-1177034
-1174352
-1169272
-1166241
-1165111
-1163936
-1158384
-1154992
-1146299
-1145645
-1145493
-1135556
-1133022
-1131591
-1129209
-1126332
-1121108
-1119958
-1116403
-1111300
-1109443
-1102030
-1100326
-1096264
-1087832
-1083859
-1080443
-1072891
-1063821
-1062138
-1053411
-1051422
-1043655
-1040479
-1040080
-1036931
-1031524
-1030069
-1028823
-1027945
-1026298
-1021485
-1017898
-1012709
-1011029
-996874
-996040
-995001
-990416
-984944
-983400
-977587
-971555
-950956
-950158
-944933
-942907
-941348
-935266
-932036
-923055
-918640
-916692
-906651
-901303
-898159
-892205
-890243
-889646
-889145
-874568
-867022
-865654
-860173
-855097
-852233
-847437
-843166
-837137
-831034
-830571
-830181
-824794
-823093
-817114
-812998
-805276
-805272
-801987
-796609
-795091
-791684
-790778
-790256
-785242
-767987
-759603
-758109
-754033
-750053
-748180
-747640
-744638
-743555
-735422
-729247
-728617
-722955
-719594
-715326
-715294
-713422
-713302
-712023
-706660
-705682
-705569
-700436
-691660
-689978
-688228
-685459
-683579
-666899
-665636
-655818
-655239
-654172
-653010
-649206
-648152
-648138
-644089
-637656
-630536
-626905
-624150
-615046
-614478
-614027
-612806
-601320
-586503
-582960
-575220
-570525
-557543
-556874
-556156
-548720
-542902
-540699
-538509
-534525
-530168
-528956
-523217
-521766
-516958
-513785
-510714
-508529
-501246
-499169
-490096
-488221
-487774
-487350
-482488
-479052
-467985
-467646
-467214
-458017
-457239
-450123
-446814
-430899
-430627
-426480
-426380
-426161
-425304
-424315
-412565
-412244
-409034
-397459
-394951
-392990
-391788
-390846
-385683
-373181
-372878
-371420
-370201
-367669
-363706
-357227
-356859
-349684
-347313
-340994
-339426
-334909
-332336
-331328
-330505
-329437
-326538
-323375
-320635
-316652
-312065
-311171
-306824
-303765
-300402
-286423
-284375
-284201
-282441
-276669
-271276
-266863
-262992
-260695
-259832
-258540
-256713
-256291
-253205
-241427
-230495
-226219
-221884
-218225
-216145
-215148
-210588
-205033
-202849
-202450
-180999
-180482
-179351
-177959
-177652
-177063
-167739
-164678
-163918
-157033
-154955
-154863
-144872
-141776
-141116
-136888
-136547
-129742
-126741
-125410
-123760
-123053
-118680
-117197
-116237
-111015
-106812
-106592
-104234
-96996
-95762
-92921
-81729
-75611
-75439
-73425
-67687
-65068
-65034
-61995
-60389
-57416
-54376
-52073
-44060
-41531
-41294
-36769
-35610
-31001
-26438
-25976
-25853
-21809
-12399
-12186
-11335
-9130
-4192
80
6276
11736
12474
13858
15391
32334
39724
42539
49696
54003
60529
68034
71282
72566
78206
79094
88447
91586
98192
99247
99824
102878
106723
107073
111144
113809
116426
121916
124123
126285
132605
140502
142425
146966
148730
153260
155723
157810
158574
161082
164400
168766
170055
173049
175445
176608
181375
184300
187552
188330
191743
192102
201180
201333
207423
211347
214167
218803
219075
225251
227646
232294
236582
244698
246223
246854
256295
258504
262373
263512
263991
264783
271143
272126
281658
283265
283649
283673
284059
284655
287677
289872
295225
296089
297403
298452
299817
301288
307765
314998
315243
317535
318098
319074
323584
324457
328131
328487
329042
331118
332911
334417
335639
347652
350300
351245
357339
358508
362220
366762
369698
377795
380046
380585
387759
389034
395737
399926
400551
401789
401982
402764
407531
407570
411398
414273
416487
419694
425372
432804
436835
437099
440442
440807
444356
446355
449809
455909
457938
483907
484772
485594
485965
489170
493216
495881
509780
510042
515222
515738
520482
521701
528178
528196
543933
543973
548112
549146
552278
554346
555274
557323
557539
564841
569444
570357
574233
575293
576602
578335
580037
582189
582707
586573
594994
595961
596814
602215
606027
606898
608854
609987
615078
616953
617892
620162
622575
626818
627702
635585
643872
646737
647200
660482
660860
661764
662585
664352
681578
699063
708406
724173
725494
734508
736209
742250
742685
744278
745043
754468
757325
762866
763081
765129
769730
770325
778313
783163
783813
784009
792391
802633
820295
821741
821943
822554
829798
832970
834516
854249
857721
858592
860011
877456
884685
885797
888772
895847
901343
902413
902782
916837
926506
929650
931422
937583
940907
948585
957789
959864
968981
969665
973268
973417
975075
978230
981664
981918
983493
992692
997108
998000
999863
1003258
1004857
1009037
1011866
1016793
1018728
1020174
1026530
1030784
1033520
1034475
1035497
1035710
1036255
1048673
1051199
1054749
1056680
1063507
1068823
1069502
1079062
1080948
1081347
1082058
1083860
1084000
1086823
1093060
1097130
1105175
1106567
1129701
1133176
1139580
1142378
1145565
1146197
1149438
1151420
1154290
1166510
1170879
1190027
1192584
1193494
1199046
1205552
1208703
1209054
1210536
1210828
1218554
1220671
1227019
1230009
1235515
1236236
1237908
1239555
1244607
1246715
1248012
1254694
1255147
1255356
1258312
1266243
1270395
1274307
1275944
1276233
1279055
1280028
1281895
1290657
1291081
1309581
1311125
1314361
1325247
1327547
1329730
1333966
1341534
1341753
1344254
1344398
1346551
1354147
1361552
1361555
1362482
1366001
1377041
1382172
1383212
1401268
1407684
1409189
1417368
1420491
1426882
1436703
1437089
1440432
1448790
1449151
1452034
1454482
1457587
1480078
1489482
1497202
1503709
1522972
1528303
1544479
1545979
1546833
1551776
1567470
1569858
1580219
1583939
1585508
1591233
1596597
1599653
1601775
1605507
1611570
1612787
1613387
1622116
1624979
1625031
1625195
1636152
1636390
1639654
1642699
1645863
1647083
1650146
1657930
1662747
1665695
1665885
1671435
1672727
1676229
1677703
1680462
1681541
1686664
1688926
1694787
1694981
1702308
1712607
1716627
1726965
1740172
1756391
1762220
1763777
1765357
1766222
1777651
1777875
1778207
1780824
1781185
1786996
1789277
1792317
1792531
1795728
1806734
1807606
1808126
1817414
1823506
1824940
1828787
1830802
1833783
1833994
1837387
1842373
1852960
1855547
1860715
1865366
1865401
1866348
1866483
1868854
1871971
1875003
1884325
1886753
1897347
1897951
1899203
1903341
1908178
1918937
1928344
1936627
1940854
1945848
1948172
1949169
1952945
1953068
1955373
1958154
1958643
1960683
1961718
1974414
1975378
1977872
1982795
1988634
1995716
