-1996442
-1995236
-1993744
-1993173
-1989319
-1987671
-1987142
-1978117
-1970956
-1967802
-1961915
-1955551
-1955381
-1953860
-1951058
-1945160
-1940453
-1936697
-1923358
-1918411
-1914893
-1910190
-1908718
-1905711
-1905641
-1897209
-1890465
-1888808
-1881710
-1880519
-1878138
-1869709
-1869354
-1866691
-1857510
-1848777
-1845141
-1844893
-1844310
-1836823
-1835748
-1835559
-1834558
-1834433
-1834375
-1831840
-1831411
-1830105
-1825683
-1820459
-1818742
-1818092
-1809561
-1807623
-1807619
-1806933
-1805202
-1803097
-1798534
-1798177
-1785763
-1782911
-1768050
-1767673
-1765953
-1761032
-1760560
-1756199
-1751292
-1749046
-1746830
-1742554
-1739681
-1738594
-1730609
-1724822
-1723969
-1723763
-1722405
-1715481
-1699595
-1699091
-1694371
-1692577
-1686308
-1685316
-1684365
-1683079
-1682058
-1674780
-1674240
-1669851
-1667640
-1661128
-1654398
-1648374
-1636412
-1631853
-1630364
-1629020
-1617846
-1614830
-1606499
-1604674
-1600943
-1587313
-1585044
-1579895
-1572330
-1570957
-1564569
-1564397
-1563748
-1560415
-1558177
-1534881
-1533335
-1528164
-1527349
-1524998
-1520165
-1519843
-1517865
-1515084
-1505775
-1503296
-1500211
-1497508
-1494173
-1489841
-1481050
-1470918
-1464984
-1464532
-1464242
-1464062
-1459988
-1457580
-1449665
-1448115
-1443002
-1442526
-1438768
-1437725
-1433444
-1431617
-1426936
-1425197
-1424958
-1422983
-1418987
-1413987
-1413033
-1411107
-1408086
-1406505
-1385812
-1385694
-1378477
-1369569
-1366096
-1365229
-1361000
-1360576
-1356412
-1355747
-1352870
-1346973
-1342362
-1337144
-1335592
-1335084
-1333007
-1325359
-1321814
-1321605
-1315142
-1314540
-1309391
-1309200
-1308842
-1307118
-1303171
-1290834
-1288153
-1287215
-1285064
-1284593
-1278445
-1270028
-1268440
-1266694
-1265101
-1260243
-1232899
-1228205
-1224900
-1218262
-1217130
-1214718
-1213267
-1210699
-1205138
-1202884
-1202234
-1201856
-1200186
-1190027
-1177564
-1172805
-1166068
-1165922
-1165899
-1165889
-1164366
-1148917
-1146126
-1144282
-1140730
-1135781
-1134646
-1125698
-1119647
-1117635
-1115968
-1114648
-1113743
-1113621
-1113144
-1105048
-1100067
-1091800
-1091305
-1090970
-1077022
-1076674
-1070652
-1060049
-1057586
-1052191
-1039898
-1038930
-1033543
-1031452
-1030938
-1027733
-1021561
-1017972
-1017195
-1015563
-1013243
-994645
-989487
-989486
-985193
-965817
-965471
-963901
-960880
-955505
-952207
-950441
-950326
-945354
-941829
-939980
-937231
-929379
-927683
-927633
-910571
-896934
-896745
-891171
-888331
-886821
-871303
-839271
-837811
-836734
-833555
-832732
-831798
-830022
-828747
-825754
-818776
-808022
-805029
-804676
-804475
-797779
-797386
-792952
-772358
-771343
-771158
-765269
-764594
-764094
-762291
-752171
-750805
-747967
-746730
-745603
-744103
-741985
-741690
-736817
-726542
-718201
-717432
-714160
-710270
-707199
-704281
-699183
-698934
-698893
-695573
-692809
-680974
-677739
-662895
-660434
-650400
-646144
-631418
-629423
-623697
-622730
-620865
-613983
-612319
-610914
-600452
-597631
-595413
-584608
-582261
-578487
-578006
-571656
-565644
-559943
-554585
-546164
-537098
-534661
-528581
-525026
-518587
-514570
-513408
-511377
-503392
-503354
-501035
-500908
-499684
-495033
-481598
-461245
-460806
-460361
-455946
-455798
-453145
-447583
-441945
-441279
-440995
-440274
-439675
-439558
-434786
-433338
-429691
-428992
-417423
-416747
-416284
-416122
-412731
-412165
-409681
-408475
-404326
-401560
-389961
-386160
-374802
-372334
-367156
-361113
-357616
-352919
-350289
-349932
-340038
-338903
-336368
-329899
-325569
-323610
-322404
-318105
-317775
-316654
-316525
-312063
-310930
-310555
-307947
-296931
-288166
-288098
-285220
-283842
-282884
-282609
-278697
-275965
-275937
-274426
-272062
-261293
-246663
-245789
-241285
-241245
-237467
-230093
-222682
-215880
-215803
-213782
-212990
-202119
-195922
-195672
-192915
-192093
-187034
-186266
-186195
-184216
-182650
-181254
-180038
-177057
-176899
-169469
-168093
-164287
-160034
-159527
-159068
-156884
-146584
-146364
-140516
-139802
-132714
-132690
-131024
-124668
-121815
-121421
-113314
-108981
-104299
-98090
-97644
-97491
-95586
-94374
-90689
-79683
-69342
-66060
-63538
-61086
-57949
-48882
-46185
-44440
-40601
-38393
-37714
-35310
-33111
-30756
-24751
-19493
-10440
-3514
4515
6642
7427
10540
12813
20101
28959
31272
33213
37343
37372
43317
45415
55859
56347
56974
60047
60283
64842
65309
67512
69910
70250
71519
72762
73415
84951
95280
101967
103811
112034
115761
125779
130452
134876
142840
148993
149960
151369
153227
154559
154941
162489
162737
162801
163764
165576
168414
176489
185331
195772
196394
199584
201646
209090
214213
216425
219569
233548
241455
245076
245283
250694
264030
266336
270019
271180
274279
279137
279967
282024
289882
293541
299445
302494
310325
312569
315214
324725
326308
327173
333270
337467
337585
337612
343583
345396
346342
348134
358392
358639
364236
368358
368605
370852
372860
373763
374435
383550
393581
394289
394681
397309
413087
413562
418545
427908
432628
436636
441210
450303
462573
473638
474464
478926
487300
494459
496620
499044
500157
504543
505770
508087
510244
514022
526092
527077
531651
532182
534966
536389
536638
541040
542273
547948
552739
556769
557692
559624
566587
566784
571585
578924
582050
584571
591257
599203
607747
610343
610495
610571
613011
614823
615714
617302
620744
625519
628776
629380
635842
645445
650523
654040
658732
662470
667141
669072
672320
674748
676748
678201
688543
691306
691542
693845
694283
695701
697666
701019
704254
704298
710557
716576
718753
723047
724972
729689
752124
754098
772838
776161
778445
779768
781810
790720
793627
794740
800688
804435
807627
816330
816783
823572
829830
830373
830477
830786
831863
841102
841617
843136
844529
848059
858480
860355
863140
867217
869955
872575
873927
874820
884878
885818
892876
898967
910977
912913
918112
922231
934114
936301
938374
938398
938544
940490
945540
945973
948740
953451
961490
966035
967620
969552
976384
977556
979598
980577
985483
1007153
1014133
1015742
1017280
1025220
1027448
1030881
1043634
1048408
1063040
1070919
1073035
1080982
1082028
1084787
1088395
1093927
1109444
1110365
1112394
1113993
1120033
1131899
1132593
1134187
1136033
1137702
1147011
1147439
1148118
1154680
1160150
1160645
1161714
1162124
1169002
1169020
1170908
1171332
1171828
1180459
1182859
1183635
1184698
1191136
1206255
1211243
1219837
1224285
1224793
1225904
1232426
1236593
1239833
1241112
1246447
1250288
1261595
1267463
1268470
1279209
1280905
1283270
1285300
1285478
1286745
1287380
1289960
1290547
1300584
1302245
1302415
1303287
1305483
1306446
1307121
1308000
1314229
1314972
1315750
1319905
1322924
1327662
1337353
1346196
1351417
1351630
1355378
1358156
1358795
1361298
1367663
1370351
1375786
1393966
1394455
1399348
1410154
1411922
1412711
1414144
1418588
1423819
1424346
1425321
1426084
1428804
1435396
1436562
1439887
1441928
1445007
1445899
1446730
1447017
1456124
1459452
1461922
1471770
1474696
1474969
1475241
1477113
1482039
1491153
1498060
1499980
1506199
1506836
1510579
1515379
1517313
1517427
1525184
1536264
1537795
1539121
1544997
1548563
1548834
1553897
1560880
1560949
1562737
1563760
1565887
1567351
1569007
1570950
1571825
1572076
1580148
1580636
1588801
1592412
1595315
1600137
1601122
1601221
1602622
1616480
1621997
1635827
1636114
1640654
1648313
1652301
1656372
1658228
1665104
1672910
1691446
1694294
1700174
1706128
1712323
1713434
1717899
1724889
1726125
1727868
1733465
1733712
1739073
1770804
1778787
1782416
1783245
1787840
1788178
1788310
1790725
1795135
1796964
1802080
1802648
1807709
1812485
1825967
1831286
1832032
1840066
1847592
1850872
1851861
1857623
1857901
1860283
1861754
1864112
1866390
1870600
1873972
1879744
1880220
1885769
1886065
1894349
1899354
1901061
1903998
1904065
1907227
1913593
1918161
1924288
1928870
1929777
1930619
1934399
1937755
1938051
1943076
1943475
1948373
1952971
1953182
1955512
1956784
1960953
1962353
1966260
1967237
1969235
1972882
1974670
1977973
1979294
1983215
1987412
1988857
1990026
1991283
1997064
