-1994951
-1994564
-1979253
-1973148
-1958652
-1948906
-1941539
-1934242
-1929784
-1929096
-1925611
-1919220
-1919140
-1917830
-1912152
-1911459
-1894268
-1892444
-1892107
-1891059
-1890777
-1889488
-1887154
-1879128
-1872445
-1866395
-1864920
-1857107
-1850325
-1844831
-1843949
-1843587
-1839840
-1832371
-1826543
-1823367
-1810005
-1807389
-1805032
-1794855
-1789443
-1788967
-1775833
-1773197
-1763535
-1763338
-1763011
-1753000
-1752376
-1750546
-1750522
-1740919
-1738778
-1736367
-1715439
-1704769
-1698923
-1697236
-1694810
-1691556
-1685591
-1685130
-1682660
-1679301
-1678475
-1675275
-1673696
-1673242
-1669964
-1666165
-1664220
-1660372
-1660135
-1658177
-1656381
-1655040
-1650620
-1636204
-1634906
-1634112
-1632963
-1632786
-1621638
-1619104
-1615448
-1615442
-1611899
-1609350
-1607308
-1592661
-1586621
-1580942
-1578419
-1575886
-1575221
-1564348
-1558619
-1557682
-1556169
-1551693
-1545178
-1542308
-1538051
-1523674
-1523047
-1514916
-1503970
-1500511
-1500315
-1498952
-1495797
-1493564
-1489908
-1489042
-1486075
-1484423
-1465547
-1463034
-1462466
-1460295
-1459748
-1457698
-1451666
-1440080
-1437631
-1430863
-1427302
-1424385
-1423781
-1423034
-1421660
-1417603
-1417600
-1402680
-1400849
-1400845
-1396498
-1395526
-1393053
-1389547
-1378572
-1370263
-1368871
-1359086
-1354954
-1352177
-1351561
-1347866
-1332406
-1328352
-1322054
-1318941
-1317329
-1316873
-1315196
-1312083
-1298908
-1295941
-1294895
-1293691
-1292470
-1290739
-1288950
-1288034
-1279274
-1276095
-1272856
-1272633
-1267811
-1253951
-1245437
-1243148
-1241970
-1241623
-1240093
-1237302
-1235924
-1232792
-1230407
-1226922
-1224211
-1221966
-1220564
-1220048
-1218208
-1216176
-1214836
-1210770
-1206839
-1184949
-1175439
-1173082
-1160904
-1156765
-1153061
-1149319
-1148058
-1147932
-1146235
-1146012
-1139602
-1131857
-1131594
-1127890
-1127175
-1122815
-1122331
-1122277
-1119065
-1117249
-1114826
-1114662
-1113137
-1111030
-1110660
-1106225
-1102230
-1100695
-1100180
-1099698
-1097380
-1090336
-1089631
-1087484
-1087002
-1084364
-1078612
-1078499
-1076140
-1073828
-1071656
-1060325
-1052716
-1051985
-1051886
-1051136
-1045729
-1039945
-1038058
-1037144
-1021841
-1001887
-998858
-995566
-994218
-992287
-991620
-989557
-987659
-982138
-976685
-976376
-974671
-969101
-968759
-963708
-958095
-946621
-946247
-945328
-941297
-937536
-931096
-928524
-924379
-923348
-920674
-920208
-919028
-916553
-915498
-912687
-908519
-908384
-905393
-896177
-894719
-888981
-887061
-881701
-880435
-878846
-864857
-858642
-858477
-843188
-840214
-835228
-828255
-827462
-824147
-815767
-813139
-805772
-792601
-791274
-791031
-785670
-771047
-768727
-762215
-760586
-760174
-759826
-753181
-750159
-748910
-740548
-738783
-725078
-721320
-712332
-709393
-705877
-696233
-693969
-688562
-685677
-681505
-680376
-680320
-674750
-669340
-667175
-665338
-664235
-664123
-659660
-659622
-653778
-640154
-632640
-628510
-626335
-626279
-625926
-625097
-614898
-613061
-613058
-608965
-599357
-594391
-589786
-586532
-583281
-582632
-565174
-554867
-550435
-548616
-545140
-544136
-540473
-539240
-537498
-534486
-525989
-525756
-522628
-515025
-514277
-508670
-502176
-498260
-492019
-485555
-478775
-478536
-478294
-477250
-477069
-463669
-461605
-460518
-460418
-458538
-457216
-446340
-439839
-439704
-433517
-432360
-429955
-422631
-413139
-410176
-408907
-408630
-407652
-398261
-390309
-384925
-381220
-369113
-363205
-360833
-359621
-356895
-354948
-351986
-350707
-347410
-347157
-331102
-327612
-327046
-317501
-317303
-315000
-311500
-308401
-304567
-304164
-298503
-295360
-287883
-283973
-280862
-276046
-273670
-272560
-271734
-266846
-261431
-257330
-253444
-249768
-249472
-247907
-247687
-247164
-241159
-236801
-232506
-231478
-230366
-227445
-221466
-208013
-203959
-202808
-199247
-192821
-190481
-190110
-180990
-167051
-166782
-160530
-153512
-145214
-133280
-130559
-124841
-122015
-121383
-118573
-109454
-108144
-102116
-101430
-99343
-98528
-95675
-94389
-85323
-82094
-80334
-79605
-76553
-63643
-54562
-53506
-52747
-51409
-46216
-45422
-43835
-43736
-38951
-28316
-18028
-15289
-14121
-12818
-8181
-2810
-1528
-1351
829
10446
10706
13655
23057
33178
33553
47364
54604
54795
60724
60777
64315
70225
76569
78244
79141
81823
81946
83297
83937
85131
85535
85733
89007
101002
101739
104259
110475
114262
121791
124521
126346
131137
132870
133821
137085
139764
141093
143776
145477
146318
149561
153392
154776
158041
160536
168228
168321
170272
174129
177704
180455
181885
186256
188484
192695
195810
198948
199012
203399
215745
230282
237163
237274
245414
246875
250251
250705
253328
259732
260986
263091
265437
274954
279113
283264
286847
287633
294151
298609
310572
316106
321494
321809
334291
334647
339579
348396
351630
352679
355980
370091
370828
375981
380230
381237
387667
390263
392391
393774
398249
398957
399212
401609
405933
406881
406926
409846
410323
412700
419492
429172
430217
431533
431585
434569
436545
451996
456483
460642
481552
493115
493424
494629
504524
508615
509108
514323
523642
526709
527250
536052
537021
540631
546439
548553
558863
566393
566520
567319
573855
575166
576082
583442
593724
595242
600164
607937
616353
622965
623081
624390
629692
631988
632180
638029
642519
642708
648955
649064
651632
653240
654353
660290
660992
661077
663173
673907
676191
680719
683226
684617
692556
695657
696699
699031
700480
705103
707029
711839
719383
723326
723375
733913
733983
745909
747874
750772
755480
759844
761626
762362
764244
765825
766170
766741
771297
774251
777833
782454
786907
801887
804077
806171
808401
810007
817326
821237
837149
838251
839248
840825
842728
844840
855354
856600
858598
869936
872156
881588
887436
895536
901859
903001
903640
904468
904480
910464
913335
914675
919936
921003
921172
921647
935599
936971
939492
941328
941607
951545
952416
952855
956059
960619
964047
967774
977319
977678
984500
992110
995085
997166
997996
1001695
1007880
1012944
1013284
1018466
1023694
1033868
1035210
1036942
1041412
1043566
1045692
1047241
1048157
1051628
1055355
1055566
1057404
1068397
1072723
1073007
1081823
1082176
1083550
1090129
1090908
1091230
1092677
1094413
1095825
1100951
1101769
1104823
1108521
1113643
1133434
1138365
1141429
1144051
1149077
1149364
1154554
1158236
1160002
1166214
1166737
1170368
1176398
1181978
1189185
1191167
1191481
1193928
1201612
1209080
1209604
1211612
1216893
1218465
1222084
1224337
1226641
1227521
1228864
1230319
1249426
1257053
1262639
1267128
1267870
1269091
1275539
1278425
1280484
1290362
1299727
1303602
1314190
1317583
1322184
1334514
1334559
1335923
1352541
1353430
1353457
1353539
1355281
1358828
1360301
1362674
1365217
1369027
1369229
1370411
1372119
1376240
1383957
1384030
1388802
1393600
1396618
1400760
1411401
1418456
1418956
1423150
1423824
1425315
1427861
1432781
1437447
1443418
1444395
1456402
1461291
1468367
1468805
1468873
1470991
1473119
1473506
1480221
1482019
1482711
1487462
1499518
1501500
1503810
1506190
1519331
1524768
1529479
1529784
1546333
1546982
1550136
1552162
1568946
1573896
1576183
1577135
1580711
1580874
1583893
1585744
1586806
1597593
1601453
1601728
1602062
1602403
1609051
1610391
1611757
1620395
1620661
1623462
1629176
1631100
1633544
1636503
1641430
1641770
1641926
1643684
1650561
1659898
1660727
1661756
1663895
1667210
1669245
1676147
1677501
1687014
1690365
1690718
1693574
1693801
1700073
1700981
1702826
1714683
1718140
1719575
1729370
1744201
1745084
1750716
1750780
1757113
1760934
1764183
1768892
1770309
1772729
1779717
1782305
1789143
1789937
1791698
1794225
1795373
1796612
1800510
1800708
1801026
1807148
1807214
1807571
1818088
1825868
1834623
1835600
1837081
1839804
1841655
1847577
1847930
1850036
1857123
1857162
1863586
1864487
1867532
1876963
1882382
1889411
1891170
1891649
1903361
1904556
1905439
1907047
1911567
1920314
1925231
1926251
1942932
1943499
1945267
1951362
1952221
1952586
1956563
1968030
1971726
1972614
1975851
1978052
1981538
1984379
1987705
1988281
1990876
