-1999740
-1993682
-1990255
-1989351
-1988384
-1987122
-1986582
-1986546
-1986121
-1969095
-1967859
-1967367
-1965428
-1956685
-1939765
-1939035
-1937765
-1937632
-1933383
-1932026
-1931819
-1928026
-1921834
-1910336
-1902832
-1900316
-1899062
-1891703
-1890184
-1889420
-1888160
-1886360
-1886327
-1880110
-1877492
-1873324
-1869803
-1869237
-1868606
-1865598
-1860267
-1856334
-1855771
-1854585
-1853631
-1850137
-1847489
-1845698
-1843205
-1842123
-1838709
-1835019
-1833793
-1832021
-1828747
-1824181
-1822804
-1822239
-1815240
-1813996
-1797038
-1793671
-1790846
-1788551
-1779833
-1772875
-1772137
-1770274
-1768127
-1767472
-1765585
-1762458
-1761193
-1757935
-1753921
-1753785
-1752858
-1747846
-1741038
-1740661
-1727348
-1727019
-1717799
-1709623
-1706779
-1706719
-1703909
-1701216
-1688021
-1684416
-1683979
-1681814
-1681772
-1669271
-1667960
-1666052
-1665925
-1661346
-1659109
-1656067
-1640284
-1636330
-1629035
-1622527
-1620757
-1619252
-1619111
-1618952
-1612741
-1602933
-1602548
-1595084
-1593749
-1593331
-1592657
-1581774
-1581580
-1576915
-1560461
-1550535
-1549050
-1548593
-1546672
-1535699
-1534129
-1530305
-1526376
-1524255
-1523542
-1514100
-1510946
-1507098
-1503110
-1503017
-1501428
-1499263
-1497016
-1496184
-1492173
-1487443
-1483700
-1468855
-1468079
-1458055
-1456215
-1455121
-1448988
-1447898
-1442757
-1439487
-1436613
-1423933
-1411998
-1410459
-1403950
-1403652
-1396622
-1395326
-1394143
-1392848
-1381173
-1380649
-1379528
-1378646
-1374253
-1367026
-1365712
-1359039
-1358282
-1350490
-1348175
-1347481
-1345892
-1332413
-1331688
-1329858
-1322112
-1320146
-1317779
-1316922
-1309524
-1300842
-1299523
-1296021
-1289915
-1289715
-1287188
-1279982
-1276085
-1275972
-1273550
-1271848
-1269744
-1269521
-1267816
-1265335
-1264298
-1264235
-1261587
-1260659
-1252450
-1243854
-1243629
-1243187
-1241661
-1238226
-1236913
-1234430
-1233272
-1229440
-1228255
-1215789
-1208599
-1203338
-1202771
-1198405
-1197225
-1190160
-1183252
-1178049
-1173588
-1168384
-1166105
-1164577
-1163307
-1160326
-1159688
-1155664
-1155138
-1154852
-1154505
-1152759
-1149552
-1149347
-1148522
-1133671
-1123792
-1123697
-1109514
-1107700
-1098812
-1098808
-1096741
-1096239
-1096221
-1095536
-1088287
-1081663
-1080908
-1080472
-1075481
-1062651
-1042559
-1041481
-1040807
-1039738
-1038955
-1038643
-1021790
-1018121
-1015322
-1014266
-1004321
-989636
-987619
-987083
-985561
-975435
-975297
-969505
-961736
-955061
-929536
-928210
-920968
-908273
-906992
-905868
-904182
-902237
-898374
-896927
-896706
-893471
-884493
-880620
-872851
-872831
-869116
-867669
-862419
-861262
-860981
-860079
-859144
-856123
-855335
-855225
-853863
-848078
-842598
-827610
-818802
-817103
-813134
-813059
-810496
-809562
-807699
-807271
-806405
-802964
-802158
-801320
-790884
-786689
-779892
-776416
-775504
-775495
-760700
-760551
-755129
-754668
-751451
-751193
-734217
-731046
-730018
-716424
-716246
-714572
-713913
-707028
-704168
-702518
-691100
-689966
-688919
-683768
-682245
-679718
-678980
-672235
-671856
-671072
-662912
-652946
-651133
-646790
-645218
-645016
-644084
-640000
-638015
-626482
-625872
-617225
-615520
-613567
-612715
-610416
-609014
-608468
-607328
-607148
-606099
-602067
-601390
-589414
-587638
-580444
-571806
-569249
-566744
-560546
-557654
-553574
-549875
-546521
-544320
-543669
-538235
-537544
-537225
-530023
-528380
-528255
-527716
-522402
-510521
-508064
-506939
-506085
-505406
-499733
-498690
-495658
-485029
-484644
-480909
-467064
-464943
-461601
-457083
-455591
-448080
-440438
-440323
-434703
-429324
-424116
-419364
-418732
-408857
-406229
-401501
-400843
-398619
-395256
-381621
-380837
-372913
-365765
-350980
-347054
-339544
-326963
-326680
-322982
-320068
-318942
-313466
-312908
-310973
-308688
-301706
-293184
-288683
-288243
-285619
-281967
-278125
-263098
-262645
-260458
-250378
-245812
-243948
-241680
-234690
-226286
-211981
-210507
-205130
-204571
-202817
-194621
-193002
-186646
-183516
-183437
-180258
-173473
-172132
-171323
-164682
-157936
-150466
-146994
-140441
-140071
-136708
-124065
-121610
-111770
-103111
-99331
-98564
-91633
-83028
-81505
-77449
-75350
-69147
-67482
-63486
-53599
-50796
-45379
-43531
-43514
-39971
-35519
-35021
-33912
-24185
-5892
-3911
-3250
-1278
-273
2321
4177
4702
9557
9565
13342
19237
22336
24605
26258
29077
34540
34688
36394
39371
39620
40659
49076
49142
49354
56715
61599
64324
64914
66154
69539
73704
82388
89420
89627
101514
102900
104118
104343
106718
112357
121824
122315
125855
132859
146847
151059
151524
156078
165051
166547
168948
171747
177282
182774
183101
183319
183820
190626
191674
193278
194877
200527
207820
210110
218278
221140
229301
230539
240338
249879
250873
256168
271921
279634
280686
284189
284817
290028
296179
298275
302629
303168
307909
312860
317322
324227
325212
325656
328923
332262
333090
335739
336621
344963
352441
365994
366695
376955
382365
382865
389183
389415
391042
392966
394717
395116
395313
401589
405960
418140
418515
429368
430313
436387
438053
441942
452482
455027
456743
457827
459029
472620
475393
475672
477256
482715
484680
486946
493028
505735
510443
526624
529709
531953
535331
537861
538834
541917
549958
552760
564264
564568
567119
567516
569717
578356
589766
591939
594831
597509
600549
606329
609603
617412
618562
619525
625091
628104
636313
636599
642193
648655
649129
653959
660288
676542
685172
686836
689936
694697
697143
699190
704286
707824
709408
724365
725968
727751
730902
731480
732234
741560
741692
745605
745915
749076
749102
750403
752518
753480
755402
756616
769132
769213
769729
780147
791408
795317
804574
807892
809735
811686
814123
820183
826565
839990
849813
854029
860553
861240
861251
861435
861495
862748
863678
872844
873251
880706
890310
890883
894093
899112
903282
924187
924378
932259
933567
935624
940082
946347
948566
949176
951276
951790
959097
972859
973875
973887
977529
980952
983968
988279
988358
989916
991038
993535
996869
999092
1010568
1012018
1012849
1014019
1017723
1021258
1027278
1028314
1036443
1038072
1038913
1040207
1049854
1050839
1053568
1058244
1060190
1063263
1063542
1063625
1071659
1079034
1079514
1082435
1084751
1088759
1093988
1097753
1100455
1100841
1106336
1108175
1111806
1117042
1119645
1119826
1120858
1122913
1125775
1134786
1140223
1145052
1145698
1147041
1148830
1150492
1161529
1169272
1173702
1176177
1186774
1189111
1191846
1196255
1199023
1200771
1207193
1207893
1214964
1215126
1215977
1220784
1221763
1229900
1231140
1237441
1240564
1240871
1242711
1243913
1259440
1260627
1268867
1279344
1286880
1305577
1325155
1325757
1326381
1342254
1343277
1346027
1346135
1349325
1351415
1364859
1365098
1368561
1373031
1378239
1379627
1381851
1383050
1383212
1391223
1394769
1403464
1409858
1409929
1417701
1423437
1424211
1432583
1436418
1439323
1441126
1443968
1449752
1449863
1450438
1450932
1452630
1458677
1459074
1460502
1465735
1465749
1471635
1472594
1472942
1475616
1475767
1479046
1484264
1485610
1487868
1489460
1499008
1504923
1514139
1515163
1522058
1524313
1525653
1526291
1533221
1533655
1538043
1549637
1562762
1569687
1570042
1571232
1572117
1572670
1574342
1579439
1589292
1591081
1595651
1603382
1603556
1606614
1607993
1614755
1615058
1622008
1622748
1637714
1638214
1639494
1647995
1655395
1657779
1661744
1663976
1667412
1678970
1691543
1698650
1699207
1700597
1708710
1711385
1716435
1717511
1718527
1718804
1721310
1727250
1727364
1729690
1732146
1737427
1740119
1745281
1746122
1748227
1750785
1752637
1758143
1761187
1761245
1764284
1764728
1766663
1766801
1767034
1767164
1768769
1780337
1784666
1785505
1798063
1800914
1804666
1812095
1818681
1821427
1826608
1827081
1836364
1837718
1841171
1842000
1842282
1852142
1853788
1857710
1863736
1864504
1869330
1872855
1873669
1874105
1875114
1883782
1888905
1891023
1892016
1894474
1898341
1900056
1900773
1903331
1917909
1918126
1922221
1924303
1938417
1939520
1945235
1948131
1951918
1952488
1953369
1973887
1985210
1986170
1994924
1995859
1997109
1997440
1998507
