-1999351
-1998048
-1990526
-1985740
-1979893
-1975255
-1973255
-1968646
-1968606
-1966009
-1963180
-1952198
-1947280
-1937982
-1930943
-1926492
-1921970
-1912580
-1903360
-1899134
-1892962
-1886616
-1886059
-1883239
-1883152
-1879336
-1877331
-1875679
-1875326
-1874818
-1873349
-1872974
-1870396
-1863527
-1861488
-1858132
-1857222
-1850591
-1847766
-1847552
-1845409
-1839937
-1839491
-1838688
-1830501
-1819282
-1815341
-1809926
-1788174
-1786831
-1783372
-1783305
-1776700
-1773963
-1770621
-1767240
-1764811
-1758705
-1755758
-1751234
-1746362
-1746062
-1723353
-1719462
-1710664
-1704204
-1702648
-1699285
-1697417
-1695285
-1693063
-1688653
-1686184
-1686160
-1678581
-1676004
-1675936
-1674785
-1672314
-1672139
-1670083
-1669231
-1668881
-1663916
-1660878
-1655626
-1646577
-1634607
-1629742
-1626449
-1610649
-1605539
-1601979
-1600669
-1597277
-1594738
-1594710
-1593508
-1587970
-1586183
-1586046
-1580518
-1574200
-1560988
-1560390
-1560292
-1550748
-1531388
-1530994
-1526801
-1524593
-1522869
-1518044
-1514479
-1513334
-1512826
-1503780
-1502726
-1500435
-1494958
-1494037
-1492353
-1487658
-1475809
-1474655
-1470336
-1469997
-1467678
-1464375
-1462983
-1460456
-1459311
-1458024
-1454487
-1450372
-1449993
-1445762
-1441445
-1441387
-1437897
-1437166
-1429151
-1428866
-1428699
-1421454
-1405181
-1401154
-1400535
-1400202
-1399283
-1395049
-1394181
-1390678
-1389544
-1388584
-1386180
-1369029
-1368348
-1363994
-1361584
-1359536
-1356655
-1353575
-1347106
-1346361
-1343713
-1341503
-1338983
-1337163
-1336030
-1334162
-1333729
-1330386
-1319132
-1318738
-1315942
-1315704
-1314086
-1311339
-1310040
-1309896
-1301909
-1299334
-1296842
-1288707
-1288265
-1283416
-1272618
-1262300
-1262165
-1257697
-1250953
-1246947
-1233279
-1231424
-1226553
-1223662
-1222006
-1219243
-1215075
-1211231
-1208793
-1196322
-1191629
-1191308
-1186366
-1184347
-1182830
-1181697
-1177181
-1172828
-1171785
-1159597
-1148644
-1135801
-1133551
-1120126
-1118360
-1113395
-1110519
-1109041
-1108684
-1107091
-1103981
-1102413
-1100824
-1098962
-1096720
-1096058
-1093653
-1091101
-1084371
-1082189
-1080510
-1071940
-1066236
-1051227
-1049094
-1042957
-1041777
-1030809
-1030165
-1028704
-1026207
-1026057
-1024120
-1023266
-1021386
-1021107
-1017844
-1015467
-1009876
-1001667
-1000209
-1000009
-991103
-983781
-978465
-977344
-976256
-971231
-967224
-966935
-964145
-959291
-956553
-955908
-944946
-944098
-925742
-925292
-923631
-920679
-914870
-907338
-904600
-899863
-899283
-897206
-895035
-892843
-892784
-889780
-889648
-889530
-884589
-884523
-877894
-874628
-870919
-868412
-865367
-864990
-852654
-851173
-848199
-846867
-845338
-841254
-839299
-837796
-828425
-822234
-820125
-817836
-812944
-811680
-810479
-804865
-803357
-795802
-792068
-786500
-778015
-771308
-770745
-763233
-748231
-737458
-736672
-735301
-733696
-729750
-726435
-724088
-723963
-720088
-719901
-719717
-706509
-696134
-686138
-678923
-678026
-675469
-672255
-672012
-668671
-667118
-662803
-645148
-643763
-636230
-635013
-633471
-633255
-628865
-627198
-624682
-621648
-620470
-620412
-618409
-616605
-609528
-607560
-601672
-598561
-591588
-589229
-585201
-582035
-579584
-579233
-574233
-567048
-566084
-565035
-564503
-562041
-553689
-545665
-544857
-543784
-543439
-536526
-520204
-517088
-509190
-507962
-505644
-505202
-499671
-497705
-490737
-490389
-476795
-474649
-468393
-468071
-457440
-455759
-451651
-437962
-436536
-432797
-432506
-431032
-429917
-421781
-413734
-403968
-402782
-399394
-397169
-393923
-390699
-390593
-386862
-384012
-378706
-377580
-372435
-364230
-353258
-337989
-335442
-331070
-325449
-324115
-319651
-311206
-303603
-300859
-296275
-296150
-295230
-293239
-292818
-270284
-235223
-234770
-232336
-231420
-230556
-229146
-228409
-222032
-213870
-212778
-203289
-190229
-190100
-187224
-186766
-175252
-174088
-172042
-167955
-166403
-165512
-152966
-145971
-144716
-142924
-142675
-134117
-123692
-119548
-114806
-113408
-111839
-108783
-106382
-104459
-101548
-94786
-88148
-85055
-81238
-80837
-76648
-73672
-58702
-58661
-58075
-57243
-52708
-42057
-32700
-31075
-30468
-28359
-24699
-16767
-9411
-5192
1672
2398
10498
10500
22209
27564
31730
35680
35711
36423
40791
50916
56845
56930
69787
80288
83910
86600
88837
92392
95710
99371
100604
102861
103258
103521
110480
111218
116297
120318
121700
121709
122429
123617
128382
131064
131657
139194
140584
142449
143245
149293
149902
149925
153803
154474
160425
162121
167187
172150
173054
174286
178477
181902
182489
182917
184251
187506
189215
192812
195559
198982
202418
204348
206856
210688
217541
218646
220354
222681
223819
227930
229209
231176
235926
242446
242530
243342
247697
259639
260350
264427
268360
269297
271262
288207
294932
296055
307618
310179
311271
311425
311950
313112
318820
319170
319974
320081
322121
333222
338562
341337
341351
343751
344302
357813
365688
367652
368476
370149
373483
379202
382225
388809
390458
392283
395545
398259
404433
406725
407592
412635
416796
420689
431201
431990
433235
435195
436918
438359
439274
440017
441865
447773
456769
457043
474150
479169
487483
487969
496720
502322
503130
504049
513060
516817
519280
521634
525598
531545
531778
540348
548754
552164
552594
556180
559265
564281
572716
573614
585981
588958
589133
589193
593314
598045
600981
604597
607948
608675
616754
622144
631958
641882
650497
658720
659718
666211
667357
671507
678656
679565
683702
686227
687527
687901
695805
706475
716808
717546
728777
733853
743476
746016
747899
749013
752108
757260
757758
763649
778191
782848
784347
786404
788879
790761
792397
795670
797005
805060
805817
807956
809626
812390
816746
817711
825184
825648
826485
826557
837524
848114
851036
852890
853702
855664
856257
858360
859536
871014
882646
884871
885307
891548
910220
915835
916138
923175
923483
930093
940226
945187
947930
951162
957193
960798
979444
987366
988011
990826
999907
1006433
1007837
1010617
1020168
1022408
1028417
1030029
1040676
1040914
1041413
1042833
1042857
1051391
1060058
1063723
1068715
1069490
1069880
1070537
1071536
1072348
1072771
1074803
1078949
1083326
1086306
1089743
1094236
1102594
1104144
1123987
1126086
1139030
1140611
1140911
1141516
1144010
1148980
1160176
1165364
1166770
1168353
1169518
1172313
1177697
1177923
1183727
1191023
1196326
1198191
1198218
1199343
1201672
1201921
1218386
1221100
1223170
1223427
1223862
1224199
1228197
1235446
1239067
1240250
1243855
1246801
1249545
1262931
1271556
1271563
1272270
1272559
1277503
1278371
1285246
1288827
1289786
1293037
1294854
1294954
1298012
1298643
1303688
1303775
1304072
1304555
1309961
1318104
1319685
1325433
1327624
1331282
1332803
1334261
1339945
1342538
1346533
1348930
1353697
1354673
1355901
1356115
1359690
1362375
1363225
1363227
1363985
1366382
1372878
1375511
1375568
1376447
1376585
1376708
1396136
1396341
1397699
1400887
1403935
1413868
1415343
1421435
1432378
1440168
1443985
1449002
1450758
1452755
1456780
1457974
1464858
1467099
1468381
1474553
1476326
1477395
1479576
1486276
1486540
1487908
1487993
1488193
1512423
1518958
1521616
1523539
1527755
1531704
1540399
1540857
1542252
1543448
1543915
1547198
1556553
1557827
1561049
1563576
1567112
1574600
1580610
1587920
1588044
1590339
1593645
1595108
1597036
1599775
1600142
1600834
1601403
1604878
1605406
1608524
1614472
1615916
1616905
1617594
1622607
1626333
1627334
1631247
1641465
1653254
1654039
1656952
1676361
1685427
1688735
1699344
1705258
1705582
1710985
1711600
1712769
1714277
1720765
1730914
1731678
1733033
1733365
1736087
1737363
1740814
1746821
1748364
1749227
1758929
1766064
1769507
1771805
1772547
1775070
1783393
1792773
1793287
1795632
1799119
1803241
1817612
1820142
1826662
1828974
1830142
1831674
1841881
1847040
1850383
1851339
1851623
1864180
1868615
1878878
1881344
1881846
1886980
1898605
1902904
1914583
1916945
1921200
1921683
1928246
1928690
1936461
1938821
1945700
1950156
1952519
1960911
1961180
1964393
1967927
1968952
1970215
1972117
1979910
1980279
1985619
1986491
1991469
1992404
