-1998668
-1986920
-1974438
-1973386
-1969597
-1965044
-1962198
-1960863
-1960369
-1956214
-1938470
-1937144
-1926732
-1921018
-1918143
-1917694
-1914610
-1909984
-1908046
-1902336
-1900563
-1900538
-1899580
-1894859
-1892392
-1887600
-1885470
-1881876
-1878754
-1877064
-1863057
-1858159
-1836229
-1835342
-1828787
-1828292
-1823956
-1819805
-1819648
-1816057
-1811232
-1809375
-1797667
-1779335
-1777731
-1774363
-1766865
-1761678
-1757842
-1753771
-1753202
-1752555
-1750472
-1742173
-1739333
-1737465
-1737302
-1737126
-1734167
-1731136
-1715563
-1714743
-1712603
-1701221
-1700206
-1695320
-1691078
-1685918
-1678095
-1677615
-1675429
-1674148
-1670184
-1666962
-1666228
-1663340
-1662065
-1659658
-1658884
-1655314
-1648946
-1647904
-1645395
-1644289
-1637680
-1636969
-1633185
-1626435
-1625748
-1625283
-1623005
-1618851
-1617206
-1604542
-1601240
-1600164
-1593398
-1592015
-1590420
-1587317
-1580711
-1578658
-1576475
-1567351
-1565805
-1556631
-1554343
-1551225
-1542776
-1538900
-1535635
-1522100
-1519160
-1518012
-1514155
-1512987
-1512819
-1505085
-1504423
-1489369
-1478582
-1473293
-1468544
-1467956
-1455374
-1452615
-1451290
-1448629
-1446374
-1435723
-1435384
-1433892
-1428067
-1423511
-1422925
-1417715
-1409403
-1407724
-1402853
-1401794
-1397240
-1397059
-1395965
-1392928
-1387392
-1385879
-1385074
-1376639
-1375175
-1371739
-1367658
-1367038
-1366476
-1364316
-1358830
-1358309
-1355122
-1350991
-1350741
-1340477
-1325299
-1324247
-1316393
-1315176
-1311137
-1298060
-1292951
-1283115
-1282660
-1277853
-1274572
-1272231
-1270781
-1267804
-1266783
-1265269
-1258004
-1257128
-1251586
-1249934
-1244900
-1241430
-1238529
-1237938
-1235991
-1231982
-1222123
-1199747
-1199572
-1191551
-1190404
-1189932
-1184911
-1182720
-1176648
-1171433
-1169185
-1168470
-1162797
-1160958
-1156831
-1151356
-1145727
-1144185
-1143470
-1133309
-1131973
-1131908
-1131830
-1130340
-1129239
-1119480
-1118511
-1116137
-1114662
-1108560
-1090151
-1087143
-1086415
-1083160
-1077360
-1072063
-1071787
-1067036
-1067022
-1058939
-1057341
-1053782
-1048309
-1045203
-1043334
-1038969
-1032988
-1030942
-1027357
-1026871
-1026467
-1025975
-1021418
-1007269
-1006048
-1004737
-998135
-977250
-966704
-963244
-956929
-956669
-951859
-947304
-946695
-944378
-943211
-940046
-938178
-935681
-932214
-927331
-926958
-920377
-916202
-892770
-879902
-879011
-869040
-868880
-848207
-846134
-845223
-844900
-839405
-834757
-831100
-828712
-804896
-801966
-794167
-792542
-765302
-765094
-761353
-755872
-750492
-748933
-747083
-735110
-734009
-727147
-723565
-720233
-707660
-687323
-685662
-684971
-684252
-682684
-670785
-669176
-668570
-663263
-659985
-640100
-639250
-632440
-631968
-631408
-626305
-603285
-602103
-599125
-597188
-593607
-593503
-589928
-579976
-565262
-561808
-556371
-555843
-553951
-549578
-538952
-536066
-532061
-530120
-520871
-513302
-510167
-509920
-506059
-505998
-500680
-491238
-485945
-485485
-484145
-480098
-475295
-468739
-468427
-461864
-460450
-459057
-456806
-445631
-443230
-435006
-431928
-427600
-425875
-421047
-420597
-420519
-418642
-417999
-417098
-413624
-412477
-410518
-396284
-392239
-382285
-377387
-372014
-354817
-353462
-353273
-347236
-346552
-345480
-340086
-339275
-339108
-334385
-324284
-320826
-315067
-314622
-314462
-314383
-313022
-310232
-308644
-302697
-297034
-292341
-291506
-291034
-283519
-279214
-266416
-260673
-259114
-257441
-249246
-237569
-235710
-230132
-229410
-221421
-217700
-216810
-211663
-210981
-202649
-199600
-199266
-198196
-193592
-193358
-183984
-183721
-182499
-179582
-173995
-173431
-172696
-171072
-163013
-162184
-148289
-148019
-147293
-145411
-140341
-136983
-136566
-136276
-133240
-132338
-129461
-121471
-113767
-112945
-110267
-106462
-101308
-98191
-90497
-85726
-84369
-81685
-79993
-75094
-71589
-69159
-63323
-60740
-52415
-47127
-45295
-37504
-36509
-36262
-36055
-34915
-32892
-32190
-28085
-18489
-14527
-11914
-9707
-7826
-6362
-4306
-1234
1356
1446
7807
17628
18319
26594
31871
32312
33007
40353
42995
50672
52786
53874
59183
59547
62907
63346
68832
70352
70391
73504
80372
81371
81677
84950
87773
96744
99027
102097
103762
110568
113005
116740
119619
119919
130565
132042
132347
134274
144223
145751
150266
155610
159294
160525
161751
172186
176752
179046
179973
180011
190689
194537
207069
207982
208725
212767
217128
224763
228660
231775
231987
232432
236175
241380
245820
246977
247807
249580
262979
263365
271696
271716
277625
280321
287160
290509
292860
295749
298078
298211
300846
305990
308427
309548
312964
315657
316692
321216
322166
329473
330424
334466
349212
351080
361373
363925
368263
369179
371910
372469
372524
376426
384381
385434
389092
392672
403588
411692
414452
414531
414642
418288
419518
420006
427570
428526
429009
430675
443163
444631
461175
472007
472810
473387
487106
490663
492607
497083
504702
505360
505894
508989
520957
524749
526029
526823
528961
531024
535614
540795
546228
548467
549941
552597
556633
562461
576714
578217
580383
581513
596787
605622
611995
613913
616415
619263
619959
621923
623128
623490
624756
628031
629078
631358
637904
640776
642362
643903
647221
647398
655346
658517
664658
664981
669176
669649
672522
674588
682860
683597
694349
699132
704428
707398
710088
710923
711357
714127
725668
728270
728277
730002
731368
737013
737842
738592
743534
746266
746706
749231
753564
755810
756255
759478
762385
766129
766547
769228
773116
775420
777132
777683
778820
779918
780141
781484
786635
787962
788141
791396
792900
793282
795727
827893
828464
840328
841100
841222
844884
849047
849461
850916
860235
861088
863070
863304
879943
882107
890267
893926
896118
898139
898582
902116
905377
907612
908431
910864
920262
920847
925184
928570
929344
932782
947742
948145
950214
950880
952755
961205
964643
965923
966384
972515
977430
983771
992897
995699
997675
1002341
1004359
1024116
1024953
1030454
1033427
1034155
1034851
1035666
1039241
1039591
1039613
1040659
1044494
1052115
1052754
1066322
1070076
1085103
1088593
1088817
1093505
1096052
1099396
1103405
1103729
1106121
1111324
1111938
1114788
1118124
1118308
1119964
1120594
1124065
1124310
1130560
1133597
1136279
1141163
1143341
1145324
1145494
1150268
1156478
1159605
1161881
1166957
1171572
1174735
1175173
1178380
1179718
1187916
1189475
1197939
1199657
1202335
1206003
1207363
1208906
1210687
1211759
1229639
1233705
1235630
1236243
1236942
1236973
1237144
1237424
1242156
1244364
1244486
1278085
1282257
1284375
1287867
1294566
1296710
1300353
1302927
1303402
1306343
1312679
1314031
1319020
1319501
1321886
1327058
1333751
1334705
1342980
1346288
1352228
1357925
1359835
1360717
1362704
1384135
1386320
1389641
1389926
1401718
1404591
1404721
1410337
1410624
1413223
1413322
1413757
1420061
1424746
1425459
1433212
1437210
1439846
1441086
1444415
1446483
1446692
1447063
1458160
1458739
1461325
1462123
1462434
1465857
1474432
1477972
1482565
1482897
1484486
1489031
1501561
1512685
1513246
1518809
1520543
1521179
1521381
1523583
1528340
1530064
1530717
1531814
1532219
1533616
1535865
1537895
1538949
1544759
1550020
1553956
1557377
1557979
1560181
1560210
1565194
1565439
1569364
1578112
1592892
1593009
1601460
1602784
1605681
1609309
1623401
1625272
1627020
1628568
1630239
1630629
1640698
1644953
1652716
1652765
1655943
1665506
1667592
1672523
1675008
1678427
1679019
1684898
1688860
1690511
1690697
1692110
1697623
1699089
1709591
1711963
1716188
1721001
1725587
1726285
1726654
1726770
1729408
1730852
1732919
1736511
1740607
1754399
1757780
1758896
1770208
1773235
1784892
1786772
1788884
1799265
1806273
1806697
1810578
1811895
1817679
1832482
1832670
1836067
1841483
1849740
1854106
1854857
1861714
1864669
1865411
1868128
1871700
1876607
1887627
1888504
1896522
1897760
1899055
1903281
1905514
1912679
1914331
1920674
1920953
1926023
1930394
1930966
1936674
1938302
1938378
1942469
1948007
1948361
1951012
1956139
1967053
1968287
1972323
1979367
1979649
1980978
1985303
1996772
