-1993679
-1981757
-1978705
-1977502
-1976800
-1974890
-1972870
-1970582
-1968807
-1954741
-1952844
-1944135
-1943198
-1940926
-1940707
-1936233
-1935585
-1929459
-1928832
-1924519
-1923238
-1921382
-1918368
-1917651
-1916412
-1915468
-1912770
-1911393
-1900235
-1899719
-1891984
-1882552
-1881257
-1880050
-1869309
-1867042
-1865310
-1854482
-1852252
-1848119
-1842557
-1839329
-1839115
-1837698
-1837500
-1826449
-1824478
-1823101
-1821315
-1814755
-1813549
-1811186
-1808346
-1807952
-1806070
-1805936
-1805005
-1804488
-1804373
-1802200
-1794243
-1787188
-1777698
-1777523
-1776873
-1771924
-1770285
-1770163
-1768844
-1764694
-1757078
-1749622
-1741849
-1734602
-1733206
-1728770
-1727144
-1726009
-1724275
-1722944
-1721551
-1718904
-1716889
-1712705
-1711828
-1706469
-1700496
-1700474
-1696055
-1694085
-1680167
-1677894
-1675597
-1675327
-1670725
-1666076
-1664229
-1662841
-1653919
-1651490
-1649506
-1647102
-1639870
-1639023
-1631597
-1624986
-1618110
-1617057
-1613152
-1609992
-1606525
-1606109
-1602645
-1602631
-1596736
-1588361
-1579752
-1576915
-1569716
-1566005
-1557004
-1553487
-1551824
-1544374
-1543317
-1538354
-1537621
-1534462
-1532758
-1529093
-1527192
-1525969
-1523303
-1521689
-1518900
-1518246
-1517729
-1516588
-1512665
-1509581
-1507644
-1505796
-1498372
-1497868
-1487663
-1485146
-1483756
-1482626
-1475968
-1474818
-1474658
-1472381
-1469315
-1468181
-1460051
-1459381
-1456691
-1449978
-1449652
-1447395
-1445937
-1445186
-1445186
-1444693
-1440797
-1431347
-1422072
-1419903
-1418234
-1417139
-1411100
-1403836
-1382247
-1380419
-1378468
-1376575
-1370983
-1364644
-1355773
-1353734
-1352909
-1341217
-1337955
-1335890
-1328855
-1319008
-1315881
-1311143
-1300259
-1295578
-1292633
-1290225
-1289178
-1276792
-1270667
-1254516
-1253191
-1252920
-1250666
-1247790
-1234114
-1226785
-1222290
-1200003
-1197694
-1189439
-1181030
-1178523
-1176794
-1176303
-1167735
-1165955
-1164756
-1164369
-1148073
-1143854
-1137201
-1136623
-1133809
-1132752
-1131007
-1130191
-1119419
-1117649
-1111019
-1110815
-1110807
-1104043
-1100980
-1098363
-1094838
-1092557
-1076562
-1071761
-1062131
-1057773
-1054673
-1052072
-1051138
-1044909
-1033543
-1029659
-1025448
-1024320
-1023569
-1021620
-1016038
-1006231
-1003630
-1002263
-996677
-995296
-988235
-987257
-978110
-968664
-966701
-966625
-959456
-953897
-951353
-945853
-932731
-931981
-931705
-931342
-924626
-924327
-919257
-914112
-913092
-908073
-906312
-904792
-900757
-893327
-892936
-891971
-882338
-881890
-877776
-874540
-856755
-848716
-841526
-840910
-839525
-835872
-829200
-827097
-824538
-820730
-819699
-814356
-807508
-805129
-802351
-791319
-789495
-784320
-779556
-774705
-774126
-752319
-749788
-746478
-745953
-740924
-739075
-738488
-736874
-728976
-725866
-725037
-724854
-722569
-721079
-720028
-717310
-715148
-711000
-699316
-695743
-692594
-691069
-690767
-690150
-684582
-677201
-672578
-672053
-666554
-662576
-658849
-648988
-647320
-646670
-638595
-634616
-630171
-620541
-610684
-608513
-602992
-594593
-593012
-591508
-588150
-576657
-576025
-575515
-573995
-573087
-571043
-566134
-560321
-556267
-545530
-536849
-533375
-532588
-531640
-527938
-525113
-519555
-519174
-517023
-510223
-508986
-505874
-505560
-505548
-503544
-503059
-499244
-496819
-494538
-491481
-479474
-470096
-469569
-465577
-458564
-457762
-451349
-449294
-448471
-446273
-445142
-444555
-444037
-443780
-440485
-440108
-437843
-433288
-427929
-427319
-427169
-425654
-423689
-415513
-414781
-408670
-401601
-401204
-399112
-392584
-390211
-388652
-386325
-381760
-373779
-370461
-368992
-366433
-362842
-356130
-354341
-353762
-352162
-350433
-349976
-347890
-347827
-345598
-338926
-330187
-328689
-327051
-320141
-310288
-308259
-303827
-301263
-299205
-289516
-288439
-284434
-280366
-279324
-276481
-275920
-270803
-264479
-263006
-248498
-231551
-224820
-223804
-222003
-217842
-212246
-210496
-205747
-199633
-182517
-178520
-178298
-177779
-175669
-173142
-170655
-169424
-166547
-159981
-156818
-153719
-150263
-141296
-136202
-135181
-134228
-122233
-122036
-111331
-111303
-104808
-86621
-82446
-77017
-76175
-68061
-65602
-61932
-58036
-57776
-57454
-51682
-44949
-38384
-23711
-19662
-19596
-8862
-2140
2653
4082
20331
20520
23500
24418
34642
35533
38594
39418
54094
64567
65768
69659
73373
77187
78430
78523
81112
89744
92098
96006
98396
101278
106371
106399
109981
110101
110304
112551
117994
120091
122637
124867
133808
134518
143277
156017
156056
166230
170045
170588
172858
174692
183473
184237
189679
190049
197426
198187
199352
208111
211203
211443
217057
220647
232564
236444
240527
242545
251793
253461
255617
258042
258513
273474
279984
281391
284213
290126
295939
298688
300088
301133
302148
306701
312212
313017
318180
320359
321085
328206
328346
335872
337724
340227
344680
346499
349346
355290
357294
358406
358735
363076
377847
378534
381010
384569
388256
392207
397939
403568
406117
410587
417995
422976
426164
428632
430188
437737
438295
439001
440238
441757
443185
450270
452549
454580
457789
459081
462896
463533
463622
474604
477485
495952
501080
502022
507499
510198
512242
513895
519658
520062
521392
527152
529269
532693
533313
533624
543888
549876
551386
551500
555018
561965
563469
565716
568088
569645
570794
576388
577244
580198
580475
592332
606118
607800
609452
609757
612589
617498
621608
638343
648154
650596
654637
661605
663657
666478
669502
669866
674704
675467
676799
680163
680218
685824
690980
692302
694250
694288
695172
695382
701938
704160
709010
709973
713788
716633
716787
728045
728935
735272
737188
739320
741841
745359
752638
754373
759175
766607
767572
768312
768582
768720
770792
771569
775736
775752
778035
779734
780028
780226
788818
789740
812681
812901
817801
819099
833538
837738
839160
842712
842952
848658
849404
849880
851130
862696
872866
875139
875231
883653
884591
887172
887209
887319
892320
892376
913476
914606
918367
926155
927447
928329
930814
932645
934615
945415
950541
953981
954952
960999
963939
965797
971599
972518
980386
983045
985014
985685
992863
996755
996837
1014172
1014994
1024341
1029681
1031487
1032231
1040612
1049375
1053731
1055107
1056285
1059675
1061023
1063610
1067182
1067293
1068582
1069484
1071553
1076714
1080461
1080991
1087046
1090806
1095120
1095254
1096281
1098514
1098602
1100487
1101686
1104234
1106573
1107970
1115458
1117440
1119300
1122100
1124197
1124465
1125051
1125648
1129156
1132357
1140973
1142941
1145506
1145581
1150067
1156514
1160523
1163753
1177110
1184006
1185313
1188322
1192653
1201978
1203563
1206897
1208557
1210914
1213370
1220128
1223586
1227654
1228388
1230396
1231487
1236542
1254757
1256778
1262848
1272219
1273863
1275641
1277313
1278254
1283825
1289732
1292535
1297097
1302246
1305155
1308799
1311257
1314527
1315491
1317324
1321253
1321477
1323415
1325573
1326739
1327784
1329547
1332129
1345967
1355257
1358865
1364889
1365274
1366696
1367986
1370683
1373276
1382189
1387638
1398229
1403199
1403658
1415838
1417276
1418844
1419201
1420237
1420381
1438267
1440009
1446092
1457374
1458496
1464375
1475607
1476548
1477610
1481532
1484391
1489349
1491914
1501064
1501299
1521354
1523948
1524038
1524196
1534981
1535061
1536359
1540319
1540558
1540561
1550396
1552321
1565460
1571486
1571949
1581504
1594260
1606085
1608021
1611962
1614811
1621374
1628590
1633719
1634091
1635742
1637048
1637841
1638327
1642213
1650890
1651578
1653329
1654252
1658632
1662181
1665040
1665838
1669748
1673514
1678690
1680359
1683447
1686631
1697214
1698401
1707789
1708718
1708772
1731144
1732786
1734751
1737096
1737686
1739244
1744203
1751100
1760454
1761719
1769656
1785397
1789624
1791231
1809181
1809545
1818672
1822714
1823520
1825118
1827929
1828248
1830968
1843311
1845174
1850274
1855247
1855753
1855973
1861565
1871059
1872418
1876541
1878743
1881483
1883246
1887074
1887351
1887941
1890966
1894109
1896431
1897291
1903565
1922420
1922819
1930952
1940170
1943553
1944390
1945034
1950076
1954630
1961337
1969867
1970337
1988203
1989451
