-1996034
-1990185
-1975929
-1972246
-1970995
-1964438
-1964324
-1956232
-1956073
-1952181
-1951053
-1947557
-1945150
-1940650
-1937972
-1936794
-1934030
-1928912
-1925338
-1918916
-1909702
-1907688
-1904890
-1890255
-1886171
-1882690
-1882673
-1882665
-1867866
-1867133
-1861325
-1860956
-1853148
-1851519
-1842080
-1840994
-1837535
-1832182
-1830378
-1829746
-1828342
-1826279
-1820923
-1815263
-1804383
-1802723
-1802698
-1802462
-1795501
-1794165
-1790098
-1789258
-1780606
-1769770
-1765266
-1762037
-1759061
-1756064
-1754588
-1753141
-1752696
-1751189
-1745114
-1741727
-1740726
-1736249
-1727306
-1725042
-1719022
-1711798
-1711203
-1710435
-1710203
-1702919
-1699529
-1693004
-1692843
-1681411
-1673942
-1663177
-1661372
-1660066
-1657185
-1652388
-1651661
-1635453
-1624987
-1613779
-1605616
-1603857
-1599030
-1596560
-1592430
-1581986
-1578637
-1577168
-1576804
-1576059
-1575269
-1571586
-1568714
-1567941
-1565916
-1552878
-1551637
-1547331
-1546540
-1543047
-1537727
-1537706
-1530909
-1526834
-1521684
-1517221
-1515930
-1515897
-1508146
-1504863
-1503032
-1501956
-1490279
-1489886
-1488912
-1488714
-1481608
-1460940
-1457850
-1451336
-1447366
-1445251
-1444177
-1439600
-1438204
-1431652
-1424252
-1422674
-1415002
-1414764
-1414430
-1412087
-1402666
-1389916
-1387845
-1383935
-1381104
-1380622
-1377810
-1371623
-1370280
-1368859
-1365844
-1359561
-1352750
-1351422
-1351082
-1346354
-1343672
-1340696
-1333877
-1333174
-1330377
-1327655
-1324017
-1319723
-1318772
-1317955
-1315949
-1313652
-1307619
-1296514
-1295154
-1293677
-1291859
-1288195
-1270106
-1258241
-1254876
-1246877
-1239152
-1237250
-1229360
-1228678
-1219818
-1212789
-1210348
-1205791
-1201653
-1200194
-1200161
-1193145
-1190514
-1186060
-1183933
-1181000
-1178379
-1174162
-1163461
-1162179
-1155491
-1152490
-1144538
-1143398
-1133600
-1131640
-1128558
-1125705
-1123666
-1114015
-1113136
-1110426
-1110056
-1106725
-1102690
-1102599
-1097659
-1090241
-1089531
-1082401
-1076766
-1074433
-1070737
-1067905
-1065400
-1063683
-1056560
-1033462
-1015149
-1014700
-1013347
-997450
-997418
-995383
-994013
-992018
-978918
-977156
-973606
-973415
-972714
-968083
-964505
-961852
-957025
-954757
-948962
-941561
-939814
-939655
-934536
-932388
-932308
-929652
-927618
-925930
-923867
-923765
-913379
-911840
-911091
-908423
-904748
-902761
-894923
-893179
-889349
-882597
-878488
-860311
-854014
-850102
-847962
-847835
-847378
-846866
-841593
-838878
-834296
-833554
-827341
-826297
-823893
-822329
-822218
-818095
-814984
-814221
-813822
-812070
-812012
-785908
-785593
-785495
-774519
-773646
-770352
-769780
-768639
-763345
-756875
-748664
-737325
-736960
-732924
-732903
-726984
-715953
-714331
-710394
-708411
-703400
-697201
-693753
-693179
-692673
-690407
-688847
-685814
-683706
-681884
-681720
-681498
-681004
-680925
-677962
-670095
-669474
-668258
-665192
-663307
-662028
-654145
-651795
-649421
-647203
-645631
-644677
-641569
-640229
-638121
-635396
-634998
-631643
-630011
-618624
-615656
-606730
-605635
-604653
-597363
-597096
-595946
-592662
-591920
-582229
-581533
-577629
-573537
-569996
-564672
-559544
-554592
-554391
-553560
-552175
-547853
-547604
-534389
-528651
-526588
-513086
-510901
-507554
-503733
-500268
-499547
-499496
-497670
-497079
-494014
-489029
-487254
-472442
-468571
-467248
-464549
-464539
-463624
-460474
-459945
-449956
-447088
-443845
-442757
-437757
-435195
-435037
-430110
-429391
-426434
-425906
-424539
-423451
-419611
-416707
-415931
-414806
-412206
-407804
-407540
-404007
-402580
-401700
-391811
-391080
-382355
-374335
-373519
-369966
-352029
-345909
-345661
-342802
-341505
-333688
-333377
-330490
-328640
-323456
-322786
-300841
-295224
-291627
-291581
-290582
-286584
-280552
-280000
-278011
-277753
-275939
-272640
-271957
-271850
-271608
-263975
-262607
-259671
-255560
-253472
-253190
-252359
-249359
-246304
-245514
-234714
-233132
-229862
-217812
-216458
-215172
-205636
-203901
-195105
-188909
-187557
-176881
-172392
-172166
-169240
-167417
-165620
-164354
-163541
-163149
-161295
-159473
-158307
-155857
-153942
-153659
-152301
-150838
-149947
-148444
-137118
-136580
-131338
-128870
-122271
-121819
-121186
-117501
-113656
-113165
-112667
-110267
-103750
-102776
-101422
-97768
-97564
-96814
-84698
-82787
-79795
-77180
-71915
-64573
-61942
-61527
-55140
-51587
-50966
-33692
-28632
-28397
-26270
-21472
-16107
-14136
-10551
-396
2610
3050
5530
11691
12728
15043
15596
16354
22879
28555
29331
32927
35711
36386
40097
40252
42836
47130
51649
56683
57922
68372
77443
84775
84937
85721
86021
88939
101885
103501
104336
136662
137811
139337
140322
140860
145656
147696
148315
153494
154584
155528
160752
163277
170854
171924
174453
180501
182277
185977
189935
190709
192572
201105
210184
213841
214800
214868
216711
219638
227552
231102
232288
234638
235936
240697
241331
242044
243136
243854
247435
252540
253279
255174
256355
256681
262861
266745
267050
267636
269069
275942
276019
279359
280000
282461
287115
288196
288405
297278
322436
323857
331257
333687
334727
338051
338542
341567
342696
345659
347539
347560
347800
349356
351716
359906
368791
373373
377055
384994
385335
387062
387646
390558
393440
395970
397532
397571
397606
401177
403426
403609
417852
420633
421854
422971
430988
442221
449957
455076
461838
461928
466241
466532
469438
470023
477813
480772
482471
488285
489530
497417
498131
508671
510524
512061
513846
515550
516673
521532
527685
531721
532567
532730
533362
536195
537850
541061
551408
552025
552181
552470
552714
557142
557325
560670
563187
566571
572449
575950
576018
579382
594065
595602
597730
599120
604286
605234
626869
626981
632583
635647
642352
642602
651805
654702
662939
663561
663609
665382
675228
679704
683400
686966
690249
704407
707507
708464
709431
713091
714210
714338
714922
727708
729845
731021
733711
744777
747520
747574
752821
753655
753758
753830
755097
763532
763910
764132
767801
768712
772987
783224
785509
790596
797671
799710
802537
804058
807011
809740
824979
826063
829611
831437
831629
832757
833595
843735
859022
860953
862167
862494
869574
873981
877267
886371
889114
901950
913134
925959
926301
931328
936656
937068
943491
947023
957090
959376
966646
967033
975546
977631
978952
980470
982673
984509
986970
992303
994774
997720
1002742
1002812
1009536
1010532
1013186
1020019
1024009
1027467
1035950
1043827
1048252
1052610
1054088
1054443
1055140
1075590
1075608
1076424
1078196
1082532
1085621
1088406
1088822
1095497
1111169
1111833
1114105
1115621
1120339
1124642
1125876
1134800
1138090
1150274
1162044
1170278
1172883
1181147
1189025
1193842
1200395
1204196
1211814
1217303
1217702
1219510
1227552
1233471
1237520
1237653
1267595
1268889
1273903
1278943
1282566
1283964
1292394
1301552
1302259
1304112
1305397
1305417
1305727
1309234
1314609
1314722
1325462
1325844
1333149
1348244
1355039
1363486
1366816
1368804
1372242
1373170
1392078
1394163
1401073
1403828
1406493
1406852
1410551
1413855
1414425
1418162
1421862
1429151
1430731
1431002
1451922
1452757
1453494
1458765
1461169
1474905
1489463
1494273
1508374
1514398
1521198
1531214
1540421
1540686
1545220
1549098
1552025
1564930
1564941
1567153
1571997
1579123
1579779
1580575
1584523
1587534
1603704
1611883
1614255
1617296
1618863
1623008
1624990
1625950
1629408
1629541
1632800
1656013
1661744
1666038
1670450
1675101
1676555
1684864
1689057
1689134
1689459
1692995
1696789
1703826
1705113
1710921
1718370
1719197
1721122
1723208
1725604
1726849
1748263
1751820
1754851
1757037
1762824
1770024
1771719
1774879
1789810
1792398
1794492
1796096
1798435
1798789
1798916
1810458
1812857
1814332
1816837
1823118
1829272
1837174
1842153
1842321
1846998
1849359
1850376
1854470
1861181
1866076
1868365
1880548
1885057
1885379
1888880
1890679
1900895
1902012
1902251
1905337
1917932
1925160
1925243
1927200
1930060
1939476
1941584
1944020
1959569
1964935
1966504
1972224
1975315
1976769
1981225
1981335
1982850
1984582
1985166
1988469
