-1998692
-1998117
-1997745
-1996494
-1990100
-1988296
-1982910
-1978509
-1972541
-1965343
-1959567
-1955787
-1935536
-1931536
-1923239
-1922421
-1921971
-1912945
-1909886
-1906531
-1906142
-1902097
-1901347
-1900304
-1884972
-1883831
-1882420
-1881528
-1881290
-1879930
-1876544
-1875575
-1875034
-1872721
-1867564
-1860591
-1840611
-1840408
-1836834
-1836090
-1834900
-1825497
-1822828
-1817686
-1813977
-1811659
-1811470
-1811291
-1810122
-1809687
-1809582
-1808952
-1805093
-1803291
-1793389
-1791775
-1789374
-1789119
-1786995
-1778635
-1778599
-1775978
-1771339
-1768833
-1767190
-1761169
-1759181
-1751919
-1751268
-1748989
-1748925
-1746852
-1745139
-1741867
-1741580
-1741291
-1738807
-1733635
-1731103
-1731058
-1724691
-1723859
-1722671
-1715732
-1710625
-1709287
-1708988
-1708972
-1702390
-1698701
-1693912
-1693327
-1688194
-1686803
-1684784
-1684445
-1683546
-1681731
-1674111
-1674100
-1672682
-1672028
-1669045
-1666361
-1663757
-1661149
-1660125
-1658622
-1658527
-1655619
-1647800
-1644503
-1644500
-1644063
-1642577
-1627687
-1622617
-1620418
-1618865
-1618592
-1617538
-1612405
-1609640
-1606594
-1603974
-1601101
-1598429
-1597289
-1596815
-1593881
-1582198
-1580891
-1574288
-1573780
-1573403
-1572893
-1571989
-1534260
-1530563
-1530307
-1510514
-1508230
-1504199
-1501431
-1500274
-1499761
-1498059
-1493257
-1484732
-1482127
-1470962
-1467459
-1456314
-1452782
-1448870
-1438175
-1435566
-1431938
-1430318
-1425186
-1422482
-1417124
-1412855
-1395757
-1393820
-1389027
-1387133
-1381769
-1381553
-1378568
-1372173
-1367947
-1359059
-1354385
-1351681
-1345583
-1344023
-1334703
-1333467
-1325784
-1320778
-1318520
-1314937
-1313320
-1304632
-1293944
-1292998
-1288736
-1280253
-1278620
-1276750
-1274984
-1266785
-1260864
-1255870
-1252270
-1244399
-1229795
-1227223
-1227156
-1217091
-1216155
-1215243
-1207988
-1207508
-1206727
-1206041
-1204014
-1202495
-1200815
-1199623
-1197984
-1192169
-1191202
-1188870
-1185807
-1185094
-1173355
-1170315
-1163670
-1162073
-1154625
-1145889
-1140068
-1136341
-1134955
-1132863
-1110350
-1107255
-1106559
-1102851
-1095596
-1091682
-1089618
-1080638
-1079065
-1078520
-1074769
-1074256
-1064577
-1059167
-1057429
-1054288
-1052694
-1051990
-1048481
-1047309
-1044842
-1038639
-1035704
-1028436
-1027187
-1026555
-1025392
-1021909
-1021738
-1017645
-1017592
-1017049
-1015446
-1008224
-1006099
-1006006
-1005137
-1002722
-1002576
-982772
-976949
-974459
-959756
-945884
-944939
-942844
-935801
-931989
-923314
-921097
-918605
-913328
-911903
-911335
-910039
-904507
-902651
-900021
-891649
-888618
-885080
-868884
-868569
-867317
-863940
-856384
-855227
-855064
-820522
-816013
-807856
-804672
-801796
-798815
-785954
-775061
-772950
-769396
-768913
-767196
-765420
-755762
-753878
-752896
-751497
-750602
-744012
-741174
-729761
-720430
-718847
-711444
-705566
-703038
-700156
-700095
-697844
-690611
-673304
-672051
-671164
-669318
-666842
-657897
-654703
-654306
-642868
-642050
-634713
-631258
-627519
-624904
-624515
-621726
-616393
-606538
-592910
-587084
-584341
-580967
-571132
-566292
-558922
-551193
-545942
-542966
-542700
-540018
-532635
-527478
-524876
-519121
-518757
-503064
-501345
-495572
-494875
-494582
-487179
-484935
-472654
-466764
-458065
-452906
-447125
-438244
-436472
-435626
-430862
-430582
-428736
-426267
-416515
-410168
-406250
-404222
-387788
-384974
-380725
-375819
-364200
-360485
-359453
-357068
-356597
-354905
-353640
-349738
-344988
-344290
-344197
-343397
-341658
-335798
-335625
-322546
-321643
-321545
-321095
-320974
-319083
-318412
-313632
-310408
-301791
-301534
-300995
-299023
-294008
-291026
-287855
-279997
-279567
-276043
-272232
-267533
-260882
-249207
-245637
-232918
-229588
-226717
-225909
-221400
-218070
-202178
-199986
-199129
-196527
-195105
-194485
-193144
-187515
-186517
-181358
-173334
-170539
-170311
-160369
-139305
-135538
-134645
-127342
-114867
-113796
-112683
-111488
-99804
-97659
-97411
-95473
-82984
-82554
-80842
-80409
-75357
-68359
-66311
-58504
-47369
-43833
-36222
-35379
-32340
-23276
-22949
-16688
-9751
-6118
-3186
-2780
13275
24820
27460
28690
30973
31309
31370
33770
40069
45198
50841
55077
56877
59717
65042
69534
73885
77826
97868
98692
100410
100570
103402
127778
129587
134533
137346
141952
145849
146875
148804
152417
154739
161952
163063
166150
168763
168967
178791
180697
180983
184477
185305
186893
194526
195592
197995
198275
200868
201963
207200
207747
212191
218391
231499
246683
248560
250872
253000
253454
257413
258430
270055
281348
283970
286407
290257
299083
299651
301445
316122
316759
333146
340549
350745
350822
353809
360364
361547
364158
365388
365819
369034
373395
381660
385273
400794
402875
403726
405587
408390
410168
419046
419259
422820
423822
427264
432675
433028
433185
434983
436505
449633
451187
452216
453402
462408
462761
467510
473082
479701
485749
494729
497101
501519
502044
504154
512000
517310
517726
525009
525082
529485
530117
536123
549606
551137
551345
553252
553334
561870
562705
563770
566074
570637
573522
575518
575890
576317
578100
587536
587886
590626
593996
598802
601208
617705
626887
630967
631593
632790
635219
639234
639523
641186
653086
654976
661809
662498
668402
668516
671640
671668
672201
673973
683065
690344
701142
703695
709074
709144
709999
714332
728961
729689
731316
733579
734198
746609
749626
750133
756074
756455
762368
762517
762625
766221
778776
789397
790067
793347
798515
808769
810344
811084
813962
818691
821604
826776
832986
837195
841684
844443
848003
848313
851664
854307
857023
861176
865705
867368
867943
870401
872219
887855
890434
893787
903389
905670
906762
908670
910081
913301
913544
916507
916907
918736
920493
924650
924771
925466
933082
936643
940852
944461
946001
947798
949221
951427
956384
958958
962654
970062
977261
978425
982014
984861
988516
990699
994386
994429
996804
998221
998886
1004946
1013558
1019643
1020953
1022034
1022704
1023732
1024916
1026101
1028533
1029639
1034472
1039129
1040177
1041231
1043344
1049471
1051189
1061407
1068198
1071447
1080833
1081156
1081321
1081723
1084631
1086845
1091144
1095115
1098789
1107238
1108620
1112157
1114966
1116982
1117056
1123152
1123866
1125666
1126064
1127949
1130019
1136993
1141462
1150174
1151174
1151412
1153682
1154408
1155002
1168693
1168892
1169788
1172370
1172921
1175845
1180931
1186534
1186554
1194680
1195708
1197377
1197717
1201216
1203504
1207775
1208499
1211527
1212596
1212865
1221194
1225285
1232067
1235213
1241069
1246591
1251066
1265966
1277485
1288127
1296296
1298965
1304374
1307741
1314639
1320539
1322114
1325723
1333557
1333648
1335441
1336448
1337818
1339256
1340912
1346841
1347763
1350073
1350359
1350557
1351464
1360644
1366988
1367158
1367289
1369148
1370760
1371298
1376173
1382297
1383867
1385339
1391414
1392583
1404726
1407032
1409352
1410546
1415333
1424838
1425711
1428267
1430076
1434531
1435102
1438309
1444992
1445851
1451246
1453095
1459438
1468809
1470363
1478471
1479724
1483079
1484676
1488749
1496167
1496825
1498716
1498773
1510581
1518068
1518213
1519377
1521463
1521568
1521888
1525262
1529115
1530674
1536074
1538591
1542108
1545038
1547892
1550841
1552669
1560679
1564070
1564845
1564939
1569554
1570861
1572116
1573408
1574677
1590965
1597685
1600314
1603496
1606160
1607220
1612569
1615057
1619164
1620296
1622395
1626764
1635045
1636803
1655781
1655905
1656983
1661728
1662228
1668459
1668652
1670952
1676210
1677862
1679919
1682074
1688645
1690697
1693513
1693663
1700512
1705317
1709209
1710537
1711587
1717106
1720756
1723977
1725198
1731628
1736690
1743963
1747079
1757937
1761422
1763281
1764806
1765266
1774396
1778238
1778993
1779439
1784178
1784513
1791978
1801397
1802983
1805232
1806973
1809409
1818263
1819756
1822026
1824914
1828430
1835246
1838847
1842336
1846006
1852971
1857088
1858770
1870110
1877170
1878590
1879411
1881120
1884135
1903337
1910683
1917956
1920347
1920388
1921967
1926079
1938311
1941661
1951917
1956043
1964105
1967622
1973876
1974817
1976391
1977207
1981162
1988173
1992433
1992463
1995404
