-1988545
-1969216
-1966600
-1966509
-1961948
-1948861
-1947575
-1945915
-1941522
-1940194
-1937950
-1937813
-1927422
-1924359
-1923099
-1912788
-1910195
-1908161
-1907923
-1906308
-1905042
-1903230
-1896704
-1889538
-1877807
-1867520
-1857972
-1857402
-1856938
-1841011
-1836304
-1834201
-1831189
-1830074
-1816134
-1815812
-1814492
-1814051
-1812433
-1807614
-1805581
-1805272
-1802372
-1799505
-1790085
-1789361
-1786522
-1785241
-1784831
-1782652
-1779500
-1777333
-1777313
-1775871
-1771282
-1768536
-1763145
-1762918
-1762160
-1761084
-1757229
-1753916
-1749476
-1749297
-1746385
-1739663
-1733973
-1728905
-1728695
-1720356
-1712993
-1706943
-1698851
-1694332
-1689393
-1684729
-1673527
-1657991
-1652233
-1652185
-1649120
-1647050
-1640643
-1639814
-1637777
-1635919
-1624556
-1624364
-1623845
-1615484
-1613722
-1606362
-1604344
-1600468
-1589731
-1584921
-1582195
-1576490
-1572379
-1572208
-1570846
-1568672
-1565612
-1555798
-1553407
-1548121
-1543547
-1536746
-1535456
-1530964
-1529569
-1524127
-1520890
-1516809
-1514672
-1512053
-1510005
-1507593
-1507318
-1503849
-1502853
-1502275
-1501708
-1496465
-1492598
-1485850
-1483835
-1477000
-1476887
-1461572
-1455529
-1450137
-1445848
-1438699
-1438346
-1435834
-1427573
-1422620
-1416612
-1412260
-1408633
-1400268
-1393304
-1387650
-1382053
-1378750
-1375906
-1369899
-1368951
-1368202
-1367091
-1364621
-1361881
-1356765
-1353471
-1351192
-1349587
-1345474
-1343162
-1342050
-1338647
-1334255
-1331389
-1325898
-1322313
-1315852
-1315136
-1313353
-1307990
-1307523
-1304638
-1303466
-1301785
-1299792
-1292128
-1291586
-1284257
-1283567
-1282217
-1281408
-1272937
-1261291
-1256232
-1248980
-1246082
-1240123
-1239784
-1238748
-1226718
-1214140
-1210146
-1206892
-1196402
-1186879
-1185184
-1183536
-1183137
-1179238
-1178254
-1175982
-1165587
-1163147
-1162390
-1154246
-1149914
-1135818
-1123278
-1113782
-1095941
-1094762
-1093842
-1091800
-1090539
-1084103
-1083499
-1074807
-1070585
-1067708
-1060525
-1055701
-1055369
-1051501
-1051004
-1038909
-1034546
-1034329
-1034016
-1018457
-1011722
-1010179
-1009515
-1009055
-1001743
-1000001
-999945
-995809
-994690
-994362
-993721
-991072
-990240
-987959
-984924
-984486
-977407
-971423
-967858
-963969
-963253
-961810
-960036
-956148
-952961
-941836
-933400
-928793
-928604
-928338
-924981
-923733
-917215
-914667
-914107
-910820
-907326
-896968
-888638
-878636
-872158
-870951
-870839
-870088
-869954
-863411
-862828
-862169
-862118
-861712
-855954
-854493
-848639
-848149
-844200
-843911
-828198
-826889
-825799
-817929
-815666
-815347
-813774
-809699
-807917
-789474
-787997
-785408
-779292
-778859
-778125
-771391
-767097
-763568
-750986
-748305
-745101
-743747
-741402
-738781
-728780
-722941
-719303
-715980
-715093
-715021
-709298
-705332
-703239
-686504
-685868
-685807
-682113
-680177
-679830
-679065
-660117
-658762
-649540
-646841
-646289
-644545
-639722
-634254
-628070
-623236
-622519
-618900
-617290
-612726
-609488
-601370
-598981
-598253
-596785
-595689
-593493
-593164
-590162
-589265
-588236
-585587
-584566
-576719
-576165
-574466
-572727
-572025
-562733
-557940
-552418
-548982
-540049
-535299
-524537
-520053
-519006
-518627
-516749
-516379
-501435
-492729
-489582
-486781
-486048
-476421
-473510
-452154
-452066
-449185
-447702
-441449
-437876
-433707
-421992
-420665
-420542
-412070
-410599
-408266
-407154
-402685
-398294
-395889
-390083
-388472
-383742
-377281
-375450
-372283
-371614
-364965
-364252
-362702
-361153
-359994
-356274
-355535
-354865
-349526
-348209
-316418
-308546
-306044
-300430
-298115
-294120
-287259
-284803
-284664
-281728
-280525
-280423
-279968
-277715
-259215
-258850
-253126
-253094
-252910
-252238
-246475
-244279
-243554
-239378
-237477
-234855
-228924
-222543
-222493
-219250
-215747
-214345
-209913
-205073
-201970
-199062
-194322
-189911
-188492
-187068
-182324
-179452
-178635
-178322
-177435
-175866
-172979
-164947
-163815
-163471
-162516
-157547
-153632
-145211
-140647
-139980
-133250
-124196
-122983
-120556
-118861
-114177
-112624
-109699
-107387
-105015
-102579
-100798
-98199
-86683
-78466
-73206
-71407
-70928
-64536
-62023
-55656
-55111
-39408
-27880
-20175
-19304
-17848
-6574
-1897
1577
2366
5774
7637
9271
10729
15368
20124
23073
23444
30792
35294
35373
36229
39804
42311
43790
49925
51424
51703
51923
53937
55394
56099
56520
64750
67190
72849
76173
81094
87319
88600
89191
92793
95936
96354
100583
102329
111361
124795
127238
128988
134214
137088
140052
141999
142277
144186
151974
153261
153932
162946
165146
165176
167500
169659
170409
171666
171959
173492
175262
176427
181354
185081
188320
192906
193414
196188
202129
203269
203435
203861
218920
239663
246750
247482
248144
261779
262261
278836
279793
284324
289875
291408
312200
312205
315248
317988
320986
326296
334343
338788
342266
343678
347060
347549
347837
349310
367277
384923
389432
395042
406163
413049
430533
434237
434253
436541
441099
446172
450139
456821
463682
469870
470737
471461
475573
478142
481643
484813
488346
489091
491736
492510
505881
506010
506851
507853
509986
517923
521859
527023
529974
530102
531468
532507
535095
538374
549427
562945
563167
568452
569329
572401
573274
575423
576340
581818
581894
584755
586604
588665
595041
595373
596891
597827
609469
610988
614989
622359
622883
624950
627735
629781
631657
632526
633521
636506
639815
643613
647137
657825
658251
661899
666737
667488
670613
671539
672295
674447
679308
683088
690223
691205
692466
697836
699774
701027
703306
715872
723224
726863
732843
736543
738666
746964
749399
754377
755133
756050
758346
759274
760463
763327
763492
764543
770069
774095
778305
787441
791288
795858
799417
801538
805890
806173
813330
814459
817784
821170
822884
825768
826569
830396
834075
835118
837022
840446
842862
845583
850234
857894
863620
866271
867244
867301
869932
871502
879156
890467
890646
894037
897390
900175
910618
911825
920391
920977
921013
923022
927985
931172
932405
934415
935836
937084
946519
953158
964897
966333
968677
971290
979848
980437
985138
986124
997035
1004449
1010476
1014870
1018788
1021773
1025337
1028083
1029387
1040374
1040579
1043606
1046803
1050196
1061786
1062677
1067840
1077402
1077788
1077870
1080982
1083411
1088451
1091521
1094229
1099807
1103755
1108199
1108597
1117615
1120556
1123307
1133492
1137030
1137762
1146016
1146808
1148875
1150635
1159026
1165697
1170359
1172760
1175850
1176568
1180019
1181914
1184927
1187043
1188321
1188627
1198338
1198949
1199579
1200646
1202205
1206237
1210524
1213309
1217129
1217211
1226787
1236030
1244333
1255279
1256037
1258392
1267371
1270383
1271862
1273533
1277776
1284291
1288373
1291680
1292324
1293944
1296164
1299919
1309213
1319639
1321713
1322608
1326101
1327814
1328320
1332494
1332929
1339069
1343816
1350076
1357622
1362617
1367021
1371930
1372747
1374182
1378476
1393418
1399362
1400027
1403582
1413287
1416904
1428285
1429474
1429643
1435964
1440263
1440618
1443945
1446493
1446593
1449869
1451250
1451734
1456043
1457609
1476074
1478505
1484629
1486044
1487143
1488373
1489991
1494350
1495251
1507743
1513969
1520756
1522759
1522805
1528574
1530673
1536268
1536653
1540337
1546669
1550606
1552334
1552865
1553294
1566171
1572222
1572591
1576911
1578988
1585925
1587616
1594111
1596952
1602978
1604845
1616276
1623269
1623823
1624209
1626593
1630888
1637889
1642940
1646182
1648868
1650213
1655837
1665835
1668064
1671307
1671522
1677143
1683486
1685311
1687514
1689514
1695438
1697233
1697788
1698625
1701272
1705442
1706038
1710489
1712923
1713513
1716365
1724424
1751998
1758208
1758874
1761569
1767332
1782523
1784223
1784394
1786031
1787606
1793017
1799535
1801759
1809534
1812189
1812219
1818629
1819417
1830782
1840849
1846112
1852411
1871199
1872819
1876050
1885751
1897369
1900941
1908794
1909127
1913172
1919950
1923999
1940973
1954890
1956702
1958166
1964780
1965540
1966315
1966539
1966586
1966628
1966824
1966827
1967137
1971285
1984170
1985887
1986303
1986690
1993223
1999486
1999695
