-1998807
-1987967
-1986693
-1975124
-1975061
-1972242
-1969909
-1969139
-1966272
-1963825
-1963074
-1955726
-1949329
-1949100
-1947146
-1931485
-1926789
-1916991
-1915843
-1912116
-1910380
-1908204
-1906268
-1906086
-1905544
-1902765
-1892777
-1889585
-1887609
-1882311
-1879761
-1868816
-1849401
-1849159
-1848702
-1846186
-1842282
-1837374
-1834259
-1833687
-1832480
-1831513
-1829674
-1828183
-1823516
-1819017
-1818516
-1816381
-1812154
-1805536
-1804251
-1802586
-1797736
-1795542
-1792338
-1789780
-1788598
-1786712
-1786532
-1784140
-1781070
-1777758
-1768845
-1764764
-1761192
-1751703
-1748336
-1747967
-1747287
-1745653
-1745409
-1745369
-1742808
-1740335
-1727692
-1722118
-1716252
-1715524
-1714950
-1714296
-1714061
-1697678
-1688605
-1679683
-1675169
-1669079
-1668938
-1667126
-1659523
-1651699
-1651552
-1649844
-1648234
-1640925
-1637732
-1634936
-1629885
-1629858
-1618357
-1616919
-1602902
-1601230
-1600415
-1599443
-1598156
-1593942
-1592243
-1582716
-1575429
-1570701
-1566154
-1565831
-1564906
-1564204
-1561710
-1554430
-1551853
-1551214
-1548183
-1547803
-1547071
-1546525
-1531228
-1526977
-1523645
-1507409
-1506329
-1503869
-1503147
-1494577
-1492513
-1488629
-1479044
-1476064
-1472649
-1471242
-1469806
-1467309
-1461351
-1455563
-1453709
-1447952
-1447930
-1446567
-1433070
-1428456
-1414085
-1404120
-1402139
-1400515
-1398606
-1397460
-1394911
-1388153
-1383750
-1374012
-1372858
-1365867
-1362152
-1358808
-1354596
-1350991
-1350352
-1349704
-1339755
-1337090
-1336737
-1333474
-1333293
-1332709
-1331616
-1331611
-1331064
-1330117
-1329912
-1325820
-1321067
-1320542
-1317051
-1314434
-1291122
-1289285
-1287718
-1287448
-1284754
-1282643
-1281103
-1280566
-1276371
-1266721
-1262947
-1261329
-1260388
-1257521
-1252989
-1242428
-1239164
-1235862
-1235316
-1232626
-1228223
-1225936
-1223761
-1221400
-1220429
-1215027
-1210429
-1206566
-1206418
-1203598
-1197901
-1194276
-1192762
-1185155
-1184444
-1184001
-1182865
-1176406
-1176365
-1172684
-1170906
-1168741
-1168674
-1164292
-1163819
-1163619
-1162133
-1160700
-1156739
-1152141
-1151092
-1148916
-1147801
-1145788
-1144863
-1143868
-1143831
-1138872
-1137824
-1132474
-1131959
-1131913
-1131264
-1129869
-1129864
-1129244
-1124032
-1116632
-1110652
-1106341
-1103509
-1101206
-1101192
-1095394
-1094427
-1094366
-1089287
-1088570
-1087767
-1086465
-1072825
-1072699
-1069045
-1067765
-1060128
-1057527
-1053854
-1052372
-1052140
-1049077
-1047445
-1046543
-1042629
-1038551
-1030926
-1027433
-1024243
-1020994
-1016026
-1014011
-1012984
-998928
-996521
-994098
-992015
-989552
-986231
-982394
-982310
-977076
-973802
-971124
-968958
-968863
-959669
-958528
-955203
-947330
-944548
-939900
-939644
-935709
-934572
-920885
-915159
-913563
-909406
-906428
-904001
-899790
-899005
-896425
-888152
-885812
-880250
-874603
-872802
-867378
-859840
-857951
-856286
-855910
-854553
-853869
-849254
-842445
-842153
-835408
-833244
-824160
-822295
-822101
-820246
-818811
-818800
-817356
-815285
-814269
-808871
-807826
-801244
-799256
-792322
-781800
-780747
-779696
-778213
-773674
-771828
-763248
-754154
-747944
-744599
-739245
-736367
-731189
-730907
-726036
-723101
-720998
-713259
-710529
-703095
-695262
-690894
-688227
-683910
-679543
-677708
-675448
-675239
-672862
-671452
-671287
-670553
-669323
-668901
-665905
-656486
-649538
-642009
-638897
-636215
-631510
-628878
-625016
-621061
-620818
-620008
-611321
-609013
-607902
-605888
-603983
-599755
-595957
-593297
-593216
-592592
-591570
-591233
-576555
-575480
-572991
-565039
-561142
-556387
-549743
-541231
-539760
-539367
-537246
-536375
-536362
-531705
-523248
-521045
-517066
-511588
-505216
-504986
-493842
-487907
-485018
-473923
-473443
-465144
-464774
-463466
-458350
-454956
-451671
-445915
-444061
-441559
-441073
-437057
-436366
-430978
-426897
-425334
-421608
-420873
-408494
-401778
-401236
-400208
-397482
-391650
-391433
-391003
-389148
-389070
-387288
-386513
-378124
-374901
-374249
-369811
-367699
-367373
-365931
-361371
-359154
-358844
-351854
-342389
-341279
-339117
-329747
-325943
-315305
-314970
-314557
-307401
-307365
-304084
-301765
-298817
-294385
-293881
-291444
-291354
-289628
-287316
-279617
-279260
-275500
-270861
-265675
-257440
-248307
-241772
-241294
-240095
-237902
-205677
-205317
-200371
-198786
-192414
-183045
-180141
-179135
-177745
-175875
-175811
-169909
-169195
-164390
-164289
-159712
-135363
-126449
-118773
-108337
-99851
-94097
-93411
-93032
-73672
-68118
-65776
-64460
-64126
-59759
-47968
-40209
-24684
-17503
-4381
-4007
-2579
4477
6261
7986
9175
11004
17160
29099
36493
46737
47357
54919
56254
58392
61925
64269
74407
75771
79950
87718
88478
99511
103030
113691
124863
126160
127232
131924
135636
138421
140588
145843
148934
150921
154112
157677
159188
174561
179882
180254
185506
195774
205020
206502
209677
212157
218284
223574
225508
237768
239561
239634
245931
247356
253716
255901
268591
276607
279807
286039
287985
290412
290934
291856
297394
297471
298714
303293
308312
310555
312804
322125
324081
329488
336983
343945
359219
360285
365758
365833
370104
371453
372264
378242
385150
388068
389278
399621
400758
400919
405295
415196
424975
428980
429374
431535
436661
439474
458533
469606
470538
471733
472912
475479
476515
482303
488676
489549
494913
496070
501097
502148
503837
505311
507589
509321
511697
518019
518951
523363
524307
526784
531844
537422
541088
541786
543456
543528
570202
583098
584079
585185
592701
592847
593309
598743
599347
599515
602769
612598
612670
613452
613680
619048
619136
629048
630996
634681
643122
648761
656744
658076
662200
667938
671649
674985
675184
678026
680643
682522
682801
690185
696806
698950
699576
705698
710596
712721
712955
717049
720405
723757
726071
726416
726439
731498
734495
734735
739335
744194
757205
757601
760122
762858
766803
778637
779614
786476
803541
811014
811499
813137
815280
820535
821238
822241
829189
833373
839043
841900
847765
849572
855058
857028
857057
869838
870814
879869
883219
883609
915101
924659
925041
927469
929880
932155
938010
940287
942349
947627
951502
955840
970901
975197
979667
983765
983817
993980
1003467
1007508
1010031
1015447
1020629
1022843
1026503
1034660
1034757
1049547
1054850
1060016
1063028
1068295
1071588
1074625
1075235
1077197
1078613
1079005
1080224
1086788
1092883
1094339
1094592
1106426
1113485
1123640
1128624
1129645
1135165
1138646
1138890
1149864
1151305
1152293
1156236
1156463
1159700
1166280
1174866
1174900
1176046
1176563
1183293
1183615
1192822
1193988
1199107
1208255
1209954
1212524
1219165
1219882
1227948
1230180
1230331
1240105
1252790
1254181
1263510
1277299
1279180
1280356
1281833
1282931
1285347
1292337
1295220
1297688
1302893
1303205
1308702
1309023
1311822
1312259
1315839
1315921
1317741
1319578
1320869
1327748
1330278
1336781
1348290
1351586
1353597
1353859
1355755
1359332
1361219
1362503
1362525
1364220
1368767
1369575
1381548
1383783
1386371
1393467
1395900
1400368
1403471
1403991
1410753
1422684
1437103
1440225
1441885
1444536
1445138
1448536
1448794
1451886
1470578
1470815
1477480
1487201
1488532
1492752
1493343
1497956
1500544
1500990
1504660
1513310
1519131
1521753
1522612
1525451
1526400
1537674
1539313
1539625
1540089
1542280
1543218
1550163
1553342
1553489
1554308
1558877
1568854
1575131
1581213
1591382
1603937
1604776
1605133
1611899
1617235
1620912
1631489
1636912
1638646
1640205
1641221
1654806
1656167
1658593
1658909
1666255
1669187
1669578
1681984
1688172
1689927
1706731
1712934
1713228
1717425
1718088
1721354
1722833
1727543
1730621
1731321
1736618
1736903
1738010
1754863
1761287
1762252
1762919
1771583
1779225
1779393
1782026
1792646
1799927
1803975
1807775
1808059
1814657
1819074
1820000
1827880
1830304
1848825
1850477
1852656
1856782
1859350
1859504
1865076
1866224
1867114
1885776
1889129
1889425
1901188
1904589
1905721
1906829
1907272
1908187
1908397
1919258
1922671
1922832
1924002
1926242
1936362
1939659
1940305
1941357
1944762
1945826
1948479
1950403
1951176
1953686
1954759
1963312
1972870
1984514
1990725
1994433
1995682
1996881
