-1998190
-1994500
-1986169
-1982449
-1980440
-1973666
-1968426
-1959116
-1951037
-1950482
-1947439
-1939859
-1930372
-1928125
-1925609
-1922389
-1921262
-1919628
-1918831
-1917581
-1908888
-1905790
-1900057
-1896579
-1886907
-1884783
-1882452
-1880707
-1876731
-1870543
-1868330
-1856278
-1854949
-1848653
-1847478
-1846558
-1844814
-1841793
-1834831
-1834750
-1833864
-1833555
-1822456
-1821998
-1818705
-1818262
-1812191
-1808762
-1807949
-1790064
-1782356
-1777382
-1762223
-1753612
-1749624
-1749105
-1745820
-1739952
-1736877
-1736475
-1733881
-1732990
-1732338
-1723176
-1723105
-1720712
-1711830
-1704634
-1697730
-1696189
-1691172
-1687439
-1684952
-1680140
-1679242
-1678950
-1669971
-1666699
-1665530
-1662671
-1660621
-1660058
-1659474
-1657473
-1653683
-1650471
-1642628
-1640292
-1637946
-1635966
-1625747
-1625645
-1615403
-1592122
-1589768
-1580618
-1575650
-1575227
-1569575
-1563387
-1560222
-1557912
-1556389
-1553093
-1547501
-1546750
-1543058
-1532311
-1532032
-1523426
-1520614
-1517379
-1508090
-1503218
-1501918
-1497835
-1492095
-1491256
-1490286
-1486189
-1485648
-1477890
-1469067
-1465063
-1463854
-1458329
-1457359
-1457272
-1446603
-1446492
-1445906
-1442925
-1439345
-1432048
-1429887
-1421856
-1421832
-1413718
-1412466
-1408979
-1395253
-1390406
-1389655
-1388423
-1386759
-1383301
-1380500
-1380422
-1378847
-1377823
-1372390
-1372062
-1366100
-1362619
-1361459
-1353605
-1349444
-1346979
-1345393
-1345375
-1345268
-1337262
-1327062
-1324423
-1324406
-1315951
-1313423
-1311947
-1307510
-1305045
-1294112
-1292363
-1290755
-1284136
-1278876
-1272320
-1270811
-1270275
-1265304
-1260993
-1252610
-1252479
-1242792
-1240930
-1240253
-1239624
-1239084
-1237479
-1235022
-1226243
-1216403
-1211747
-1211375
-1202552
-1202045
-1195879
-1194830
-1192351
-1185918
-1184756
-1182213
-1171367
-1160298
-1157465
-1152964
-1151824
-1148921
-1142112
-1137405
-1134738
-1134489
-1132978
-1129159
-1117608
-1115462
-1108392
-1100645
-1098147
-1097730
-1095333
-1093155
-1089902
-1086493
-1082126
-1078203
-1076095
-1072900
-1071443
-1069378
-1065254
-1063433
-1062084
-1057783
-1056403
-1053472
-1042004
-1041124
-1039502
-1030890
-1023751
-1020286
-1018909
-1018799
-1014458
-1011261
-1009298
-1007952
-1001439
-996321
-995562
-993995
-991308
-989793
-985904
-983320
-976700
-976408
-975161
-970726
-965284
-963571
-955258
-949877
-949659
-915678
-914654
-910676
-909625
-904450
-904159
-898409
-893579
-892686
-886013
-885639
-885231
-883011
-880330
-879833
-878742
-877037
-862553
-862540
-860948
-859954
-857913
-856999
-854163
-832321
-830333
-816765
-815091
-814798
-807786
-797938
-796498
-783288
-782318
-771486
-769499
-767722
-766973
-763019
-762426
-762271
-757365
-750185
-747649
-743093
-742682
-730032
-727117
-725487
-725070
-719986
-718694
-710641
-709484
-709410
-691848
-686526
-678189
-677396
-673970
-672858
-670182
-659625
-657858
-656892
-656106
-655926
-654055
-651086
-650638
-648131
-636802
-633527
-632981
-632418
-628196
-628059
-625015
-623137
-621916
-617412
-617028
-616331
-613887
-596107
-595466
-594293
-590723
-586666
-577446
-575996
-571334
-569163
-564530
-564068
-561371
-556458
-554509
-552033
-550086
-545194
-542685
-539072
-531430
-531246
-524939
-520423
-518808
-518112
-494439
-493353
-492860
-487713
-484642
-478583
-473283
-467261
-450754
-448542
-446988
-446195
-438172
-433624
-422734
-422688
-408672
-406564
-403506
-401308
-398286
-391335
-391172
-386923
-374890
-370891
-356057
-350891
-349280
-345410
-342743
-339576
-326341
-326300
-308548
-303257
-303002
-302827
-301447
-296312
-288884
-287852
-287528
-283972
-281980
-274092
-273925
-273129
-262203
-255492
-254273
-251164
-249555
-247978
-247341
-244958
-225887
-224570
-220778
-219492
-216018
-213873
-202626
-199394
-197880
-196642
-195392
-195278
-184837
-181823
-179382
-176229
-174511
-171256
-167347
-161871
-143416
-129421
-128644
-120689
-117344
-102030
-100716
-100401
-96091
-94716
-94096
-93264
-92705
-89567
-88409
-75613
-73067
-70021
-62420
-61713
-47740
-47585
-44437
-40071
-37228
-25727
-22748
-22714
-21484
-20599
-15540
-11964
-11255
-9670
-8720
-4542
-2850
3034
12661
17525
17889
22581
24081
24444
30048
32841
35532
37764
38972
44188
48313
70133
71780
73560
75384
78773
84197
85159
100336
106614
106643
120531
129282
132912
134908
140599
144364
145270
145575
148596
149384
156424
156856
159805
159942
169073
180207
180392
187980
190402
197863
197893
198884
203962
207438
207572
219290
221174
224173
224974
230294
231206
232432
233470
234352
238040
240887
247435
249994
252521
254003
263928
265303
267107
270318
285969
286035
288035
300127
300476
308510
310318
318512
327328
340997
344429
345485
347879
348634
349857
352131
354608
356085
358076
365436
365755
365855
366922
368928
376813
392409
392969
393763
397389
402403
412620
414118
414587
416226
416511
425651
434663
436212
440873
441336
442709
444197
445812
447646
449077
452119
452133
457704
458786
459317
459968
460072
460185
463892
468440
473216
474241
479925
481770
485864
489525
492216
504171
508450
520406
520561
521269
522975
528548
533675
534399
543342
543409
545904
545973
550368
560036
560585
561301
565647
575216
587885
592840
596275
598880
599235
599396
602996
603675
607019
609708
614678
616238
616306
622765
627702
632102
633297
639224
646211
648710
650044
657117
659575
663651
664984
666309
666789
670086
673276
674549
683005
691381
702031
708057
708176
712107
716029
719090
721339
724247
724289
733118
735192
737023
739319
744651
749675
750651
755615
763791
769346
773070
785096
786082
788348
793775
802352
803601
810767
816495
818091
822191
822531
825410
827563
830474
839117
843336
857022
858520
860465
860480
860619
861749
862071
865736
866121
868113
868682
873701
875023
875108
876609
876656
876967
878109
893049
894340
896924
901013
905084
905773
906580
914221
925660
933430
933767
935188
936349
938228
939270
948239
953834
961657
968007
969736
977143
980504
981775
982124
1000132
1003763
1010754
1013788
1018265
1018739
1028998
1029878
1031992
1032589
1043076
1045450
1050355
1050446
1065878
1066039
1066443
1073679
1074758
1076157
1076603
1077627
1078451
1081936
1089729
1091403
1093326
1093627
1096374
1097243
1099412
1100262
1104427
1105845
1109950
1111589
1112968
1119301
1132676
1134779
1139959
1141964
1142468
1153306
1159788
1160061
1162109
1164135
1166654
1169255
1170857
1171515
1172715
1173208
1173461
1175400
1184027
1189491
1194559
1196065
1198713
1214719
1222125
1224805
1227764
1229027
1229188
1229317
1230215
1232122
1236318
1236713
1241125
1245634
1246434
1247263
1262880
1268342
1269272
1277555
1282972
1285707
1291015
1291885
1293468
1295795
1300614
1301047
1304846
1305635
1305736
1310947
1312288
1312584
1318972
1323624
1323676
1327282
1329919
1330237
1333252
1334116
1335259
1345257
1347010
1359979
1360281
1361430
1362713
1363195
1364700
1373058
1375968
1379391
1379459
1379686
1385442
1392450
1397623
1401186
1431414
1431458
1432319
1433070
1434353
1440889
1441397
1459094
1461625
1462993
1467323
1467373
1469851
1477631
1488347
1490700
1515932
1528159
1536339
1553858
1560235
1561442
1562096
1572804
1573011
1574228
1575036
1581936
1589832
1597970
1601164
1602954
1605466
1616609
1620668
1622242
1631807
1636106
1649378
1650039
1658047
1663443
1666433
1670616
1679592
1687149
1688813
1689246
1693846
1700001
1702770
1704713
1711354
1714789
1718088
1722437
1723256
1724298
1725669
1730140
1739836
1742115
1744298
1758811
1761123
1761260
1764774
1767261
1775318
1777094
1782045
1785047
1787016
1788286
1790534
1796305
1800471
1801475
1804274
1809553
1814381
1838492
1840036
1840607
1846662
1847405
1847752
1847860
1850576
1854626
1856366
1856451
1858437
1860057
1862649
1865175
1868461
1870055
1876503
1877462
1883208
1885136
1892848
1894155
1896671
1901217
1901249
1902752
1910911
1914111
1917867
1923173
1924874
1935903
1940630
1941285
1941688
1942834
1951448
1951507
1951769
1961492
1962044
1964685
1968897
1977398
1980405
1983403
1989709
1989776
1990362
1991733
1993950
1997693
1998962
