-1999599
-1997700
-1992784
-1982290
-1979368
-1977141
-1974651
-1974627
-1967570
-1963514
-1961488
-1961226
-1960676
-1960121
-1953044
-1945383
-1940195
-1934454
-1934308
-1930991
-1928481
-1926834
-1924157
-1919745
-1913487
-1907462
-1905085
-1899641
-1894773
-1894409
-1893399
-1886816
-1884110
-1882262
-1880868
-1875567
-1875492
-1873485
-1871762
-1870479
-1854475
-1846822
-1844888
-1825617
-1824486
-1821304
-1816659
-1813460
-1812405
-1811350
-1810303
-1794443
-1787939
-1783670
-1777477
-1765784
-1762358
-1758581
-1756484
-1754695
-1753477
-1752969
-1745258
-1741653
-1741580
-1740462
-1739516
-1733861
-1732482
-1731463
-1726117
-1724150
-1718002
-1704288
-1701249
-1689051
-1687175
-1681990
-1680290
-1669088
-1668598
-1667983
-1662277
-1661822
-1659885
-1641629
-1634914
-1631934
-1625872
-1622465
-1617896
-1613527
-1611344
-1603900
-1601062
-1599224
-1596068
-1592991
-1581170
-1579722
-1579550
-1578160
-1572903
-1564351
-1563949
-1562120
-1561574
-1553211
-1550272
-1548275
-1546760
-1546132
-1544243
-1542010
-1536702
-1534993
-1530634
-1528431
-1527929
-1527657
-1520736
-1519188
-1507008
-1504987
-1503575
-1498794
-1498499
-1491411
-1487149
-1486332
-1484922
-1482903
-1479246
-1470793
-1468937
-1464362
-1462234
-1460782
-1460301
-1459112
-1456822
-1454940
-1435319
-1431081
-1427256
-1423847
-1420089
-1418715
-1418583
-1412849
-1404081
-1403664
-1394875
-1393578
-1392143
-1388224
-1384339
-1381526
-1376722
-1370451
-1363705
-1363388
-1363250
-1352412
-1348101
-1343760
-1338251
-1334907
-1333862
-1327760
-1319485
-1317810
-1316801
-1313143
-1305934
-1305878
-1305304
-1297095
-1292941
-1292126
-1290607
-1289214
-1285086
-1279806
-1265702
-1260449
-1257680
-1256853
-1252624
-1252599
-1250649
-1244155
-1242354
-1242087
-1241125
-1240511
-1236539
-1235725
-1235046
-1234383
-1226986
-1223645
-1221876
-1221150
-1218396
-1215374
-1212302
-1207997
-1206838
-1205193
-1198631
-1189410
-1187891
-1178020
-1174281
-1173400
-1170810
-1170361
-1166892
-1158813
-1157639
-1152368
-1150061
-1146888
-1144451
-1128859
-1127405
-1125413
-1122172
-1117915
-1117629
-1113606
-1113143
-1107910
-1089249
-1084611
-1084024
-1079685
-1071878
-1070564
-1070482
-1069821
-1065417
-1063042
-1061125
-1056840
-1048029
-1044763
-1041620
-1032434
-1021028
-1014593
-1010977
-1008521
-1003863
-989886
-986588
-971539
-962689
-959797
-953818
-947095
-943457
-941463
-940633
-936698
-927180
-925338
-922192
-917120
-911881
-910952
-910576
-901176
-892973
-892229
-886371
-885929
-885413
-879564
-878151
-877774
-877356
-877141
-876157
-874973
-870653
-865687
-862911
-862669
-861460
-860257
-836809
-836789
-823871
-821676
-817867
-814078
-812959
-810224
-809730
-807836
-807184
-806682
-805799
-804146
-802181
-796322
-794690
-792177
-783823
-783287
-781047
-777935
-777083
-769680
-767969
-766532
-766077
-762057
-760474
-751845
-736690
-724439
-724430
-724038
-723085
-721172
-713921
-699690
-698344
-697330
-696309
-691593
-686458
-684616
-684170
-683211
-681149
-680962
-677352
-673725
-672516
-668919
-664744
-647686
-632813
-629257
-627805
-627356
-625090
-622750
-621907
-621616
-615912
-615531
-613976
-604806
-603572
-597347
-591325
-591139
-588315
-587477
-574065
-569497
-568031
-567550
-565382
-563298
-556345
-552150
-551202
-548149
-546649
-546040
-543178
-535842
-534569
-533070
-519829
-519080
-515622
-514850
-513757
-510374
-506820
-499097
-497658
-483382
-480285
-476510
-469895
-468588
-467384
-463501
-460662
-459326
-453179
-451377
-447888
-441793
-424357
-421395
-408285
-405935
-402357
-400709
-398855
-394759
-389394
-388184
-384345
-376031
-362382
-358185
-356040
-353010
-352417
-346510
-342689
-342592
-338871
-338254
-337189
-334999
-334379
-333100
-326802
-323344
-323082
-318539
-318065
-313576
-309551
-305960
-304824
-304734
-300181
-300174
-295354
-294264
-285307
-285153
-277693
-276453
-272579
-263158
-258505
-252319
-250575
-240493
-237623
-236123
-235206
-235059
-231010
-221923
-220552
-218446
-218161
-215101
-214520
-213981
-206181
-190070
-184551
-168128
-167775
-163885
-163780
-163433
-161818
-151479
-150535
-138677
-138310
-130488
-130363
-126340
-126333
-120776
-119149
-112875
-103494
-100087
-100080
-97761
-89405
-82064
-78680
-77665
-64828
-62075
-55217
-54960
-54531
-47323
-46611
-40723
-36927
-33604
-28238
-27275
-26858
-26356
-17681
-15773
-14333
-11382
-5958
-3587
-1411
555
1548
6733
10288
13922
18779
21542
37574
37774
39041
44438
44652
46836
55890
59965
62933
63019
67921
72441
78792
86395
91086
97502
110724
112163
114681
120591
133586
134908
137398
150036
156374
158982
161142
164192
164456
170014
171250
174701
176060
189938
191488
194983
196572
203817
208865
211674
221426
224041
229919
242379
243513
245126
247467
259377
261565
263165
266082
266116
283511
284558
294685
295920
298421
298668
303035
311126
314256
322376
339688
344890
347670
348481
355303
356198
356985
361745
365930
367543
369963
378970
383702
385009
395259
400713
402478
410869
411047
418333
423320
423981
426020
434851
434975
436702
439823
441538
441841
446510
453870
465204
468961
477322
478950
491125
496542
497554
504077
506649
508145
525614
526123
539774
544129
547830
549145
550828
563564
566775
568549
572887
575024
576089
580280
580884
583520
583654
583768
585494
591485
592964
597466
597857
606952
613108
613749
614602
615677
622788
625175
625261
635783
642146
643138
644069
650742
650788
652262
664493
666365
669053
671932
674058
674707
677390
686144
686746
690645
691387
700909
711916
716287
718317
719010
722903
724976
725061
731071
731473
734133
735717
755294
770776
771099
771572
777687
779790
784870
787673
788374
789044
789806
790185
790791
794996
800794
803238
805311
806386
812076
813586
814192
814313
814497
831876
841306
842631
846212
851137
853639
859177
862049
888150
891491
892142
897177
898399
900766
902600
915276
920788
928477
934377
935328
937222
941155
944130
955290
958637
961590
962324
971375
976621
989073
990945
992945
997673
1004482
1007338
1009678
1012000
1018087
1022544
1024826
1031482
1034927
1037043
1038142
1044682
1047083
1053983
1054179
1055235
1057277
1058693
1060750
1062059
1063160
1065203
1068349
1077575
1078314
1082262
1083560
1093123
1096724
1100240
1100514
1103372
1106408
1117585
1117928
1118310
1119886
1125690
1139449
1151225
1153543
1164593
1165056
1167485
1169864
1171582
1174266
1176243
1177786
1178134
1178555
1184193
1187742
1187817
1189669
1193594
1194731
1198104
1199890
1201257
1220896
1224190
1230140
1235709
1236419
1237567
1239965
1241264
1245989
1246882
1248335
1248700
1249936
1251285
1254475
1257230
1257240
1257655
1257779
1261205
1262466
1266576
1269678
1272928
1273886
1277004
1282995
1287580
1290694
1295801
1304421
1304444
1304562
1305378
1316250
1317798
1319942
1319982
1321751
1322899
1323743
1324989
1325893
1328553
1334661
1334694
1357140
1367198
1372345
1373674
1383995
1385324
1385957
1387382
1390333
1395824
1398763
1399952
1400819
1410517
1416917
1416923
1423458
1425533
1428859
1435704
1443329
1443557
1446380
1446643
1454763
1456929
1458111
1460206
1474417
1483521
1485264
1496961
1498343
1499033
1501064
1501789
1507965
1508867
1513974
1529431
1534232
1536506
1536672
1539860
1541025
1541720
1544232
1544929
1552590
1554226
1558251
1558933
1561019
1563350
1580570
1581377
1584104
1584683
1587266
1591605
1594753
1596363
1602258
1602653
1609314
1610345
1616774
1621472
1622690
1625817
1627042
1627082
1631613
1633103
1638251
1643409
1644884
1646102
1652348
1659343
1666575
1667432
1670355
1674510
1688501
1694680
1701968
1716078
1719041
1736165
1738920
1739301
1740434
1748328
1751575
1763174
1767625
1769382
1772692
1774351
1779190
1780388
1784287
1799764
1801913
1810442
1811032
1812790
1813777
1815696
1819638
1821240
1825815
1827749
1833093
1836263
1837829
1838845
1847897
1848914
1848968
1851683
1852698
1856642
1862487
1870851
1872492
1874124
1878909
1880063
1881599
1883571
1895641
1896611
1911208
1915293
1919473
1920588
1926112
1931746
1938180
1949192
1950241
1950741
1954700
1955444
1956398
1964408
1969227
1971486
1974786
1987758
1992785
1997225
