-1997971
-1996315
-1996209
-1994765
-1982516
-1981069
-1978484
-1976252
-1966189
-1965253
-1962466
-1961559
-1961342
-1960563
-1960122
-1950950
-1949826
-1947606
-1941814
-1941095
-1930219
-1927573
-1923490
-1921488
-1918721
-1917286
-1916554
-1914688
-1914453
-1912113
-1910378
-1907683
-1905740
-1894408
-1890931
-1887592
-1885013
-1882371
-1879843
-1879195
-1877748
-1872517
-1870531
-1868679
-1865592
-1863987
-1857165
-1852047
-1846351
-1846152
-1845877
-1840393
-1836678
-1836087
-1828829
-1826342
-1819189
-1811541
-1806400
-1806156
-1802912
-1792425
-1787479
-1786778
-1784670
-1782618
-1779334
-1774120
-1770814
-1770809
-1770516
-1769507
-1764581
-1763992
-1750497
-1749619
-1748540
-1746840
-1743419
-1742890
-1740574
-1736716
-1734442
-1732933
-1730209
-1727532
-1726566
-1726419
-1708485
-1708277
-1698211
-1695133
-1695075
-1691708
-1678668
-1678170
-1670918
-1670176
-1654096
-1640859
-1636526
-1636389
-1625733
-1623441
-1614388
-1613872
-1612892
-1612595
-1608505
-1604697
-1602929
-1601128
-1593042
-1592291
-1591154
-1588794
-1586596
-1585278
-1584819
-1581521
-1579277
-1574707
-1572031
-1571784
-1563431
-1550516
-1546555
-1546107
-1544065
-1542861
-1535819
-1534796
-1534724
-1534002
-1533511
-1531590
-1529382
-1527489
-1525520
-1522022
-1516676
-1508655
-1503724
-1503697
-1500564
-1500124
-1495364
-1495233
-1488125
-1475629
-1472579
-1471153
-1466650
-1464862
-1461644
-1459819
-1456926
-1456759
-1455921
-1451858
-1445947
-1442299
-1439683
-1434668
-1434018
-1426550
-1423681
-1423005
-1419340
-1418717
-1410425
-1401959
-1399797
-1396832
-1396211
-1395615
-1394498
-1391161
-1387952
-1374970
-1372960
-1372515
-1369186
-1366227
-1362986
-1362961
-1351478
-1351442
-1351174
-1349070
-1348541
-1341155
-1340657
-1335493
-1333845
-1327113
-1323923
-1323229
-1318123
-1314635
-1308093
-1307045
-1303166
-1301177
-1299164
-1296899
-1296452
-1296174
-1288879
-1279137
-1277707
-1276961
-1271455
-1260273
-1259620
-1258087
-1248218
-1243990
-1243615
-1243372
-1229623
-1225360
-1225320
-1224524
-1221345
-1212683
-1208543
-1207153
-1192188
-1189583
-1183011
-1182355
-1179821
-1175689
-1172620
-1170960
-1169103
-1163623
-1163389
-1159830
-1156966
-1146632
-1142753
-1126662
-1124968
-1107204
-1105096
-1104103
-1097901
-1085273
-1076746
-1071103
-1068976
-1060786
-1058601
-1056724
-1023253
-1022553
-1018330
-1010194
-1009278
-1007710
-1003683
-1000910
-1000836
-998717
-998412
-988487
-975777
-971467
-971358
-968527
-967988
-967431
-963397
-962988
-961592
-955957
-951789
-949047
-946561
-940744
-936735
-932885
-932852
-930236
-921845
-921635
-920140
-911741
-904475
-897998
-891951
-888399
-880949
-879803
-874050
-872569
-853894
-853812
-853638
-852523
-852307
-844155
-840556
-835777
-835450
-829613
-829084
-827794
-825883
-820749
-811388
-796467
-791190
-784716
-781765
-779302
-778599
-774843
-772943
-771972
-768598
-744189
-741587
-736926
-735530
-735328
-734846
-732180
-730307
-730038
-728490
-725538
-716773
-714959
-711283
-710383
-705126
-703470
-702429
-702291
-694335
-691120
-685567
-661689
-652239
-646812
-643379
-641819
-637591
-636852
-634846
-634279
-634232
-632680
-629989
-629893
-616073
-613535
-609673
-607082
-604083
-602734
-600833
-597724
-596701
-595597
-595220
-593534
-593181
-589283
-585301
-578826
-578266
-576267
-572571
-569726
-569571
-569533
-566372
-565347
-564907
-564306
-557309
-555318
-552194
-540996
-540372
-539328
-537939
-532953
-532059
-531778
-517624
-515779
-514863
-510474
-508904
-507765
-506218
-497387
-492088
-487170
-473402
-471031
-465106
-464073
-452267
-449006
-447765
-446221
-438716
-438297
-434379
-433467
-432514
-428717
-424663
-424347
-418357
-411669
-408955
-406040
-396828
-391268
-388203
-374054
-366176
-365217
-364962
-362912
-358054
-356961
-345577
-343111
-342775
-340097
-339018
-336293
-332424
-332008
-330056
-327533
-325495
-322951
-322948
-322555
-318766
-317026
-308486
-300812
-300230
-298938
-294016
-290587
-275854
-265507
-261350
-260500
-252145
-246559
-244755
-242068
-241781
-230698
-229181
-219208
-216922
-216633
-216505
-211050
-199941
-196071
-195560
-194760
-192000
-184318
-173820
-169838
-163652
-159675
-158455
-157391
-151846
-148458
-147359
-140372
-129488
-124862
-122585
-122162
-119557
-119212
-117305
-115472
-113993
-110142
-109525
-105809
-93548
-93473
-90028
-87764
-84444
-72928
-71626
-67743
-65030
-57076
-53328
-52421
-47387
-46524
-45051
-43391
-34726
-33981
-13853
-7712
-3067
2229
5398
6820
9629
12993
15579
18154
22670
29362
42386
42971
60132
60300
67958
68074
70280
73119
75169
83099
83330
84502
87770
87920
89187
89253
89471
90855
98356
98763
103160
105921
106126
117728
119588
119786
120685
122101
130602
149687
151400
164832
167593
172432
172443
173141
177203
178247
185905
188293
190672
195306
211098
223154
224760
231763
233522
235492
238833
240173
256247
267206
272480
278408
280045
281549
293404
294850
298517
311083
316075
317350
321179
322282
334850
337865
346520
346682
348189
348198
351909
353683
353997
358615
359718
361983
364845
365277
370626
373585
373844
389467
392257
393127
395840
400377
400696
402908
410621
410914
414689
418928
424063
425372
425994
426486
427996
429851
432514
434753
447718
449993
464007
464619
470357
470400
471585
475645
476022
478732
492816
494610
495997
500138
507538
510362
513493
514317
517301
520950
521561
526508
528838
529617
534858
538727
540756
554682
555895
558197
560981
561003
563656
570650
574849
575414
580153
590388
591719
599315
601051
614495
620397
625953
627362
633969
636008
640131
647262
647699
648291
656994
657477
663146
666801
675374
675851
678748
684355
687644
694875
695915
698583
701707
701768
704419
708239
710804
714473
717842
718212
735718
742177
744107
746866
746993
754194
756540
756842
760206
772911
773947
776876
778286
782765
791980
796951
800589
802972
811981
812861
814805
816054
817306
826573
827952
836738
837082
838395
839004
844574
845082
847233
850361
851856
852736
853184
854503
869019
873062
878132
878378
885936
892281
893410
914547
915491
922076
922091
924271
924672
925463
926707
929001
931375
932904
934845
938516
940294
943571
946503
948765
949498
955129
955422
967108
968306
969853
970874
972270
972908
979262
985815
988599
999104
1003877
1005068
1008510
1014972
1019277
1020615
1027939
1028453
1030691
1033583
1033881
1034119
1040634
1044307
1052258
1052462
1056249
1060869
1062196
1063839
1065934
1066302
1066393
1067778
1075716
1077010
1084565
1085827
1090735
1092027
1098198
1108991
1114499
1116703
1119121
1124729
1129399
1131965
1136679
1137185
1144162
1147357
1166672
1172294
1175255
1175454
1175573
1183596
1183964
1188347
1192341
1195062
1195740
1202723
1202800
1215692
1216460
1222750
1229824
1232694
1236303
1237644
1242189
1243449
1244081
1248540
1253020
1253743
1258645
1276819
1278641
1279169
1279433
1279809
1283539
1284848
1287575
1291697
1293729
1295815
1296544
1300779
1301367
1307489
1313284
1316371
1329179
1342237
1347830
1351047
1351518
1355250
1358500
1358822
1366217
1369874
1381978
1389043
1390778
1392182
1395843
1399883
1400399
1402123
1405968
1406491
1409853
1417510
1417752
1422280
1430923
1431381
1437265
1443918
1449768
1453815
1465588
1472134
1474210
1505329
1511342
1512651
1522210
1523926
1531275
1546427
1558268
1558466
1565384
1566101
1567248
1570642
1575102
1581515
1584065
1584935
1586660
1589114
1594915
1597081
1608371
1609553
1618321
1620356
1626227
1628406
1628902
1634201
1637969
1638212
1647214
1650938
1651473
1660990
1662565
1662726
1664821
1665437
1675569
1677695
1680416
1682610
1684931
1689083
1698040
1702573
1703085
1705951
1706627
1708955
1713140
1714912
1717913
1724263
1729077
1738404
1744233
1754469
1756271
1768779
1771461
1796808
1798639
1801002
1821541
1838485
1839738
1843640
1844106
1846729
1847600
1848400
1850957
1851982
1857731
1858470
1867882
1872517
1874066
1874663
1875407
1883423
1888215
1891164
1901550
1903137
1906318
1910356
1912102
1913295
1913994
1915437
1916189
1929053
1934267
1958888
1963971
1970062
1970547
1976441
1980055
1986372
1991185
1992701
1994448
