-1995781
-1990489
-1988207
-1985189
-1975632
-1975282
-1974063
-1973682
-1971748
-1961015
-1958167
-1956970
-1954003
-1953898
-1952490
-1951052
-1945310
-1945288
-1945202
-1943285
-1923236
-1922668
-1919086
-1918841
-1917914
-1905073
-1896381
-1888947
-1888462
-1882861
-1853860
-1833668
-1829710
-1829556
-1829261
-1827991
-1817285
-1810051
-1805013
-1800263
-1799045
-1783811
-1782479
-1782455
-1780554
-1779693
-1775025
-1774022
-1773718
-1773672
-1772617
-1765822
-1764364
-1760637
-1755631
-1755597
-1753294
-1752845
-1750513
-1746655
-1745903
-1745306
-1736544
-1735864
-1735318
-1724788
-1724305
-1720503
-1713506
-1713448
-1712106
-1710089
-1709421
-1708013
-1705594
-1705312
-1702450
-1702300
-1702144
-1699601
-1697240
-1694683
-1686886
-1686358
-1683350
-1679109
-1675728
-1675701
-1674586
-1667446
-1662778
-1628367
-1615209
-1614273
-1613350
-1613051
-1612954
-1604253
-1602179
-1599802
-1597136
-1594314
-1594214
-1586729
-1580690
-1579190
-1572412
-1568855
-1560018
-1556493
-1555817
-1550639
-1549933
-1549851
-1542095
-1538172
-1531975
-1529324
-1525800
-1522564
-1517999
-1516537
-1506115
-1505348
-1500361
-1496282
-1492656
-1489277
-1485169
-1484690
-1479138
-1472089
-1467489
-1466676
-1460636
-1460430
-1459085
-1455507
-1454015
-1448406
-1447683
-1447583
-1446946
-1432502
-1431847
-1424776
-1414448
-1413235
-1408690
-1408655
-1408569
-1403371
-1400550
-1398241
-1397868
-1396031
-1393912
-1389075
-1387837
-1381839
-1379703
-1376465
-1372325
-1365554
-1364904
-1362204
-1359887
-1346439
-1346255
-1345665
-1338186
-1336965
-1335700
-1332016
-1326226
-1324873
-1324718
-1323594
-1319330
-1313084
-1309263
-1308621
-1300489
-1299631
-1294769
-1294560
-1290257
-1289968
-1287062
-1278480
-1272568
-1266097
-1265487
-1264709
-1257923
-1256893
-1249936
-1245389
-1245230
-1244137
-1229495
-1226421
-1224808
-1217195
-1216871
-1209684
-1205501
-1202841
-1201620
-1199844
-1198521
-1198393
-1198048
-1195923
-1192065
-1191586
-1186859
-1184527
-1184511
-1183964
-1183436
-1176587
-1174043
-1163927
-1162916
-1154509
-1150947
-1149127
-1148184
-1145480
-1140898
-1138643
-1136354
-1133010
-1128673
-1123899
-1115424
-1107904
-1107058
-1106021
-1096874
-1096673
-1095271
-1093255
-1090623
-1089112
-1088937
-1085849
-1083123
-1073575
-1068890
-1053123
-1049813
-1046953
-1030655
-1019562
-1013168
-1010505
-1006171
-1001860
-990957
-981944
-979884
-979136
-968788
-967849
-967402
-965880
-960962
-949531
-946199
-945312
-941282
-932968
-930773
-916883
-914486
-913248
-911788
-910635
-902641
-894784
-888140
-887338
-880226
-880185
-870928
-867742
-865201
-864010
-863331
-858948
-852148
-848294
-847005
-843374
-839663
-835427
-834151
-833650
-827675
-823956
-809596
-804727
-803120
-799332
-798834
-796921
-794683
-794644
-794642
-793310
-787885
-786281
-780572
-773873
-760746
-752269
-750660
-733066
-730372
-730271
-727373
-718941
-714328
-705135
-698411
-694562
-688763
-688592
-676226
-675964
-670569
-665293
-665089
-658272
-657676
-654148
-645193
-644492
-638639
-637974
-637305
-628792
-605227
-602968
-598928
-598714
-596243
-589610
-586667
-571584
-569477
-554345
-547971
-539921
-537783
-534089
-523307
-521158
-520251
-512255
-510930
-508370
-503030
-500400
-494219
-492671
-481962
-481236
-480353
-476146
-470620
-468212
-465485
-462892
-455807
-455088
-454577
-451987
-448380
-447047
-444224
-441929
-438334
-435827
-431290
-428357
-427844
-423930
-420667
-420082
-410902
-409406
-405761
-405391
-403139
-402657
-401124
-399019
-394188
-387082
-386282
-383989
-383437
-381709
-378571
-375307
-372558
-362413
-359757
-355128
-354234
-353896
-351938
-345748
-345707
-335702
-335283
-328376
-327895
-327366
-326791
-325961
-324973
-321712
-320169
-319707
-311906
-306305
-301385
-296284
-295145
-293108
-288325
-287430
-274521
-269640
-267733
-263884
-259570
-253932
-253165
-248321
-239727
-224112
-223722
-218816
-218236
-216894
-210808
-197539
-196323
-192628
-180803
-178208
-177636
-171299
-171128
-170960
-161069
-159727
-149821
-145005
-141076
-137959
-134151
-133964
-133251
-132133
-126622
-126479
-103625
-102166
-102132
-98541
-97663
-96746
-96489
-95744
-89238
-87414
-66996
-65104
-62749
-62420
-52243
-49424
-49003
-45898
-40356
-36954
-30175
-23549
-22880
-20744
3746
8251
10832
15048
15840
18242
21929
22825
27524
31464
31629
33566
34367
36647
38049
38320
40804
46302
47531
52969
53158
56462
60075
67111
69889
69891
72799
73557
84215
88099
88430
112896
114978
116501
124010
132474
132882
141092
143252
147262
154676
160214
162651
176178
176783
177369
178904
184544
185433
189035
191109
200676
209179
209217
212282
214185
218230
220311
224324
238468
240483
252167
253100
258077
260390
264260
273781
276749
281488
284399
298077
311278
312371
321195
322642
328493
329042
334607
334978
337200
349392
361186
362371
367710
369604
371680
372674
383030
390417
402322
403614
404515
405784
411056
415195
421693
421862
426186
426691
428421
432174
435542
440131
441688
442239
442427
443802
447371
454937
455110
459000
464807
467347
468988
471390
487120
487245
489497
498706
499583
500269
501255
503048
504162
508132
509726
510362
512029
513327
520400
522073
522889
524776
533554
533760
536215
539769
542815
549151
551376
551961
553554
556724
556912
559979
560512
561262
562438
569756
574847
576893
581392
582109
586161
599280
600428
601214
607880
611325
620793
623326
626818
635635
640426
642172
649998
650939
654543
658203
660847
662122
664824
677228
686780
689181
690910
691466
696657
700630
711092
715308
715583
716128
717224
728251
729252
733417
735772
739274
744749
747124
749799
752944
759038
760337
762388
764503
774578
780928
781223
781859
784395
791244
792132
792441
792971
806802
812781
818356
819066
819688
821945
828402
831183
839424
839991
845302
847249
850916
857339
861291
865659
865796
870033
879758
880227
886622
894169
896956
897680
902054
903220
912147
914502
918387
924909
930628
935448
940814
947035
947132
950247
961807
966738
975401
975967
980025
981976
999659
1001297
1009819
1010819
1014413
1016513
1017384
1019424
1019756
1019848
1028181
1029912
1039359
1040790
1044780
1052022
1054912
1059347
1067537
1067544
1079827
1085634
1086141
1092491
1095160
1096914
1097813
1098506
1103634
1105695
1110211
1111145
1111706
1113713
1115598
1118659
1119386
1122902
1126115
1133706
1140905
1143750
1149889
1159311
1161122
1164778
1178984
1181836
1182044
1183317
1183629
1185763
1198415
1198963
1199946
1202146
1219645
1227729
1230982
1250655
1254159
1254952
1257443
1259558
1263377
1263709
1267423
1269914
1278146
1278618
1285702
1285880
1291402
1291724
1291859
1293268
1293414
1294958
1295869
1304860
1310733
1319404
1321661
1334647
1335332
1335477
1335674
1339463
1340644
1340674
1340775
1342628
1342812
1354788
1359366
1365573
1371473
1374474
1376259
1397217
1398767
1401508
1403344
1403700
1418062
1419015
1420061
1421440
1427165
1428260
1428802
1439414
1445472
1451176
1457907
1464781
1467349
1469764
1479133
1484771
1485953
1494339
1498562
1500418
1504706
1505288
1511418
1511598
1512693
1517564
1524069
1526255
1529946
1530439
1547099
1553288
1555428
1559561
1563878
1564737
1567591
1569734
1575342
1581745
1586493
1590710
1591988
1599617
1606688
1609670
1614524
1618102
1619319
1623126
1624075
1626760
1629051
1629388
1633241
1633604
1634716
1643104
1646527
1646958
1648438
1655691
1659224
1659311
1660125
1664224
1666307
1668184
1668421
1680707
1680846
1689280
1696738
1696836
1697626
1698197
1707729
1708542
1713864
1720474
1730260
1736219
1745083
1747460
1748091
1748665
1771835
1786386
1801194
1803740
1814670
1815026
1819802
1820570
1820803
1825719
1825944
1826836
1827087
1827259
1834867
1835606
1838633
1849372
1852259
1852420
1852543
1852716
1853220
1862409
1869171
1871685
1874247
1880850
1890905
1891825
1893362
1897452
1898697
1898906
1901115
1901963
1915755
1916359
1917755
1921287
1921647
1925579
1929658
1929875
1934506
1935451
1936855
1937290
1939163
1941416
1943473
1945241
1954624
1956797
1960749
1963967
1966735
1972241
1974132
1975703
1980026
1980840
1982609
1987434
1988527
1990022
