-1999742
-1997523
-1990715
-1985370
-1977836
-1975755
-1975316
-1974919
-1972478
-1971988
-1971601
-1966063
-1965484
-1960904
-1948428
-1947331
-1926307
-1926202
-1918561
-1917928
-1902617
-1892940
-1891341
-1891333
-1888619
-1880532
-1879596
-1878817
-1878249
-1875880
-1852321
-1843675
-1842376
-1839626
-1837890
-1835004
-1823191
-1817225
-1817084
-1810108
-1805927
-1795165
-1791562
-1790808
-1786402
-1785265
-1784447
-1779509
-1775711
-1773769
-1770801
-1770405
-1762111
-1758317
-1753500
-1747723
-1747420
-1746940
-1741683
-1740844
-1739637
-1735198
-1732668
-1730438
-1727752
-1723304
-1721580
-1719681
-1717972
-1715015
-1714800
-1714242
-1713933
-1710092
-1705130
-1703146
-1699199
-1696696
-1693943
-1693424
-1689863
-1687213
-1676490
-1671534
-1656869
-1651239
-1648391
-1647909
-1638141
-1635617
-1635216
-1620969
-1615846
-1612936
-1601323
-1600842
-1582258
-1579643
-1572633
-1571666
-1569284
-1568813
-1565260
-1564289
-1553451
-1553011
-1549585
-1547270
-1546423
-1540601
-1540410
-1538179
-1536346
-1534175
-1526143
-1521402
-1514026
-1512550
-1507390
-1493165
-1492897
-1489512
-1486791
-1486172
-1481932
-1473495
-1464340
-1463826
-1455734
-1451824
-1449890
-1447681
-1446232
-1444611
-1415085
-1414965
-1403439
-1401212
-1400309
-1384290
-1382719
-1381390
-1379646
-1379235
-1371748
-1369181
-1364112
-1360242
-1357003
-1352034
-1346004
-1342415
-1338104
-1336222
-1334306
-1328198
-1317979
-1312759
-1312520
-1312043
-1311483
-1311184
-1300492
-1294935
-1294818
-1294370
-1290777
-1288122
-1285299
-1271430
-1258003
-1254932
-1249107
-1245100
-1244247
-1240604
-1239930
-1238224
-1228104
-1224648
-1224114
-1222982
-1220970
-1214860
-1213835
-1211626
-1205951
-1200118
-1197560
-1195473
-1195231
-1192562
-1189984
-1189430
-1182021
-1179207
-1177258
-1173595
-1172556
-1169618
-1163309
-1161117
-1160657
-1156307
-1155905
-1153129
-1145293
-1144438
-1143470
-1142225
-1137301
-1134420
-1129775
-1124610
-1118797
-1118479
-1117994
-1111443
-1109385
-1108823
-1104447
-1102551
-1094526
-1092195
-1082588
-1079109
-1078831
-1075634
-1070168
-1069668
-1068672
-1066842
-1066835
-1059988
-1053542
-1052943
-1036752
-1033334
-1031458
-1030283
-1016462
-1007043
-1004176
-1001589
-996527
-978749
-954039
-947207
-946640
-941336
-931540
-930417
-928726
-927599
-927014
-925952
-925197
-924383
-921184
-921173
-920482
-914749
-910981
-910977
-906966
-905904
-903469
-900757
-898309
-895485
-890764
-890245
-886186
-885916
-885621
-885576
-885438
-885233
-881525
-879362
-878594
-877516
-868927
-867745
-863822
-856938
-856798
-854664
-851307
-850501
-848447
-845543
-844426
-839486
-835802
-829559
-829041
-827938
-820589
-811199
-810790
-809440
-798632
-794664
-792395
-789132
-788346
-764552
-764267
-758355
-757912
-749912
-748467
-741411
-741255
-741064
-728098
-725660
-722447
-717804
-712511
-706614
-694327
-689975
-688225
-688005
-684703
-683344
-674429
-673175
-671999
-670906
-667428
-667212
-658506
-655024
-654941
-651702
-646644
-646350
-645725
-645136
-644969
-641960
-640686
-633462
-630593
-630251
-624963
-622234
-622194
-619610
-611812
-608069
-606581
-602770
-593387
-591183
-586445
-584193
-579814
-574375
-573393
-571177
-565318
-561262
-559230
-555339
-550912
-542865
-540847
-535903
-530882
-523236
-512871
-510159
-501784
-497068
-485114
-482103
-478649
-476300
-474975
-463659
-462400
-461577
-455179
-447795
-447078
-447025
-441073
-440681
-436706
-436111
-436097
-419389
-407568
-407027
-402963
-402037
-399520
-388815
-387664
-381176
-379977
-377114
-375536
-371742
-370731
-368676
-360155
-357824
-356742
-356008
-351435
-349403
-348161
-347112
-343782
-337942
-334693
-332748
-327634
-311605
-307870
-301249
-299991
-292972
-290267
-286856
-286399
-285675
-282995
-276007
-275703
-273336
-269633
-263503
-253304
-248477
-246157
-244622
-244307
-242426
-236779
-205885
-203383
-202631
-201891
-196263
-192851
-190457
-188770
-186280
-185616
-167876
-165933
-165787
-163746
-163030
-158492
-155860
-155415
-154731
-152676
-147094
-144530
-142791
-140803
-140424
-136120
-130475
-125638
-124299
-124255
-116252
-111756
-98411
-92265
-80299
-75471
-69256
-66032
-60022
-59686
-57073
-51313
-50305
-50029
-46740
-40906
-36064
-32896
-30192
-29636
-23117
-22397
-19105
-6841
-4545
-1733
482
3273
4463
10344
16552
16723
27879
28811
33358
44859
45969
55126
59014
66882
70520
76260
77745
83239
85353
86727
87178
88519
94244
103134
108492
118827
120229
120331
120529
124384
130741
137084
139700
143924
144592
149353
153014
157559
159889
160848
166635
169242
171301
172188
176068
177522
180382
182517
184634
186797
187874
188073
190782
194987
195013
202302
210925
212842
214932
218591
220178
222921
228087
232770
234181
237888
242578
244500
259220
266002
270524
271095
275680
278479
279300
281908
283865
285104
285518
288099
294691
305195
306612
308917
310540
311127
312100
312395
312860
318303
323727
323784
331224
331296
333218
334798
336113
337212
339361
339616
340122
348276
348621
358115
359043
359068
359656
366282
380011
380586
381511
399915
400361
405519
407881
411823
418079
418581
420717
425098
431606
434096
434192
434246
442253
446084
446525
446874
447956
453499
456802
457257
478274
483119
487644
499092
499278
501784
502694
506421
510645
512992
521880
527725
528752
532759
534586
541455
550711
556543
558841
559830
566723
567371
572166
579145
581398
586742
588548
595047
601123
612277
612896
617660
620685
626282
634170
638245
641703
643959
648004
653780
661836
662823
669276
669336
680922
702042
702924
703262
707821
709287
710086
713157
725646
731567
733529
737110
738723
740402
748808
754205
757103
760276
761825
762536
764011
764704
772959
781793
783729
787314
790609
791960
793116
795855
797895
800981
810419
818397
821582
823098
825535
826272
826597
827946
841619
862646
866166
868116
869872
870564
874993
875674
877580
883655
885613
889401
901034
904664
909747
920497
925984
933705
949170
950771
951232
960196
960395
969091
971478
977625
983568
985327
988911
991517
995523
998948
1002198
1020785
1023800
1025169
1028322
1034947
1042739
1042880
1044632
1054465
1058137
1061647
1071899
1072244
1075577
1080587
1082921
1083559
1084856
1084866
1097429
1098169
1102633
1104292
1104401
1126926
1131120
1134416
1137558
1146224
1147527
1150057
1157382
1159622
1160141
1161258
1169804
1177614
1178239
1179566
1187081
1194193
1197522
1198026
1201861
1203780
1204949
1209690
1212426
1215346
1219516
1219530
1223527
1229300
1230300
1235414
1240869
1246276
1247499
1248347
1261485
1263581
1266105
1267925
1275239
1280526
1281308
1287340
1291723
1293901
1300007
1308469
1308888
1309296
1333414
1345655
1349941
1350216
1350956
1353055
1361955
1367682
1368268
1371620
1372930
1373907
1381760
1383463
1385315
1388447
1389641
1392828
1402181
1409853
1418027
1418961
1428783
1429666
1432265
1434422
1436076
1436799
1436895
1439537
1450075
1459483
1462274
1463622
1463865
1464589
1466549
1468010
1471357
1474377
1475516
1482637
1483264
1488017
1490280
1498051
1498846
1500503
1508705
1521974
1523420
1523612
1527936
1528461
1530762
1531108
1532304
1532979
1535949
1536059
1540035
1545236
1549633
1550886
1553148
1554774
1555340
1560664
1568640
1573909
1574796
1576004
1581516
1585658
1586974
1590650
1593057
1593631
1598296
1598453
1601291
1602475
1606326
1612338
1619692
1621193
1622476
1622562
1625377
1627632
1633239
1638307
1640797
1640913
1641175
1646421
1646789
1652042
1655133
1656846
1658255
1665319
1680595
1688804
1694953
1696259
1697242
1702925
1707574
1730935
1734665
1735326
1735393
1737078
1752895
1753985
1771143
1780396
1788498
1789312
1789361
1789421
1809726
1820478
1820503
1825515
1826324
1830900
1833167
1835538
1838590
1841388
1843507
1844694
1844895
1850227
1856681
1859591
1861602
1862200
1871518
1874599
1876670
1878263
1880829
1883829
1893387
1898979
1902485
1907725
1908787
1918251
1921400
1922936
1924591
1930028
1931149
1932440
1932935
1936119
1940152
1942849
1943166
1953887
1959621
1960235
1967918
1974346
1978294
1983751
1983774
1985126
1986801
1991509
1992385
1992811
1998995
