-1987896
-1987627
-1985415
-1975954
-1968742
-1968296
-1958587
-1954155
-1953884
-1946841
-1943930
-1939793
-1922037
-1918907
-1916663
-1916543
-1909768
-1906900
-1902599
-1900822
-1900038
-1898798
-1896751
-1896163
-1893673
-1886262
-1881205
-1875081
-1874551
-1868753
-1867819
-1850453
-1849364
-1847477
-1843002
-1831586
-1814408
-1810445
-1810313
-1810276
-1809685
-1807511
-1798039
-1795850
-1794354
-1784919
-1781967
-1779194
-1775834
-1774220
-1773948
-1768219
-1767531
-1760884
-1760126
-1752157
-1748809
-1745630
-1738013
-1735685
-1727020
-1720925
-1719940
-1705553
-1703488
-1691642
-1687271
-1686270
-1685053
-1683315
-1683249
-1675804
-1673418
-1672081
-1668191
-1666449
-1664753
-1662675
-1660305
-1659728
-1659422
-1658701
-1658091
-1653473
-1650476
-1642536
-1638754
-1633802
-1631789
-1627894
-1625845
-1624329
-1620435
-1620302
-1618400
-1616470
-1615486
-1611454
-1605988
-1604115
-1600468
-1600072
-1596236
-1589879
-1588245
-1583371
-1582312
-1576900
-1573088
-1570041
-1554623
-1549938
-1547951
-1547034
-1529980
-1526333
-1524307
-1519394
-1514902
-1514103
-1494202
-1489665
-1482649
-1469490
-1464783
-1462536
-1461449
-1461016
-1443092
-1442692
-1432957
-1432693
-1430299
-1425260
-1425134
-1413510
-1410463
-1410057
-1405344
-1404011
-1400762
-1400052
-1396810
-1372458
-1371778
-1357790
-1353682
-1353444
-1348348
-1346162
-1332650
-1331393
-1326869
-1318981
-1318623
-1314385
-1313618
-1304946
-1300536
-1300000
-1296788
-1296583
-1284902
-1281339
-1281098
-1274677
-1274141
-1272777
-1269176
-1266575
-1266518
-1260790
-1260707
-1251291
-1245800
-1240749
-1239223
-1239219
-1237953
-1219676
-1215820
-1214471
-1213559
-1212774
-1206782
-1205822
-1197561
-1197399
-1186733
-1181961
-1175199
-1174677
-1173569
-1172591
-1161481
-1158455
-1153836
-1147870
-1146314
-1145951
-1138262
-1134949
-1129930
-1128604
-1120448
-1118509
-1117649
-1113259
-1112705
-1105897
-1096970
-1095803
-1093586
-1091499
-1089939
-1085554
-1084950
-1077927
-1076869
-1076175
-1072574
-1069818
-1066555
-1047826
-1044034
-1043754
-1038006
-1035654
-1031332
-1024746
-1020496
-1017082
-1011329
-1004253
-1001083
-995324
-995257
-993536
-988984
-985169
-981864
-977883
-971736
-968503
-963604
-962032
-961767
-960828
-948929
-940554
-935534
-932854
-926080
-926037
-924137
-920333
-917802
-906164
-904696
-904661
-894536
-892988
-892510
-891683
-890919
-886922
-880891
-874078
-865204
-864922
-863758
-855371
-854865
-844703
-839595
-835616
-829020
-822753
-820704
-815737
-811660
-811336
-805384
-802061
-800562
-797697
-795502
-795209
-788800
-787018
-786456
-777982
-776798
-771998
-765640
-762057
-760825
-752407
-750532
-749439
-744393
-744176
-737927
-733684
-729180
-727186
-724423
-720289
-708182
-706792
-706376
-705680
-705293
-702431
-699572
-699483
-696973
-687614
-685689
-685402
-680861
-672449
-659017
-655504
-653806
-652737
-643811
-636250
-630659
-628695
-627969
-627286
-626031
-620103
-614803
-614634
-613239
-610608
-601451
-598771
-597355
-597353
-596816
-596672
-596560
-587965
-580507
-580186
-575943
-560820
-559626
-552562
-549962
-539937
-537256
-534272
-533638
-531061
-530749
-528417
-527750
-523810
-523338
-518577
-515735
-513626
-513287
-513160
-510187
-509460
-504894
-503552
-494693
-488025
-472220
-471759
-469157
-467471
-464507
-460426
-459549
-451240
-428548
-424261
-421069
-419644
-414138
-411666
-399569
-396508
-391196
-386966
-376163
-375938
-367692
-366043
-362622
-362118
-357081
-356967
-352794
-338325
-337957
-337184
-332999
-332707
-324451
-322667
-320296
-316212
-312628
-301999
-301366
-299102
-294824
-293795
-292421
-292262
-291907
-290358
-284680
-282019
-281408
-280563
-279641
-275672
-266606
-265342
-259392
-255725
-252737
-251547
-250026
-244984
-240764
-235198
-234849
-234464
-234201
-229114
-225715
-223144
-221176
-218025
-213941
-207516
-204821
-201447
-198583
-195900
-192530
-189884
-189296
-189150
-187343
-185267
-185137
-183917
-176373
-174262
-170458
-166974
-166844
-163942
-162191
-159862
-159832
-158407
-157877
-156305
-145521
-143964
-141996
-141285
-139679
-139625
-134348
-134222
-128313
-126232
-122368
-122333
-118304
-115468
-112058
-109857
-100359
-99146
-98767
-97122
-96845
-95364
-91418
-89248
-84427
-82570
-80215
-79960
-77435
-68266
-55496
-54673
-54147
-48771
-41197
-40927
-36366
-32456
-27362
-22394
-18555
-10876
-5340
-3340
-1943
9625
13625
14553
15556
16416
18084
21795
25976
29300
33379
35221
35500
37332
37682
46318
51511
64568
65671
69411
70441
72526
73026
75953
78116
79125
90915
93713
99813
105920
106652
107441
111808
115383
119349
126089
126441
126463
138417
145552
145608
152976
156003
174043
178542
178798
181818
183333
195848
200233
210312
210444
216218
217832
219883
220961
225902
228339
229695
230805
231559
232478
238302
242112
242801
243109
247277
256204
259467
267971
269034
274914
277311
283126
285506
286316
292951
306371
307111
308213
312040
317145
321570
333052
334229
335308
336538
338739
342827
343679
344680
351845
355140
359575
372272
373801
385487
404924
407369
414205
415222
417190
418956
421264
429805
433217
446801
448960
452286
476696
477342
479907
483693
491549
501922
503684
504889
505030
505259
517998
523497
523684
528760
530199
532888
536849
537424
538785
545088
550004
550255
550614
552697
556646
560905
569643
587620
593632
594659
599315
599952
603672
604725
605851
614491
616253
622380
634365
636702
638486
647751
652617
655262
667725
669890
677905
682427
685963
690987
699394
700240
712670
713947
716805
717224
726649
727535
728566
728961
729737
732542
739930
744976
746084
748684
751191
753217
754354
754488
755359
764532
766414
771154
771446
773240
784549
801855
805566
805857
809218
814759
831116
844027
844115
844118
844330
859375
861012
870971
871125
873188
885601
886532
890386
893817
893890
894396
897366
898129
902245
903711
906341
908833
914131
917601
917619
928186
929147
931260
933192
933296
938251
941493
947942
960766
961228
964380
972039
973059
975423
978359
987428
991635
993970
1007852
1022934
1029407
1031803
1034502
1036606
1038366
1044734
1046145
1051036
1051676
1057564
1058125
1060284
1062800
1076752
1078406
1084851
1086950
1090754
1093292
1094432
1094860
1100388
1102622
1115184
1124379
1128266
1130306
1130418
1135319
1135770
1135977
1146876
1148712
1157890
1158893
1161258
1167677
1167896
1169650
1177733
1179778
1180035
1182404
1185349
1189468
1197493
1200827
1204266
1207663
1209462
1228682
1230486
1231243
1232613
1234841
1238108
1242002
1248563
1249880
1277068
1279749
1285851
1286100
1293961
1296680
1297805
1298457
1307999
1308401
1309969
1313483
1319438
1322743
1323626
1326094
1326454
1327576
1328128
1332364
1344334
1347318
1350913
1350930
1352504
1354721
1358013
1363795
1365797
1368939
1369644
1370416
1372465
1376943
1377361
1382397
1382669
1384899
1386245
1387059
1389655
1390753
1391925
1391948
1393802
1395256
1400295
1411142
1411798
1416969
1425724
1427455
1427718
1429217
1432993
1439241
1445010
1446200
1452600
1458807
1459886
1465137
1468324
1469945
1472017
1479887
1482545
1484173
1486423
1487798
1488076
1491670
1497691
1500739
1514983
1521902
1524280
1526319
1529710
1530693
1534609
1536968
1538192
1540033
1541410
1542010
1556662
1561032
1571002
1571316
1571769
1573454
1587148
1589456
1595908
1596866
1600319
1601836
1603860
1606553
1617217
1617396
1627991
1634659
1638903
1640587
1643120
1647382
1649333
1650461
1658546
1658969
1662517
1666893
1670058
1681055
1681794
1685873
1689322
1694027
1698925
1705391
1706491
1707224
1722362
1725725
1736020
1736651
1744243
1747454
1749630
1750133
1750616
1755014
1755136
1759078
1759984
1760794
1764393
1775999
1779946
1782414
1791158
1800478
1801276
1812406
1813408
1816380
1816409
1822878
1825116
1831565
1832971
1845555
1846939
1849016
1852868
1858885
1864211
1865269
1872210
1875104
1885788
1886609
1891837
1901795
1905820
1906213
1914170
1916305
1922812
1923327
1925438
1934553
1938197
1942596
1944628
1950410
1953762
1957552
1966224
1967078
1967453
1968770
1969789
1974687
1974787
1975120
1984028
1997648
1998267
