-1995862
-1994933
-1988227
-1987711
-1976351
-1970318
-1963441
-1957669
-1949649
-1936916
-1931077
-1929056
-1928471
-1923153
-1920971
-1913761
-1912301
-1910545
-1905064
-1905020
-1904962
-1902175
-1900089
-1897412
-1894175
-1882833
-1874100
-1872552
-1871545
-1866716
-1861737
-1852269
-1840131
-1837208
-1833972
-1833656
-1822142
-1817726
-1817609
-1815537
-1815025
-1814797
-1814025
-1809561
-1806804
-1805859
-1805403
-1803739
-1781998
-1773424
-1771621
-1768764
-1767823
-1764737
-1759610
-1756855
-1751150
-1747576
-1741429
-1737859
-1737723
-1735414
-1733708
-1729846
-1725962
-1722475
-1714366
-1709942
-1706939
-1705829
-1701836
-1701079
-1699730
-1697538
-1694366
-1690912
-1689882
-1689853
-1671322
-1669454
-1665624
-1652360
-1650118
-1646311
-1640515
-1636960
-1631642
-1628293
-1626277
-1623481
-1623105
-1618663
-1608952
-1601849
-1600017
-1591225
-1591007
-1588200
-1582150
-1580069
-1579483
-1578197
-1576481
-1570607
-1569296
-1568606
-1564505
-1564290
-1556964
-1548321
-1538373
-1537149
-1536706
-1534084
-1523543
-1521556
-1516003
-1514619
-1506750
-1501829
-1500246
-1497874
-1475372
-1474492
-1474240
-1465654
-1465225
-1463315
-1459042
-1455635
-1449137
-1445251
-1439482
-1436300
-1435977
-1434086
-1431563
-1430327
-1417730
-1416614
-1414520
-1414077
-1408041
-1406609
-1406604
-1404286
-1402656
-1393160
-1391211
-1388366
-1384637
-1382982
-1377416
-1372001
-1370853
-1362906
-1360101
-1344925
-1341473
-1341132
-1323355
-1322167
-1320434
-1311215
-1307635
-1307199
-1300572
-1291741
-1291510
-1289077
-1284308
-1280766
-1280397
-1275521
-1271363
-1270573
-1266286
-1263740
-1261078
-1260726
-1256151
-1255702
-1249558
-1246580
-1245411
-1244345
-1238232
-1234011
-1227046
-1224717
-1213793
-1209397
-1202446
-1186661
-1182283
-1180346
-1176053
-1175355
-1167511
-1162175
-1160703
-1156825
-1153387
-1147862
-1143657
-1142407
-1140146
-1127264
-1120566
-1110906
-1105126
-1101645
-1101168
-1092332
-1091967
-1079784
-1068470
-1068089
-1062233
-1055672
-1052798
-1049143
-1047508
-1043484
-1038601
-1037065
-1030236
-1027935
-1018884
-1017809
-1017636
-1016807
-1008757
-1007934
-1004740
-1001652
-995285
-995220
-979987
-979056
-976779
-976631
-966266
-964657
-955874
-953611
-940827
-938124
-931694
-913089
-911047
-910421
-909273
-908170
-906238
-904213
-886484
-885802
-880641
-879973
-877454
-876689
-870040
-859694
-855368
-851607
-851291
-850037
-844956
-843485
-839164
-835305
-833269
-832515
-832474
-830060
-826444
-816237
-807286
-805445
-801855
-793547
-788104
-782633
-781773
-778523
-778016
-776260
-775994
-772553
-772003
-762435
-755627
-740249
-730820
-722976
-722618
-706111
-702298
-700095
-699496
-689620
-683252
-680718
-678178
-673992
-673620
-672646
-669954
-665909
-665747
-664113
-661887
-661380
-661308
-660006
-659348
-658858
-657478
-656681
-651824
-648878
-629263
-628502
-628311
-627877
-623677
-617081
-611472
-610481
-610340
-607443
-605076
-605052
-605000
-604710
-595593
-593706
-583774
-581550
-577176
-577004
-575540
-575346
-563576
-562762
-560400
-560286
-550814
-542421
-538770
-527525
-523222
-522346
-518529
-509369
-508026
-507424
-502984
-502070
-501371
-488843
-485790
-481013
-479645
-477635
-467341
-457073
-456834
-455821
-453908
-450933
-450866
-449303
-449172
-448636
-447669
-447092
-440998
-437027
-436275
-432044
-420234
-419290
-418355
-418221
-418158
-416594
-409864
-407970
-405090
-401424
-400679
-398071
-392263
-390289
-382746
-379503
-374837
-373697
-369129
-369051
-365090
-349476
-345930
-344037
-338838
-336809
-335389
-335081
-331104
-330707
-330218
-328298
-327045
-326137
-323553
-320983
-320380
-312507
-311115
-305303
-303074
-301145
-293061
-291471
-284495
-283068
-281820
-277596
-277023
-274044
-273664
-271538
-268946
-254829
-251622
-250950
-249642
-238869
-230672
-228664
-219457
-219285
-217839
-215958
-212587
-209828
-209651
-208462
-206890
-206293
-205117
-204090
-202620
-197415
-192470
-189126
-183935
-176751
-174737
-173804
-169103
-165592
-162179
-158853
-152714
-151255
-151130
-148500
-147328
-145034
-144161
-143465
-140513
-139779
-136453
-131225
-127819
-124540
-124014
-114348
-112099
-109052
-107927
-107773
-96411
-94444
-88000
-83864
-82588
-77360
-75768
-67685
-60663
-60472
-60269
-57220
-57153
-50373
-37842
-33918
-29496
-24521
-22100
-21500
-15877
-8386
-6520
-5962
-3930
-708
2234
10845
21418
26937
28085
30977
31109
32228
35196
45061
51606
57216
63751
64564
67468
72028
86780
88517
89092
94429
106741
107638
107804
112609
113365
128713
132176
133740
134287
142072
142994
144245
147023
152856
152929
161664
165302
168042
171222
182282
186357
198623
198972
204823
210025
211955
215081
220586
223678
226067
232312
237294
242259
245355
252893
261085
263907
268988
277566
278256
280756
282765
288957
303937
314639
321106
321689
325498
335484
338894
339545
343828
344133
348802
350978
352659
360274
369280
370510
373007
380350
389129
401560
409612
409939
417019
418151
418551
418867
419433
429188
436878
440339
441635
442480
442896
443893
446877
447720
449466
449495
450933
451982
452382
453417
456556
461583
469362
470637
471785
473828
474749
481760
490473
494343
501216
501884
521971
522833
525014
526705
532478
537486
541605
545346
550457
553651
555013
557166
560294
560617
562380
564048
567874
578242
583873
598741
617489
620123
638860
646935
648037
648172
648896
650328
656004
666581
675433
679483
680122
684358
684536
686345
686702
689600
693288
694054
694751
696015
696815
697848
700001
700853
702878
719622
728340
731827
752080
759292
766594
772031
786796
787999
795183
801984
804343
805449
806055
807432
811601
812636
813455
813550
814126
814425
814999
825595
827940
836669
842713
844444
846353
847616
864794
869566
869882
870407
871735
872848
874527
879624
884424
884982
885631
886831
887692
902948
909389
911818
913818
914951
917023
918840
934477
935066
948148
952344
955248
964843
968079
970936
990031
992903
1002873
1010714
1012158
1019456
1020574
1027827
1035129
1035340
1036493
1039636
1041733
1042271
1046475
1046774
1052188
1056222
1056415
1060112
1061442
1061450
1064601
1068078
1068370
1075628
1078292
1088654
1092078
1099992
1104843
1106352
1108487
1115143
1119294
1121084
1121399
1125740
1128712
1135362
1136429
1139107
1139491
1148950
1154015
1156004
1158197
1168506
1169236
1173941
1177393
1177579
1177694
1178353
1181586
1184106
1184594
1185169
1190094
1196170
1197303
1200820
1206100
1211615
1220011
1224053
1231426
1233547
1233665
1234860
1238549
1242601
1247935
1250903
1254632
1255546
1258205
1261602
1263969
1265914
1269060
1278768
1281345
1284747
1286630
1292882
1293378
1296247
1301328
1302125
1305155
1305932
1308784
1308968
1317232
1317928
1322909
1323226
1324796
1326566
1326880
1328045
1332846
1333541
1334077
1334923
1336519
1337844
1340241
1340429
1353686
1359544
1368448
1368826
1368868
1370028
1371994
1376734
1377948
1378225
1387494
1389361
1392761
1396080
1398486
1406213
1406796
1407324
1411490
1413091
1417413
1431974
1435898
1439286
1452755
1457712
1463767
1463910
1464183
1468002
1471412
1476588
1481874
1484288
1485751
1486990
1494513
1494887
1496634
1497834
1508481
1509533
1511463
1515038
1521772
1527096
1528918
1542611
1543028
1546478
1546530
1558585
1561387
1563705
1567243
1568189
1572699
1575343
1575674
1575790
1579351
1587161
1587924
1590118
1602928
1612694
1613137
1616674
1622317
1626238
1636982
1637179
1640694
1646705
1657055
1657499
1666195
1678116
1681560
1691790
1694017
1703033
1703074
1704248
1707020
1710554
1720049
1722456
1727175
1727947
1738856
1750088
1753888
1756530
1759186
1763712
1767885
1768273
1776573
1782606
1782706
1784423
1787367
1797146
1797533
1798391
1799950
1803888
1806088
1807034
1807257
1808469
1811682
1814220
1819799
1824113
1824951
1827238
1842823
1843102
1851513
1851594
1854169
1854836
1860020
1864790
1867769
1870732
1882142
1885208
1885427
1887014
1890821
1891680
1906853
1912938
1915901
1922162
1924405
1930573
1932363
1934733
1935861
1945678
1947510
1954023
1954580
1957537
1967017
1976234
1981967
1983587
1985035
1986470
1989850
1993411
1995332
