-1998815
-1996164
-1994678
-1992175
-1991034
-1989911
-1986550
-1985818
-1982470
-1979635
-1978971
-1969598
-1963649
-1960978
-1955363
-1955006
-1951135
-1948643
-1942905
-1941509
-1938753
-1938323
-1937595
-1926953
-1923234
-1921812
-1919695
-1917668
-1914001
-1912573
-1911418
-1905942
-1905273
-1904774
-1887484
-1869296
-1867059
-1866277
-1856847
-1851552
-1850605
-1834324
-1826181
-1826141
-1822779
-1816139
-1813807
-1807712
-1807417
-1806891
-1806694
-1804823
-1803217
-1799724
-1796559
-1796323
-1792175
-1788371
-1787358
-1786200
-1782212
-1782072
-1771823
-1768427
-1767537
-1765742
-1764233
-1762864
-1757482
-1756434
-1755333
-1753863
-1752855
-1748399
-1744970
-1742887
-1726686
-1726081
-1724970
-1722028
-1713977
-1712523
-1711522
-1698185
-1691110
-1690198
-1688107
-1687523
-1679874
-1675978
-1672554
-1667965
-1667364
-1651477
-1650767
-1641237
-1637076
-1633359
-1626760
-1621142
-1619979
-1611019
-1607303
-1606258
-1605355
-1578827
-1578019
-1571679
-1567566
-1561249
-1554308
-1553551
-1546465
-1541439
-1540010
-1518764
-1514706
-1509282
-1508601
-1507629
-1504620
-1497125
-1496408
-1492422
-1468278
-1467016
-1464967
-1462061
-1457026
-1456542
-1456466
-1452153
-1445471
-1437438
-1434368
-1433290
-1429608
-1424434
-1417762
-1416408
-1416370
-1404359
-1404153
-1403736
-1399897
-1396333
-1396035
-1391587
-1389030
-1388089
-1385167
-1377816
-1375191
-1367453
-1366800
-1360675
-1359735
-1359547
-1356584
-1353194
-1350869
-1349909
-1349352
-1340427
-1336289
-1333946
-1331763
-1329156
-1328919
-1326500
-1325482
-1319934
-1316520
-1312803
-1308570
-1307145
-1304340
-1290506
-1288860
-1282535
-1274956
-1269905
-1269022
-1262508
-1261644
-1256826
-1250141
-1248205
-1227030
-1216456
-1211782
-1208067
-1190216
-1189309
-1185301
-1183351
-1180912
-1180596
-1175970
-1174165
-1171075
-1162248
-1158519
-1157175
-1147255
-1143204
-1142147
-1133706
-1128591
-1125946
-1118579
-1111061
-1110783
-1103945
-1103010
-1096280
-1092809
-1085729
-1072697
-1072678
-1063048
-1060732
-1060229
-1048228
-1046618
-1043307
-1042938
-1041147
-1040257
-1037825
-1035606
-1026689
-1024204
-1020586
-1017003
-1012276
-1011484
-1010590
-1010010
-1008162
-1004290
-1002301
-998450
-991767
-982143
-976238
-975477
-971620
-970206
-964704
-964047
-961850
-959300
-954928
-949284
-945798
-944533
-943044
-941530
-939666
-928791
-928518
-921959
-919989
-911839
-906579
-905446
-903313
-901027
-900685
-898195
-894623
-892499
-887843
-883602
-879898
-877903
-870058
-868432
-851869
-850556
-849837
-846608
-834948
-833488
-825743
-824703
-822466
-816679
-814984
-809604
-808206
-805269
-803607
-801988
-800542
-796602
-793832
-791239
-785514
-774005
-773542
-764403
-762003
-753622
-749703
-744142
-741558
-741391
-731260
-725385
-723807
-723055
-712932
-710516
-704063
-703930
-702107
-700165
-695918
-692940
-691041
-689903
-687868
-687599
-687098
-682012
-678029
-677142
-670737
-655680
-654955
-650017
-641852
-633771
-632995
-629790
-627930
-625951
-624471
-624241
-623068
-617990
-617711
-615018
-613150
-612331
-602146
-599693
-596283
-588759
-576649
-574854
-569653
-560303
-556076
-554360
-552180
-549501
-545303
-544707
-536328
-535412
-535208
-530766
-528535
-521090
-520427
-517093
-516954
-512927
-507192
-502830
-493939
-490595
-488926
-486390
-473312
-471621
-465813
-465428
-463075
-460364
-459201
-455493
-452839
-446008
-437896
-432099
-431492
-417771
-413764
-413512
-411943
-403367
-400057
-397747
-395801
-389720
-387318
-383695
-382498
-379616
-377454
-376342
-371538
-369787
-350626
-349248
-347316
-345655
-341962
-339447
-334822
-323745
-313249
-313143
-312643
-310541
-306952
-297996
-297132
-296876
-296187
-291546
-287405
-285800
-284341
-284293
-272093
-270485
-270484
-264547
-262454
-251839
-238273
-237710
-237315
-231965
-230390
-227017
-220791
-212822
-211232
-210911
-210151
-204371
-192997
-185712
-184092
-183401
-181964
-180925
-170529
-167643
-159910
-156504
-152144
-150157
-148826
-141601
-138936
-137432
-132967
-122499
-120182
-119014
-118397
-118210
-117118
-112622
-109772
-108721
-107910
-91505
-88051
-86962
-82343
-80136
-70703
-68905
-64730
-63004
-61908
-61051
-53005
-43626
-37164
-34801
-25427
-22441
-21742
-21427
-21027
-20998
-18014
-17063
-9068
-1138
11912
14267
15327
27053
27603
32835
33038
38006
45895
46359
51665
54082
69458
71835
73006
73245
74940
75586
81376
82879
85624
87700
87830
89657
103611
106779
107857
108318
108975
121810
127015
127556
143444
148767
153755
156791
157825
158728
162683
163515
164147
168410
169174
170164
178584
181541
186403
187574
191903
196044
199036
200678
203659
209457
212413
213874
216590
221282
224533
226399
237475
247470
248272
249167
251312
255176
256391
259204
259285
265710
267975
269787
271854
303491
307404
313938
330451
331726
335539
338526
345749
347161
349992
358519
366216
370000
372345
373110
373360
376680
384151
387545
388695
390124
390984
391918
394267
399007
401169
417226
420911
426703
426926
428648
429424
432743
436235
438793
445778
447524
448019
449361
451118
451121
451881
454473
458801
460386
460547
463426
471255
473202
473696
473920
485729
486525
487896
491210
492449
495885
505250
509289
511016
515811
516662
520832
522413
531884
539523
540828
545794
549936
551952
553259
554188
558316
558463
563405
567798
568295
571784
571811
574143
578650
586381
594111
601430
609621
611720
618617
620927
621894
635403
637936
639348
649415
657888
680772
686217
689032
689104
695094
700174
704382
706885
712018
721856
723828
725388
734310
735099
744522
756912
761536
774801
780715
781601
785390
790253
794645
801941
806088
806244
806294
809480
809901
810622
811517
811558
811711
813430
824979
835109
841944
844130
851595
859286
869119
874031
877788
882508
885117
885166
889661
906603
909126
910279
910395
911306
912182
921419
925411
927602
928417
929945
930052
940340
943453
944340
944706
945574
945761
949134
952343
966162
973470
978910
982698
988218
989874
991479
991881
992531
993115
994495
995759
997024
999573
1001671
1002065
1002847
1005648
1012531
1018372
1035276
1036155
1040132
1042800
1043068
1044288
1045923
1060393
1067066
1070028
1072322
1077795
1077988
1091863
1094908
1102762
1104174
1105087
1110492
1115463
1116045
1122008
1125955
1128041
1133813
1140476
1144008
1144517
1147119
1148144
1158678
1160804
1161080
1161161
1166014
1168007
1173219
1175780
1178405
1186934
1190627
1191342
1191408
1191625
1196253
1211271
1217397
1223591
1236339
1239624
1248054
1248488
1248517
1251753
1257290
1261026
1262114
1263337
1264408
1270753
1276860
1277299
1280025
1283215
1284808
1292534
1294992
1295734
1296612
1298423
1298433
1300203
1300545
1300872
1306075
1309714
1311765
1312313
1315651
1318146
1318955
1320505
1320795
1323413
1330276
1331013
1334140
1339244
1339912
1346006
1359644
1362340
1362650
1364144
1365473
1377000
1383207
1386573
1388047
1389275
1389604
1391585
1395369
1400031
1412656
1431610
1433419
1450204
1450219
1455896
1458763
1461825
1462040
1462521
1467159
1467363
1468909
1469558
1473501
1475376
1477152
1487889
1500128
1516833
1517944
1521623
1523626
1524243
1527074
1530494
1532526
1535471
1541047
1542126
1542484
1542834
1543092
1545222
1546916
1552338
1552455
1556743
1559713
1561061
1561610
1563890
1571919
1572168
1576277
1576872
1579721
1582473
1596261
1599957
1601094
1602850
1603498
1605623
1608603
1615139
1616448
1616713
1622302
1623244
1624118
1632078
1637734
1638967
1652420
1666920
1667552
1670332
1671350
1674076
1676989
1691340
1691644
1696287
1697429
1700443
1714296
1719874
1722989
1734156
1740913
1751229
1759038
1764438
1770392
1774838
1774911
1779056
1789163
1815526
1816355
1818445
1819839
1826277
1830227
1832333
1834230
1834566
1837609
1838685
1846240
1859357
1865354
1865738
1867535
1876064
1878095
1883186
1885812
1886312
1886373
1887181
1888130
1892001
1898328
1909134
1912268
1912671
1916195
1924324
1927937
1931144
1931721
1932664
1939452
1942621
1943373
1949427
1950331
1953270
1954197
1956251
1957882
1967815
1967985
1968699
1970989
1971659
1988505
1990249
1991222
1996719
1998056
