-1999817
-1990200
-1990052
-1986609
-1983467
-1975567
-1973221
-1972161
-1960584
-1959708
-1949173
-1944961
-1944276
-1937119
-1930487
-1928862
-1925835
-1921270
-1916801
-1916187
-1913435
-1906863
-1892814
-1891902
-1890258
-1885561
-1877339
-1872923
-1866270
-1855464
-1852572
-1837160
-1829130
-1828812
-1824686
-1824136
-1818249
-1813586
-1806751
-1804733
-1800790
-1798535
-1797277
-1791008
-1773878
-1773471
-1772640
-1767105
-1741104
-1740989
-1726674
-1719550
-1718675
-1716404
-1711032
-1708269
-1702990
-1697680
-1683789
-1670577
-1667913
-1662438
-1648541
-1644855
-1644155
-1643483
-1642377
-1642030
-1642004
-1637389
-1632699
-1628217
-1627357
-1626072
-1614863
-1609151
-1606874
-1604931
-1602973
-1596350
-1594909
-1592698
-1590324
-1584217
-1583429
-1583273
-1582127
-1581285
-1579307
-1578594
-1577935
-1574148
-1561681
-1557917
-1557417
-1550182
-1548037
-1548004
-1547353
-1542596
-1524516
-1523107
-1516404
-1511917
-1503451
-1500871
-1491330
-1490550
-1490435
-1488534
-1488489
-1487076
-1486729
-1485162
-1474305
-1457075
-1452790
-1449405
-1446814
-1443489
-1442239
-1439960
-1439546
-1436737
-1417500
-1407626
-1401847
-1397255
-1393358
-1392639
-1388347
-1386971
-1382047
-1378661
-1376601
-1375723
-1367481
-1363047
-1361119
-1353598
-1352841
-1351753
-1346715
-1342634
-1338259
-1337193
-1335940
-1332910
-1328219
-1321329
-1320300
-1316138
-1314798
-1311950
-1302952
-1301945
-1295858
-1292803
-1288458
-1281991
-1280215
-1275611
-1274394
-1270821
-1267445
-1265975
-1259545
-1249750
-1249170
-1249032
-1243418
-1230791
-1229749
-1224236
-1198771
-1197678
-1196309
-1194162
-1190954
-1189705
-1188482
-1187768
-1173384
-1172620
-1171175
-1169803
-1165297
-1163295
-1157089
-1155114
-1154250
-1141327
-1135925
-1129900
-1128140
-1126863
-1126694
-1125718
-1121534
-1115009
-1114525
-1109535
-1099060
-1098843
-1098786
-1097170
-1092632
-1088410
-1082679
-1076998
-1072789
-1065610
-1061069
-1040171
-1039034
-1036269
-1033718
-1031343
-1030384
-1019870
-1016782
-1014980
-1011761
-1007403
-1006324
-1001226
-996119
-990635
-988039
-986471
-982814
-980974
-977565
-976961
-969109
-968098
-961137
-947505
-944528
-942888
-939882
-939537
-930344
-928717
-927354
-925167
-919921
-919550
-913880
-910890
-907200
-907013
-904342
-902245
-886433
-885074
-879755
-869410
-866450
-858935
-858329
-853329
-851377
-851305
-847560
-842464
-839317
-836348
-832141
-822917
-819061
-815919
-811204
-809942
-808344
-808193
-807281
-798617
-793423
-790693
-789274
-786612
-778125
-777011
-773120
-769706
-769383
-764427
-764384
-754599
-754516
-746601
-720564
-716218
-714484
-707085
-704980
-704820
-700675
-697087
-693748
-684362
-684122
-682569
-681784
-673157
-668986
-665716
-665575
-665297
-664880
-663463
-661880
-660947
-655102
-650864
-642720
-636041
-626839
-615285
-603481
-602363
-595267
-588915
-586029
-580987
-580655
-576657
-574234
-572890
-572872
-571317
-569422
-566180
-565201
-559667
-558482
-555541
-552432
-552241
-550772
-547311
-541136
-538268
-534625
-533395
-532556
-532349
-526539
-525574
-522289
-518315
-513171
-508605
-503440
-496088
-493576
-493493
-493235
-491730
-489120
-483256
-476372
-465558
-459245
-456313
-454531
-453079
-450401
-438831
-430225
-429615
-428088
-426991
-421716
-421297
-417298
-412205
-408660
-408255
-393390
-381237
-378297
-362422
-361974
-361685
-361025
-358294
-354262
-349878
-348225
-342781
-334873
-322291
-320707
-311230
-306402
-304256
-289039
-288188
-286743
-279461
-277903
-276742
-264983
-261105
-253521
-249691
-245286
-241508
-240525
-232827
-229404
-224744
-224723
-224106
-221682
-211035
-203715
-199770
-198496
-196979
-193245
-190329
-187275
-186118
-183067
-182466
-179325
-178334
-175091
-172983
-165526
-165089
-163994
-162898
-153571
-145724
-140925
-140276
-138039
-137716
-131474
-129628
-128425
-128308
-126755
-125945
-122557
-119432
-117015
-111872
-107766
-104882
-92599
-92076
-90809
-88904
-88847
-81164
-71680
-68148
-65453
-60542
-56387
-44128
-33551
-28709
-28696
-24406
-22898
-21932
-20344
-15423
-14931
-12194
-11709
-7323
-6859
-4900
-283
2718
5214
13657
17989
20106
20759
27992
30677
32250
39077
40308
40666
57156
62500
64649
74431
77482
78914
80571
82934
84611
86602
87790
94266
104354
104788
105752
111901
114967
119493
120581
121682
123684
125975
129473
131470
132940
141388
144712
147155
149032
150087
153206
155192
157034
159810
160085
167302
167444
169547
170298
178219
178955
191625
193031
208607
209251
213200
213847
218946
221870
225031
228490
229883
230116
237959
242865
251284
251783
254592
258332
261026
265235
269008
271083
284454
287797
288615
289772
292096
293238
295070
298936
299345
301502
302469
303725
303966
304735
304978
311885
318521
326196
328511
330880
332977
343017
344323
347472
347769
352794
353976
362557
364803
372563
377607
380260
392668
393942
395579
396968
398223
399364
405184
407211
407624
414736
414943
416138
416596
422835
424282
425385
425393
425600
430401
434803
435848
436506
439432
439599
442972
447983
454180
456893
457237
461960
469274
471797
484245
498568
501660
516699
520157
524264
527866
529424
530176
530904
538929
546794
549241
551551
554077
554532
555891
557304
564573
567065
568517
570782
574152
577773
582497
586686
588338
590979
598915
604363
606482
613971
618314
619303
621916
628760
629823
632320
643713
645777
653516
653748
654112
660148
662176
664706
665118
672528
672720
678143
681721
688610
689898
693439
697447
699185
701948
706589
711245
737046
738448
742928
746002
749952
752485
760300
764735
766786
766825
775685
776492
779599
780052
783159
787521
787828
791468
792103
802334
804504
806211
811482
813735
818424
821374
823143
823452
823657
824245
833319
836674
840525
845219
849705
852494
855616
856446
860218
862300
872745
880516
880754
881333
885932
888959
892476
894684
902261
909158
911008
911179
913561
916319
917179
925428
927655
927897
930454
934115
944018
945467
952859
955879
959304
966149
975155
975192
980016
987109
987492
987640
993151
1005300
1012909
1016180
1023251
1023557
1026503
1026701
1030174
1037142
1038341
1048910
1058694
1066900
1067153
1068709
1076064
1083227
1085090
1086272
1089050
1092160
1092644
1108250
1110574
1110840
1112153
1113581
1117376
1119393
1122118
1123854
1125020
1129236
1132727
1135001
1142552
1142829
1145154
1152612
1160072
1161080
1162614
1164336
1164701
1165097
1172886
1176280
1177901
1178747
1179069
1191248
1196047
1196589
1197581
1199419
1200819
1202653
1205336
1212531
1234093
1236917
1245928
1253966
1254162
1257319
1258550
1258997
1263090
1269925
1270248
1271384
1272227
1273864
1278865
1279074
1294987
1307709
1308298
1310896
1315034
1321079
1322509
1332396
1337097
1343936
1344239
1354306
1364228
1370300
1385962
1386198
1388744
1395243
1403837
1407661
1413328
1416558
1424082
1434138
1434359
1435145
1435165
1436622
1436695
1438932
1439798
1442995
1443497
1460967
1465814
1467975
1469082
1469226
1473369
1474266
1475969
1481456
1481805
1485377
1487037
1489340
1489632
1492037
1500109
1502702
1505364
1525153
1527430
1531955
1533222
1534863
1537402
1537770
1544560
1544840
1548880
1552422
1558125
1559577
1561208
1569286
1569320
1596297
1597739
1598423
1601496
1610381
1619809
1623456
1630675
1634715
1637388
1647075
1651162
1653041
1658268
1660558
1661493
1666809
1667599
1668928
1670913
1672779
1674333
1676218
1676764
1681103
1681405
1681613
1682945
1686860
1687154
1690295
1690389
1692363
1694234
1695001
1706816
1711619
1712966
1713904
1714490
1715867
1717238
1719451
1726797
1727208
1736245
1736309
1737502
1746698
1748342
1752797
1753646
1753664
1755776
1756521
1767473
1767961
1768071
1769500
1774249
1785537
1785601
1787065
1788078
1792046
1803789
1819678
1819792
1823332
1827209
1835074
1842828
1856795
1864685
1865008
1875403
1877825
1880489
1885137
1885241
1886356
1892526
1893108
1894240
1902249
1903750
1904470
1907853
1914765
1919778
1920385
1921134
1922327
1924537
1938479
1940890
1952042
1952891
1966469
1966727
1974840
1975146
1976901
1985048
1988868
1995995
