-1993270
-1992151
-1992146
-1987428
-1986811
-1984592
-1982628
-1974959
-1967983
-1961951
-1958287
-1956597
-1951858
-1951589
-1950545
-1940029
-1939473
-1937601
-1937472
-1935192
-1930484
-1929023
-1927625
-1922813
-1922740
-1920423
-1919588
-1918598
-1913611
-1901984
-1898927
-1890842
-1884519
-1882359
-1876154
-1873665
-1873473
-1870270
-1867707
-1859691
-1859668
-1857507
-1848676
-1847472
-1846146
-1842728
-1838324
-1826592
-1812765
-1811595
-1810311
-1805167
-1800265
-1793155
-1785767
-1784552
-1784467
-1778543
-1778444
-1772542
-1763077
-1758342
-1755336
-1742144
-1735442
-1735412
-1729129
-1727210
-1726321
-1725962
-1725703
-1722661
-1722427
-1721644
-1712525
-1711150
-1701525
-1700663
-1700285
-1698763
-1698435
-1697960
-1696887
-1674020
-1668104
-1667340
-1658787
-1652214
-1650497
-1649915
-1648035
-1644839
-1627069
-1626677
-1620370
-1609406
-1607593
-1601930
-1597161
-1593910
-1593096
-1585810
-1584772
-1583950
-1580995
-1576428
-1571481
-1570370
-1568027
-1566557
-1566437
-1559209
-1554759
-1553656
-1553522
-1552030
-1549466
-1548636
-1547688
-1544923
-1543518
-1529396
-1527208
-1526507
-1523065
-1514352
-1513885
-1512519
-1509616
-1509425
-1508552
-1508085
-1506446
-1506118
-1496677
-1495856
-1491486
-1487847
-1480860
-1471955
-1470994
-1468493
-1468297
-1468200
-1467855
-1462535
-1460556
-1460021
-1446817
-1442999
-1442651
-1434844
-1434660
-1434544
-1427850
-1424942
-1423928
-1422092
-1420646
-1417464
-1414894
-1410736
-1405348
-1397785
-1393899
-1391854
-1391057
-1391052
-1387221
-1386189
-1372013
-1368492
-1364199
-1363368
-1358425
-1357318
-1352221
-1349844
-1349378
-1343724
-1339656
-1321952
-1315866
-1304739
-1303747
-1300461
-1297508
-1291813
-1288721
-1286593
-1281204
-1267484
-1264735
-1264610
-1256535
-1256007
-1246388
-1246002
-1245419
-1234185
-1224894
-1220595
-1216764
-1210211
-1208959
-1208352
-1206798
-1206448
-1203560
-1198897
-1196142
-1194549
-1193899
-1183040
-1182679
-1181131
-1173798
-1158260
-1156949
-1155923
-1153165
-1151733
-1151311
-1147789
-1139897
-1138204
-1128036
-1123526
-1123429
-1120786
-1120627
-1119692
-1119461
-1116084
-1107098
-1104955
-1101130
-1098905
-1096389
-1095819
-1087569
-1085376
-1084510
-1075027
-1068966
-1066388
-1065001
-1064747
-1060481
-1052715
-1042890
-1028572
-1026172
-1023299
-1017826
-1016185
-1015419
-1003204
-1001372
-990337
-990147
-986659
-984394
-981118
-975798
-969324
-969249
-960839
-960166
-959002
-952739
-947321
-940428
-937199
-933961
-931533
-927951
-927743
-926599
-926501
-923836
-917415
-917137
-907826
-904775
-904288
-896614
-893113
-882727
-881593
-876823
-873401
-873239
-869579
-860312
-855193
-853697
-853367
-853334
-851522
-850088
-849147
-838841
-833162
-832907
-828248
-827130
-821717
-817631
-815114
-815081
-811307
-807597
-806198
-806010
-783573
-781365
-780375
-762199
-760842
-757294
-748116
-742315
-739182
-735008
-724070
-720437
-714872
-701683
-700768
-691061
-687083
-678701
-678418
-668528
-658015
-655564
-653196
-652355
-651897
-646934
-645819
-643661
-637238
-635489
-612216
-610715
-610215
-606009
-600246
-599501
-599335
-597961
-596018
-593816
-587507
-586379
-572807
-569938
-569873
-568765
-568298
-567556
-565868
-563171
-560809
-554203
-541268
-536407
-534705
-534087
-533747
-533157
-530982
-520112
-519637
-506996
-505663
-503870
-496783
-496154
-492128
-490664
-484392
-482346
-481446
-480711
-479051
-474002
-473985
-470286
-468288
-467686
-459008
-458489
-454918
-454342
-449551
-449208
-449071
-446220
-446047
-444771
-443146
-434591
-427192
-425858
-417699
-415339
-411067
-410213
-407733
-407365
-405900
-402034
-396263
-388888
-384552
-382974
-381510
-374363
-373930
-373830
-372332
-371880
-368429
-359811
-359255
-351961
-349600
-335927
-333052
-332366
-324513
-318624
-316748
-315675
-312745
-310630
-304915
-301878
-299773
-297484
-297254
-293372
-293125
-279343
-270089
-264090
-260961
-256402
-249288
-244290
-230481
-229022
-227181
-222790
-218150
-201862
-197131
-195121
-193443
-187934
-181677
-176223
-167617
-167523
-165201
-158381
-157976
-150543
-148735
-146835
-145290
-143609
-137023
-133407
-131476
-122699
-122014
-121739
-108393
-105398
-104783
-101168
-100359
-94983
-87320
-79874
-78722
-78186
-66499
-58765
-54657
-53433
-44464
-26944
-24341
-18536
-16859
-15620
-15588
-13360
-7738
115
10458
11799
18753
23081
24094
34807
36073
42095
48780
52660
56839
59110
59470
65986
66542
66581
69652
70319
71782
77666
78954
82696
82868
95919
101788
107132
112115
113887
122492
126178
129921
133668
136136
151313
152584
157505
160444
165747
173044
174302
174597
176319
176920
178360
179286
183236
185001
188339
188970
192780
195346
197254
197625
200826
203916
209119
224019
224742
225323
231877
235289
241813
252359
259265
259795
260448
268922
275369
288813
293390
304978
306131
307481
315021
315906
322112
328669
342389
344046
347627
351394
352341
356183
356736
357560
365580
367188
368428
369728
387442
387641
389297
391786
395482
395876
396353
397010
419035
424049
428372
433220
433290
438494
442066
442653
446801
456054
458775
463367
465396
468112
470350
472215
473172
478251
483563
487253
494536
497198
501553
503271
512858
522595
533720
536968
538645
538850
539891
541084
542385
547631
557210
562517
565030
566055
566624
568210
576196
579208
583728
587001
596543
602805
604351
614526
624957
634603
639066
642479
645229
646445
647718
653657
656110
656321
657951
659964
662249
662743
670444
673888
674994
679588
680023
680694
680897
684537
685355
688661
693653
700179
706446
709791
716336
719624
730727
747598
747638
754586
756276
756660
757743
759192
772092
781042
800399
801270
801553
805024
805968
808710
820453
834194
850033
856480
857488
858094
858635
864307
865890
866712
867443
867697
873414
877155
885451
888481
890711
891227
895600
896439
901100
913942
920245
920684
923372
926235
927607
928302
943042
948630
950495
951429
952337
952854
960250
962509
962887
965833
970301
973121
979314
984571
986236
989615
992312
993696
997241
998984
1002264
1005388
1007740
1008400
1008445
1009040
1009389
1012975
1017392
1023041
1026747
1041328
1043502
1044996
1048202
1048312
1050659
1053555
1059528
1060589
1061964
1067508
1070208
1071539
1071739
1079804
1082672
1088026
1089526
1091889
1099500
1114688
1117346
1121600
1121981
1123653
1131253
1134019
1137467
1139591
1140084
1142654
1148746
1149101
1154476
1159213
1159595
1161209
1163494
1174484
1174870
1175285
1198583
1200464
1201405
1217566
1218051
1218991
1219123
1220083
1221071
1225617
1233597
1236145
1236216
1247741
1250141
1253195
1259421
1259829
1260257
1265241
1267569
1269764
1271049
1278222
1279179
1280363
1287534
1291580
1292358
1302388
1305779
1306161
1309914
1312259
1317053
1317102
1319635
1320517
1326863
1328033
1328516
1331710
1336180
1336879
1337698
1340644
1342722
1343279
1345412
1350814
1353133
1355807
1358885
1359755
1372974
1373254
1373577
1374606
1377485
1383650
1383720
1387775
1393944
1397152
1397212
1405305
1408328
1409226
1412001
1416880
1425975
1427655
1429038
1443372
1444237
1444548
1445640
1453291
1460331
1462391
1468411
1469827
1478538
1480888
1483609
1483757
1489690
1495220
1505655
1509235
1509349
1513750
1518997
1522069
1531114
1531283
1533371
1534977
1535976
1538089
1540379
1553875
1554610
1555044
1562449
1562902
1563201
1563232
1566566
1567149
1571612
1574179
1574494
1578699
1578959
1584754
1594322
1595022
1599804
1605647
1606666
1609193
1615279
1621168
1623343
1624748
1641616
1641896
1641981
1644976
1648480
1654842
1659312
1669760
1672009
1687127
1688852
1690115
1697041
1698563
1699169
1702491
1703457
1707232
1707397
1707889
1711948
1725973
1726208
1729153
1730340
1744363
1746864
1747956
1749277
1749802
1750708
1766974
1771317
1775928
1779251
1781362
1781721
1785511
1787431
1789051
1790019
1794100
1794348
1798554
1802516
1803752
1813856
1818999
1825231
1825491
1825822
1831524
1831666
1842015
1844885
1847766
1849679
1864249
1870318
1871406
1873313
1884386
1904858
1911800
1914818
1915211
1932237
1933975
1937663
1951063
1953694
1959050
1959514
1966780
1984998
1985649
1990786
1994128
