-1992661
-1989730
-1988557
-1976645
-1974491
-1972287
-1967243
-1965942
-1964344
-1955953
-1955489
-1953710
-1953129
-1952607
-1951214
-1948668
-1935548
-1928246
-1925978
-1919297
-1917595
-1916462
-1913329
-1902037
-1899735
-1897509
-1895230
-1886223
-1873062
-1866500
-1863185
-1858659
-1855943
-1849814
-1847103
-1846878
-1843427
-1840668
-1831026
-1829290
-1814286
-1813923
-1812700
-1807068
-1803083
-1795745
-1795692
-1795677
-1793996
-1788912
-1788075
-1786558
-1784400
-1774240
-1762212
-1761497
-1759994
-1755112
-1752824
-1750486
-1748669
-1747999
-1732697
-1721774
-1718733
-1702095
-1701907
-1697457
-1697186
-1689636
-1689118
-1687414
-1682084
-1680616
-1673605
-1671239
-1669518
-1668176
-1667175
-1665543
-1663964
-1660460
-1652310
-1651891
-1649880
-1643795
-1641730
-1640591
-1638560
-1635549
-1621297
-1612768
-1609024
-1606661
-1604127
-1601409
-1589439
-1581713
-1581430
-1578017
-1574013
-1573168
-1562822
-1560620
-1552336
-1551158
-1549749
-1534205
-1531996
-1531813
-1530591
-1529995
-1519857
-1514008
-1513121
-1509844
-1508510
-1503790
-1499594
-1499418
-1496525
-1493270
-1491087
-1486761
-1483501
-1482662
-1482562
-1478742
-1474498
-1474333
-1473904
-1464854
-1452717
-1448714
-1443965
-1438489
-1432592
-1429768
-1426184
-1423557
-1422067
-1421548
-1419186
-1406416
-1404852
-1402072
-1359919
-1353724
-1352071
-1351085
-1345303
-1338535
-1324908
-1324412
-1318628
-1318106
-1314169
-1305781
-1303887
-1299426
-1296794
-1294742
-1292770
-1278822
-1277255
-1275905
-1273474
-1272299
-1272146
-1265353
-1261641
-1259829
-1258212
-1255911
-1253551
-1238162
-1238157
-1237282
-1233127
-1232769
-1225892
-1224510
-1215361
-1214627
-1211632
-1208609
-1207989
-1203609
-1200687
-1198811
-1198575
-1190105
-1182897
-1178453
-1176125
-1166624
-1164983
-1156831
-1127896
-1124533
-1124075
-1121120
-1118445
-1116074
-1109850
-1107067
-1106032
-1098151
-1096437
-1092266
-1084442
-1080889
-1079702
-1078578
-1077884
-1074864
-1071575
-1070582
-1066158
-1064568
-1063053
-1061200
-1059895
-1056434
-1048883
-1044900
-1044135
-1043432
-1022733
-1000320
-998185
-993928
-991024
-980082
-976056
-969619
-966103
-965293
-964322
-964219
-955928
-953583
-952411
-945702
-937570
-936414
-934811
-930359
-928728
-927040
-923615
-920521
-920331
-913983
-913245
-910885
-903557
-895746
-888356
-887793
-883185
-882447
-874395
-869649
-866708
-866252
-863097
-862538
-858978
-856293
-852199
-849664
-844541
-839835
-838222
-827925
-813810
-813192
-810133
-805386
-803746
-798089
-794478
-791041
-789485
-785817
-785620
-783541
-780613
-779646
-779490
-768572
-765139
-762876
-755842
-753107
-751510
-750998
-745781
-739182
-738700
-735449
-726271
-724361
-719824
-710762
-696284
-694342
-694247
-684493
-678341
-675101
-662140
-659940
-659547
-649840
-645410
-640272
-634184
-632421
-619031
-607056
-599787
-597541
-591202
-584933
-582927
-571924
-571664
-564086
-564030
-563394
-557000
-555034
-553660
-549363
-547499
-544995
-544555
-543709
-542334
-541725
-534738
-534607
-533775
-529981
-522666
-522110
-514843
-506656
-505069
-504315
-501217
-500684
-499459
-498583
-491930
-491609
-478919
-476584
-475751
-472964
-472653
-471868
-470780
-469225
-468485
-467815
-460109
-456684
-454837
-453866
-453470
-450598
-446415
-443010
-441595
-440713
-436336
-432452
-425028
-423267
-418552
-416169
-415976
-415541
-412429
-398541
-396761
-394774
-390890
-390809
-366714
-351192
-349468
-348623
-346135
-343848
-342267
-342265
-338496
-336709
-333371
-331651
-327937
-326223
-325883
-325697
-316339
-315374
-312428
-308962
-304182
-300592
-298413
-296572
-294017
-291273
-290090
-285133
-283338
-274061
-269854
-267471
-265970
-264135
-246952
-234549
-232633
-226511
-222265
-221369
-220917
-213082
-212158
-210958
-207577
-207009
-205703
-201316
-198249
-195747
-195729
-192592
-192570
-178898
-176241
-161812
-155329
-154789
-153555
-153139
-152266
-149715
-149627
-143403
-141270
-139573
-139209
-131550
-130990
-122039
-121433
-114461
-106294
-102322
-100429
-94155
-86011
-82467
-80946
-78286
-78110
-67652
-63244
-62101
-61980
-57154
-44159
-42280
-40267
-39503
-36632
-36290
-33335
-33070
-14246
-9196
-5044
-2761
-890
8667
10627
18120
20855
21997
25107
34329
38428
38902
46753
48824
49286
49586
57493
58020
58359
59541
66312
70513
73034
73062
77156
80566
87808
94365
97700
105344
105708
108237
114523
118263
120946
122493
126130
126717
127086
128403
135221
146392
152989
154178
161986
167000
168707
169288
171141
176891
181263
188412
198945
200290
204535
204933
205062
209588
214469
214877
222875
223763
229216
229680
234330
241594
255838
258658
260195
260322
261054
265019
265888
266331
266975
272616
275036
277007
283187
291146
292268
294757
296669
301904
302670
304783
305118
305426
317991
326170
331861
337715
351169
360135
362615
367481
368401
378542
387349
387362
389251
389622
390400
394085
402239
403658
404244
404530
407426
412050
412920
422082
425330
425904
428134
428845
429347
430223
431487
433975
435910
443721
443747
444349
444807
452116
457535
461069
461349
464322
464459
466592
469924
478768
487728
489079
493690
496136
499889
505886
517853
529329
529956
530062
530710
531730
532200
534547
542756
545325
546230
547139
550688
554413
554457
555008
556179
556991
561683
564323
565957
569580
573265
574701
574851
576523
576761
578617
580761
580932
592755
594031
597045
597789
599559
600924
602343
602925
604837
606464
616914
617519
617919
620732
627484
632910
637850
648666
649592
652296
654894
662659
664272
667511
669870
670372
685863
686820
691487
697751
698600
699717
704000
707062
709716
719023
722315
727126
733665
738107
739744
744339
747037
747431
752448
754349
756312
758139
768331
772961
776719
778188
782043
782609
785936
787867
788628
789191
794855
798050
800995
803010
806011
806051
806227
812244
812713
816010
822586
826828
829563
833150
842256
848257
854294
855280
855362
859692
862216
862539
866475
878887
889728
893153
895550
895920
903657
912564
916975
928124
932578
934031
934519
938337
938537
939244
941360
942074
946646
948852
956114
956983
963937
965009
968117
973325
987449
990111
993114
996952
999364
1002715
1004354
1012975
1015905
1018052
1034947
1036769
1039045
1044230
1046961
1047483
1047622
1048159
1057638
1058969
1074008
1074935
1077095
1078573
1079609
1081557
1086123
1096609
1105500
1109688
1120654
1127200
1131045
1131375
1133848
1139186
1146654
1149069
1150732
1151055
1154292
1166091
1167155
1168294
1169293
1171393
1181170
1181366
1186201
1196816
1205980
1209134
1221346
1224914
1227389
1232408
1235407
1246204
1250657
1250749
1254114
1255357
1257017
1260988
1272322
1272676
1275520
1278279
1283145
1284869
1285728
1287711
1297857
1298277
1304470
1304649
1305083
1305849
1307939
1309137
1309490
1312535
1315002
1319768
1321754
1324960
1327934
1340429
1344254
1349463
1351441
1353784
1356420
1357353
1358498
1360484
1369631
1373184
1378623
1380685
1388536
1391600
1394108
1401155
1403398
1404884
1408395
1411077
1418018
1419491
1434279
1435796
1442192
1447053
1450031
1455096
1457156
1459675
1460635
1461274
1464881
1467248
1476160
1477310
1479128
1482828
1488653
1495719
1502206
1528768
1537975
1538633
1542527
1544954
1547058
1553054
1554726
1557513
1568856
1573303
1573887
1576792
1577479
1577582
1579404
1584658
1586205
1595596
1597165
1602141
1606147
1608610
1613333
1616590
1620823
1627006
1628132
1629222
1640115
1643306
1643373
1652799
1656881
1663001
1680201
1684994
1686668
1688132
1694316
1711744
1714153
1716856
1725977
1726194
1734420
1736137
1736206
1737857
1747097
1750066
1752358
1752728
1762579
1768315
1770448
1776043
1777501
1779220
1788440
1793261
1794383
1800991
1804754
1816595
1828420
1839429
1842462
1842584
1843630
1845390
1847086
1853035
1861279
1868539
1871086
1872021
1874311
1875108
1877261
1880170
1888258
1891709
1894185
1895745
1909787
1910903
1933821
1939646
1942025
1944801
1945308
1945937
1946710
1949486
1954596
1959399
1964852
1968707
1973874
1974690
1975125
1977282
1985598
1987987
1990769
1999351
