-1998459
-1997654
-1989589
-1987866
-1984455
-1984090
-1983655
-1982155
-1972501
-1967000
-1953838
-1951560
-1951118
-1947067
-1939315
-1926729
-1924019
-1908496
-1900931
-1894950
-1888924
-1884351
-1883166
-1864936
-1863708
-1862924
-1860425
-1848764
-1847934
-1847119
-1847101
-1846336
-1845820
-1837916
-1824792
-1820202
-1802863
-1799607
-1795426
-1789566
-1778576
-1775709
-1760097
-1757052
-1755113
-1753572
-1750545
-1749637
-1748180
-1747430
-1743518
-1741803
-1734729
-1727991
-1725775
-1719784
-1718772
-1715319
-1707842
-1706254
-1704749
-1686080
-1686045
-1685268
-1684762
-1681778
-1679605
-1675490
-1674730
-1674621
-1670477
-1668285
-1666345
-1662152
-1661442
-1653648
-1647265
-1643510
-1637156
-1635675
-1635147
-1634596
-1628105
-1617783
-1616124
-1613731
-1611455
-1610010
-1604092
-1588007
-1587650
-1587356
-1566784
-1561991
-1561041
-1560451
-1556029
-1554676
-1552052
-1551663
-1551027
-1545116
-1545115
-1542259
-1534621
-1533538
-1531708
-1528206
-1527421
-1524024
-1519191
-1515524
-1514545
-1513180
-1510376
-1506241
-1505699
-1503285
-1502497
-1499586
-1493271
-1491291
-1488904
-1478236
-1470809
-1470403
-1467472
-1467068
-1465146
-1460323
-1443819
-1433603
-1429233
-1427842
-1424030
-1421620
-1415724
-1414156
-1413728
-1413633
-1407923
-1407442
-1407135
-1405878
-1405842
-1399478
-1398376
-1395156
-1381798
-1381221
-1380701
-1369350
-1366272
-1363745
-1362457
-1352915
-1347938
-1345626
-1342311
-1341373
-1337142
-1330924
-1325001
-1322866
-1318051
-1317508
-1316020
-1308850
-1292848
-1292314
-1292267
-1287801
-1284990
-1282018
-1277064
-1267682
-1265374
-1263837
-1256098
-1252849
-1247708
-1246584
-1243685
-1243464
-1237396
-1236386
-1234825
-1234104
-1230145
-1228464
-1218142
-1216018
-1210109
-1198897
-1198695
-1180655
-1171919
-1158691
-1158656
-1139081
-1136439
-1133007
-1129858
-1127887
-1126808
-1119601
-1118540
-1117506
-1113593
-1108315
-1090891
-1090549
-1086051
-1084416
-1080823
-1074178
-1072022
-1067027
-1061268
-1054468
-1053662
-1050534
-1047950
-1044774
-1040651
-1040263
-1032415
-1030865
-1024372
-1019326
-1019179
-1015309
-1013993
-1011416
-998328
-987451
-986345
-983318
-981352
-977514
-974128
-969305
-966024
-954331
-953970
-949765
-945952
-945842
-942042
-941387
-939394
-938957
-930051
-929230
-924278
-910752
-907239
-902517
-902119
-899827
-892069
-891790
-891614
-888798
-888713
-886457
-885368
-875783
-874268
-873455
-870068
-863709
-862510
-858220
-858076
-856712
-854965
-854506
-849788
-845131
-842502
-840994
-840967
-835398
-833241
-829667
-824565
-819215
-811309
-810491
-796791
-787129
-786723
-782339
-781984
-778571
-775786
-770309
-767651
-765125
-764459
-756867
-755808
-746212
-743426
-741042
-739589
-739006
-738278
-726075
-725492
-720652
-712895
-710105
-709251
-702040
-698342
-688670
-685548
-677807
-677630
-676064
-670305
-667959
-658104
-656383
-656062
-652674
-652243
-650301
-644611
-640853
-640022
-635924
-633733
-633642
-628685
-625844
-622556
-615725
-611902
-609897
-607964
-596813
-591802
-590138
-588747
-588197
-587818
-587674
-584832
-583173
-579458
-573289
-572089
-568644
-568634
-564997
-556600
-556229
-550901
-548921
-546547
-541225
-537636
-519730
-519325
-507359
-502677
-501811
-501153
-489637
-485089
-482477
-476193
-468732
-468054
-462424
-459013
-452052
-448417
-447715
-441496
-433713
-430849
-426914
-424919
-423855
-420444
-410138
-407319
-404837
-404058
-403122
-400528
-398723
-392256
-391938
-386729
-379663
-378889
-367325
-366617
-364388
-359618
-358488
-349771
-345484
-344439
-342682
-342086
-335488
-332947
-325670
-325543
-311321
-311116
-303933
-292978
-288804
-285006
-284276
-284264
-277740
-277558
-275702
-269303
-267531
-267300
-267085
-264532
-263817
-263465
-261357
-256167
-255199
-255149
-251428
-251158
-248110
-245726
-244252
-244118
-242307
-241673
-236374
-235063
-233450
-233443
-232114
-229519
-221048
-207296
-205413
-204529
-199930
-199546
-198329
-197187
-193038
-174728
-171827
-169811
-169047
-164398
-161648
-157734
-151995
-150723
-146192
-146079
-145317
-144560
-139689
-139561
-139424
-134674
-132766
-130261
-128578
-126523
-124738
-121694
-114753
-112748
-112627
-111876
-110652
-109456
-109298
-106648
-103476
-102523
-99032
-89082
-85625
-84681
-84522
-84168
-83652
-80628
-80401
-79612
-79444
-76218
-67778
-62706
-61179
-57946
-56243
-45699
-42559
-35323
-31669
-31431
-30689
-29341
-28312
-28257
-25597
-23973
-17694
-12364
-11062
-11046
-6238
-1077
5508
9485
10627
12092
13376
18313
18583
20061
25750
26196
28200
30085
30464
32580
35067
35792
36073
37415
39583
42689
48449
50688
51707
58639
59179
59752
60040
64506
66792
66915
69586
77050
79087
79589
84375
88564
90654
99503
101704
110479
110485
112964
113921
116752
127113
127284
129755
140682
142435
143651
154556
155354
161880
166050
167453
167675
169887
175778
176805
183559
188136
189607
191102
197113
197753
207805
212375
214408
219472
230371
232513
243597
245636
246916
247489
260222
272634
273132
277092
279497
282669
282906
290603
294624
308851
317987
350363
354548
362335
367108
371282
373754
380756
382303
384196
388064
389295
397649
397709
398141
416585
417650
421931
421943
422153
430212
464848
467285
472009
475567
485365
485525
488310
489195
491268
500586
501667
503468
508710
509068
517176
517623
518716
519510
520683
521131
524168
535246
535405
541098
542846
552345
553167
558483
565270
580136
580570
585554
594573
599282
601061
606688
606932
609678
610790
619097
620412
631268
634754
635286
635586
643497
652961
654062
661679
663000
682708
687536
690334
691753
701689
704441
707925
722219
724939
725091
730858
732888
739150
739757
740145
740953
742528
742594
746962
753354
754904
760066
761288
767477
771626
774334
778912
780789
790656
791744
792882
796416
798136
799887
800506
801116
802521
803477
807291
807534
816675
819192
830257
833293
849457
852493
854950
856916
862732
877040
880552
887215
889845
890777
893998
896387
897523
899423
900636
909510
916799
926605
928394
930619
937340
943156
943423
946079
949495
950698
959958
961268
964104
979162
979673
988456
994297
996359
996922
998380
999643
999989
1002143
1003637
1003838
1005584
1007131
1017253
1017894
1022015
1025309
1026225
1035144
1040711
1040796
1042410
1052946
1053335
1055067
1057559
1063267
1067391
1068494
1075691
1087756
1091826
1094000
1100178
1120627
1121833
1124180
1124470
1127023
1133600
1133649
1140069
1140669
1142115
1143881
1152847
1154560
1162685
1170325
1170370
1178180
1203056
1204069
1209654
1210979
1223924
1223937
1227551
1227706
1232507
1235316
1240338
1241157
1244995
1245705
1246116
1247494
1247497
1251794
1254524
1259060
1267660
1274880
1308617
1310346
1314579
1316774
1320689
1322073
1322923
1323424
1325310
1328000
1336787
1339355
1341056
1342658
1344824
1345385
1356300
1372578
1385645
1388615
1389698
1389916
1396395
1411979
1412143
1413775
1421441
1424368
1428489
1431381
1436477
1441732
1446850
1458222
1467600
1470954
1471816
1472032
1472186
1475607
1481168
1485956
1491729
1495832
1497794
1501439
1501578
1510725
1516053
1527774
1529394
1529844
1532255
1533952
1538240
1539546
1541798
1542697
1546228
1564237
1569601
1570478
1570728
1574532
1580798
1583672
1584694
1587819
1594821
1595047
1602183
1604609
1605349
1607472
1612660
1615098
1615836
1616081
1618067
1636236
1640726
1642246
1646556
1647574
1652226
1652399
1653368
1654077
1656364
1657236
1671794
1678054
1694080
1704238
1710436
1711863
1713328
1714236
1714386
1719108
1722551
1726513
1733004
1736918
1737521
1738917
1739833
1739934
1741629
1742879
1744456
1747287
1747522
1754983
1757816
1758243
1764172
1767170
1770049
1773235
1776577
1776737
1785673
1789517
1792367
1793762
1794308
1814254
1814730
1820997
1826465
1828835
1835461
1845785
1854802
1857502
1861836
1864924
1867360
1868873
1869451
1874425
1881972
1882943
1884052
1886709
1890189
1890911
1895551
1899236
1899525
1904752
1909608
1910019
1920048
1923303
1923956
1924318
1926370
1933231
1945997
1948476
1955555
1968268
1971750
1972312
1974066
1974628
1978016
1993668
