-1997141
-1997095
-1995912
-1990044
-1989430
-1986663
-1984609
-1983584
-1981850
-1965636
-1960049
-1959816
-1952614
-1952148
-1951021
-1949585
-1949017
-1946365
-1941954
-1938213
-1937972
-1937807
-1932033
-1930982
-1923209
-1921891
-1916813
-1916102
-1915653
-1915280
-1909586
-1896147
-1887348
-1886539
-1872680
-1867164
-1864504
-1863693
-1861789
-1861396
-1860856
-1859338
-1855031
-1851657
-1849556
-1841275
-1837310
-1837160
-1836379
-1832984
-1830406
-1829411
-1828985
-1828692
-1826013
-1824024
-1822520
-1814623
-1813184
-1810624
-1807833
-1805545
-1796968
-1790793
-1784971
-1768185
-1767229
-1765617
-1765340
-1763409
-1762843
-1757389
-1756173
-1752203
-1749429
-1748477
-1747942
-1747282
-1743549
-1736169
-1734087
-1731507
-1727438
-1727082
-1718539
-1716157
-1709971
-1707054
-1705519
-1696370
-1690887
-1684924
-1680692
-1670908
-1668925
-1667943
-1667825
-1663377
-1660761
-1660448
-1659481
-1656480
-1654633
-1654373
-1642892
-1642503
-1641264
-1631939
-1626507
-1625643
-1623939
-1622992
-1621164
-1620134
-1618688
-1607255
-1599763
-1598290
-1598210
-1593016
-1582793
-1576953
-1574305
-1563430
-1562619
-1560654
-1560568
-1551142
-1539485
-1538918
-1537632
-1535519
-1533307
-1521508
-1514376
-1505455
-1499849
-1497233
-1485927
-1482912
-1470851
-1459649
-1456002
-1453042
-1450815
-1441195
-1435329
-1425812
-1425379
-1424702
-1421818
-1417047
-1414643
-1397016
-1396300
-1395500
-1393415
-1383362
-1380750
-1380213
-1371788
-1362211
-1361545
-1354727
-1349403
-1348423
-1336970
-1335199
-1329993
-1328552
-1325562
-1322656
-1320564
-1317944
-1315098
-1312559
-1310801
-1310133
-1306812
-1304856
-1295209
-1295093
-1288161
-1288157
-1287347
-1279138
-1268197
-1263707
-1260438
-1252032
-1246802
-1242687
-1238175
-1237999
-1235994
-1228299
-1225244
-1224267
-1219325
-1209357
-1203330
-1196897
-1193941
-1193267
-1192272
-1184053
-1183147
-1181031
-1179981
-1173198
-1172442
-1168877
-1166229
-1166085
-1162278
-1150471
-1149008
-1148161
-1145456
-1136367
-1132209
-1130768
-1127166
-1124183
-1120223
-1119199
-1116827
-1111568
-1109917
-1100511
-1096305
-1092421
-1089877
-1087991
-1087972
-1085333
-1080194
-1073021
-1071773
-1063629
-1063504
-1057597
-1056996
-1054416
-1050429
-1050183
-1044235
-1041487
-1041089
-1036559
-1035073
-1026729
-1023600
-1018680
-1016811
-1011931
-1011690
-1003872
-1001693
-990038
-988256
-986297
-972844
-972767
-971525
-970704
-965025
-959641
-957756
-954647
-953353
-950311
-948827
-947713
-932705
-926709
-926046
-924661
-919987
-919933
-917635
-913636
-912305
-910531
-904183
-901156
-900267
-894858
-883847
-876541
-875875
-871868
-862865
-862559
-862212
-860827
-846335
-841297
-838586
-835509
-833372
-831347
-825385
-817218
-807136
-802351
-802041
-793138
-786725
-783151
-779694
-779246
-763345
-762043
-758795
-750948
-748084
-745367
-735678
-730597
-720028
-712106
-702327
-701264
-700830
-699227
-697422
-685650
-678722
-676451
-674373
-673354
-670546
-659693
-658987
-653444
-648391
-641237
-640169
-639860
-631695
-631360
-631336
-630148
-624219
-622614
-617388
-615695
-614408
-610493
-610092
-603700
-602735
-601511
-600587
-597514
-594865
-594312
-590600
-585354
-582342
-579587
-575621
-571889
-571388
-568170
-567898
-565026
-564420
-559951
-559613
-546449
-545474
-544095
-543112
-542569
-540111
-539736
-533198
-531665
-525531
-521020
-514680
-513659
-508349
-504471
-501728
-497701
-492309
-491592
-486328
-482912
-481725
-479029
-471057
-470886
-469976
-461479
-457824
-457022
-454403
-446771
-439914
-439737
-433633
-433403
-423595
-419550
-418349
-401320
-399479
-396527
-393683
-389661
-382184
-381278
-377425
-376792
-363739
-360418
-357066
-351936
-350580
-346760
-343137
-341403
-340515
-335542
-334774
-330414
-329452
-329082
-325760
-324092
-321265
-318714
-315292
-302330
-296044
-292422
-292398
-292297
-288590
-285898
-281123
-277462
-276830
-272408
-271539
-269142
-262191
-256920
-252363
-251791
-250642
-249391
-241547
-238304
-227531
-224401
-219401
-208440
-208274
-208135
-206100
-196315
-192519
-190524
-188659
-188148
-186748
-185035
-183437
-179869
-179055
-176026
-175775
-174866
-171230
-170921
-169968
-164239
-163408
-160576
-157592
-155735
-148379
-147722
-142704
-137759
-137005
-128513
-125555
-125016
-122229
-120493
-118378
-112884
-112648
-105401
-100119
-98229
-93456
-88573
-87646
-70977
-67247
-57521
-54941
-46050
-45979
-31210
-28653
-21674
-19532
-16883
-11642
-11422
-6016
1184
1891
5185
5984
9821
15934
26601
31206
39166
52771
53498
55984
56186
65901
68644
70071
76211
77880
82205
86088
89298
100416
106276
112889
116986
119162
124385
126633
141988
149631
152889
155092
155810
159772
161592
161898
162245
163579
167118
187564
188517
192614
193637
197536
204298
214911
218977
224730
225271
226269
226311
226348
230283
233156
234061
234078
238613
240275
242933
243650
244070
256103
259107
259268
260564
269394
271990
274759
276103
290077
292876
300730
304606
304807
307705
316729
320014
323998
327506
328610
331738
334153
338553
339217
339896
340893
342458
344513
344750
356602
357510
359455
359839
363706
366340
375709
378817
391125
398634
399791
401360
402375
405462
407039
415459
418499
421197
427027
434590
436393
438462
439561
443276
445026
447970
454809
478521
489829
491431
508381
508960
512700
514145
517452
520634
525776
526669
528420
530100
538352
539337
552800
568854
572346
583638
592789
599579
605502
612043
613588
614911
616289
620966
626822
627841
629257
635207
645247
645833
647145
649544
654688
656618
659516
659978
660162
661366
661444
661588
671356
673866
681206
697197
699292
707821
711063
711836
712305
717161
733648
734750
734807
735431
746423
749500
752902
756592
763257
766557
767879
770555
771499
777130
783874
790390
793057
796552
798646
800205
804081
806731
810450
811520
812939
813667
818983
824950
831878
848988
854528
856311
856800
863852
865797
874939
890403
891435
895034
900883
904936
908697
911745
912608
913629
917071
917669
931970
933206
937010
942297
946484
954158
959852
961479
961986
964211
966768
967230
977135
980563
983462
988058
993542
993620
996670
999107
1003124
1004080
1006851
1009264
1010060
1010760
1012352
1021107
1024624
1032393
1038979
1044619
1058355
1061532
1063492
1065375
1076967
1079145
1083086
1087712
1088707
1089490
1089754
1089848
1093161
1099351
1099816
1106137
1106966
1109694
1116812
1117117
1119900
1120038
1123961
1124000
1124953
1126344
1127287
1128014
1135419
1137569
1143913
1148378
1151990
1155434
1159959
1163520
1167961
1169142
1179778
1182606
1190611
1197274
1198928
1214283
1220559
1223021
1223328
1225796
1232769
1236138
1236439
1242895
1245956
1249003
1252794
1253685
1254884
1258251
1270346
1274089
1276214
1284473
1287496
1289728
1291999
1298608
1299538
1300167
1300816
1301905
1302464
1308507
1309471
1310100
1311753
1312278
1312491
1318391
1320036
1322197
1324381
1340987
1343943
1344895
1359144
1363424
1370169
1374561
1375628
1375977
1376134
1399594
1401638
1403164
1417886
1419429
1419465
1421819
1438655
1439203
1442575
1444260
1450222
1456088
1461962
1462172
1465880
1465941
1466792
1474949
1481939
1486369
1490200
1499292
1499661
1514679
1517833
1518868
1521307
1524269
1525063
1528696
1530650
1535644
1536226
1539323
1542470
1549938
1550268
1550613
1551399
1557437
1560654
1562864
1570527
1575351
1577414
1584668
1585246
1595112
1597449
1597465
1597872
1599083
1608473
1610535
1614576
1624282
1624890
1630577
1633172
1635633
1639428
1639504
1641879
1647432
1647752
1649950
1651309
1656568
1671345
1680710
1688035
1689440
1699177
1705656
1708021
1708728
1712191
1720224
1725228
1726469
1726885
1728139
1731742
1733856
1735962
1738400
1741086
1743832
1753379
1754954
1757180
1761775
1769397
1771701
1778681
1786578
1786628
1788784
1797036
1813419
1815726
1818685
1821811
1836512
1845048
1846401
1857519
1858069
1858602
1860694
1865266
1865846
1869179
1885039
1889012
1891150
1891686
1897142
1906130
1906551
1907364
1910382
1919205
1919655
1923680
1924574
1925063
1933401
1941494
1951334
1953258
1955332
1957845
1959892
1966445
1973813
1973932
1976001
1977429
1978764
1980991
