-1988416
-1987206
-1984599
-1971837
-1964764
-1959663
-1956105
-1955517
-1953478
-1948033
-1944073
-1941512
-1937871
-1934561
-1933031
-1932246
-1931305
-1926609
-1920934
-1914075
-1914006
-1904687
-1902372
-1901345
-1892188
-1891973
-1889052
-1888014
-1887405
-1884958
-1882618
-1875172
-1872691
-1868551
-1868291
-1856506
-1856234
-1852566
-1850922
-1846444
-1846253
-1844931
-1844461
-1843601
-1842895
-1837166
-1834367
-1834008
-1831598
-1829848
-1827658
-1820507
-1819538
-1817395
-1813986
-1811927
-1808281
-1806986
-1803760
-1800338
-1792464
-1791446
-1787306
-1777333
-1777017
-1775570
-1768239
-1767676
-1765121
-1764312
-1764057
-1757689
-1753497
-1750461
-1745292
-1741694
-1735548
-1730187
-1725958
-1721611
-1702428
-1697554
-1694351
-1689690
-1678196
-1677986
-1672566
-1670693
-1661042
-1654229
-1653837
-1648235
-1645411
-1644419
-1634748
-1633488
-1630200
-1625337
-1624984
-1619966
-1616589
-1615864
-1611498
-1605933
-1599669
-1592443
-1591232
-1591125
-1586793
-1583811
-1583645
-1582249
-1568122
-1566155
-1562217
-1557014
-1547876
-1545683
-1544050
-1541833
-1539629
-1537394
-1536526
-1534111
-1531600
-1527772
-1526278
-1525258
-1524670
-1523281
-1522003
-1512936
-1511682
-1511167
-1508647
-1506846
-1503408
-1502372
-1498864
-1495746
-1490665
-1480707
-1479792
-1475079
-1473878
-1464429
-1464152
-1449397
-1442669
-1440688
-1429145
-1419805
-1417604
-1410843
-1407480
-1398544
-1397222
-1386599
-1384119
-1377094
-1373752
-1369715
-1369687
-1368024
-1366340
-1364567
-1363252
-1359204
-1355989
-1353401
-1343368
-1340099
-1336496
-1335139
-1334297
-1326369
-1320891
-1318967
-1316597
-1310905
-1307573
-1305334
-1305235
-1305219
-1304080
-1301687
-1301472
-1300568
-1292150
-1288613
-1287853
-1280249
-1279084
-1275855
-1274443
-1272517
-1271150
-1270541
-1270368
-1267197
-1264386
-1263661
-1261221
-1259546
-1255932
-1250644
-1242168
-1242164
-1233675
-1231345
-1221385
-1210735
-1207563
-1204189
-1198156
-1192710
-1187991
-1180762
-1180047
-1176537
-1171268
-1170113
-1164093
-1163131
-1155617
-1154748
-1147741
-1132095
-1124573
-1123554
-1121629
-1119975
-1114620
-1109890
-1102729
-1089467
-1080043
-1074013
-1069418
-1068757
-1064673
-1063088
-1059678
-1056011
-1055367
-1049687
-1045642
-1041940
-1034415
-1025628
-1019244
-1016144
-1007922
-1003054
-992835
-992484
-975814
-962177
-961504
-951919
-949836
-948177
-942175
-918160
-917912
-915126
-908058
-903640
-902117
-899502
-895627
-889353
-887323
-879452
-878855
-878832
-878479
-872667
-865654
-865163
-862165
-856266
-848706
-838929
-828785
-821001
-818953
-811448
-802321
-801518
-800863
-797500
-791378
-789454
-784048
-783810
-783538
-783289
-781497
-779339
-779153
-778649
-778280
-775804
-770505
-768199
-766053
-763438
-760194
-757331
-745167
-737126
-736374
-729834
-727486
-719714
-715543
-712867
-711512
-709005
-707392
-701282
-700428
-697929
-685132
-683698
-663785
-662743
-662254
-661438
-657069
-655459
-650903
-649267
-645841
-642339
-623739
-616631
-614613
-613106
-610280
-610145
-592244
-589017
-587846
-581660
-579679
-571713
-570260
-570244
-569000
-563892
-561186
-560741
-559266
-558441
-554674
-539034
-526421
-519989
-519557
-518194
-513597
-507750
-499631
-498052
-494627
-487517
-486888
-478445
-476935
-467375
-466735
-463341
-462769
-462683
-461416
-460865
-454739
-448497
-443594
-439924
-439307
-433055
-422054
-416553
-414980
-412030
-411874
-407654
-407312
-404251
-404224
-403179
-392548
-391554
-388762
-387584
-383563
-382820
-371092
-367840
-367756
-367240
-365022
-362649
-358688
-356905
-344660
-344326
-341095
-337612
-335581
-335492
-333292
-332414
-329343
-327697
-321405
-318278
-311826
-310369
-306137
-299592
-295624
-295029
-289331
-285193
-281202
-274480
-271426
-270036
-252751
-249744
-248792
-245935
-245070
-228842
-228415
-228174
-225572
-224564
-216067
-211414
-200909
-191399
-190466
-183589
-177567
-177069
-174781
-162147
-160711
-159296
-158410
-151436
-149742
-144933
-143584
-126177
-125535
-122215
-120290
-114851
-114504
-111401
-110168
-107068
-106841
-106014
-103668
-103319
-99563
-88153
-80741
-78636
-66831
-56938
-55883
-55724
-54517
-54227
-42176
-38158
-38087
-34639
-33155
-31753
-27193
-20949
-7240
913
1820
3529
5035
17858
20679
25907
30482
36264
36537
40779
44593
51318
53932
54221
55072
61805
63238
70771
74027
80674
89896
93055
100132
105043
107002
107186
109134
114120
118975
119921
120493
125780
129312
129857
132051
132769
137717
137850
145395
145671
146721
147748
148910
149924
154721
155498
158411
161026
161074
168306
172854
177246
179515
181020
184631
187411
189128
189799
190699
195395
204615
211116
211676
212634
212923
240093
240352
249901
250570
251337
252567
253082
261641
263438
263817
270922
281756
284238
288627
293582
295277
299475
299661
303329
307433
309175
310347
313480
318083
320748
326868
331641
333588
339533
343759
343938
358475
364555
365854
367069
380664
380911
384738
387534
387794
394413
394992
397131
401547
402754
402998
411371
412109
412958
421051
421113
426166
431426
434810
439045
439395
441759
443063
449876
450365
452929
459039
459831
462537
464373
467711
467801
471388
474856
480104
480149
486717
495301
502395
515394
516614
520771
520937
525292
528350
529795
530673
531564
533686
533924
538929
539884
543739
546741
548323
553420
559264
560809
561597
569718
570191
572058
572674
578773
589372
597391
600439
607148
607557
610233
612903
613868
620159
630441
642213
651254
653470
665410
665679
667038
671368
675652
677696
680142
682348
689464
691994
698295
702153
703548
722589
733493
737987
741024
742694
744382
744471
745468
746373
749260
749949
751915
752572
762314
768678
769721
773098
773794
777520
779295
779947
780734
781964
786403
790571
793783
796256
804686
818985
821673
823528
826515
826873
834670
834874
839705
848560
852278
858734
858745
860125
862376
863063
866500
867666
870133
870650
871936
872948
878991
886461
898912
902556
905438
908651
913816
915233
922078
939944
941886
942113
942593
945455
946434
949445
950588
960308
963514
968924
974035
978498
979304
982500
985488
988261
993319
994764
996028
1009836
1015418
1022168
1034290
1034465
1043659
1044263
1045523
1045884
1055108
1056305
1060947
1061640
1065011
1069842
1070340
1083775
1086030
1087305
1095889
1099122
1099754
1106475
1108836
1112387
1113977
1115137
1123825
1134574
1136796
1136835
1137938
1139816
1143931
1148396
1148696
1153450
1158284
1159414
1160994
1161135
1163507
1185307
1192952
1193421
1198618
1207229
1211042
1211509
1215227
1226419
1227888
1233028
1236371
1238599
1244638
1244977
1248304
1250413
1250617
1261580
1265977
1268755
1271995
1272428
1275838
1279814
1281679
1282868
1290480
1292030
1292236
1298178
1304612
1310683
1322343
1327985
1329152
1330493
1336022
1340031
1348684
1350115
1351562
1360209
1360750
1363424
1363602
1376056
1377578
1379150
1381647
1395684
1395755
1397097
1398083
1399628
1402509
1408566
1409802
1415165
1439033
1441284
1441601
1444259
1444433
1450975
1452536
1454845
1460255
1464468
1467127
1470227
1473489
1473987
1476524
1482470
1485806
1488370
1499740
1514364
1527010
1532651
1533853
1534292
1539388
1541522
1541776
1541805
1543673
1546598
1547281
1547946
1552109
1565088
1570930
1572456
1573702
1574543
1576224
1577261
1579151
1582068
1597992
1604016
1612067
1614030
1622851
1630351
1633942
1635825
1636144
1639549
1662157
1664904
1667836
1678047
1682730
1684247
1703354
1704299
1732860
1736612
1737405
1740213
1741795
1742138
1743861
1747229
1753544
1755170
1755802
1756544
1763344
1764455
1770087
1772880
1776147
1776444
1781634
1782418
1791414
1791757
1799182
1799833
1800408
1801127
1806547
1811732
1811830
1812243
1814249
1815857
1819913
1820900
1821122
1821174
1831104
1843031
1851470
1856382
1860734
1861029
1861973
1864785
1870682
1871869
1878728
1882785
1885132
1887598
1891408
1900231
1901513
1904287
1910222
1916145
1916520
1918736
1918825
1921703
1922088
1922675
1924755
1925044
1930685
1932057
1941224
1954038
1957372
1959095
1964097
1965061
1969113
1974853
1976260
1977309
1980743
1981291
1992477
