-1989431
-1987111
-1986069
-1977717
-1977591
-1977131
-1968795
-1956763
-1948312
-1944570
-1943576
-1942023
-1933470
-1930668
-1927825
-1927517
-1924120
-1922462
-1918609
-1915817
-1904433
-1898386
-1895446
-1893758
-1893023
-1890186
-1889421
-1886022
-1880808
-1870579
-1869228
-1867701
-1859150
-1858739
-1858710
-1855627
-1851821
-1851047
-1850678
-1849260
-1844464
-1843489
-1841727
-1831693
-1827944
-1823836
-1823609
-1820956
-1816822
-1814821
-1809757
-1797729
-1792612
-1788035
-1781105
-1780738
-1777202
-1768299
-1766728
-1763460
-1757125
-1755363
-1750715
-1744792
-1737921
-1736749
-1720697
-1710438
-1704659
-1695806
-1694822
-1693095
-1692107
-1691060
-1690843
-1687222
-1685963
-1684371
-1683455
-1675454
-1673278
-1667857
-1666435
-1663014
-1647197
-1646876
-1640826
-1635313
-1631518
-1630147
-1628720
-1623822
-1623059
-1619929
-1617870
-1615096
-1614836
-1608096
-1607843
-1605581
-1580179
-1572838
-1569822
-1568042
-1565689
-1564667
-1541471
-1537121
-1533157
-1522615
-1515512
-1515054
-1512952
-1509140
-1508370
-1507349
-1506491
-1503126
-1497165
-1492370
-1483144
-1479385
-1471920
-1469333
-1465292
-1456833
-1455701
-1454706
-1452766
-1451804
-1443048
-1441943
-1441443
-1440324
-1434706
-1420235
-1419337
-1411617
-1408329
-1407751
-1406603
-1406094
-1403696
-1393390
-1388264
-1388080
-1387565
-1374541
-1366783
-1362495
-1356194
-1354547
-1353568
-1347182
-1342002
-1336856
-1327830
-1318721
-1312626
-1311133
-1307294
-1305322
-1300857
-1296199
-1293852
-1285551
-1283809
-1282751
-1280061
-1274653
-1272732
-1272697
-1269682
-1268161
-1262510
-1261472
-1251563
-1246882
-1244899
-1244621
-1239655
-1228520
-1224665
-1224422
-1222649
-1222230
-1220169
-1217921
-1217474
-1215677
-1212096
-1209385
-1204469
-1204244
-1201671
-1198521
-1197739
-1193873
-1189861
-1184546
-1183519
-1180505
-1176935
-1164320
-1161588
-1158540
-1157146
-1152867
-1152668
-1142208
-1139186
-1137058
-1123071
-1116785
-1114476
-1112636
-1111652
-1106067
-1105011
-1101578
-1101546
-1101445
-1097888
-1084503
-1084233
-1081615
-1077905
-1075505
-1069130
-1066599
-1066352
-1063275
-1061264
-1056813
-1046743
-1044513
-1040718
-1038764
-1037848
-1037764
-1036903
-1036251
-1028659
-1028020
-1024023
-1022082
-1020487
-1014306
-1007969
-1006246
-1004653
-1000697
-999796
-995930
-988803
-983650
-981165
-977093
-976932
-968947
-968425
-966616
-964296
-962686
-959465
-955675
-951379
-950885
-945619
-942797
-942702
-938016
-934919
-934345
-932515
-929883
-924454
-923370
-913211
-912866
-909756
-909395
-903575
-902431
-900194
-898668
-898283
-895857
-894793
-893121
-887977
-873887
-869869
-869522
-868808
-868541
-864132
-862836
-859329
-857687
-854449
-847403
-844319
-842750
-834209
-830686
-828940
-827369
-827302
-824845
-824612
-822640
-806860
-805556
-804168
-804125
-803347
-802730
-793843
-783925
-783505
-783437
-782607
-776777
-776751
-776338
-775743
-774215
-758788
-757099
-753917
-752643
-738668
-737794
-735813
-716989
-709581
-699250
-699204
-697459
-689682
-688256
-685545
-677126
-673185
-668387
-664024
-656949
-652494
-650233
-649953
-649153
-631898
-631369
-630427
-629373
-626068
-623585
-621949
-606991
-602929
-599013
-598002
-597090
-596355
-594586
-586212
-581039
-564052
-559069
-558240
-555874
-554579
-552315
-550123
-540556
-539951
-537254
-536837
-532244
-532154
-529596
-510857
-510694
-507936
-503834
-502076
-501425
-500041
-488680
-482643
-478957
-467395
-467178
-466659
-465902
-463670
-453076
-447657
-447601
-447313
-436550
-434179
-431574
-428629
-426678
-421079
-419541
-414329
-409125
-407985
-405649
-401113
-387800
-385956
-383437
-382583
-381730
-368495
-367650
-360651
-357309
-351032
-350234
-346759
-344623
-335552
-322775
-308292
-301281
-298538
-294771
-293434
-291910
-291657
-288828
-288715
-288610
-287905
-275121
-271920
-269680
-267390
-261246
-258185
-253838
-253701
-244790
-240364
-238791
-232355
-230498
-226162
-225446
-217456
-208457
-205146
-194463
-194411
-192730
-187829
-177243
-167113
-165500
-160897
-150069
-146274
-144449
-141186
-135708
-128909
-128702
-124604
-123532
-117952
-117130
-112493
-108692
-108096
-97780
-97711
-95792
-89208
-79441
-70859
-69942
-64092
-63584
-61649
-56025
-52877
-51343
-47537
-39175
-35167
-29983
-25604
-18108
-12880
-12512
-7528
-4759
-2023
3032
10391
11477
12807
14699
15243
23730
27376
27614
27872
50678
55768
62043
64164
66175
71250
77643
78212
83320
90984
92831
100506
101285
101944
113636
115859
125148
126685
131883
139396
152647
158814
164062
173341
176142
177446
180482
181386
191138
191321
193494
203369
203468
205261
206369
208025
210491
214056
216817
219875
220747
223606
229880
234288
241252
255870
263193
273229
273965
284881
289761
289921
303553
306224
312641
313707
315953
323502
323503
324775
324993
327927
328656
329426
333236
334682
337005
337370
338077
341011
343649
347283
350242
357153
364816
368787
370584
378153
378964
388083
392950
394502
396501
411242
419632
424874
426410
427414
429620
430554
446977
451367
452531
460410
462940
463281
466260
471838
472356
474097
482737
487723
488330
492568
494937
495516
497770
498859
499994
507459
509984
512160
512585
516363
516839
525961
529924
535683
536862
541139
545524
549360
550789
551612
554102
561638
566028
568372
568708
576947
586994
593321
593513
596850
597477
602529
605174
605808
606228
607207
615697
624514
626748
633764
636877
638462
645368
646878
646958
647767
653412
654731
654770
657951
667174
670233
671268
675778
678788
680019
687492
688579
695276
698069
699360
706351
706706
706824
709088
709975
713896
716462
718696
720115
722051
723837
725089
725694
737006
740748
741027
741915
742110
757745
759113
764408
766925
773691
776218
784428
785658
800366
803428
805938
809137
812202
813253
815442
820507
823832
825393
828015
832593
844206
846261
847003
848962
852482
853022
858690
874381
880362
889724
894658
898274
900998
902608
923829
926456
926473
929073
931143
939567
940098
944246
946160
959152
959869
961024
963426
976961
977690
978387
979195
982235
982784
983232
985438
991383
1004068
1011572
1012961
1017337
1033622
1038873
1039086
1044840
1057278
1064322
1070565
1070876
1071143
1076047
1076059
1076597
1077506
1092743
1092777
1092975
1100135
1101103
1101187
1104232
1104770
1107922
1125165
1127633
1131691
1132591
1132966
1135243
1137382
1143526
1145577
1147912
1149757
1151630
1160023
1161061
1161551
1169786
1176071
1178180
1179952
1186433
1186646
1191285
1194587
1196069
1198988
1210923
1221220
1225772
1236540
1242284
1244697
1245291
1246805
1257974
1259638
1270750
1275728
1278970
1283851
1294673
1301439
1301849
1302744
1302819
1311599
1314167
1317600
1318570
1319510
1320116
1320190
1328405
1332929
1338017
1338058
1345201
1346843
1348093
1352905
1354217
1354625
1358890
1367088
1367189
1368854
1371184
1375225
1382171
1388702
1390325
1402045
1410888
1422676
1425089
1425669
1427683
1428482
1429421
1430028
1434345
1446832
1446916
1458001
1461426
1462982
1463745
1464090
1466193
1472219
1475752
1477647
1490521
1493703
1500159
1502449
1505896
1507647
1512335
1516262
1520119
1525212
1527745
1528187
1529593
1532504
1533950
1535694
1547915
1548204
1548693
1554465
1560854
1570055
1570955
1571703
1580617
1587605
1595608
1603265
1606390
1609279
1612235
1614250
1616583
1621341
1621882
1627437
1637679
1644434
1647510
1649381
1650341
1651350
1652908
1656508
1656925
1657950
1658800
1660359
1663666
1664681
1665463
1667351
1668212
1672809
1688002
1691647
1693888
1694451
1698488
1700829
1704351
1712770
1715251
1715511
1726016
1735974
1742588
1743914
1746960
1757614
1762806
1767123
1767142
1772405
1782190
1784246
1787848
1789767
1795412
1796166
1798213
1798227
1801142
1805690
1823901
1828748
1832814
1834004
1836937
1836971
1837664
1843187
1844289
1847037
1849718
1853176
1858364
1861874
1862217
1870693
1879934
1881892
1884115
1886737
1887851
1888051
1895562
1900055
1901778
1905908
1907299
1911264
1911266
1918951
1921413
1927592
1943448
1954557
1956492
1959932
1961685
1962368
1962804
1967968
1979552
1980358
1982167
1984083
1984602
1985887
1988404
