-1996808
-1994035
-1987743
-1987530
-1986856
-1986031
-1981091
-1970912
-1968340
-1964942
-1961628
-1959745
-1957729
-1955769
-1954398
-1952101
-1952030
-1951961
-1943250
-1930947
-1925674
-1923968
-1922535
-1922001
-1916229
-1913923
-1912927
-1909409
-1901612
-1900128
-1888189
-1885748
-1884960
-1883136
-1877233
-1870837
-1869863
-1867405
-1863518
-1858939
-1858748
-1858184
-1845168
-1835331
-1834417
-1832704
-1832317
-1830731
-1830395
-1820349
-1817225
-1812754
-1812621
-1807490
-1804535
-1801306
-1798122
-1796838
-1791224
-1786297
-1783088
-1777746
-1774836
-1771207
-1765200
-1755722
-1750109
-1748877
-1747413
-1741273
-1733956
-1731005
-1728422
-1725910
-1719621
-1716879
-1714253
-1711895
-1705508
-1698428
-1681965
-1676423
-1667997
-1663670
-1660803
-1659216
-1657277
-1622169
-1609488
-1606799
-1602455
-1600207
-1596954
-1590632
-1584868
-1578804
-1577658
-1571255
-1567891
-1561976
-1552147
-1540957
-1535705
-1535328
-1533334
-1530429
-1529108
-1525147
-1522346
-1516335
-1506535
-1505811
-1502790
-1501431
-1495764
-1495128
-1486955
-1474689
-1453023
-1448065
-1444778
-1444269
-1442572
-1436748
-1435365
-1435324
-1432964
-1424965
-1423232
-1423082
-1413153
-1410387
-1406524
-1404379
-1400449
-1388838
-1387008
-1376230
-1375961
-1374717
-1374309
-1370623
-1358852
-1357802
-1352225
-1344236
-1343086
-1341464
-1326453
-1324817
-1321603
-1315965
-1315503
-1306252
-1301443
-1298891
-1290650
-1287029
-1286906
-1285353
-1282200
-1281843
-1280677
-1277947
-1272572
-1272121
-1265041
-1263022
-1260006
-1258456
-1256090
-1253572
-1252080
-1247509
-1247465
-1243174
-1241675
-1239731
-1234293
-1231230
-1227414
-1225834
-1223358
-1222519
-1215397
-1215390
-1215229
-1214499
-1212542
-1212306
-1207700
-1204942
-1196712
-1195562
-1190388
-1185969
-1180753
-1177402
-1172676
-1171290
-1151305
-1150811
-1144668
-1144592
-1143312
-1135060
-1128788
-1116202
-1114824
-1114566
-1099498
-1093558
-1093102
-1091945
-1083446
-1074592
-1074019
-1073504
-1072066
-1069956
-1066619
-1058793
-1051668
-1048029
-1040205
-1038908
-1035452
-1035340
-1034727
-1033832
-1027535
-1022294
-1020686
-1011151
-1004017
-1002870
-999356
-984898
-977321
-974702
-974166
-972030
-968104
-967056
-964002
-958713
-958012
-949846
-946129
-944714
-939325
-938917
-937817
-934320
-929606
-929171
-909701
-907472
-891581
-885750
-884586
-880349
-871015
-869210
-866439
-858954
-857334
-856822
-856820
-855890
-851158
-847402
-846613
-844495
-842098
-840358
-839318
-834012
-831529
-816853
-809342
-807813
-803118
-802938
-802907
-801188
-794481
-794222
-790030
-783149
-779549
-776836
-776798
-773733
-772473
-758506
-758098
-756155
-755363
-754923
-754279
-748040
-746076
-742302
-740427
-731381
-730262
-726951
-723785
-722326
-717293
-716262
-715482
-713853
-713304
-710274
-710082
-709722
-708410
-707662
-707457
-707400
-696197
-692619
-679180
-672969
-670182
-665116
-665054
-663313
-656343
-655687
-649986
-647579
-647457
-647443
-641555
-637532
-636413
-617690
-614321
-603670
-601912
-601208
-599563
-597511
-596692
-592744
-591429
-586400
-583671
-577814
-577084
-576822
-575580
-573330
-558725
-554090
-553836
-553288
-552517
-550513
-540913
-526739
-519396
-517289
-508827
-506012
-505595
-504301
-502582
-499527
-498096
-493461
-491079
-489004
-486301
-483264
-482820
-476018
-473492
-467551
-466283
-464612
-459590
-456847
-454932
-452502
-443890
-439280
-437995
-427554
-420860
-406372
-404237
-403399
-399315
-395130
-395126
-384484
-382505
-381535
-381093
-364406
-362710
-355803
-355509
-350980
-345306
-340933
-338527
-331098
-330659
-324983
-324828
-323923
-316986
-315869
-315124
-314197
-313576
-301732
-299750
-295310
-291353
-291225
-290623
-284996
-284848
-280176
-279419
-273016
-270527
-265219
-262045
-258046
-257953
-256073
-247052
-245681
-240138
-235495
-235416
-229698
-228244
-218938
-213359
-208419
-204550
-201549
-197682
-185079
-185007
-182905
-172371
-165521
-163141
-162938
-153097
-150919
-148194
-142026
-138555
-136357
-133333
-128035
-126617
-124419
-113795
-110344
-106276
-102439
-102062
-88783
-88401
-88206
-87200
-86384
-82803
-80561
-79936
-77536
-74504
-73827
-67246
-64770
-61330
-57344
-52157
-38015
-33660
-32493
-24416
-18122
-18019
-17740
-14209
-9740
-8950
-5895
2097
21960
24136
25719
26072
33312
33652
35185
42343
46405
71180
71586
73435
73585
77374
78300
84715
87233
87544
87608
92890
96582
99897
101235
104867
105109
107001
113021
117797
120412
123217
128886
128967
132682
136063
138172
139177
140470
143556
151114
174244
174793
179510
185353
193730
194500
196152
199913
201333
201345
208938
235668
238846
248562
252771
257814
267484
267704
276732
286320
286693
289050
289051
292900
295229
295361
303862
305106
306551
310876
312681
327737
331659
334520
337169
340800
359227
363236
368075
369029
374363
377516
379900
380836
381272
384084
388829
398894
403329
404842
408552
408726
408781
409514
415708
419603
419762
426713
431084
432385
433858
434329
434367
434605
445365
445728
446409
450618
454760
455637
459372
471066
472342
484114
493489
496909
498742
501102
512670
514420
517780
542462
549594
552488
557778
562138
567108
568035
571932
574905
576894
578826
579546
579788
580027
582252
582757
591399
592834
593133
593864
604572
611771
612000
615216
617239
628114
635727
640471
645765
646982
651099
660232
669088
671933
677262
688902
692301
695353
696212
698465
701444
711109
718477
722231
722832
730563
732508
733306
737418
744408
750305
757967
762834
766684
773907
782055
782166
791958
795365
797111
797271
798956
801613
811023
812265
820241
824120
835243
838981
843548
846281
851032
856134
856353
858132
863374
865984
870127
870446
875491
875683
875700
881160
881693
882636
892530
893745
899149
903143
909726
915187
915644
918227
920973
922506
922723
928137
930034
933441
936629
946105
947487
947661
954902
956322
956677
959152
966651
967669
968446
968919
977007
978791
980902
981299
983137
983596
986361
987145
992758
992777
994381
994806
994936
996513
999400
1000039
1005290
1009841
1010488
1010505
1021761
1024730
1033012
1034830
1037895
1038800
1040013
1041055
1042992
1047747
1050696
1051082
1058876
1060249
1060416
1060571
1065856
1069384
1072156
1078027
1093009
1093397
1094274
1102707
1103635
1107199
1110322
1113880
1117736
1120172
1122772
1124501
1133145
1142914
1144778
1164500
1169173
1171162
1172644
1173259
1173674
1179823
1188187
1190797
1193670
1196682
1199415
1200897
1200976
1202089
1204156
1205876
1207254
1208355
1208797
1215348
1228890
1232290
1232343
1238592
1239739
1241056
1244957
1257126
1257228
1262829
1264524
1270773
1271419
1280540
1286688
1292368
1296342
1303089
1304754
1307012
1309320
1311562
1321569
1322280
1322593
1323702
1329425
1336789
1351052
1351729
1355588
1357260
1360344
1362323
1371148
1371632
1385572
1392438
1392867
1399497
1401244
1409605
1414175
1419817
1419919
1432249
1437423
1439859
1441443
1443330
1455926
1456671
1458651
1459515
1459994
1470433
1471279
1473379
1482241
1482895
1483214
1483279
1491483
1499280
1501401
1510137
1510597
1511513
1516071
1516724
1516885
1518898
1527225
1527504
1529585
1538035
1539973
1545039
1555376
1555539
1555830
1556144
1556986
1557324
1558832
1563780
1568006
1573755
1575280
1584430
1584515
1588525
1598789
1599387
1605742
1612633
1613386
1619438
1628294
1628498
1629060
1634895
1640192
1642004
1644916
1648224
1653085
1655533
1658823
1659373
1659668
1659968
1673913
1680263
1690307
1690331
1691194
1700079
1703710
1706774
1708178
1717991
1718332
1718890
1720176
1721773
1724498
1725234
1727941
1733425
1738972
1740857
1741596
1742974
1755548
1757841
1763633
1766789
1767139
1778678
1786877
1787460
1790073
1800098
1804812
1807876
1816443
1817057
1829253
1830774
1837735
1838608
1842572
1857064
1857280
1859259
1859356
1861328
1868015
1869064
1874134
1874568
1882587
1891873
1893899
1894378
1907498
1909414
1911206
1915501
1916852
1917724
1924131
1925820
1932278
1935214
1935290
1936368
1939321
1942012
1950730
1951850
1952213
1952826
1955375
1957424
1965692
1968487
1973311
1977401
1982679
1987856
