-1989953
-1988510
-1988458
-1988273
-1985792
-1981865
-1974734
-1974082
-1972325
-1956483
-1956422
-1953246
-1952856
-1946206
-1945217
-1936641
-1935315
-1928315
-1922795
-1920787
-1910796
-1908713
-1908459
-1907611
-1898419
-1896228
-1892332
-1887765
-1884520
-1875000
-1870035
-1861895
-1858766
-1855653
-1855152
-1848484
-1842205
-1840238
-1836791
-1833823
-1833779
-1831348
-1830139
-1823869
-1823347
-1821775
-1810541
-1807389
-1806058
-1802226
-1798130
-1795301
-1790197
-1787554
-1786676
-1784868
-1777635
-1762763
-1761700
-1759087
-1746714
-1734877
-1731686
-1728884
-1713010
-1712406
-1709802
-1706175
-1702429
-1701180
-1692013
-1685497
-1681749
-1668681
-1666935
-1653560
-1651218
-1650715
-1649873
-1644153
-1643062
-1641105
-1635973
-1635394
-1633289
-1626158
-1617646
-1614425
-1612436
-1609874
-1608829
-1606221
-1605175
-1602244
-1596898
-1584351
-1582395
-1578751
-1578143
-1557955
-1555224
-1546947
-1542170
-1537673
-1533928
-1527609
-1521835
-1521535
-1516365
-1515297
-1509307
-1507799
-1504827
-1502131
-1501382
-1499236
-1493291
-1492959
-1492458
-1492207
-1475018
-1466276
-1458275
-1442713
-1441904
-1441888
-1440457
-1427814
-1425208
-1422961
-1422363
-1419217
-1417671
-1417509
-1411779
-1410388
-1405755
-1402838
-1401218
-1398294
-1394236
-1386785
-1369625
-1366595
-1366340
-1365056
-1359302
-1355869
-1353964
-1349381
-1334835
-1331785
-1322720
-1319391
-1317361
-1317200
-1316711
-1316358
-1314864
-1313391
-1305003
-1303440
-1288705
-1280751
-1272296
-1267884
-1267805
-1266938
-1264116
-1254064
-1252222
-1249951
-1241064
-1237847
-1235268
-1221518
-1220443
-1215394
-1212486
-1202756
-1201921
-1198441
-1198379
-1194483
-1182913
-1179811
-1179067
-1172055
-1155777
-1153951
-1150816
-1145007
-1143353
-1137795
-1136569
-1135198
-1119606
-1119411
-1115250
-1106360
-1100347
-1095472
-1095313
-1091571
-1089147
-1087335
-1081744
-1074662
-1074019
-1072760
-1070760
-1062476
-1059245
-1058658
-1049207
-1045726
-1044178
-1041501
-1036022
-1031756
-1029686
-1028311
-1023861
-1015721
-1007685
-1007668
-998486
-994128
-989935
-982626
-981571
-973489
-962688
-961492
-955976
-955764
-953249
-949902
-949136
-942986
-942480
-932933
-927738
-925055
-924441
-918532
-914860
-907787
-905040
-899675
-899407
-897171
-892772
-888520
-882981
-879972
-867712
-865820
-864603
-854637
-850431
-847225
-841917
-839587
-828728
-825840
-821167
-815661
-814096
-811039
-809909
-807033
-792637
-791027
-781878
-776953
-771292
-760619
-757824
-757373
-755110
-754582
-753690
-753640
-749884
-746877
-742235
-724858
-722241
-712789
-710979
-706660
-703789
-697474
-694254
-694078
-693014
-687657
-679094
-678467
-677429
-672417
-668844
-667382
-664487
-659959
-656224
-655199
-653128
-648111
-647901
-646501
-645466
-645187
-644875
-644510
-643826
-633458
-632885
-623677
-613769
-612444
-609742
-606358
-604777
-604461
-598904
-598322
-595044
-579152
-572918
-566312
-565943
-561415
-558040
-553515
-550163
-546486
-540635
-534428
-532980
-532459
-530810
-526513
-523406
-509129
-506300
-500079
-497866
-495764
-494595
-494084
-493402
-490669
-490336
-480658
-479879
-477102
-475916
-475462
-473724
-472744
-466012
-463771
-446541
-435522
-433320
-422231
-419991
-415557
-411178
-410985
-409497
-406231
-402973
-402824
-402696
-402588
-396432
-395420
-391436
-390362
-388709
-386008
-385911
-385003
-380366
-376908
-371236
-369832
-369480
-363072
-361495
-357056
-333848
-332987
-332461
-326766
-321993
-316735
-315085
-302818
-299732
-298468
-297386
-292352
-282094
-280973
-273274
-267171
-258718
-254878
-248656
-240223
-235911
-235848
-235135
-234151
-231296
-229908
-224112
-222324
-222122
-220380
-217972
-215864
-215707
-214035
-212003
-209712
-207217
-203383
-202209
-198992
-196883
-194841
-194646
-191865
-189131
-187616
-173021
-172678
-164228
-162829
-162718
-160768
-156172
-154022
-145569
-142552
-140757
-135432
-130159
-124892
-118333
-118079
-102689
-100102
-98681
-94947
-89434
-89323
-86220
-84159
-80649
-78338
-75773
-74025
-72264
-71795
-70728
-69538
-63497
-55042
-41658
-29740
-28703
-25886
-22723
-16695
-9955
1236
2199
7251
10894
13378
15080
16179
19263
19291
27402
28156
29507
35533
38967
40410
45997
50849
55685
64936
69540
69989
75935
76821
79909
80173
85627
92944
97939
111436
115339
116002
120021
122447
133883
135761
136569
142570
143946
144641
155130
158138
161155
161387
162953
163217
166678
173704
176444
178066
180784
183973
184626
193756
196626
200326
200669
201075
220247
223216
224483
225339
226041
231647
232255
236415
246566
248267
249518
249821
250397
251510
256372
259117
266343
268165
271712
272134
272883
273439
290378
291409
292941
293957
297212
303196
310099
313519
315187
316369
319687
324467
336978
339275
346705
354007
354739
356089
360871
364814
368731
375742
386182
393790
399638
400680
405080
405542
405963
407167
408148
408382
410645
412195
413021
422551
424876
426165
427017
428430
437889
438263
441038
446322
448776
450426
452059
455573
457382
459075
459506
463360
468063
472158
481244
483170
487049
488530
490163
492005
493116
493611
497663
500358
503572
510726
512543
520637
523672
529968
531462
532469
536377
539261
543932
545708
549555
554226
556115
556406
562817
565732
568685
574838
576508
579159
579747
592402
594555
596038
602966
606802
617120
619086
629844
630431
633886
638003
641747
645868
646787
650572
651237
651948
652859
652935
653851
653973
655017
657372
658051
660701
663372
668543
671079
674071
676261
677275
686053
691120
692194
692399
692427
693495
702492
703712
713396
721168
722189
730113
742664
743085
751394
752143
752517
762177
765341
771406
775239
780531
793388
810799
814799
815709
816083
832276
837416
837771
839864
843525
847298
851623
856763
869187
873264
876476
876933
885075
892097
898840
900095
900476
904483
905667
906420
910521
911616
913375
916564
917912
925685
931340
940200
941409
941779
943825
946051
948374
952534
955434
956438
965928
967661
972795
974983
980701
985196
985485
988068
995814
1001581
1006292
1007741
1020131
1025979
1027554
1032195
1033896
1037970
1041307
1042020
1047106
1047600
1057376
1059578
1067247
1082979
1085936
1087745
1094701
1098908
1102687
1108512
1109511
1111125
1112935
1123047
1127933
1131127
1134388
1135354
1135774
1139942
1140027
1145090
1145893
1147779
1150463
1162528
1166115
1167580
1169583
1169829
1181470
1183713
1185095
1188041
1194056
1199812
1200645
1201120
1208032
1208323
1210648
1211436
1211594
1221148
1228685
1236879
1242174
1244612
1246754
1247332
1252817
1260164
1267786
1271589
1275437
1276703
1277835
1281295
1281776
1283169
1291652
1299400
1299958
1307851
1308897
1318510
1327006
1328183
1336746
1338410
1345661
1355422
1357448
1357962
1359133
1362286
1369053
1374691
1376497
1377294
1385141
1393409
1394141
1404699
1406636
1407554
1410895
1414982
1424765
1426262
1430456
1437322
1437820
1438226
1451294
1452311
1460368
1463625
1464895
1467062
1476055
1479280
1492535
1493393
1503626
1514396
1523210
1523346
1523668
1523770
1532866
1546912
1550495
1551836
1563041
1565818
1568727
1572223
1581750
1593568
1595715
1598267
1605751
1610907
1611106
1616633
1617009
1622121
1622307
1623317
1623425
1623627
1626565
1628429
1629221
1638819
1639032
1640461
1642664
1651568
1652371
1654938
1660439
1670650
1672525
1672738
1672844
1681413
1683692
1686305
1687420
1687868
1689836
1690801
1690904
1696558
1700864
1702510
1703349
1704863
1706526
1706855
1711628
1719284
1721031
1723958
1725185
1725496
1725587
1731083
1733042
1739105
1742291
1760169
1762003
1766420
1767439
1775171
1776542
1778191
1795227
1801677
1812104
1814438
1815483
1817317
1822639
1834251
1834293
1835938
1838188
1848587
1856452
1858248
1863402
1864353
1870350
1874895
1878340
1884252
1891813
1893944
1894024
1897095
1898567
1900329
1902371
1906573
1907229
1908553
1909088
1911430
1919264
1920434
1923984
1926197
1933971
1935361
1949306
1956464
1959418
1960878
1963427
1966236
1966395
1967358
1970513
1975849
1978364
1986507
1990029
1991539
1991614
1992944
1996695
1997085
1998867
