-1998356
-1996243
-1995196
-1992944
-1983927
-1979272
-1967296
-1965297
-1964608
-1964533
-1963165
-1957159
-1946819
-1941753
-1925027
-1919627
-1917255
-1914051
-1913020
-1903985
-1897259
-1893591
-1888698
-1884773
-1884401
-1884018
-1879205
-1876484
-1869001
-1867290
-1863566
-1863555
-1859123
-1853842
-1845836
-1845390
-1838061
-1834180
-1832846
-1831500
-1829616
-1829257
-1824728
-1822314
-1821478
-1820259
-1814617
-1811461
-1810350
-1804188
-1796670
-1782905
-1782456
-1777839
-1774687
-1772201
-1772172
-1770681
-1767740
-1763308
-1762969
-1756792
-1755654
-1754865
-1750301
-1749370
-1746283
-1745482
-1742174
-1741449
-1733873
-1728619
-1724587
-1724120
-1720024
-1716408
-1710093
-1707071
-1705440
-1702735
-1701703
-1698679
-1697143
-1696635
-1695273
-1695225
-1694608
-1683143
-1681794
-1679393
-1671251
-1665877
-1663486
-1659107
-1648970
-1646358
-1645857
-1645351
-1641964
-1641534
-1640905
-1638740
-1638712
-1628529
-1621680
-1621540
-1618689
-1608647
-1608222
-1603053
-1602258
-1597806
-1597471
-1591717
-1590420
-1584886
-1584112
-1577726
-1575158
-1567207
-1561791
-1558984
-1558784
-1556982
-1556027
-1538972
-1537296
-1527799
-1523220
-1523000
-1515201
-1514204
-1509854
-1508394
-1499373
-1489251
-1487099
-1480788
-1467993
-1466189
-1458516
-1454309
-1450185
-1446540
-1442981
-1437439
-1436598
-1426658
-1421893
-1411845
-1411419
-1411220
-1407003
-1406436
-1397875
-1373982
-1366799
-1363297
-1361663
-1359050
-1351120
-1340535
-1338728
-1336690
-1322233
-1321068
-1320522
-1313756
-1313232
-1304057
-1298711
-1286552
-1284607
-1284244
-1270259
-1262943
-1257322
-1255327
-1252873
-1249735
-1247642
-1241792
-1237750
-1234047
-1222151
-1215926
-1215441
-1215140
-1207633
-1198994
-1196331
-1192980
-1192257
-1174090
-1166837
-1166835
-1164213
-1161733
-1161335
-1160646
-1151973
-1150825
-1146915
-1140562
-1138687
-1133694
-1133191
-1132217
-1128154
-1114514
-1112561
-1110516
-1097562
-1083713
-1083041
-1082294
-1071031
-1070968
-1070373
-1069316
-1048959
-1048291
-1035008
-1022913
-1022466
-1022281
-1021495
-1021347
-1015966
-1008945
-1000568
-998860
-994830
-979436
-972398
-972264
-965312
-964192
-951591
-942363
-940679
-940551
-934861
-926579
-925873
-917438
-903320
-898700
-897062
-894765
-892846
-886053
-882235
-874049
-867424
-864386
-859883
-858370
-850353
-849472
-842516
-836345
-833445
-832339
-830351
-826837
-810118
-801868
-799527
-797070
-796808
-794543
-793815
-786722
-785251
-784438
-784390
-780786
-778135
-777907
-774302
-769285
-768031
-766343
-761354
-761299
-752454
-749554
-739471
-738155
-735671
-734142
-725142
-724130
-722649
-717818
-715917
-715770
-715097
-713346
-711480
-698525
-691085
-690941
-684212
-675586
-673301
-670680
-667462
-664065
-658930
-655621
-652815
-652162
-650466
-648203
-647597
-641725
-638583
-633928
-627117
-626515
-626163
-614054
-608641
-606528
-597511
-595497
-593827
-593431
-589067
-587353
-586102
-581650
-579364
-576085
-569255
-568412
-567613
-562118
-547250
-546457
-538325
-524412
-520299
-517803
-516843
-516265
-509882
-503526
-496168
-489587
-484856
-478211
-472461
-471844
-460756
-448387
-438027
-429370
-426207
-420943
-419481
-416138
-414668
-414310
-412084
-410449
-409829
-405832
-405313
-403752
-403042
-401807
-395249
-393253
-392401
-390733
-388668
-388599
-384791
-381606
-378028
-376757
-369351
-368195
-348409
-346968
-343794
-337421
-331409
-329853
-326414
-317613
-317384
-308145
-296559
-294397
-292221
-290722
-290400
-289343
-279872
-279343
-277452
-272968
-262194
-243473
-242510
-241523
-241251
-240970
-238655
-234535
-232780
-229969
-228470
-221706
-221536
-219682
-218262
-217979
-216148
-206727
-205355
-200806
-200804
-193656
-193541
-184253
-179746
-178851
-176028
-171023
-166035
-162020
-157749
-147358
-140801
-140118
-139628
-138517
-138132
-132847
-131121
-126464
-119459
-110524
-109919
-109462
-105052
-104842
-100495
-98015
-92820
-90769
-89800
-83530
-82018
-79797
-70067
-68004
-66313
-59970
-55678
-52184
-51279
-48641
-36868
-18625
-18056
-16588
-13735
-4993
-4924
1834
4912
5171
14126
16593
16827
18753
26628
28225
35852
37076
41411
41614
44737
44860
51117
57706
58576
59468
76536
78737
80101
83844
84946
91157
94725
101969
105962
108161
111099
111378
114557
141016
148498
154468
155061
156160
159748
161334
161364
166095
167869
178410
180524
182582
187954
189916
193172
193223
194933
196601
203086
209256
210413
210611
213347
215111
215160
216952
218672
219690
220817
220959
221927
221958
234479
235505
237120
243219
243722
248304
249162
252272
258282
267297
267985
273398
281167
285896
289605
293945
298519
309015
311058
322728
326102
328446
328468
335103
337183
343817
345487
348910
350240
352555
358305
359924
361429
361976
364885
365311
367532
368791
374377
378251
384904
387493
388635
393107
395308
399552
401937
402750
405042
405660
406360
407472
416349
421941
422186
423871
430200
430883
436446
440106
440126
444061
446940
449085
453618
454596
455088
457461
459755
460899
464977
465700
468668
479595
481880
485983
487865
492920
501828
507057
508608
511198
515810
526056
527563
529659
530156
537594
543232
546972
550754
551794
553465
557936
559042
565680
572092
575143
575915
584957
586543
591810
596988
597859
599171
603472
605847
617135
619150
626970
633332
641678
645286
646617
647348
648448
654061
655538
655542
659289
659685
660887
662651
664062
666000
671118
683204
686421
686909
686945
690303
692753
696540
699620
702331
702474
707147
714290
716803
719487
719905
724741
727908
728012
737835
744371
745903
755454
757318
762889
769424
772140
773814
781008
786510
795289
803545
808823
808824
810112
818700
832129
841234
843603
849234
849424
858453
863074
864491
870915
871112
876915
881014
887640
900181
902875
909910
910948
919332
922792
927166
932110
933319
936879
938057
947938
948022
950071
951197
957786
965465
965602
978844
985677
986917
987067
988623
991161
992207
1000210
1000793
1003742
1005597
1013814
1022974
1037534
1045223
1052511
1058696
1065320
1071665
1075122
1077255
1077662
1081162
1082699
1085076
1085562
1091107
1091669
1093341
1102215
1104897
1108107
1108252
1108272
1109065
1109897
1112168
1113615
1115156
1130029
1131782
1135072
1141544
1161543
1166393
1168762
1174875
1184868
1191960
1195624
1199864
1216400
1216958
1218819
1220319
1221666
1229601
1235358
1241511
1243379
1250635
1258346
1260071
1266349
1269887
1270149
1271332
1284671
1285467
1292894
1294936
1297727
1300836
1301566
1304024
1304486
1307847
1310411
1312433
1312570
1313462
1314820
1325175
1330497
1331584
1337518
1339478
1342336
1343717
1347069
1348075
1348679
1354309
1357204
1362838
1364310
1369853
1375418
1377051
1377640
1380736
1383358
1385354
1394353
1397718
1410496
1413303
1415267
1415714
1417164
1420989
1426018
1426387
1428896
1432247
1433177
1436928
1437428
1443982
1445462
1452782
1457384
1469102
1482540
1482541
1484322
1491667
1494255
1504174
1504245
1508451
1512377
1519566
1529012
1534630
1544776
1545051
1546089
1549766
1551119
1557875
1558455
1563779
1566184
1566252
1566676
1567789
1568290
1570202
1571741
1574135
1578002
1581753
1588674
1594467
1594659
1596602
1602473
1602963
1604021
1622970
1623831
1626176
1635027
1636777
1636895
1638099
1645753
1652537
1658123
1660448
1662801
1663027
1663655
1663729
1667648
1668727
1671233
1672069
1683097
1685880
1698884
1701418
1701699
1703319
1705366
1706814
1708940
1712147
1718030
1724138
1734528
1735858
1737753
1742494
1745597
1747608
1752004
1752132
1754259
1756442
1758167
1765634
1766149
1766406
1767276
1773747
1779909
1781594
1782718
1783556
1798371
1800625
1809216
1812996
1819456
1821511
1823300
1825368
1825806
1827403
1831871
1836744
1849645
1853730
1853881
1858565
1860035
1860699
1860857
1862284
1864267
1866679
1868404
1868430
1871056
1882216
1887505
1888260
1890708
1893505
1903224
1906309
1910253
1920030
1923877
1924425
1926065
1929183
1931844
1932693
1937533
1939414
1941708
1943448
1950722
1950958
1955089
1961352
1972536
1975840
1976299
1976877
1981975
1983227
1987643
1990616
1995369
