-1999751
-1995097
-1989440
-1988572
-1982270
-1982037
-1978807
-1975513
-1975242
-1973457
-1966161
-1964546
-1964112
-1962352
-1962335
-1955312
-1949924
-1949791
-1943294
-1943069
-1940544
-1939377
-1930541
-1929288
-1929003
-1928892
-1918390
-1918037
-1917555
-1915474
-1914888
-1908881
-1903453
-1900761
-1900425
-1898264
-1897289
-1886267
-1880748
-1876731
-1865419
-1862285
-1860989
-1860844
-1860054
-1858859
-1847061
-1844297
-1844137
-1840754
-1818576
-1818054
-1815983
-1815853
-1803896
-1803319
-1776754
-1766698
-1763457
-1757839
-1755636
-1755533
-1751243
-1746625
-1729926
-1728897
-1724779
-1716175
-1703784
-1699890
-1698349
-1698327
-1697313
-1685256
-1681157
-1679600
-1674872
-1673463
-1670678
-1664224
-1663728
-1663239
-1662381
-1661561
-1656959
-1653026
-1648867
-1643384
-1637305
-1637010
-1635870
-1629564
-1625666
-1618951
-1600896
-1600823
-1600798
-1595798
-1568881
-1566907
-1560426
-1553781
-1552225
-1550028
-1549394
-1546241
-1538799
-1536269
-1518758
-1514567
-1513183
-1511087
-1501814
-1496655
-1494224
-1483437
-1474425
-1474160
-1470645
-1467061
-1463413
-1461542
-1454690
-1453341
-1449690
-1447426
-1446710
-1446670
-1437706
-1436945
-1435638
-1434393
-1434127
-1430086
-1429571
-1425906
-1422892
-1421750
-1420779
-1415993
-1413795
-1412218
-1410154
-1410137
-1409825
-1408487
-1404015
-1403075
-1394299
-1391302
-1389197
-1377211
-1371228
-1366699
-1365141
-1360579
-1358640
-1357453
-1353885
-1347908
-1347446
-1347161
-1343100
-1334501
-1332758
-1330153
-1329303
-1309349
-1301715
-1300493
-1295704
-1286753
-1285057
-1278844
-1274565
-1266193
-1264784
-1262654
-1252392
-1251590
-1247549
-1246341
-1240335
-1236043
-1235833
-1233527
-1232327
-1231519
-1226665
-1219602
-1219040
-1212963
-1210849
-1210545
-1209388
-1198630
-1196643
-1191368
-1190361
-1188947
-1187721
-1184816
-1175338
-1173239
-1172839
-1169241
-1163556
-1163104
-1161271
-1159654
-1152729
-1147434
-1146855
-1145134
-1143569
-1137873
-1133494
-1131726
-1128026
-1117481
-1103045
-1099605
-1097485
-1097388
-1096467
-1089010
-1086124
-1083838
-1080751
-1076298
-1074500
-1070235
-1068871
-1064652
-1061776
-1055160
-1052676
-1049379
-1047739
-1046912
-1045945
-1045269
-1044468
-1037703
-1036626
-1034394
-1031484
-1030542
-1030450
-1030241
-1025582
-1025211
-1021461
-1020233
-1016241
-1015081
-1007118
-1000159
-999663
-996856
-995554
-992648
-976163
-974699
-966236
-963886
-962710
-958728
-957944
-957554
-952160
-944108
-942314
-936772
-927695
-927026
-923050
-922084
-920652
-917471
-916908
-915435
-907468
-906507
-904010
-901944
-900079
-890205
-890144
-888359
-876228
-873219
-870533
-869449
-864693
-860934
-860448
-860410
-852357
-843508
-842456
-835734
-835326
-833692
-831614
-829669
-827455
-825780
-825231
-823136
-814253
-805343
-799991
-797849
-790856
-788039
-786425
-781826
-778130
-775414
-775054
-774890
-759074
-754244
-752965
-752404
-749260
-744135
-744119
-743936
-742053
-737696
-719580
-719015
-717258
-716690
-713568
-708150
-707878
-706857
-704688
-702647
-699445
-696368
-685814
-679463
-678357
-676539
-672710
-663395
-662910
-659127
-658922
-656853
-655578
-652960
-642118
-635784
-632203
-618793
-616149
-616039
-613952
-611826
-608177
-603070
-600599
-599020
-598709
-595599
-591811
-584067
-578673
-573379
-572892
-567309
-566316
-563631
-562835
-562282
-552807
-548914
-546975
-546793
-541881
-539678
-539629
-533326
-527001
-522602
-522170
-519487
-518635
-515358
-510516
-506897
-504659
-500897
-498476
-495807
-491597
-491285
-486306
-484073
-482109
-471650
-469845
-468139
-447343
-444890
-442606
-441941
-433341
-422751
-418584
-415779
-407528
-403187
-391174
-386037
-382700
-379966
-378030
-375054
-369730
-368709
-363829
-362579
-356713
-356535
-334830
-328499
-319780
-315665
-308861
-308515
-302747
-302576
-302018
-298562
-298009
-291392
-287785
-283624
-282080
-281541
-281251
-271238
-268690
-267272
-266247
-264673
-263857
-261776
-253522
-239068
-238126
-237196
-236457
-235406
-234137
-230208
-228567
-216230
-214762
-213246
-209581
-197536
-193688
-184024
-181844
-178481
-178171
-165506
-164334
-156768
-152939
-147430
-146874
-146333
-135699
-131728
-125590
-116423
-109081
-107118
-100661
-97042
-96892
-84109
-81893
-78511
-67797
-66553
-65876
-65333
-59864
-57180
-55653
-55479
-47606
-44450
-42903
-37833
-36446
-28814
-21617
-13187
-13020
-3450
1385
6544
7508
8381
10257
11670
15442
20473
23096
27509
30662
33806
39015
39824
47505
47628
51302
54085
58880
64027
66315
68037
73792
74919
80420
84508
88253
90611
106623
123430
123722
128153
129165
132817
133450
136205
136574
147479
148063
151870
153297
159511
160090
184876
187318
190530
192027
193972
210687
212688
218336
221113
221136
227774
229278
229725
229929
243086
243169
245716
248727
253334
253365
253698
262563
281543
282676
284305
287316
287836
290547
292658
295107
297593
299552
310475
310940
311864
318863
320888
322162
324865
328204
329290
344133
352102
354456
356574
361811
366833
370637
371759
376067
376757
376815
378060
378634
384086
389312
394339
399982
400366
402678
405135
407818
413941
419730
424166
425431
426120
428378
429978
438749
440946
441579
446196
447016
455024
455149
457073
458344
472377
476878
478091
483704
512280
519251
524213
538584
543942
546259
553369
553645
560940
568294
573366
577963
579188
581785
582864
584645
586300
592807
592925
600994
602783
604437
609427
612858
619223
619876
619927
619983
624369
626926
628223
635212
635608
642731
649914
655901
657464
660076
669783
675968
682834
683339
685479
685628
686322
690797
693234
704044
705252
709732
713233
726747
739038
744656
753863
755048
755855
759227
760016
774633
784091
790129
795034
800657
803603
804273
806635
807805
809306
821674
823722
824555
829826
832803
835775
838593
843453
845286
848232
852309
853606
856756
860316
864974
885480
885481
886709
891475
901146
903894
905591
911206
912895
917724
926997
927479
931089
936625
946583
949695
952307
964765
974014
975603
978098
978531
979931
981740
984905
990422
990522
990817
995571
1010947
1017510
1017644
1024162
1032593
1035279
1038417
1040743
1045146
1046335
1046655
1046974
1050320
1051799
1054482
1055533
1055555
1063369
1064508
1064877
1078969
1092610
1094354
1095903
1101219
1111330
1112578
1112628
1115169
1117444
1118895
1122270
1123410
1126790
1130286
1137605
1142427
1144166
1150627
1157449
1159806
1167528
1169625
1173193
1177858
1188197
1191855
1194627
1201438
1201873
1202582
1204502
1205701
1207492
1211389
1215710
1221121
1221772
1223498
1226504
1230127
1240875
1242472
1242923
1250201
1255057
1260414
1261328
1273772
1284847
1290057
1294125
1295199
1298701
1302433
1310890
1311920
1313822
1317514
1326554
1330733
1333044
1333126
1333475
1341038
1342986
1346819
1357132
1358449
1359677
1359857
1361852
1365765
1371606
1372915
1380230
1380461
1387106
1393769
1399472
1401800
1402125
1402178
1402244
1404208
1404416
1411624
1415348
1416861
1421711
1423571
1424741
1427219
1430971
1434077
1435947
1446621
1448531
1450225
1452952
1453233
1453358
1454360
1456620
1457122
1471766
1473940
1489776
1501872
1503655
1503896
1505841
1508106
1513512
1513683
1513821
1514602
1517329
1521184
1522603
1526261
1531203
1532095
1536496
1540007
1540068
1554112
1555786
1572152
1574147
1580558
1592868
1597546
1604740
1606242
1606627
1609272
1613997
1614107
1617266
1619070
1622923
1631053
1634013
1643469
1643538
1647743
1649265
1655972
1661547
1673793
1683081
1695747
1698574
1700262
1706016
1707685
1712377
1713621
1717826
1718504
1724780
1726202
1733219
1736094
1740206
1740803
1745156
1749048
1750746
1758849
1761784
1765644
1783945
1786464
1789950
1790028
1790836
1792716
1802039
1806448
1823284
1827119
1834047
1840766
1845624
1846351
1847788
1850060
1850396
1850954
1855960
1856277
1858979
1867337
1867345
1876371
1881048
1885506
1892757
1902884
1919196
1920734
1923985
1929084
1930608
1933986
1936447
1937048
1937924
1941183
1943599
1943768
1944579
1949583
1965578
1965630
1966649
1969366
1974411
1974882
1983258
1984653
1986245
1986707
1988251
1989015
1991146
1992383
1993499
1999505
1999616
