-1996282
-1994382
-1993416
-1993044
-1990945
-1990875
-1990337
-1977947
-1971828
-1963479
-1959322
-1954839
-1953053
-1952223
-1951700
-1947460
-1947304
-1944364
-1940784
-1933519
-1930673
-1924983
-1922903
-1921919
-1921168
-1916630
-1916136
-1910695
-1907814
-1906979
-1899595
-1899364
-1899234
-1896236
-1885158
-1884264
-1880981
-1878415
-1874597
-1869449
-1867507
-1865440
-1858953
-1858386
-1855489
-1851211
-1851047
-1850333
-1839608
-1823138
-1822699
-1818638
-1815723
-1811225
-1805421
-1800709
-1798975
-1798665
-1797170
-1789947
-1786182
-1784293
-1781900
-1775222
-1774585
-1773885
-1766223
-1765084
-1763396
-1763159
-1760585
-1751496
-1749163
-1749114
-1741941
-1731503
-1729401
-1725377
-1721207
-1721171
-1717772
-1715351
-1711335
-1698589
-1692849
-1690313
-1689376
-1682852
-1681122
-1676852
-1675193
-1673256
-1671299
-1670652
-1669914
-1668436
-1663322
-1659524
-1657266
-1656547
-1650054
-1644147
-1638806
-1632883
-1629761
-1629385
-1622682
-1616071
-1613393
-1613101
-1611168
-1610011
-1605937
-1602890
-1600412
-1600393
-1599240
-1598346
-1593493
-1580062
-1578765
-1571156
-1557174
-1554558
-1552973
-1551463
-1548697
-1545710
-1542883
-1533392
-1531172
-1530878
-1529322
-1528010
-1527819
-1524062
-1523190
-1515386
-1513891
-1507387
-1504617
-1504156
-1501241
-1497499
-1493105
-1489803
-1485749
-1485267
-1479888
-1471802
-1471798
-1469467
-1469151
-1469110
-1468925
-1466016
-1464660
-1462653
-1461191
-1460732
-1456961
-1447703
-1443105
-1430596
-1428306
-1425116
-1420869
-1413866
-1412465
-1408856
-1401652
-1399876
-1399469
-1396182
-1392078
-1391259
-1382289
-1380303
-1371277
-1368299
-1362610
-1358241
-1354053
-1352461
-1351469
-1336746
-1333568
-1330888
-1330451
-1321535
-1320541
-1316756
-1311173
-1309593
-1306554
-1289750
-1287140
-1286353
-1283061
-1281506
-1278449
-1277567
-1272678
-1259451
-1255711
-1255191
-1253709
-1251114
-1250025
-1248489
-1248143
-1247497
-1246248
-1245304
-1244450
-1240799
-1240740
-1236194
-1235702
-1235467
-1229561
-1217480
-1215961
-1214789
-1211731
-1211601
-1205975
-1205779
-1205278
-1188191
-1182291
-1175325
-1171305
-1169178
-1168253
-1161796
-1159330
-1157869
-1154487
-1153799
-1152449
-1150167
-1149201
-1146542
-1142407
-1140462
-1131575
-1128498
-1126511
-1124475
-1124080
-1120387
-1118542
-1115154
-1100494
-1100458
-1100410
-1099403
-1099212
-1096227
-1087970
-1082226
-1077309
-1075898
-1074593
-1070469
-1070108
-1069454
-1060046
-1056580
-1049408
-1046314
-1045182
-1039349
-1038733
-1035591
-1030029
-1029099
-1018344
-1018265
-1017649
-1009656
-1003341
-998339
-998283
-998240
-996123
-985993
-985765
-972781
-970711
-969675
-966348
-963106
-962300
-961295
-954252
-951982
-950506
-940097
-936907
-929535
-927309
-916388
-915471
-913875
-911453
-909636
-893338
-891956
-891097
-890422
-890366
-889789
-885729
-877434
-875070
-874264
-873736
-872548
-869244
-868864
-868616
-864195
-858283
-850514
-846672
-846199
-845614
-841948
-839942
-838784
-838254
-836906
-836033
-835538
-835494
-835387
-834381
-834137
-830912
-830869
-830629
-828704
-823361
-822886
-817466
-809286
-806334
-803076
-802408
-798029
-794317
-792130
-789176
-788388
-788298
-783325
-782862
-774375
-763497
-759251
-759048
-758620
-758599
-740012
-739369
-734934
-729815
-722518
-722062
-716485
-716475
-705392
-694469
-690548
-683320
-683163
-681728
-681136
-676858
-671063
-665423
-660023
-656002
-639876
-638404
-634443
-628054
-626443
-623038
-621185
-609838
-608783
-608400
-607695
-603319
-600247
-597508
-589834
-587400
-579938
-579479
-577365
-569501
-565613
-562409
-560405
-557355
-551382
-547016
-539140
-537787
-534812
-523411
-522556
-521600
-515151
-511234
-503662
-499831
-491443
-490113
-489236
-484901
-484513
-482170
-476235
-472554
-467699
-466383
-466124
-465515
-463332
-462729
-459704
-459310
-454386
-443217
-437168
-434383
-431804
-426403
-406861
-386588
-385457
-385040
-384404
-382500
-378844
-376953
-375036
-374484
-364649
-362148
-361429
-360959
-358140
-342058
-341772
-338338
-335098
-333477
-329487
-320891
-319736
-317926
-317445
-309709
-303079
-300860
-299906
-299143
-296982
-289171
-287777
-287631
-286652
-284904
-278361
-269520
-266804
-266079
-264890
-260193
-250398
-248370
-246724
-242482
-239990
-237111
-229247
-225272
-219008
-215999
-209888
-208173
-205508
-195542
-193646
-190114
-187907
-184954
-184484
-174568
-173750
-171544
-168635
-168603
-160289
-155293
-154767
-145679
-145290
-138738
-133421
-124481
-122007
-120058
-119083
-116908
-112712
-110522
-109378
-95883
-94895
-92852
-89895
-87547
-76542
-71589
-68551
-53710
-48831
-45418
-42100
-37286
-37274
-33226
-21541
-20685
-16149
-14934
-12335
-1921
1486
8273
10410
12296
14346
27152
30605
47203
47971
61369
64018
65623
66868
69880
84241
84475
84884
84953
92486
97989
103981
106071
108775
111452
118874
120371
129603
130829
132521
137281
148833
148979
153116
154025
160956
162535
165373
166143
171318
175684
185634
186056
187939
204019
204573
205892
206814
210976
211781
214721
226218
230659
240214
248153
251709
253943
257568
258952
262390
263731
267391
270090
279945
281077
296557
300290
310538
317370
317891
318574
327638
335928
337091
338873
350955
351749
359255
360496
362503
364003
367157
367262
371503
375704
378688
395471
395732
397965
398972
401472
404432
407028
412504
417989
418973
421315
424089
429591
438924
447632
453230
455582
460468
462437
462720
463947
465505
466935
468795
475091
482008
483787
492622
506157
506680
508918
512302
514022
514756
516519
529362
533077
552410
556414
556436
557255
557358
563510
565725
569054
572622
576520
580566
585731
585819
590038
601209
602748
610409
618181
623776
630195
631048
646218
646504
647811
649601
652917
653364
659009
676135
676323
686448
687075
688219
688883
693457
696231
698529
702197
702463
703130
709610
711002
716425
720085
725654
731611
732340
733808
737260
738070
741825
741843
750545
756709
769527
780368
786016
786880
787866
792383
801855
805486
808244
810462
810520
811543
816375
818253
820520
832396
834117
840543
849012
854661
859931
861309
861666
864948
873466
876381
879953
880387
881199
882989
901510
902846
910315
913651
929653
941226
947784
947891
950214
950872
958316
969208
972872
974313
974394
975032
975541
976813
977862
983734
985154
996698
997332
998346
999162
1005904
1011931
1014354
1030929
1038064
1038206
1038817
1044881
1047059
1053797
1054572
1055059
1061658
1063118
1070667
1071278
1094074
1094420
1100215
1102567
1113179
1117487
1120207
1121564
1130881
1132289
1134988
1141326
1163301
1169900
1176963
1178904
1180366
1183825
1195843
1199172
1203584
1205051
1207845
1216625
1238345
1239248
1251771
1267388
1275357
1282172
1285587
1290834
1299607
1299844
1300855
1307707
1308230
1308940
1310880
1313641
1316218
1331470
1337875
1344738
1345551
1347644
1349341
1351200
1359118
1362301
1370242
1371788
1379277
1381234
1383300
1394538
1399968
1401647
1407187
1410282
1411848
1417280
1419028
1420808
1428963
1441302
1445002
1445313
1445701
1448903
1451032
1451912
1454546
1458881
1465693
1474250
1476393
1478158
1479815
1480730
1482132
1485712
1486221
1491429
1503124
1504402
1521735
1527420
1537022
1541939
1547233
1549995
1550502
1552399
1558401
1562115
1567596
1568820
1572866
1581516
1584276
1584840
1589338
1589669
1608667
1610560
1611770
1612997
1613944
1618637
1622322
1623703
1624935
1625190
1636572
1637982
1638445
1645559
1648488
1653939
1654708
1659697
1672035
1674163
1678429
1685228
1685590
1688641
1703087
1707321
1710935
1713613
1721517
1725236
1730110
1732872
1735099
1735449
1739291
1739602
1739894
1741427
1741782
1744468
1749749
1754676
1755958
1764744
1767744
1769190
1770954
1772053
1772070
1772731
1775529
1775583
1778570
1779815
1793630
1797338
1800370
1810734
1812409
1821676
1822153
1829396
1831463
1832287
1833902
1834428
1836052
1845268
1846231
1860693
1862352
1871544
1875665
1876354
1890862
1893382
1899873
1900212
1919477
1923910
1924827
1925135
1929164
1930187
1934293
1936888
1937991
1938001
1940944
1943413
1944587
1945979
1949016
1949547
1951402
1956583
1962459
1966204
1969211
1972340
1974982
1982849
1990345
1990743
