-1996195
-1992203
-1990253
-1979480
-1977114
-1976759
-1972578
-1970848
-1965939
-1965569
-1958982
-1956454
-1954669
-1953216
-1952534
-1949577
-1947159
-1941281
-1938943
-1933384
-1923757
-1920833
-1917539
-1908539
-1893395
-1891602
-1886678
-1886482
-1883835
-1880833
-1876814
-1872542
-1868988
-1858055
-1854561
-1854390
-1852419
-1849502
-1842736
-1841850
-1838063
-1836793
-1835463
-1831872
-1819691
-1819530
-1818950
-1818559
-1809246
-1807969
-1804820
-1803825
-1802404
-1798949
-1797695
-1792559
-1781628
-1781584
-1779686
-1778286
-1765779
-1754809
-1753877
-1746315
-1743567
-1739342
-1737952
-1737483
-1733723
-1733669
-1732331
-1730535
-1707668
-1692357
-1686949
-1683045
-1681943
-1676037
-1667264
-1666312
-1664507
-1658991
-1657606
-1646718
-1642821
-1640618
-1639094
-1634732
-1629548
-1627991
-1621470
-1618238
-1617742
-1613507
-1612900
-1612625
-1608970
-1604855
-1601316
-1599262
-1592657
-1587215
-1585579
-1584888
-1582121
-1574053
-1571719
-1570911
-1569254
-1568054
-1563187
-1560718
-1560562
-1555808
-1550109
-1547921
-1543157
-1531096
-1526646
-1525928
-1523998
-1519917
-1517004
-1511423
-1510815
-1507515
-1502846
-1501972
-1477168
-1476717
-1475116
-1473536
-1464038
-1461628
-1448038
-1437780
-1437072
-1436631
-1436158
-1435903
-1431725
-1427206
-1426807
-1426214
-1424815
-1417140
-1411693
-1397644
-1394617
-1391276
-1382647
-1381003
-1378943
-1376209
-1374680
-1372271
-1370996
-1369677
-1365489
-1355348
-1352549
-1343219
-1343062
-1341707
-1339075
-1338983
-1336388
-1328392
-1309970
-1308614
-1303659
-1303349
-1302584
-1302566
-1301344
-1294104
-1285574
-1283010
-1279639
-1273894
-1266933
-1264432
-1262773
-1257126
-1256915
-1250910
-1248887
-1236835
-1234962
-1229310
-1227457
-1223404
-1220740
-1216652
-1212535
-1210158
-1206183
-1206039
-1188357
-1185516
-1181126
-1177864
-1177085
-1170298
-1169038
-1159811
-1157420
-1151959
-1144881
-1141560
-1140597
-1136011
-1124729
-1124724
-1117469
-1108730
-1097973
-1097563
-1094570
-1076877
-1065956
-1063376
-1059573
-1057151
-1055988
-1052900
-1051230
-1045867
-1036519
-1035740
-1032844
-1032112
-1030108
-1027372
-1017784
-1014683
-1011003
-1009971
-1003995
-1002677
-996202
-995039
-990359
-990318
-984014
-982508
-980476
-977288
-968411
-963399
-959926
-955345
-955103
-939791
-938475
-929425
-916124
-913121
-904861
-903668
-903394
-891889
-891006
-888219
-887641
-884396
-882517
-876905
-876549
-868238
-863101
-858108
-856085
-856015
-854536
-854520
-842637
-839772
-834432
-831789
-828453
-823244
-814544
-807044
-802608
-797881
-794295
-790662
-789532
-782413
-769142
-762810
-758095
-750521
-744095
-742223
-737038
-733854
-731507
-725448
-725432
-723352
-708347
-697186
-695246
-680425
-679556
-661157
-655734
-653804
-651974
-651073
-647860
-646235
-645929
-637260
-629237
-619405
-610259
-606415
-605188
-594668
-593718
-591013
-589984
-587811
-582589
-581614
-579233
-577077
-572978
-572096
-554017
-553464
-550654
-548780
-546435
-538018
-536596
-531839
-531580
-518835
-505745
-504437
-499745
-497805
-496528
-493414
-489553
-485453
-484394
-483937
-480659
-469972
-468578
-462611
-460320
-459218
-457320
-457141
-451979
-451656
-451216
-450567
-446193
-440696
-435216
-433649
-420504
-419926
-415200
-411456
-407849
-407775
-401962
-401394
-399190
-393226
-393181
-392059
-391580
-389976
-389710
-389357
-381660
-380950
-371049
-364105
-352511
-351679
-351249
-350805
-345545
-344024
-339842
-327122
-326754
-324687
-323747
-313847
-308845
-306634
-301851
-296027
-292859
-280138
-273385
-270787
-269363
-268998
-267985
-252193
-247065
-246943
-245908
-244676
-243453
-234119
-231904
-231013
-228735
-223502
-218180
-217665
-217106
-207052
-196770
-194632
-187552
-184442
-184428
-179887
-174493
-174070
-166246
-162957
-161336
-158054
-144855
-142575
-139243
-135996
-132449
-131297
-131077
-126924
-118125
-116096
-115825
-109288
-96166
-90724
-84289
-83366
-81626
-77609
-73289
-70670
-69742
-68539
-63533
-60691
-59789
-57821
-45172
-43774
-42535
-34895
-33687
-31793
-21180
-20703
-10325
-9591
-3802
-3546
749
1208
14570
17366
18456
19484
20383
35100
36135
48048
48947
56223
58365
61935
68376
72678
74837
75304
79662
79958
84123
87422
87505
88745
101631
106323
106550
113688
116745
117674
118394
119027
119627
125324
125894
127145
131307
132516
132653
135313
140858
141399
141742
145919
146864
148845
149578
150288
159272
172312
180274
180464
192816
194207
194545
195337
195476
198279
205724
207334
208618
208976
217479
221496
222892
239416
242883
249884
255808
259336
278724
289158
291553
296914
297777
298697
300356
302752
303153
303373
305829
311032
312129
313608
317033
317675
318922
319700
328301
331137
334320
340423
342024
349131
353455
355812
359591
361101
367408
373102
375800
379509
379543
380406
381774
383184
394172
397388
398617
400891
404061
405348
406518
408149
408881
409105
411350
414249
416631
427958
430743
430983
431038
437154
441658
442052
442860
454910
455514
456314
458760
459594
460769
461393
462777
475110
478775
480311
483691
484130
488355
501438
503649
505779
512947
521583
526409
542643
547439
555572
555811
558690
575539
588928
589357
592165
592193
592870
594737
597481
598193
598521
601177
606849
612950
614208
614976
616449
619225
619819
620096
620522
620929
622038
627788
635658
641686
642589
650362
654458
654718
658120
658479
658633
660951
675181
680285
681506
686208
697392
698405
706523
712371
714820
717881
718155
731864
733039
735191
737153
737240
738088
740091
745989
746557
747248
748596
750422
751878
757111
757295
762462
770705
775149
779705
781007
783638
787295
788463
794261
797520
797601
804445
813724
816999
821523
821571
829320
829393
830128
832843
844290
846580
848374
850222
854605
860214
860724
861773
863116
865965
867191
871989
874298
876859
879552
880113
892036
893515
897270
898874
905992
907444
925469
943498
945553
946004
946458
950268
950704
951136
956559
957508
962266
963524
971837
972736
976429
981802
989094
991133
996086
996474
1002250
1004321
1008936
1009639
1012748
1018056
1023234
1026996
1033179
1036828
1042079
1044023
1047319
1049877
1051092
1051382
1057291
1061019
1061404
1069689
1069919
1077938
1090532
1106335
1118522
1119823
1122638
1124192
1126552
1126656
1128799
1129893
1131602
1140782
1140829
1145610
1148326
1155375
1160232
1162562
1162730
1163887
1164126
1167118
1168491
1168564
1177125
1180372
1181643
1184585
1190043
1195785
1196287
1204156
1204657
1225395
1231506
1235168
1236620
1240633
1242577
1245271
1247759
1247803
1248391
1248755
1249353
1251846
1252009
1261826
1262448
1262922
1268012
1268733
1270258
1275544
1276888
1278763
1285089
1290571
1296867
1307473
1310348
1312541
1314865
1318689
1326751
1329650
1331967
1332250
1335690
1336210
1350048
1351167
1357715
1360461
1361292
1362312
1362775
1367616
1371932
1380281
1384993
1387242
1390165
1390497
1391146
1395656
1396918
1401793
1402584
1416498
1420580
1423135
1425119
1426110
1427390
1429947
1431948
1439061
1446514
1453448
1454284
1465611
1468160
1472817
1477602
1482837
1491336
1493973
1497602
1499109
1499565
1500598
1500938
1501072
1504724
1506170
1507057
1512816
1519062
1522423
1526321
1537362
1549897
1555117
1559109
1568786
1572211
1572458
1572978
1578760
1579513
1580258
1584009
1584770
1598669
1605316
1606612
1607390
1611429
1615154
1617001
1617998
1620780
1633014
1634447
1644000
1644776
1647981
1648537
1656649
1661484
1674165
1683891
1684053
1685900
1687203
1692377
1693475
1697548
1707626
1711008
1713770
1714555
1715752
1719055
1723428
1749311
1759996
1761888
1764795
1771153
1774261
1776312
1777854
1781034
1784788
1785191
1786474
1787446
1794179
1795478
1802190
1802717
1809153
1812787
1815848
1820954
1823748
1823995
1824976
1825098
1826266
1827922
1831027
1834674
1834917
1837335
1840400
1843171
1845466
1846746
1854055
1888550
1888844
1892610
1896264
1901400
1906877
1908279
1909497
1915749
1917014
1921603
1929380
1933616
1942786
1943022
1943690
1946265
1962473
1967890
1971723
1977178
1979540
1982395
1983521
1986821
1991704
1992854
