-1997865
-1992384
-1987511
-1985567
-1984892
-1983703
-1981813
-1981761
-1977894
-1976861
-1966783
-1965667
-1960837
-1959151
-1958879
-1956122
-1929352
-1927500
-1910290
-1908492
-1901959
-1900327
-1891492
-1888461
-1880812
-1879114
-1871248
-1870448
-1866284
-1865972
-1855425
-1854547
-1848516
-1845066
-1839010
-1834720
-1834506
-1826853
-1825869
-1825274
-1814772
-1797656
-1797095
-1794789
-1793686
-1792001
-1787491
-1787234
-1785004
-1783665
-1777199
-1773837
-1762747
-1761259
-1757925
-1754315
-1750436
-1749907
-1745930
-1741173
-1734045
-1726591
-1724129
-1724039
-1718329
-1718089
-1717781
-1715037
-1709610
-1706268
-1700162
-1678426
-1674376
-1673758
-1660377
-1659977
-1659690
-1659288
-1657113
-1646402
-1645260
-1643187
-1640828
-1639643
-1629143
-1623739
-1622589
-1621428
-1620610
-1616909
-1616818
-1616765
-1614485
-1613134
-1607010
-1602260
-1601907
-1592274
-1591116
-1569582
-1564957
-1562282
-1561270
-1558626
-1556595
-1555662
-1555032
-1553619
-1547178
-1546249
-1543950
-1539676
-1538211
-1528469
-1521856
-1520598
-1512593
-1511106
-1510472
-1506689
-1503929
-1501446
-1498475
-1490066
-1487478
-1484447
-1483576
-1473574
-1473521
-1473173
-1468930
-1467687
-1464557
-1456900
-1449332
-1446853
-1433869
-1421333
-1417115
-1413390
-1406941
-1397515
-1389781
-1386230
-1385722
-1377570
-1377524
-1377464
-1377444
-1377278
-1376400
-1369966
-1368189
-1367316
-1360253
-1359410
-1340681
-1336475
-1335240
-1334765
-1321827
-1320823
-1313601
-1309863
-1297769
-1297557
-1295597
-1288508
-1281707
-1275756
-1275499
-1271113
-1263295
-1250692
-1244371
-1239932
-1239824
-1236027
-1219728
-1212804
-1203752
-1202802
-1188059
-1183641
-1180179
-1169718
-1168032
-1167128
-1163496
-1160391
-1159279
-1153547
-1153128
-1141723
-1129656
-1128358
-1124603
-1123212
-1121561
-1117719
-1110341
-1090917
-1080993
-1080144
-1077342
-1076631
-1070369
-1070253
-1060884
-1055330
-1052484
-1052125
-1051299
-1048979
-1048778
-1039916
-1032006
-1019538
-1014551
-1005902
-993120
-990883
-979651
-961001
-957457
-953267
-944247
-942291
-939368
-929856
-926209
-925289
-920177
-917730
-908798
-903280
-894360
-881899
-881784
-880188
-878973
-878960
-878148
-872712
-865158
-860304
-852762
-850196
-845932
-842624
-837008
-829895
-825110
-821329
-819812
-810318
-808678
-806541
-800759
-798798
-795563
-782519
-780627
-767229
-764377
-763708
-760522
-759708
-756298
-748911
-748511
-741864
-740068
-722485
-720629
-717098
-714715
-713122
-712662
-708023
-705959
-698957
-697692
-690061
-686620
-683303
-682769
-681641
-676433
-675865
-674206
-671198
-671010
-670354
-668074
-661537
-654005
-652384
-646527
-644871
-644361
-640748
-633293
-621808
-619323
-618755
-616035
-608676
-604648
-598843
-595912
-585704
-584778
-579149
-577040
-575288
-574075
-571522
-568735
-562880
-552024
-551516
-549931
-548571
-548447
-547675
-546270
-542145
-540567
-540088
-540005
-531814
-530678
-527610
-526678
-519344
-507037
-503343
-500418
-500369
-498587
-496359
-491671
-491449
-489978
-488640
-487151
-484536
-484190
-482832
-475573
-467442
-461897
-460164
-458478
-455663
-453860
-451973
-451350
-451125
-450019
-439941
-436283
-428458
-428013
-426950
-426345
-425797
-425412
-423512
-414877
-412827
-409883
-407346
-403351
-400463
-397786
-395699
-394430
-390170
-383472
-382155
-381010
-375289
-369244
-362432
-358069
-356568
-355230
-354025
-346442
-345227
-344160
-343122
-340187
-339494
-336870
-327320
-322887
-318844
-312651
-311969
-311298
-306898
-304851
-300008
-298422
-294500
-285758
-285094
-278006
-276786
-263599
-256115
-254431
-251983
-240888
-239296
-238316
-238108
-232246
-230873
-222609
-222391
-217934
-215550
-213076
-212444
-205225
-198112
-197277
-187186
-183387
-175103
-166430
-165938
-165562
-161124
-153349
-149971
-143865
-143061
-133232
-119459
-116210
-112099
-109191
-107881
-105253
-97414
-93985
-85428
-83376
-82784
-78537
-77463
-75897
-68836
-63289
-51614
-43710
-33872
-31815
-28506
-27508
-24749
-23152
-21903
-21652
-18226
-18029
-11664
-7449
-5280
12697
24650
24733
24796
24913
26490
26553
30254
31486
36226
39469
39876
42983
43652
44730
54032
54960
58011
59007
59027
59182
63397
75260
86561
90448
90869
91328
91653
92261
93984
96668
102993
103217
114052
115914
116136
116705
118084
119620
131938
134091
139058
147481
153181
162043
169440
175942
176962
177183
177896
179072
181384
183258
184632
192088
192451
195964
196017
202065
205715
210896
213158
217283
217758
226438
228132
232049
232711
238919
240784
243260
244545
256943
258601
265413
268969
272599
276563
278098
283687
286152
287825
289910
292932
296424
300714
303545
305222
306293
314452
315946
323180
326379
330208
331023
332850
333333
334039
334868
338948
339915
343587
350891
351356
354023
358363
361378
364648
365795
369983
380028
380803
381231
386959
397689
408098
409901
410568
418262
423736
427636
428715
430480
434891
441456
445739
455018
461938
461980
464124
469565
470585
472584
474991
477857
481882
493032
495464
496005
496509
500581
505084
508466
508691
516126
529619
529822
530150
536141
546854
546966
554245
556486
556615
558421
566457
573293
577470
580963
582009
582088
585127
586795
589570
589846
590667
594022
600746
610899
614462
621969
623911
624392
624900
636552
640205
640970
642194
643415
654817
655629
655915
658845
662629
669703
678942
679432
689592
698524
701126
701584
713654
714963
717254
725021
729022
731682
737699
737949
738059
743969
746560
750145
750148
752296
758172
760380
760601
760708
766527
775608
777725
779510
781708
794922
797026
798828
801366
807838
809310
818965
819030
821485
823805
826078
835185
835465
839185
848138
848616
851151
854056
857950
864839
869857
871464
873319
876368
877440
887223
890795
904200
911744
913523
921498
923822
932677
936405
955401
957231
962164
967013
970458
970752
972791
981815
991253
992493
995669
999923
1003834
1010725
1012207
1012609
1017923
1022128
1024652
1035463
1040083
1049062
1056477
1057701
1059296
1061724
1063374
1065084
1076371
1080202
1081949
1084650
1084774
1086625
1087297
1091913
1091945
1092511
1100453
1101590
1106424
1108970
1118036
1120554
1120994
1127295
1131370
1142129
1147008
1152442
1162170
1162296
1166387
1170804
1172563
1176411
1176714
1177585
1180878
1185970
1197566
1202050
1203314
1204702
1205317
1214067
1223275
1225468
1226528
1230555
1235352
1236468
1239897
1247847
1252561
1255634
1267701
1269483
1269484
1274302
1275488
1279027
1285703
1294498
1296526
1297972
1298566
1300095
1301896
1306826
1309086
1312639
1315843
1323529
1323815
1324042
1326694
1331204
1335658
1336216
1343073
1343310
1360431
1360603
1361250
1367496
1373643
1373975
1376971
1382968
1386499
1389231
1391687
1394353
1397180
1397693
1400255
1401864
1404159
1407216
1407454
1413673
1413908
1416845
1417039
1422411
1425708
1436645
1440092
1441572
1442659
1444437
1445723
1445814
1449591
1456271
1464678
1471109
1472707
1482262
1487042
1492364
1497272
1504518
1510781
1511422
1515305
1516862
1517722
1520987
1523059
1525418
1526413
1527921
1534436
1538010
1543885
1547041
1547883
1551528
1554722
1557719
1558627
1564565
1572113
1575444
1575537
1588757
1592806
1598240
1598328
1600518
1600762
1602712
1607265
1613894
1624248
1628455
1633813
1636644
1638067
1639629
1640548
1643706
1644721
1645659
1650624
1654495
1657869
1659067
1669910
1676231
1676474
1677731
1680585
1683119
1686418
1693072
1706671
1710500
1711613
1711702
1712731
1713028
1716293
1722774
1724628
1727237
1744705
1756467
1756676
1759488
1762504
1763705
1769737
1771904
1777230
1778084
1778680
1786275
1788323
1790666
1797091
1797133
1797905
1801639
1802031
1803380
1805946
1808516
1820303
1821647
1825660
1827350
1829233
1832052
1832502
1844603
1847373
1850939
1853544
1856236
1862712
1867927
1869175
1874049
1874578
1877014
1888649
1905460
1906692
1907341
1910138
1912055
1917149
1917351
1917972
1921951
1927719
1930965
1933038
1939811
1943739
1943793
1943956
1946977
1950759
1959457
1964609
1973232
1974201
1974819
1977706
1982366
1988246
1995089
1995900
1997168
