-1999038
-1997984
-1995256
-1983781
-1975896
-1972839
-1972464
-1969190
-1961303
-1961022
-1955336
-1938019
-1932249
-1931034
-1924074
-1915490
-1911283
-1900367
-1894147
-1891562
-1890149
-1890086
-1888150
-1887332
-1887005
-1886915
-1880428
-1876370
-1872321
-1872108
-1870646
-1868123
-1867000
-1866560
-1864205
-1863530
-1863139
-1860600
-1860111
-1854031
-1853295
-1852918
-1850248
-1848324
-1841842
-1841263
-1834474
-1828355
-1827520
-1827182
-1817638
-1809966
-1806475
-1805039
-1803049
-1796400
-1794973
-1782881
-1766384
-1765274
-1765181
-1762224
-1761639
-1751408
-1751151
-1749946
-1743902
-1741490
-1733978
-1724212
-1723698
-1712660
-1708052
-1705278
-1703258
-1695705
-1693676
-1692750
-1687986
-1685578
-1685518
-1682584
-1681665
-1677608
-1675739
-1672624
-1670542
-1670134
-1665966
-1665295
-1662553
-1653460
-1649977
-1648964
-1644310
-1644003
-1642198
-1639197
-1634752
-1632166
-1626429
-1624084
-1621736
-1620076
-1619924
-1613048
-1612650
-1611303
-1608669
-1607287
-1583913
-1580987
-1577884
-1576257
-1565387
-1563022
-1561958
-1557786
-1557163
-1555453
-1554477
-1547400
-1545957
-1543285
-1533702
-1526606
-1519138
-1515324
-1508263
-1496498
-1491704
-1484706
-1484202
-1483243
-1481688
-1479072
-1471697
-1449167
-1446921
-1443346
-1433557
-1428516
-1426739
-1419136
-1416246
-1412761
-1405934
-1403982
-1403380
-1397284
-1390085
-1389568
-1385727
-1382387
-1380370
-1378336
-1378098
-1376487
-1371103
-1369048
-1368201
-1358673
-1358063
-1352917
-1351765
-1349066
-1348100
-1337349
-1336567
-1334988
-1331609
-1328954
-1328487
-1326911
-1312495
-1303466
-1303114
-1300143
-1295848
-1291607
-1286679
-1284140
-1283809
-1282062
-1270668
-1269794
-1266043
-1264546
-1263448
-1260826
-1257055
-1248754
-1244293
-1241397
-1239846
-1237952
-1237897
-1235058
-1228778
-1227981
-1223794
-1223753
-1219523
-1219187
-1218157
-1215727
-1213999
-1210502
-1208206
-1203795
-1192798
-1184257
-1180360
-1173252
-1169544
-1169532
-1167672
-1164619
-1164065
-1159846
-1159578
-1158760
-1157847
-1155865
-1144928
-1138651
-1133946
-1129895
-1129761
-1128495
-1128109
-1126666
-1122842
-1117361
-1117325
-1109127
-1108209
-1108180
-1104371
-1102856
-1101319
-1100718
-1099534
-1099068
-1087389
-1086941
-1075971
-1067105
-1065401
-1065283
-1058203
-1049392
-1045797
-1036282
-1030349
-1026411
-1024365
-1021139
-1018950
-1002532
-995192
-990729
-989400
-982146
-980134
-976799
-968437
-965644
-964224
-958621
-955136
-943704
-933425
-931109
-930205
-919760
-917225
-916681
-906235
-897784
-895824
-895314
-894296
-894138
-893342
-892067
-892007
-888716
-885417
-883939
-871368
-855698
-849358
-849003
-845700
-844383
-834642
-832518
-829591
-828680
-824363
-822687
-821945
-817700
-817453
-812971
-812203
-805327
-799459
-797220
-797042
-777634
-776229
-775717
-772481
-765769
-760246
-755464
-755137
-752667
-747789
-735970
-735272
-726079
-725200
-718179
-713781
-712647
-709909
-704760
-698600
-691622
-691009
-686088
-685111
-682776
-679971
-669144
-668387
-660422
-655793
-654898
-654435
-651795
-649752
-648978
-646876
-644181
-638337
-635424
-631071
-626287
-621399
-615289
-610450
-601919
-596367
-591516
-588845
-588435
-586828
-577693
-573627
-564157
-559245
-547818
-546405
-545379
-538665
-537878
-534272
-532301
-520459
-518822
-514985
-514455
-514112
-509520
-509449
-508778
-502853
-495902
-493073
-490482
-486642
-479756
-472181
-470496
-469783
-467226
-459633
-458197
-455168
-447973
-447850
-443802
-441667
-441192
-440127
-440025
-438349
-430391
-424669
-421641
-418172
-417875
-416554
-413555
-407629
-397996
-383871
-381284
-379143
-377542
-375194
-374996
-363054
-357535
-352368
-346631
-345796
-344928
-343940
-341586
-334930
-334908
-333455
-333141
-331663
-317574
-317465
-312665
-304226
-302700
-298342
-297261
-282657
-281379
-280718
-280353
-278518
-270355
-268799
-262594
-260553
-244950
-240796
-240440
-237688
-233994
-233446
-232598
-231232
-227833
-225396
-224935
-220170
-215646
-215190
-214024
-213653
-209013
-203802
-194209
-192979
-192766
-191218
-190382
-189605
-188047
-178122
-158880
-151222
-124125
-118082
-117304
-113655
-111287
-109133
-106192
-102543
-102108
-96318
-95172
-93491
-91578
-88514
-86536
-84530
-72024
-66478
-64091
-63597
-59382
-59308
-58537
-57747
-54988
-52226
-45814
-40576
-38799
-35595
-26768
-26592
-45
851
1498
18976
29586
34079
34229
38474
39980
41909
46163
46328
51620
51985
59071
60592
61140
62625
83197
83497
87362
89474
90254
94717
111949
118832
134655
136860
137650
141601
143295
144048
145809
148328
154214
163565
165784
166586
178735
181052
182770
189298
199975
203578
204665
209901
215967
216877
217462
221903
222983
223641
232967
233291
237516
244794
248254
253264
254582
255573
260182
260285
261651
266604
275118
291969
295906
298730
299279
314833
321307
324433
334431
335567
336965
337441
342626
344019
345396
350951
352883
355265
355567
355699
363231
366012
368284
372062
374011
377552
378735
378971
386195
387675
389205
405703
416284
430078
436778
437743
446630
451022
453107
454541
466277
470007
487847
488101
489652
490239
493078
502520
505095
508581
513992
516786
517084
521667
529944
531267
532527
535338
536766
537280
538036
541545
542948
551438
561018
563776
563930
564794
565804
575981
576134
579087
579793
580528
593249
603144
613455
619235
626235
628175
629008
630292
638155
639606
642099
647124
660445
660797
663455
663876
666337
672290
677454
678303
684251
711312
711758
714105
715496
721520
723036
725911
727581
728283
736743
739003
746966
750776
753300
760549
762936
763170
767081
776811
778661
783189
787813
799897
804116
809163
811271
814371
818201
827266
829628
835331
837571
837588
842422
844806
844966
850092
856642
861527
861792
863576
865076
867416
867840
872013
875783
876538
880463
881368
881375
884257
886547
888814
906243
910948
913055
918357
926705
927139
929993
951794
954219
957284
958009
960280
964254
965402
965581
966399
970476
972012
973685
975488
978005
978887
985741
988696
989668
998297
998916
1005101
1009210
1009479
1012612
1021612
1024647
1025440
1025519
1027305
1027341
1036736
1040169
1044292
1048402
1049855
1055229
1056467
1057602
1063840
1065216
1068180
1090040
1090150
1090523
1090796
1099307
1100688
1100864
1101315
1103062
1105247
1107359
1111395
1119565
1120313
1121390
1122056
1131349
1133505
1134888
1138145
1144363
1145382
1145832
1148007
1149695
1154420
1159661
1160704
1165451
1168248
1170472
1171313
1178114
1189617
1198532
1204616
1216691
1216929
1228356
1235696
1240209
1245098
1248064
1260325
1265731
1268318
1273159
1276362
1283615
1292373
1305792
1310258
1311872
1319634
1321271
1321294
1323692
1326131
1328241
1331192
1341065
1345078
1346854
1349440
1351178
1353782
1358102
1366061
1367539
1376212
1378248
1379025
1388350
1389019
1390246
1391152
1398658
1412563
1415949
1417827
1422455
1426955
1432919
1434250
1436891
1441388
1442478
1443261
1443512
1444321
1448054
1457100
1464325
1466213
1472467
1480833
1486935
1501318
1511174
1513485
1516577
1527122
1527446
1529610
1533979
1534390
1538746
1539887
1540438
1543246
1546202
1547890
1556066
1559315
1559537
1563361
1570527
1575288
1576011
1576487
1583811
1584407
1586778
1591351
1591421
1594259
1596043
1597374
1598031
1608006
1609711
1612018
1616060
1616265
1620186
1620640
1620655
1621323
1633477
1634835
1645384
1645673
1646606
1646867
1647145
1656369
1659678
1660393
1663877
1672541
1676796
1678716
1680727
1681441
1685436
1690195
1693074
1705599
1711847
1718543
1731534
1732601
1742220
1746341
1748087
1754613
1756706
1757449
1761253
1763597
1769585
1772503
1774221
1788880
1790653
1793462
1796507
1797060
1804479
1804966
1806126
1809103
1809373
1814007
1819927
1824137
1828361
1833067
1841799
1844576
1844674
1845782
1850371
1853929
1862843
1867201
1869224
1881415
1882772
1891501
1902111
1904446
1908780
1911125
1912918
1913892
1914689
1915546
1917074
1922624
1925723
1927230
1927777
1928018
1929297
1936064
1941312
1941426
1942067
1944985
1946714
1949133
1950417
1951303
1955453
1957272
1963253
1967039
1967298
1968114
1970866
1979062
1984267
1984804
1993795
