-1993511
-1992491
-1988781
-1985104
-1976807
-1974648
-1973821
-1970386
-1970254
-1968780
-1967507
-1961667
-1956334
-1949058
-1947778
-1945681
-1945610
-1934304
-1921383
-1921051
-1920245
-1918505
-1911845
-1911619
-1906138
-1904962
-1904625
-1903428
-1903098
-1885630
-1884332
-1873505
-1870138
-1866629
-1865105
-1864369
-1863681
-1862368
-1861751
-1852576
-1850069
-1842925
-1842200
-1841880
-1833350
-1833199
-1821325
-1820418
-1818225
-1817438
-1813548
-1811550
-1797340
-1791707
-1788708
-1788574
-1787088
-1778203
-1768413
-1762418
-1761750
-1759450
-1754096
-1747498
-1745768
-1739012
-1739006
-1736827
-1731912
-1728495
-1724140
-1718539
-1707665
-1697858
-1695572
-1689983
-1689791
-1686964
-1681649
-1679371
-1677676
-1665383
-1663635
-1651870
-1644453
-1644378
-1643936
-1639710
-1639118
-1632498
-1630700
-1629534
-1627823
-1627121
-1624046
-1619124
-1612890
-1611587
-1610597
-1610564
-1607662
-1603596
-1603121
-1596100
-1595885
-1595185
-1590980
-1590353
-1589029
-1581595
-1580466
-1578177
-1572850
-1571150
-1570469
-1567377
-1561240
-1559221
-1556920
-1554803
-1553822
-1545274
-1537173
-1533800
-1522860
-1519728
-1519141
-1515877
-1511628
-1510422
-1506738
-1501933
-1501879
-1499003
-1488549
-1487747
-1487492
-1481435
-1469209
-1468811
-1467021
-1463260
-1462081
-1461850
-1460508
-1457317
-1456153
-1454855
-1452013
-1451224
-1450297
-1444150
-1441903
-1434181
-1429665
-1428313
-1422059
-1418667
-1418027
-1415194
-1415056
-1412550
-1412498
-1411185
-1403145
-1400641
-1399737
-1398635
-1391424
-1387733
-1383556
-1380926
-1374885
-1373057
-1372764
-1360833
-1352960
-1335857
-1329899
-1327225
-1322977
-1319599
-1317280
-1316060
-1313145
-1311683
-1306416
-1296782
-1296073
-1286349
-1284051
-1281950
-1278145
-1265833
-1265210
-1261008
-1259055
-1255702
-1255085
-1255063
-1253178
-1249214
-1240197
-1236301
-1231340
-1223568
-1220131
-1207973
-1206308
-1196847
-1184143
-1176803
-1176517
-1173100
-1170604
-1162297
-1161545
-1159375
-1156412
-1144366
-1141179
-1132914
-1132606
-1126980
-1123607
-1122215
-1116547
-1111298
-1110565
-1105467
-1103887
-1097074
-1089576
-1088813
-1085903
-1083111
-1081116
-1080136
-1076918
-1072652
-1068239
-1066277
-1064425
-1059109
-1056911
-1056360
-1051529
-1047119
-1045752
-1045630
-1041380
-1039566
-1037519
-1037314
-1032222
-1024747
-1022981
-1019389
-1018767
-1018318
-1013246
-1004009
-1002806
-1002214
-997409
-994666
-992409
-991536
-977297
-974201
-956438
-950631
-938267
-937475
-936001
-934756
-933327
-923785
-917805
-913081
-912727
-912395
-911614
-910424
-906295
-904381
-902120
-900349
-895498
-893570
-890996
-890067
-889469
-885751
-885293
-881389
-870417
-858384
-857336
-851915
-841373
-832254
-825643
-821898
-817890
-814229
-808275
-805482
-789810
-788499
-787007
-773684
-752497
-748533
-745351
-734383
-733657
-733372
-732235
-724298
-723584
-723118
-715303
-709817
-705975
-704947
-701343
-696883
-694932
-693803
-690757
-682781
-681686
-681091
-674992
-669862
-662886
-660367
-659823
-655871
-651501
-649930
-642626
-640181
-639950
-637482
-635515
-635484
-626236
-616497
-614454
-608747
-607357
-606922
-598526
-598420
-596383
-595183
-593416
-583140
-582038
-581088
-580019
-579815
-574459
-573457
-572207
-568006
-566950
-562109
-559199
-551390
-549223
-548645
-543477
-537152
-531050
-520731
-519444
-516717
-516054
-515893
-511111
-503409
-499089
-488968
-480817
-480141
-472589
-471827
-471363
-469659
-469086
-466314
-460064
-453463
-448170
-442071
-441119
-427697
-427522
-426162
-425337
-424346
-403633
-402966
-400042
-399240
-398584
-394753
-392692
-390003
-388310
-387930
-379091
-376565
-371764
-370675
-364843
-363258
-363255
-358652
-354214
-353331
-351735
-348349
-346396
-340253
-335875
-330948
-330710
-327771
-321984
-298846
-297725
-295681
-288182
-288014
-283293
-275803
-271033
-270353
-268374
-268079
-254220
-253346
-252467
-247701
-247658
-246718
-240317
-235649
-225576
-225060
-202069
-197265
-189231
-188477
-186816
-170352
-155511
-153656
-153431
-148135
-144685
-139852
-138259
-134828
-132890
-129139
-126144
-122089
-115456
-115424
-113517
-106336
-106027
-99843
-91311
-90587
-82451
-74723
-61991
-61377
-45843
-43753
-43400
-42811
-25147
-607
15935
17742
18573
19621
21933
26858
27438
31339
39973
42205
45994
59199
60701
66918
66948
79492
81167
94092
98804
98940
99596
104397
114861
116658
118845
122790
124736
126394
128399
132050
132302
145907
151619
157959
160456
161652
161706
164001
164506
164906
180595
183208
185822
190830
197059
197979
208405
212411
212981
218142
225839
226598
229364
229557
230947
231472
232212
232389
234713
235511
240747
246719
256760
256943
257827
266222
271500
271871
271998
279241
282526
284164
288190
292368
295998
305611
309658
317283
318372
323058
323641
325108
328492
342621
343839
353064
358670
364892
374539
379199
379706
383369
387643
390443
393538
397446
400437
403266
408321
413537
415136
415536
417753
421077
422335
427882
431382
441564
442465
448163
462543
466278
466925
473011
478420
480398
481887
484491
485686
514715
529542
534590
539114
540419
541381
551641
552229
560345
561820
563151
564546
566066
566727
567899
568321
571423
574832
577154
580945
582167
586604
589477
590197
592164
594755
596281
597394
601628
606884
606997
612182
612440
631509
632361
648258
657559
657749
675280
677025
678498
683379
686149
689208
691500
693308
699651
702912
704659
705525
706719
707812
708996
709309
720805
723138
724281
724599
725413
726071
728407
731296
733005
734228
738437
742261
742959
743194
745431
747796
752827
756664
765047
768963
770397
770499
773767
774561
774769
776964
787576
788271
788720
792648
793156
799710
801380
807721
816633
818827
826056
826850
828620
829537
831714
833717
837152
838442
839016
856297
864257
865081
865264
866966
874879
880740
891479
893887
894648
895557
900614
906231
908782
909048
910473
915442
920237
920447
922163
926714
930527
934029
939982
941968
951512
957344
958747
960842
965578
967883
970995
971894
975445
976446
977185
980045
981753
985164
985974
987177
994078
996181
1004102
1006111
1006244
1008623
1008807
1016027
1022448
1031450
1034054
1036367
1037344
1046729
1047468
1057036
1062425
1068448
1073564
1075951
1077482
1080283
1084202
1085031
1087492
1091267
1092521
1104127
1107758
1109568
1110289
1113349
1133186
1135691
1137425
1138870
1142818
1144223
1147034
1153238
1154586
1154797
1155723
1158602
1159203
1159543
1177799
1178206
1178796
1184721
1189959
1190567
1192515
1193693
1196181
1201923
1202888
1206197
1209449
1210750
1215202
1216206
1220650
1221192
1229922
1234589
1236993
1251532
1252925
1255267
1258801
1259821
1264230
1267183
1267482
1268197
1270622
1272571
1273936
1274935
1277734
1285414
1286544
1289956
1291136
1292731
1300313
1304321
1308170
1319754
1320027
1321085
1324326
1325149
1326249
1328738
1342389
1344744
1355966
1356255
1360891
1361482
1370157
1373759
1380509
1386111
1387020
1390358
1391379
1402746
1403565
1409420
1418953
1423648
1424127
1424174
1424404
1432765
1447851
1460148
1460568
1475793
1476917
1483395
1491051
1491750
1492532
1494036
1502287
1502336
1508562
1509262
1512698
1513356
1517918
1519208
1522683
1523848
1528263
1535735
1538791
1539062
1539185
1545901
1553396
1554518
1561375
1564599
1572305
1574052
1578721
1579839
1586587
1591619
1592772
1608090
1617272
1617537
1618142
1619137
1628380
1634684
1642193
1647496
1651921
1653976
1656513
1663589
1679432
1683117
1684733
1687987
1688469
1691915
1693890
1696324
1702348
1702862
1710056
1713690
1717158
1718341
1718576
1720190
1721241
1724759
1735620
1736183
1746291
1755815
1757373
1761014
1762483
1768863
1770459
1772903
1779409
1787323
1788737
1789373
1791134
1798501
1802744
1802974
1807493
1808869
1808959
1809080
1809907
1815413
1816471
1820627
1824354
1825202
1825675
1831139
1831324
1833323
1838401
1843271
1852731
1852812
1854285
1860704
1871738
1878314
1881388
1887597
1898040
1901989
1917493
1921258
1924501
1926454
1934829
1935521
1937546
1945141
1965209
1968957
1974169
1974669
1977986
1978645
1979372
1982947
1991060
1995837
1996743
1997929
1999130
