-1995285
-1995005
-1992411
-1991682
-1987182
-1978078
-1963074
-1960690
-1957307
-1953876
-1949883
-1947164
-1946087
-1944927
-1943638
-1943142
-1943069
-1930607
-1930572
-1928779
-1916579
-1915806
-1915219
-1914496
-1914197
-1898345
-1897616
-1887785
-1877719
-1873947
-1873130
-1870456
-1865162
-1847773
-1846185
-1840514
-1833505
-1833257
-1828769
-1811341
-1806383
-1800475
-1798935
-1788999
-1788447
-1787509
-1785320
-1781836
-1779615
-1779464
-1779289
-1774608
-1773468
-1772961
-1771238
-1758259
-1757224
-1751265
-1746315
-1738769
-1737965
-1736858
-1736816
-1733396
-1730176
-1729855
-1726761
-1721478
-1718459
-1712674
-1712358
-1707907
-1707053
-1705666
-1700787
-1698934
-1698256
-1694809
-1689727
-1688567
-1687623
-1683995
-1683973
-1681801
-1676697
-1667942
-1666867
-1664752
-1656533
-1654846
-1653450
-1651564
-1650525
-1640657
-1637366
-1632599
-1623196
-1623126
-1620365
-1619406
-1610236
-1609166
-1603259
-1602728
-1597416
-1596203
-1592495
-1590269
-1587310
-1586869
-1586131
-1584062
-1582523
-1582194
-1575671
-1575368
-1564157
-1562736
-1552035
-1549431
-1536410
-1531546
-1530993
-1529527
-1527405
-1525963
-1521791
-1519970
-1518866
-1511061
-1508009
-1504630
-1501694
-1498373
-1497549
-1493542
-1490936
-1486419
-1486153
-1485130
-1482781
-1481569
-1478903
-1476384
-1476090
-1476088
-1471871
-1467198
-1466571
-1462929
-1456932
-1454235
-1452421
-1447497
-1439536
-1436730
-1432980
-1424848
-1414818
-1412143
-1403612
-1395124
-1389698
-1389167
-1385438
-1371582
-1358908
-1349395
-1348649
-1339459
-1339088
-1335397
-1333473
-1328594
-1326549
-1326406
-1325367
-1320074
-1320061
-1316224
-1315167
-1309476
-1308758
-1308358
-1306202
-1302268
-1300757
-1300602
-1298514
-1293678
-1280038
-1276513
-1276100
-1275533
-1267900
-1266366
-1261593
-1256993
-1253353
-1252893
-1246849
-1246368
-1239080
-1236049
-1226256
-1216208
-1208159
-1206358
-1204163
-1197236
-1194665
-1183223
-1172312
-1170357
-1165223
-1159789
-1154288
-1149642
-1135739
-1133813
-1131797
-1129533
-1122492
-1121522
-1119142
-1116614
-1115070
-1113068
-1104614
-1094448
-1094187
-1088101
-1084717
-1081116
-1077692
-1076649
-1070865
-1059794
-1058965
-1054208
-1043075
-1034294
-1031842
-1031388
-1029406
-1028900
-1028884
-1026492
-1019080
-1012315
-1011633
-1001755
-998793
-996098
-993432
-992630
-991884
-987207
-973545
-967531
-967524
-963346
-961693
-955365
-954346
-953400
-950317
-943895
-942556
-940545
-926418
-918710
-916950
-908572
-905359
-900827
-900468
-897344
-897031
-893131
-888502
-884338
-883759
-881844
-867214
-862916
-853127
-849222
-847659
-843116
-842699
-840697
-836702
-836326
-829899
-829002
-822392
-817749
-816215
-813709
-811789
-804805
-801906
-801687
-801628
-786765
-786014
-785652
-784829
-779127
-774013
-770330
-746011
-745200
-741834
-734966
-734661
-733742
-732482
-722671
-722439
-719815
-714804
-714144
-707990
-702276
-695338
-691887
-689299
-686729
-686597
-683448
-680941
-673870
-667622
-665568
-665565
-657780
-653796
-648383
-637996
-635854
-633735
-633485
-631147
-630442
-630252
-628063
-626847
-625479
-622256
-619137
-614474
-612112
-611717
-609218
-608486
-604666
-597472
-585153
-577839
-572699
-566953
-560111
-553043
-545651
-542927
-535743
-529223
-524946
-523444
-523340
-520972
-519582
-518766
-518146
-518007
-516953
-512569
-504838
-501723
-501486
-495445
-494335
-486548
-483905
-480347
-480283
-479121
-475847
-472563
-466687
-465564
-457395
-455878
-455241
-453102
-444467
-439079
-437439
-437114
-430716
-427252
-425902
-416993
-405827
-405386
-400673
-398413
-394972
-387089
-378143
-377078
-376990
-375226
-349692
-348670
-335266
-327277
-326862
-318930
-311453
-296369
-294949
-288236
-288020
-282688
-282444
-272813
-270390
-267350
-264201
-257423
-255183
-254358
-250908
-250260
-247739
-247714
-246768
-241971
-239716
-238335
-237977
-229846
-227074
-219512
-217059
-215741
-209515
-205142
-201739
-199813
-197512
-193953
-189502
-174281
-169649
-167432
-164244
-159005
-156261
-143038
-137139
-129497
-125666
-123940
-121992
-121870
-119928
-116109
-112202
-111759
-109300
-102052
-102020
-101041
-100559
-98751
-98360
-96715
-84686
-83283
-82436
-80980
-80300
-78579
-76026
-75036
-70609
-67977
-67445
-66400
-65874
-64837
-63655
-54423
-48421
-46264
-42878
-34765
-16365
-2525
8233
14191
17376
22643
22884
23907
25638
28810
32762
35458
37105
50343
56331
65609
77689
79102
82628
109375
109978
111321
113787
115205
119134
126372
129645
135063
136936
139144
139961
141185
145278
145870
152042
154515
156405
158123
158332
167101
167697
181417
182402
186445
186461
194895
199042
200691
201422
201457
202010
206239
213455
219876
223614
223841
225342
233735
236048
240699
241018
241914
246657
256781
262447
263124
264224
267975
274239
276157
290130
291225
292831
298775
299358
310161
315431
317859
325345
328733
329358
330139
331813
334763
344590
344642
344719
346718
357722
358028
359865
360732
366127
371979
372765
375831
378315
378964
380539
382428
385881
393991
394813
397030
404892
406228
413589
417840
418664
423046
425550
426726
426944
428781
431092
435347
436205
438063
439459
442062
442237
445113
454677
456710
457165
469567
474678
481686
485410
485937
486950
492350
504120
507157
511812
512949
515597
522482
527246
536105
536414
541243
547973
558671
564260
565835
570179
570749
576705
579851
586229
608689
610222
620225
625124
626748
626963
631639
635279
636014
636234
636612
643684
645120
646764
648157
650425
658685
660135
662815
668272
676982
679577
681493
681588
682085
684196
685721
687710
689548
691681
694680
695701
701023
716408
719148
721006
734789
735787
736679
740259
745518
754212
755498
756403
756924
764920
781413
794846
796136
802797
803642
804670
808181
813731
815638
816405
821904
831565
831821
838242
842436
844207
844338
847914
848879
854957
857241
862308
863773
877819
878715
882343
886701
895667
897469
898011
899004
904989
910369
915012
917311
918207
921456
927940
929110
932094
933754
935453
942245
944686
945868
950343
952604
958375
958979
959003
962451
965606
967294
970134
980862
982982
984940
991273
994883
995115
997893
998658
1001049
1004584
1006711
1010434
1012136
1012837
1016561
1019777
1020252
1022573
1041660
1043104
1045601
1055680
1059481
1061092
1062613
1070897
1075460
1080583
1080726
1080751
1080905
1097595
1104262
1105649
1115396
1116020
1129415
1134779
1137832
1140490
1145802
1148121
1156523
1165466
1165933
1166185
1175017
1178455
1180047
1187942
1189477
1189671
1190848
1194000
1200204
1203890
1205717
1209285
1210233
1211304
1213141
1215593
1223425
1234803
1235555
1240483
1245616
1251413
1251721
1256882
1264263
1273277
1275748
1279068
1280945
1284059
1288126
1295094
1298241
1302844
1309840
1322868
1326231
1330350
1332010
1340092
1347705
1359554
1360859
1361809
1368978
1373743
1376425
1380309
1389721
1390479
1397910
1398855
1402375
1407791
1410227
1414900
1421050
1428841
1429209
1432448
1433455
1436022
1437447
1442925
1449411
1449553
1457415
1458002
1460179
1465101
1481786
1483819
1484055
1492775
1494325
1495205
1497817
1499464
1510083
1510318
1511021
1513270
1514276
1517285
1519773
1522318
1533464
1537215
1539687
1541944
1544578
1548289
1548536
1549559
1549824
1550508
1554310
1557770
1559028
1561758
1562331
1564214
1568345
1570975
1583848
1592555
1594657
1597980
1601556
1609613
1622133
1625967
1628810
1630635
1632711
1635839
1645086
1645300
1647704
1652249
1655354
1656658
1658160
1659488
1660090
1661978
1666406
1670969
1678366
1690199
1693272
1694969
1699417
1704351
1704554
1713759
1730367
1755645
1755840
1755939
1760704
1762905
1763254
1766235
1769743
1775475
1777549
1777670
1783602
1794525
1794803
1799991
1808832
1809391
1814964
1817317
1823678
1827157
1843430
1843827
1851810
1893582
1895885
1896428
1903573
1905715
1905850
1909080
1909600
1913072
1915397
1920157
1922884
1923975
1925823
1926509
1928394
1929886
1932639
1935316
1940982
1945528
1949660
1950376
1951653
1952233
1956264
1958241
1959201
1959458
1959752
1960754
1963299
1967274
1970684
1971582
1975116
1984388
1986426
1987278
1988037
1997893
