-1999650
-1995795
-1981419
-1978192
-1977350
-1973913
-1973153
-1955655
-1950569
-1939795
-1930752
-1930156
-1924940
-1918433
-1917402
-1913659
-1913275
-1909154
-1905556
-1895302
-1891107
-1888496
-1882830
-1864594
-1857900
-1856210
-1856174
-1850382
-1850366
-1850340
-1847207
-1842485
-1838456
-1836668
-1834823
-1830121
-1826045
-1812342
-1803232
-1800962
-1799034
-1794160
-1790811
-1788985
-1787473
-1785047
-1765062
-1763666
-1762515
-1760707
-1758652
-1746577
-1742436
-1740319
-1738026
-1726229
-1719974
-1716076
-1715800
-1714548
-1711744
-1711102
-1703064
-1700512
-1693377
-1680458
-1678031
-1676940
-1673013
-1671481
-1661735
-1648358
-1634960
-1624026
-1622020
-1620289
-1618751
-1618172
-1616143
-1610645
-1608696
-1607430
-1607385
-1599379
-1598165
-1595009
-1582244
-1580441
-1575147
-1571388
-1570208
-1566846
-1566031
-1565789
-1564063
-1556450
-1555675
-1548744
-1545386
-1535943
-1535496
-1532877
-1524826
-1519980
-1516924
-1515521
-1515375
-1502117
-1500387
-1498501
-1495459
-1492967
-1491706
-1491023
-1478740
-1477051
-1475534
-1463202
-1462826
-1450731
-1440460
-1440348
-1436636
-1428137
-1426875
-1425746
-1425633
-1425199
-1423455
-1416516
-1411023
-1408077
-1395048
-1394383
-1390237
-1385242
-1385162
-1384038
-1379123
-1368738
-1360403
-1355451
-1355408
-1354389
-1327554
-1325182
-1324263
-1321847
-1318991
-1312018
-1311371
-1311172
-1304979
-1296917
-1295752
-1291221
-1285888
-1281896
-1277079
-1274912
-1262437
-1254930
-1253412
-1253316
-1245641
-1245224
-1244554
-1241970
-1239162
-1235654
-1232124
-1224538
-1218972
-1212439
-1204325
-1203670
-1198059
-1195532
-1188472
-1186201
-1179776
-1179064
-1178814
-1174409
-1156972
-1149914
-1143469
-1142463
-1139180
-1138657
-1137072
-1136559
-1125760
-1120342
-1119345
-1118273
-1116707
-1116467
-1111716
-1110468
-1109436
-1109102
-1108502
-1105540
-1102369
-1100085
-1093723
-1087749
-1069541
-1067631
-1061779
-1051960
-1050732
-1042497
-1038430
-1034117
-1030814
-1030250
-1026434
-1024461
-1023853
-1015304
-1010535
-1008663
-1006778
-1004388
-1004050
-1000586
-997577
-993377
-988157
-983398
-981075
-980864
-980487
-980355
-979045
-974653
-971231
-965695
-961968
-960842
-957935
-957267
-948600
-944829
-944560
-942740
-938323
-936698
-935875
-929462
-929304
-926561
-924821
-922831
-919292
-913774
-908463
-906375
-901622
-901396
-891889
-890131
-888431
-887140
-884650
-875300
-862418
-860568
-859288
-859160
-858485
-851342
-849424
-848953
-845309
-838371
-831643
-830060
-829759
-828361
-827476
-826279
-825267
-823292
-820684
-820542
-819352
-816171
-812678
-810446
-806073
-805153
-792579
-792060
-789338
-784605
-780410
-769889
-769597
-767186
-761017
-747995
-745188
-743757
-743565
-743066
-735464
-733864
-728987
-718654
-718461
-713287
-707619
-704389
-703473
-703246
-696660
-696585
-689053
-685321
-679590
-678894
-675128
-672993
-668416
-668267
-666350
-662747
-661684
-659864
-651797
-637483
-631253
-616056
-609161
-607222
-607082
-606446
-598671
-598359
-596772
-594871
-591631
-589162
-581970
-578421
-576380
-569179
-552191
-551167
-542749
-536009
-518363
-517887
-504715
-500422
-499998
-493796
-492575
-492384
-491674
-491430
-483595
-461450
-458772
-456014
-451945
-443623
-434907
-432585
-431243
-428167
-427761
-405229
-400867
-398658
-394223
-393218
-392463
-387251
-385415
-381172
-371602
-364499
-359269
-357649
-353304
-352522
-348884
-348805
-347581
-346758
-344270
-339388
-337845
-337771
-336258
-332492
-330577
-322585
-321993
-320724
-320315
-318850
-312418
-311760
-311560
-310204
-307563
-297703
-295134
-289320
-288697
-288114
-286788
-285020
-283172
-281039
-274918
-265938
-263188
-262314
-249545
-249385
-249147
-247167
-246907
-245194
-235479
-230313
-225960
-222484
-221336
-220971
-219616
-217737
-216276
-207289
-205728
-203005
-202882
-196788
-196714
-194622
-185356
-185276
-183241
-174484
-172691
-171149
-162137
-155623
-150712
-145506
-141166
-140295
-138920
-132019
-128247
-128119
-128087
-127024
-121015
-114727
-108436
-105741
-105527
-96188
-95881
-91014
-87417
-86815
-84033
-83452
-64905
-61884
-55805
-54437
-46254
-43207
-43094
-32993
-22874
-21808
-20303
-19172
-18478
-16876
-16073
-15110
-10083
-9301
-8662
-7791
-6465
-5278
-4298
2206
3263
8353
13450
27492
29026
36782
42696
45641
50709
53236
57505
61943
63553
64693
65869
66863
70362
71462
75106
78394
78746
80148
82860
90429
97948
100782
103601
103690
104333
105789
107359
107625
109046
111666
112595
113420
126286
127580
132034
132449
149654
155397
158643
168087
168089
169949
172256
174002
175292
181557
182666
194400
195864
198598
203251
206049
208366
208622
211773
217791
219676
231191
237671
238549
239493
239967
248051
250216
250600
253072
253074
256365
257261
259422
259541
260101
261261
264294
264526
273785
277643
278661
282141
282268
286155
293244
297923
298861
300197
302059
303931
313187
324152
324810
328305
329797
331394
335916
337006
337907
338870
348581
349562
351744
352883
358367
358454
371765
373706
377353
377510
382418
382720
383873
384394
385206
392902
392985
401407
403905
407558
421403
421516
433810
436674
440006
440892
444177
447890
452072
454455
457108
457303
462866
463641
471292
475726
480161
480521
488595
509261
510518
517743
525486
536821
541914
543527
555153
561396
565901
567308
574396
581106
586935
598835
599365
599531
600582
608100
608544
610000
610677
628965
642105
659401
661238
671436
680279
680292
681263
681460
682023
688243
691744
698505
698880
704862
705221
707170
708021
711433
713921
717262
719222
720851
725017
725707
726927
735491
736189
740832
740998
745226
747681
751986
754167
754503
754909
755455
759736
761315
762365
770093
772287
790422
824541
837803
846891
850844
853074
853911
864279
864354
877276
877326
882458
890277
893656
900815
905695
909936
911566
915510
922759
926480
926874
927786
932215
932996
941223
948025
948161
958098
976429
984277
984281
987302
991312
991365
992375
996666
999719
1004413
1004647
1009973
1015638
1017635
1017820
1018347
1022780
1044378
1051707
1051713
1053423
1058057
1058171
1059371
1064097
1066018
1066540
1068614
1068882
1070755
1075625
1079962
1080831
1081404
1083121
1084650
1086305
1086447
1096576
1104046
1118830
1120371
1127371
1131299
1134249
1135485
1135999
1136293
1145410
1146274
1152825
1156530
1157797
1159500
1160710
1163755
1164479
1167278
1170405
1171373
1172550
1173307
1179411
1179416
1183334
1185647
1194392
1194870
1196569
1196670
1198175
1206803
1210651
1211873
1211880
1214925
1215022
1219344
1227008
1228954
1230534
1235874
1236379
1236784
1237524
1238541
1242330
1249524
1251053
1251148
1253766
1258485
1261431
1263138
1266677
1267033
1275427
1278315
1278590
1281429
1282679
1283930
1287857
1288723
1295383
1298232
1298416
1303255
1306554
1307244
1307673
1317536
1322153
1327694
1338636
1344666
1352519
1354790
1356745
1364968
1367728
1367755
1375384
1384165
1384447
1390147
1399504
1405689
1407382
1420029
1422936
1428055
1440349
1447466
1452127
1452287
1455026
1458060
1458561
1460203
1466978
1467356
1468296
1475362
1479100
1480220
1482978
1505810
1506453
1510059
1520549
1535721
1541608
1551837
1558112
1563330
1568000
1571708
1574456
1574992
1576538
1577177
1578662
1581230
1581748
1581825
1582793
1585971
1586794
1609843
1610955
1611904
1616214
1623522
1626012
1628580
1630491
1632165
1637996
1638339
1639073
1645721
1648322
1650121
1653551
1655560
1663981
1664902
1667537
1669866
1671417
1678222
1687004
1689924
1694915
1695988
1696047
1696141
1697955
1702684
1709591
1719342
1721373
1721635
1741463
1741968
1743702
1746497
1747288
1747323
1748562
1752736
1760947
1764158
1771323
1771430
1772339
1773662
1775674
1781004
1784917
1788052
1788455
1791339
1797909
1805229
1808548
1810704
1813279
1813987
1825390
1835647
1837255
1838074
1843280
1843669
1846985
1847052
1848149
1851901
1855574
1859743
1875006
1888848
1891671
1893860
1899249
1903490
1904889
1917763
1921271
1922563
1937894
1942758
1944957
1950034
1952956
1958028
1968230
1969750
1973560
1978766
1980306
1981994
1982276
1983606
1997827
