-1999574
-1997291
-1995065
-1990473
-1990018
-1980171
-1979493
-1975722
-1969820
-1968539
-1961233
-1960575
-1957357
-1954534
-1954014
-1945574
-1945508
-1938323
-1933151
-1932382
-1930949
-1926646
-1921810
-1919934
-1914618
-1903120
-1890965
-1878163
-1876365
-1868623
-1868380
-1866777
-1865861
-1856195
-1853591
-1851110
-1847120
-1846993
-1843587
-1839828
-1837400
-1835802
-1831427
-1826497
-1824943
-1822519
-1819635
-1812901
-1807316
-1804784
-1800447
-1793646
-1793004
-1791758
-1790057
-1787446
-1786763
-1786682
-1784831
-1776403
-1774304
-1774015
-1769631
-1760540
-1747706
-1741592
-1738796
-1738034
-1734592
-1734133
-1718377
-1715885
-1715691
-1713532
-1712828
-1712734
-1711314
-1705948
-1702312
-1695433
-1689272
-1676529
-1670230
-1660010
-1647983
-1645320
-1641928
-1640528
-1640179
-1639095
-1638343
-1638294
-1637899
-1631927
-1629849
-1627217
-1622214
-1621222
-1618990
-1618679
-1612979
-1605409
-1601438
-1597409
-1596856
-1592886
-1579867
-1577201
-1574078
-1566408
-1560994
-1552368
-1549616
-1543159
-1539678
-1538347
-1537983
-1535194
-1532878
-1526398
-1526109
-1522320
-1522060
-1521071
-1514916
-1513773
-1512189
-1504680
-1504144
-1500577
-1497521
-1492826
-1489930
-1485647
-1485119
-1480996
-1479495
-1476688
-1460476
-1460089
-1458468
-1451252
-1450416
-1447659
-1439719
-1437892
-1432151
-1431182
-1431167
-1425476
-1424930
-1415680
-1413168
-1409873
-1400310
-1393632
-1392535
-1391353
-1389040
-1377857
-1375060
-1370975
-1370656
-1367554
-1364664
-1357688
-1356780
-1350135
-1349979
-1347280
-1338374
-1333122
-1327395
-1325224
-1323101
-1307393
-1305779
-1292027
-1288439
-1287068
-1279203
-1278896
-1276552
-1273188
-1272583
-1269848
-1265375
-1261931
-1260507
-1257100
-1252581
-1245643
-1242922
-1242619
-1242272
-1240426
-1234932
-1233653
-1233624
-1231018
-1230127
-1228313
-1221720
-1202859
-1202707
-1201279
-1197878
-1196995
-1182651
-1182044
-1176826
-1168350
-1163962
-1152160
-1143559
-1135966
-1134868
-1133945
-1131216
-1127427
-1122572
-1115841
-1104846
-1103211
-1095719
-1094034
-1093787
-1090181
-1089652
-1077227
-1074618
-1072353
-1068584
-1065462
-1064353
-1057925
-1057382
-1052750
-1036109
-1031431
-1027937
-1027509
-1025482
-1024562
-1004850
-1004604
-1003307
-992371
-989423
-988439
-987838
-987656
-986587
-986554
-983154
-982229
-978399
-973211
-970657
-967786
-967413
-960610
-957357
-956603
-955506
-951527
-947211
-941526
-941364
-938176
-934387
-929842
-928394
-926333
-923135
-918375
-912696
-912314
-912103
-909716
-905956
-883055
-880453
-877901
-873754
-868388
-866005
-863379
-862202
-858709
-856927
-855562
-855132
-849432
-848718
-842096
-837799
-835968
-831104
-829871
-812546
-808405
-805027
-802794
-801859
-798122
-797490
-795628
-794465
-791897
-789758
-789660
-789261
-787325
-786148
-784780
-780909
-778852
-778135
-777888
-775549
-765932
-758188
-748898
-745941
-745341
-745167
-744198
-739048
-738873
-736250
-729853
-722797
-708295
-695230
-694742
-689708
-689004
-688791
-681071
-680291
-676017
-675772
-674245
-670430
-670034
-644258
-644188
-642927
-633896
-630382
-615822
-614062
-607342
-603229
-601425
-598536
-594539
-593635
-589322
-588491
-585426
-584222
-579758
-577233
-576321
-574074
-566770
-558858
-557966
-555993
-555912
-555671
-552691
-550107
-547871
-545818
-539243
-532486
-530184
-529580
-525663
-509696
-506336
-505387
-504002
-503104
-500289
-498523
-495782
-495286
-495022
-490358
-490251
-484831
-480469
-468910
-468412
-456209
-449198
-447923
-440146
-436147
-431573
-425601
-415474
-410915
-405588
-385331
-379873
-375781
-365182
-356328
-353875
-351995
-351496
-349162
-349054
-346553
-345078
-343861
-342383
-341579
-341050
-330601
-328456
-328331
-326945
-317605
-317231
-310550
-310478
-307952
-301970
-300768
-298189
-293015
-280259
-277665
-276402
-272582
-271866
-265045
-260965
-257174
-254696
-253125
-242259
-237856
-225282
-223847
-217286
-214668
-213871
-205502
-194522
-190765
-186416
-186409
-180056
-174835
-173888
-172416
-161904
-157726
-141651
-141279
-135440
-134655
-131501
-129033
-126638
-122973
-122558
-121355
-121348
-116841
-109959
-109481
-103253
-100093
-96088
-92039
-88758
-88614
-87822
-86010
-83910
-83121
-65493
-65109
-59425
-56919
-55543
-54179
-50946
-49624
-45728
-44721
-42174
-41749
-35380
-31312
-22256
-13566
-11161
9519
13657
20857
21023
23126
25141
25435
26752
36388
49838
50595
52987
57127
64062
67734
71552
74923
78101
78746
82043
94363
96077
96782
100546
113354
114424
115577
116889
123240
124433
125229
128417
131638
136364
136495
138246
144833
149719
149918
156788
162310
166493
169538
176731
177875
180792
195309
196131
198230
201349
203929
205504
210580
216809
217954
222111
224635
228615
245694
257075
258974
259152
259165
262799
263077
265321
269716
271529
272605
274752
275232
278790
279036
282536
287071
287918
289597
291176
292176
293058
293488
301125
304279
305944
309793
315146
324211
325063
332267
341966
355009
356434
360003
364367
367840
371896
373336
381523
385781
388317
394328
396509
398761
400839
408107
419267
423237
424396
425003
426571
435578
438533
442057
443208
443367
449360
453484
455215
456915
458607
465063
472601
475567
478050
480010
483508
488662
500851
514164
514736
520625
528913
531233
532455
541982
542662
560961
563256
570138
575326
578632
583926
584064
588360
593318
593603
604683
605318
610725
613470
614266
615083
615396
618386
638480
638486
641194
651234
661894
662342
663782
664275
666639
677514
679525
679706
681247
685792
691134
693497
694000
696980
708221
709613
709625
711111
711322
719148
730592
736793
741588
751730
753707
754492
760798
767152
767635
773154
774217
776076
776699
783137
784485
785589
788451
794616
804493
807493
808137
808579
808644
827449
828322
829930
833130
835598
839089
839999
840706
841192
854849
855651
860934
861530
865353
868414
868627
868738
870224
871778
878518
878770
879068
880838
881038
886815
887006
888258
891302
893820
907155
909626
912906
913140
922266
929802
930636
937915
938668
943728
945520
954612
959366
965396
967732
968793
972375
978390
986078
987291
995157
996345
1000445
1001682
1003292
1004787
1011233
1015562
1020217
1023441
1028060
1052650
1055764
1058707
1061200
1063165
1064504
1070278
1073531
1073659
1074124
1075829
1081367
1086311
1094494
1119852
1127043
1132479
1133215
1140363
1141732
1145279
1146447
1148690
1148923
1157337
1165254
1168429
1169289
1182609
1185650
1196320
1198075
1203482
1204962
1206076
1219059
1227544
1228205
1228563
1229209
1230387
1235069
1236180
1240682
1241753
1243129
1246936
1249665
1250397
1253294
1256766
1266202
1266258
1272413
1272564
1273001
1274307
1278136
1278929
1283378
1284477
1289644
1292905
1293851
1295514
1302219
1303818
1308500
1312501
1312677
1328054
1332633
1348039
1361762
1367697
1373929
1376927
1377235
1381041
1383589
1404140
1404792
1408850
1413081
1420001
1421001
1421900
1426345
1429332
1437683
1438847
1440236
1440795
1442129
1445342
1446943
1449311
1454325
1456981
1458818
1464532
1471758
1472921
1480259
1481558
1488146
1492767
1492967
1501430
1508713
1513042
1523939
1528686
1532490
1532787
1532962
1535179
1541836
1543283
1546378
1553229
1553697
1565067
1580680
1584177
1585696
1595904
1595916
1598572
1605661
1607116
1610088
1610920
1616372
1624953
1627873
1628353
1631157
1635072
1636434
1637458
1641158
1641601
1642086
1643901
1645033
1652905
1663358
1665318
1667604
1677798
1688213
1689163
1690433
1698873
1701424
1702129
1704080
1704217
1712454
1712604
1712777
1717069
1720190
1724396
1724531
1725548
1725781
1731729
1739043
1740551
1744004
1745616
1753603
1756238
1759022
1764226
1770220
1773621
1775230
1777648
1790188
1799071
1811174
1812350
1813679
1817620
1819091
1819244
1821002
1822817
1839171
1842027
1842672
1843275
1844374
1850646
1851201
1857978
1862582
1867239
1868053
1868912
1878689
1879354
1882430
1884585
1889025
1893933
1900437
1902671
1903497
1904603
1909250
1911456
1913677
1917237
1932175
1933973
1938047
1942109
1945537
1947552
1954591
1955578
1959739
1969468
1974930
1978891
1981068
1985789
1987748
1991022
