-1999714
-1996074
-1989190
-1984149
-1982691
-1979224
-1977310
-1960135
-1956220
-1951477
-1943459
-1942316
-1937865
-1936973
-1935376
-1932817
-1930543
-1924539
-1919997
-1918950
-1911594
-1909558
-1909017
-1908148
-1904176
-1903975
-1901826
-1900690
-1900685
-1900227
-1895388
-1893228
-1891090
-1880009
-1878152
-1875169
-1874684
-1871941
-1871792
-1865360
-1858211
-1853643
-1852090
-1851470
-1842830
-1841369
-1840174
-1833443
-1818840
-1815871
-1806332
-1799676
-1793546
-1792633
-1790141
-1789306
-1778653
-1776787
-1768846
-1763584
-1754355
-1750146
-1745152
-1741919
-1739874
-1738925
-1731891
-1729757
-1724647
-1717870
-1715258
-1712892
-1709704
-1705287
-1704263
-1696251
-1693412
-1681824
-1681725
-1677977
-1676055
-1670857
-1668214
-1665612
-1658706
-1651102
-1644497
-1644333
-1632656
-1629943
-1625275
-1619460
-1616155
-1610478
-1608938
-1604698
-1602018
-1601258
-1599998
-1591386
-1588637
-1587706
-1586310
-1573892
-1571985
-1571549
-1568511
-1566360
-1563291
-1560095
-1558735
-1549102
-1543965
-1540320
-1530321
-1530072
-1527799
-1527720
-1526842
-1525150
-1522212
-1518759
-1517954
-1513324
-1511516
-1506535
-1502442
-1497066
-1496299
-1495529
-1494939
-1492507
-1491209
-1490753
-1489223
-1486199
-1474401
-1472612
-1470965
-1467743
-1456048
-1451824
-1451313
-1450407
-1450202
-1445801
-1443839
-1436460
-1434805
-1428192
-1426013
-1425263
-1424726
-1421749
-1414239
-1414133
-1396074
-1393392
-1389608
-1386357
-1382684
-1380166
-1375066
-1368016
-1366171
-1366017
-1359918
-1357670
-1354917
-1350540
-1339745
-1338422
-1338336
-1337391
-1334586
-1327134
-1321252
-1317658
-1317532
-1303212
-1303176
-1295707
-1292483
-1287948
-1285943
-1284356
-1273753
-1266708
-1258565
-1258296
-1253307
-1253145
-1252144
-1251284
-1249077
-1244542
-1244036
-1240203
-1236307
-1227004
-1220078
-1218610
-1211605
-1206837
-1205865
-1202030
-1201668
-1199568
-1194626
-1189986
-1189372
-1179033
-1174435
-1173655
-1171329
-1167541
-1167332
-1165953
-1163298
-1162291
-1160711
-1150198
-1142592
-1138805
-1134315
-1125836
-1125157
-1120668
-1115524
-1113277
-1109344
-1106092
-1103317
-1099507
-1096707
-1094720
-1085209
-1084050
-1083357
-1081737
-1078174
-1075868
-1069886
-1066167
-1057859
-1056497
-1047699
-1034831
-1007845
-996310
-990630
-987903
-986962
-983286
-982327
-976038
-975957
-975626
-975032
-974092
-969743
-962552
-945898
-938122
-935136
-934689
-933357
-929184
-924659
-916707
-915124
-909322
-908144
-907001
-902577
-898907
-897653
-893557
-892674
-883401
-875966
-872398
-872004
-867811
-865762
-865404
-860552
-852598
-844305
-822298
-813050
-802687
-802360
-801157
-799271
-798466
-796275
-786907
-782482
-781742
-780869
-780221
-773530
-769471
-767593
-758668
-755642
-748553
-748313
-747142
-745582
-740733
-738071
-737667
-725914
-713345
-710597
-701540
-700092
-698653
-688168
-681543
-678986
-673998
-673381
-671660
-670956
-669618
-669365
-668568
-668032
-663849
-644265
-641957
-639034
-635717
-635560
-631093
-620533
-618773
-616714
-616561
-616008
-614278
-613029
-609765
-607242
-605486
-604078
-603191
-599620
-591561
-584482
-583488
-582880
-581935
-581215
-578124
-570995
-568742
-568679
-568616
-558720
-558251
-557786
-553330
-552109
-542315
-540401
-538199
-534268
-531827
-528257
-525377
-524016
-523929
-517820
-514995
-512504
-511778
-507161
-502760
-497976
-490063
-486011
-484239
-471521
-469977
-469750
-467187
-466652
-460549
-454773
-446639
-442152
-441432
-439330
-438688
-421372
-407878
-404301
-401811
-393308
-390895
-390076
-388710
-387606
-386955
-380052
-377134
-373612
-370924
-365148
-362119
-361771
-359226
-353832
-351129
-349177
-347563
-341609
-334224
-333230
-332152
-330821
-327020
-318209
-317910
-316636
-314652
-306851
-299596
-281877
-272606
-270869
-270216
-268215
-263895
-261074
-258295
-253444
-237252
-234355
-232965
-230641
-224192
-223843
-222789
-216764
-212848
-208067
-207343
-197927
-194837
-187787
-185101
-171462
-167575
-166420
-166202
-159539
-150608
-150565
-149677
-149268
-142769
-141189
-132693
-127613
-125469
-113444
-111972
-108020
-103859
-100273
-98458
-94987
-91898
-91449
-90510
-88846
-79435
-77166
-72547
-69328
-68771
-63487
-59356
-48544
-45094
-40244
-35738
-23967
-12645
-5812
-3074
4450
6220
6616
14048
18607
20619
25615
33801
35343
38468
38801
41038
41160
46014
49052
55850
59415
61574
68912
69041
70384
83709
84144
86669
89737
91727
92569
92907
93280
96286
110283
115015
117091
119071
119955
123008
125244
125909
129341
129574
130589
133140
135122
139351
142245
143910
155402
158051
158250
159259
159795
161169
162317
166934
167226
177650
179456
179888
185120
202438
206373
208136
208180
208949
217636
219596
222412
225284
234851
237963
239352
240025
240407
242258
243513
246337
250356
252793
255479
268989
272050
272604
282522
287532
289768
292009
296947
297294
332031
352348
361027
363064
368895
373193
376058
383866
385863
389483
392752
397005
398175
402024
413028
420126
420179
431804
432020
435141
444408
446794
446966
447513
447914
451780
455721
458358
462868
473320
475917
487805
495467
496416
496424
502672
511363
513434
514936
521453
526223
534612
534713
538130
539030
544969
546391
548121
557664
558878
566585
579460
580354
580447
587945
590018
595327
598378
601606
613568
615909
622462
626807
628372
629574
632834
634072
636318
636998
639396
642996
643712
651956
655889
658522
674393
677976
681859
682233
688736
691071
691535
691992
705935
709446
710084
710827
711189
716724
717289
719253
719998
722510
727183
729526
731611
732765
737483
738000
738223
739637
747191
748071
753581
754643
756356
757476
762994
768187
770075
785219
796108
808759
811881
816380
817791
819833
831087
834193
835741
839452
844213
845862
846287
848167
850418
859479
861714
863256
867684
869229
871742
876526
886141
893947
897539
900012
900818
903367
903497
904537
907244
919299
925650
934079
936617
940269
945130
949021
954361
956850
957437
966291
968291
971500
972672
975946
977232
987205
989383
989537
998081
1002269
1005615
1005642
1006854
1012469
1018097
1022901
1031724
1032010
1033727
1050779
1051731
1055531
1058584
1061122
1062173
1066216
1067294
1072197
1074310
1076833
1083621
1084223
1086862
1088309
1099053
1101417
1101503
1103537
1108517
1109479
1118844
1122025
1123940
1126076
1135068
1137601
1139542
1159376
1161369
1165905
1167717
1168166
1177403
1181708
1183748
1184937
1185546
1189560
1190300
1190629
1192292
1193876
1194594
1206618
1211788
1225105
1235501
1236382
1246847
1247916
1249353
1250096
1256841
1259971
1260544
1268299
1271732
1273269
1273271
1276277
1288149
1289413
1291069
1299169
1299355
1301438
1307242
1308053
1321506
1324877
1325450
1342910
1348220
1353014
1353615
1364208
1367643
1388486
1395151
1395310
1395601
1396653
1397129
1397550
1399869
1401486
1404042
1404865
1404890
1409281
1422367
1422544
1425008
1431301
1440193
1456527
1458328
1458931
1459689
1460056
1462569
1464138
1471594
1479870
1483614
1485008
1494839
1497566
1500273
1509986
1511497
1511993
1514169
1517441
1523379
1526033
1528349
1535371
1537395
1541767
1547316
1548857
1552998
1555264
1556325
1565273
1568266
1568450
1568681
1568778
1582840
1584296
1586679
1587568
1587674
1593076
1612773
1623938
1626856
1631498
1632351
1636741
1637708
1640194
1642340
1649301
1649799
1651226
1655589
1658355
1661633
1667932
1670103
1683415
1686767
1692151
1693734
1703829
1704038
1704414
1708524
1710109
1711980
1713734
1714724
1719001
1720191
1721419
1725455
1728296
1739880
1741255
1747596
1750656
1751172
1752775
1753872
1759443
1759527
1764542
1765363
1766562
1769871
1776157
1780889
1781001
1781429
1788096
1793718
1799696
1803663
1807203
1810027
1810651
1813190
1825534
1830632
1832350
1834051
1839340
1841329
1846339
1847897
1855441
1855848
1860192
1863881
1864604
1867618
1871403
1874702
1878373
1880515
1886668
1894175
1895350
1895622
1898691
1900170
1906517
1909684
1910084
1912370
1917671
1922326
1931098
1934357
1935762
1936962
1942408
1946022
1949905
1956040
1961046
1970682
1972360
1974055
1981896
1987070
1989903
1990131
1994169
1999946
