-1995670
-1990558
-1990303
-1989362
-1972366
-1962067
-1961582
-1955359
-1953586
-1952039
-1948194
-1946696
-1946282
-1945523
-1938690
-1936257
-1934385
-1921309
-1910456
-1908445
-1893944
-1893375
-1887694
-1887120
-1882881
-1882136
-1878329
-1867588
-1864031
-1859738
-1857009
-1856297
-1854477
-1854362
-1852618
-1850742
-1847752
-1844585
-1840214
-1830001
-1829524
-1828948
-1827645
-1827444
-1824103
-1823105
-1820200
-1819921
-1819296
-1810143
-1809040
-1808328
-1802455
-1796699
-1791589
-1786843
-1785009
-1784624
-1780171
-1775824
-1773678
-1773052
-1772977
-1769656
-1761836
-1760626
-1754250
-1751086
-1738351
-1737105
-1734394
-1732460
-1732041
-1731434
-1730147
-1721228
-1721138
-1720820
-1716887
-1715657
-1712282
-1711555
-1703391
-1702100
-1701049
-1699510
-1697600
-1696570
-1695095
-1692418
-1690548
-1689982
-1680310
-1675146
-1674183
-1671809
-1662614
-1654633
-1651260
-1646066
-1644918
-1614169
-1613371
-1613328
-1610177
-1609521
-1608004
-1607758
-1607299
-1606276
-1600253
-1598696
-1598618
-1595760
-1595235
-1593308
-1592949
-1592421
-1588796
-1588668
-1585968
-1585153
-1579536
-1575556
-1572790
-1570490
-1567682
-1566206
-1566043
-1565648
-1565550
-1555549
-1553936
-1552097
-1546991
-1546815
-1545945
-1545668
-1539780
-1538178
-1537979
-1534491
-1527664
-1527191
-1514427
-1511906
-1506398
-1500548
-1494489
-1478465
-1465959
-1463738
-1458150
-1457498
-1456064
-1454630
-1450752
-1446946
-1441191
-1440510
-1436360
-1429121
-1428219
-1427545
-1425100
-1424090
-1416066
-1415038
-1413255
-1410420
-1409626
-1409565
-1408297
-1406084
-1401747
-1396458
-1391491
-1390941
-1383778
-1383765
-1381925
-1380291
-1377934
-1370360
-1366757
-1354542
-1353193
-1342978
-1336840
-1336608
-1335584
-1329087
-1326460
-1315585
-1315062
-1312449
-1302989
-1302961
-1297236
-1290169
-1279512
-1276756
-1273509
-1267337
-1255912
-1244977
-1243340
-1239214
-1238927
-1233247
-1230932
-1230876
-1225128
-1218060
-1215627
-1213062
-1212705
-1205989
-1205220
-1204140
-1199161
-1198791
-1192361
-1190444
-1189571
-1186109
-1183740
-1181407
-1179078
-1174989
-1171697
-1144490
-1144274
-1143746
-1137950
-1135846
-1132593
-1131402
-1127055
-1122372
-1108372
-1105872
-1100580
-1100158
-1094460
-1093923
-1071332
-1069894
-1069842
-1067370
-1066130
-1063223
-1060035
-1051028
-1050151
-1049040
-1043134
-1041826
-1030856
-1012899
-1012492
-1000538
-999277
-998540
-987427
-985095
-981989
-979922
-978807
-978286
-974342
-968257
-966052
-963176
-951799
-950736
-948243
-941055
-933162
-931932
-931456
-926413
-916142
-911143
-909919
-905114
-904731
-903515
-879488
-878932
-876445
-875880
-875560
-856645
-843623
-829870
-808683
-807602
-802628
-800965
-795869
-793644
-792123
-786671
-778699
-771538
-771263
-770353
-769460
-765236
-748730
-745634
-745292
-743774
-732456
-725076
-717146
-716940
-707557
-702625
-701031
-699561
-696084
-695416
-691897
-688139
-682987
-682978
-679188
-675348
-675309
-669204
-668770
-663338
-661357
-659702
-651483
-647676
-643111
-640332
-630919
-629348
-624602
-624599
-622485
-622238
-614564
-611854
-604491
-603239
-602309
-596077
-593929
-593056
-586198
-583918
-582596
-581037
-578413
-576691
-573771
-570495
-569147
-558593
-557442
-550542
-548956
-545580
-545390
-544788
-535956
-533800
-532188
-530915
-530749
-518098
-506505
-499914
-493167
-492791
-490352
-480469
-475936
-469075
-466978
-466795
-461250
-460177
-458024
-455291
-453528
-451672
-450879
-450316
-449828
-445607
-445260
-442590
-435577
-427570
-412688
-403641
-401523
-401128
-393362
-391737
-386536
-384196
-376976
-373790
-361458
-358462
-353087
-348564
-341975
-338299
-322732
-319396
-314638
-314305
-313706
-312279
-300397
-299734
-295608
-292533
-287787
-281172
-278979
-277142
-260586
-255551
-238740
-232372
-231484
-230353
-223227
-220525
-216454
-214714
-214238
-207559
-205328
-198808
-193662
-190528
-182787
-179813
-179763
-176492
-173326
-167008
-162905
-160222
-154733
-147512
-143683
-134659
-134484
-127209
-124884
-121030
-116403
-111735
-110180
-107642
-104020
-102052
-100947
-99148
-98336
-91416
-85186
-76935
-73346
-72008
-70412
-66688
-62245
-54767
-50077
-47891
-46872
-45613
-43197
-40520
-32985
-29055
-27208
-14473
-12807
-12076
-7373
-3345
4324
8803
12436
32043
32227
32615
47163
47968
48355
49458
55482
55624
56101
60866
68267
70195
79829
82273
85087
91601
93335
94900
104484
118944
119522
123754
129325
132080
132617
135655
140301
145074
148686
149377
154906
155177
158700
162299
163826
165706
166552
167524
169419
171749
172849
176311
176389
177662
178509
189389
189736
192248
196322
197977
202778
208057
213503
219499
223089
230461
230946
233113
237137
237163
242199
245303
248147
253542
256824
265362
270181
271528
281560
292524
292836
293248
296828
297153
300927
301287
308998
309816
314384
315101
316307
326103
331155
331808
337829
337842
338383
343843
348812
349307
349754
363436
364834
372010
372385
375143
376908
385064
388175
388571
393481
400913
408773
418806
420149
427035
433537
438945
442026
449630
451514
454679
455871
456274
467224
470664
470869
473238
474040
480158
482245
484088
487189
495012
501069
503078
514406
515754
517966
518161
521419
522928
532018
532315
532521
553488
560368
565847
577645
580704
594361
598260
599433
601212
612097
613659
618314
630117
630194
631393
633015
638681
651363
652586
652722
654839
666979
668066
670679
676912
677582
679758
681057
688248
688667
690586
709109
709340
711213
715713
731545
731904
731920
733153
739000
741205
742405
745538
746448
753124
754078
758582
765897
772741
774640
779416
779707
782980
792443
796607
796910
801978
810480
817096
819551
819810
821808
827405
828242
828835
833987
839844
846172
856659
856788
856947
856966
862929
871807
874292
889379
889630
892627
894766
896027
897787
905017
917191
917491
935848
937234
940882
941273
946234
948057
956733
961032
965461
966606
969065
978035
980602
985188
986334
989992
992330
992500
994947
996810
999725
1003292
1007358
1008397
1011066
1014511
1015433
1015612
1018018
1019433
1021612
1029447
1031125
1036771
1042751
1044869
1046981
1048230
1053008
1053693
1061620
1063625
1064366
1064617
1070875
1072590
1072948
1080524
1081436
1081767
1090012
1094863
1101107
1104012
1106717
1111223
1112799
1122892
1133164
1134334
1135230
1135446
1137025
1137239
1138721
1141688
1145777
1147659
1157746
1159719
1159867
1167047
1169410
1178310
1181550
1181900
1185433
1189350
1192010
1196269
1197844
1201833
1204396
1205632
1207126
1215587
1216611
1219591
1224316
1236221
1236305
1252186
1253423
1257009
1257537
1258408
1266148
1266151
1287202
1291852
1294053
1302215
1306460
1308053
1311226
1314830
1315210
1321581
1322082
1322864
1328435
1330694
1331896
1333129
1334441
1334727
1334947
1337712
1343125
1346345
1346359
1350178
1356286
1356391
1356956
1369697
1371759
1372417
1373290
1373851
1386164
1391074
1391435
1406372
1415819
1419335
1422429
1423685
1425378
1427580
1431140
1431390
1435059
1438413
1440842
1445837
1448874
1450184
1452729
1453941
1454759
1463415
1465332
1468538
1469281
1478379
1492294
1493863
1498908
1505847
1522081
1522319
1524907
1529718
1533102
1538722
1539162
1540319
1540883
1544615
1556609
1556983
1561598
1561776
1564874
1567775
1568711
1571392
1576615
1582576
1586545
1587235
1587510
1588169
1589002
1596069
1608828
1611311
1615606
1618045
1624064
1624738
1626600
1627109
1630652
1640861
1645320
1650413
1657529
1660088
1664547
1669223
1670424
1671948
1672022
1675309
1678070
1678599
1695703
1695943
1697480
1706455
1707546
1709455
1710924
1713156
1714332
1726431
1728509
1732162
1732332
1732361
1739342
1742641
1747486
1749387
1756459
1756751
1757731
1758649
1759915
1775389
1778249
1780109
1798136
1806990
1807735
1808079
1811439
1813619
1815289
1816105
1817707
1820610
1823154
1825479
1829506
1830275
1834884
1835949
1842587
1843536
1846992
1850270
1854444
1858996
1859303
1859516
1861071
1877520
1881639
1885052
1885057
1889671
1890154
1896095
1899226
1903071
1907143
1914922
1916844
1919665
1933600
1938349
1940676
1940751
1945693
1954025
1964358
1976343
1977298
1991338
1995283
