-1998461
-1997855
-1997705
-1986558
-1985848
-1985629
-1985082
-1983441
-1981829
-1975716
-1970845
-1968035
-1966889
-1959787
-1958817
-1958672
-1957150
-1947845
-1937917
-1932948
-1930643
-1923378
-1922521
-1915320
-1899569
-1895768
-1894442
-1888002
-1885363
-1882510
-1879173
-1875702
-1870525
-1867353
-1866682
-1857851
-1853952
-1849835
-1846969
-1843404
-1838326
-1832486
-1829383
-1817457
-1815791
-1812084
-1810556
-1804078
-1803104
-1802824
-1800960
-1800537
-1800197
-1798935
-1792372
-1791119
-1787312
-1784672
-1770608
-1767388
-1766477
-1765458
-1752343
-1751019
-1749999
-1739087
-1727821
-1725802
-1722874
-1722604
-1722230
-1711139
-1704878
-1703164
-1690604
-1690500
-1689156
-1686341
-1685472
-1679689
-1678080
-1666689
-1665021
-1657056
-1656032
-1651283
-1646741
-1642556
-1642421
-1638839
-1627991
-1625099
-1624784
-1620542
-1615921
-1610757
-1607035
-1605025
-1604362
-1597586
-1594291
-1586690
-1585807
-1584873
-1574622
-1568371
-1567379
-1564985
-1561083
-1556445
-1554406
-1548336
-1547401
-1547319
-1544360
-1540351
-1536961
-1528359
-1523789
-1516926
-1515650
-1514177
-1512812
-1507171
-1506828
-1502926
-1490848
-1486040
-1482994
-1482515
-1482302
-1481482
-1479540
-1476376
-1473360
-1473237
-1471178
-1469576
-1464168
-1454404
-1450452
-1435288
-1432400
-1431089
-1429125
-1420821
-1417018
-1416144
-1411859
-1411468
-1411447
-1408662
-1408509
-1408350
-1406905
-1394155
-1388334
-1386143
-1380722
-1375837
-1370019
-1366323
-1361020
-1356382
-1342123
-1335699
-1333076
-1328684
-1324060
-1323084
-1317101
-1309999
-1308888
-1305146
-1304991
-1304734
-1299421
-1296788
-1290060
-1283875
-1282644
-1278325
-1276894
-1273739
-1271513
-1270289
-1268949
-1268575
-1263131
-1256801
-1253550
-1252953
-1249338
-1241363
-1237401
-1237091
-1232264
-1226758
-1223908
-1216281
-1212405
-1199591
-1198716
-1195128
-1192751
-1189146
-1185089
-1177395
-1174216
-1173034
-1163906
-1161414
-1161225
-1161151
-1159220
-1154599
-1141988
-1138925
-1137496
-1136427
-1133822
-1130416
-1125390
-1123668
-1122305
-1121453
-1121373
-1120471
-1119306
-1116775
-1112197
-1111877
-1109886
-1105643
-1103634
-1102903
-1100582
-1098928
-1091891
-1091803
-1085643
-1080846
-1076667
-1074550
-1070670
-1068941
-1068678
-1067501
-1065678
-1061092
-1060321
-1057257
-1052865
-1051923
-1049793
-1048101
-1041866
-1040543
-1040505
-1038910
-1022898
-1019724
-1018651
-1015811
-1013721
-1013316
-1013137
-1010944
-1009560
-1008547
-1007139
-1005636
-998081
-996655
-993565
-993273
-987712
-987657
-975198
-967410
-967390
-964674
-962443
-959889
-958676
-958029
-956844
-955537
-946207
-942991
-934251
-929499
-911550
-911214
-909456
-903299
-902012
-894988
-893889
-887050
-884165
-882189
-881355
-880963
-880024
-878757
-878594
-872722
-872149
-864420
-864018
-862942
-862552
-859923
-859836
-854761
-853957
-849280
-847624
-847008
-846679
-842337
-834377
-830734
-826845
-820264
-808316
-796431
-794089
-790719
-778231
-777252
-770427
-767892
-760386
-760190
-758944
-756794
-756202
-755822
-754037
-742705
-740867
-736368
-730751
-721558
-714687
-713159
-712271
-711177
-711122
-710797
-707481
-707283
-700906
-695206
-677073
-674283
-666700
-664256
-655141
-650051
-646834
-645074
-632719
-624652
-622088
-620917
-619298
-613791
-608470
-608014
-605869
-604384
-599930
-597063
-590052
-588694
-587906
-585517
-572385
-555312
-548529
-547795
-539456
-532901
-526327
-521963
-521081
-518366
-512763
-500588
-500398
-497805
-495796
-493930
-487533
-458913
-455310
-453443
-449756
-449568
-448107
-444416
-436792
-434286
-433930
-428225
-424216
-422422
-421715
-418793
-416714
-416410
-414794
-412495
-410019
-407077
-404325
-398753
-398473
-392721
-392035
-391578
-390402
-386824
-385772
-380449
-377069
-375967
-364765
-363137
-362341
-359100
-354336
-350197
-346208
-333392
-331830
-292302
-290425
-288694
-284606
-283134
-282040
-278239
-275006
-271493
-268153
-258976
-257488
-256048
-250329
-249121
-246425
-243837
-233245
-231852
-226168
-217861
-217306
-216248
-214473
-211756
-201863
-197935
-195275
-186452
-184150
-182112
-181708
-179167
-174120
-173896
-170318
-166986
-165660
-163986
-163734
-160288
-158075
-154161
-153348
-145986
-145886
-145591
-140374
-134915
-127804
-126762
-124997
-120020
-119108
-118470
-110371
-103949
-99585
-98187
-92795
-90857
-73242
-71575
-70118
-68056
-54966
-52554
-52393
-52389
-50674
-49194
-43795
-42431
-35758
-34116
-32161
-22027
-20859
-17484
-15733
-12264
-9562
-2721
-1165
1007
8985
17730
25132
27460
35501
37039
39799
50513
51943
60202
63098
63938
63997
66303
66737
68413
72483
76252
79770
80264
83057
92459
93379
97131
97727
110046
113473
123085
127173
127288
127797
133805
140519
141770
150477
156171
159111
159184
165258
167683
172181
189323
192824
203126
209974
227136
228027
230873
243976
246885
251343
251974
253748
259194
261649
261916
262610
267448
276013
276306
280855
282331
287112
294812
295105
296616
299610
306724
316583
317593
318130
328111
329905
332276
334787
336572
345197
346027
347617
350396
359161
361776
363338
384061
392532
394377
395845
397851
398196
407323
408112
409079
420503
420897
421529
428225
429497
429703
436635
440388
443974
450893
451089
453263
469673
469698
470800
472162
473514
474709
480316
480935
484541
490450
503170
505232
509181
515772
519808
526053
527894
543004
552353
553169
553298
558216
568706
571171
575769
583767
585790
587261
588063
590311
595740
596547
616209
617270
624279
625719
629183
638730
643835
653820
654109
669593
671047
671115
677209
691267
693428
693481
694823
695673
700618
704299
704622
707285
710783
725239
725840
729283
729721
738453
738700
741356
747225
760203
762316
762564
764423
769871
773786
785964
788370
793402
795067
796411
798404
803826
806366
807965
808671
809484
818409
824513
826473
827777
832456
842423
845771
850989
851248
858567
859288
864991
867450
871519
874646
881496
888315
892839
894876
902382
903195
906516
909625
914390
915688
936832
940605
942176
947643
948226
949255
950297
953791
959630
960143
964456
976460
976931
980554
981512
983617
985987
988209
992649
992959
999558
1007825
1010567
1010729
1010949
1011581
1023469
1027387
1027836
1031618
1037811
1044001
1045818
1052251
1057081
1062481
1064397
1065200
1066986
1069348
1071058
1073922
1074545
1077647
1091808
1118371
1119725
1120678
1123956
1125378
1125871
1130207
1130575
1132569
1134463
1136776
1141711
1157010
1159162
1159837
1164956
1174773
1175985
1186124
1201535
1209096
1215451
1216193
1223706
1225842
1226860
1229184
1247417
1254293
1257449
1263661
1263678
1264859
1265771
1271555
1271925
1279417
1281658
1292418
1295102
1300372
1301156
1306141
1307874
1313446
1317971
1318504
1325577
1328307
1331630
1332209
1340383
1340962
1348287
1349009
1352335
1354103
1356155
1363316
1364772
1367239
1371083
1383659
1389350
1391498
1392641
1392981
1397006
1399260
1405565
1415186
1416194
1422096
1424761
1429737
1432627
1437656
1438671
1444097
1444720
1449089
1449207
1450874
1454693
1455655
1463309
1463419
1464469
1466270
1466390
1466438
1475874
1486207
1489562
1489837
1490205
1492040
1492729
1492908
1496628
1496944
1497921
1504401
1506360
1510154
1512954
1514494
1517279
1520654
1526783
1529691
1532308
1545571
1548947
1551048
1552349
1552546
1555407
1563476
1567920
1570586
1572820
1572914
1573681
1574003
1584925
1588217
1593809
1601506
1610385
1611576
1615932
1616921
1618086
1620728
1626371
1629375
1635187
1638305
1645246
1650524
1653367
1655143
1665845
1672660
1672712
1677580
1685839
1687361
1695808
1696029
1710016
1711207
1720895
1742306
1743041
1752272
1754133
1758969
1761506
1767916
1771410
1774245
1778101
1780792
1783923
1787400
1792470
1792757
1792762
1795857
1807630
1813095
1818712
1832036
1837266
1845144
1853606
1857543
1859371
1860695
1860917
1863100
1863420
1869451
1869520
1874518
1875231
1878407
1883407
1884940
1887011
1889152
1890994
1891777
1895718
1904603
1906472
1908276
1922584
1923427
1934811
1936273
1938382
1939994
1940934
1945767
1952207
1953885
1954673
1965589
1966425
1967168
1973882
1974540
1975732
1977233
1977410
1978169
1983553
1984868
1990252
