-1996317
-1991968
-1991471
-1987999
-1984497
-1982396
-1980753
-1980548
-1967262
-1963464
-1960352
-1954650
-1945670
-1945044
-1943132
-1939481
-1935561
-1924844
-1922775
-1921359
-1918591
-1918434
-1918029
-1915323
-1914222
-1913845
-1909141
-1905249
-1902889
-1899083
-1897932
-1878860
-1878803
-1878458
-1877851
-1870216
-1870040
-1869727
-1868996
-1867874
-1864058
-1862329
-1859641
-1858625
-1846509
-1845743
-1842598
-1841793
-1836458
-1834761
-1834595
-1831145
-1828989
-1828915
-1828006
-1818354
-1816811
-1815470
-1809235
-1797833
-1788694
-1786566
-1786376
-1785533
-1783588
-1782106
-1781444
-1776633
-1768467
-1763715
-1760216
-1753814
-1750285
-1750213
-1743239
-1742752
-1740222
-1739470
-1733381
-1731733
-1724750
-1719585
-1715616
-1712784
-1711409
-1709185
-1708733
-1704045
-1695649
-1693819
-1692809
-1682381
-1680050
-1678729
-1666164
-1663248
-1660681
-1659891
-1654262
-1652800
-1652101
-1649761
-1642626
-1635428
-1634802
-1626792
-1614417
-1614326
-1611291
-1610886
-1609191
-1599319
-1598195
-1588129
-1587227
-1586977
-1584489
-1579746
-1578350
-1577985
-1577356
-1570935
-1567348
-1549210
-1545065
-1545023
-1540489
-1536988
-1533602
-1523024
-1514623
-1510654
-1489567
-1488818
-1482432
-1478954
-1478546
-1474899
-1472788
-1471392
-1460689
-1456120
-1447079
-1441462
-1436115
-1424098
-1409496
-1403469
-1402647
-1398799
-1398652
-1395580
-1389964
-1385677
-1385208
-1384852
-1376788
-1376698
-1370817
-1367859
-1363739
-1358275
-1355920
-1351845
-1350450
-1343464
-1329197
-1323650
-1310721
-1306476
-1305523
-1303012
-1300496
-1296645
-1293656
-1287146
-1281452
-1275697
-1271515
-1271313
-1268964
-1266989
-1260677
-1258683
-1252368
-1252367
-1250665
-1232528
-1230879
-1227874
-1227353
-1225814
-1220121
-1218646
-1210561
-1209122
-1208976
-1208960
-1207619
-1204902
-1203459
-1199345
-1193269
-1186059
-1183948
-1177639
-1167043
-1160404
-1158482
-1146247
-1145566
-1144388
-1143737
-1135938
-1135352
-1129182
-1129146
-1128647
-1127509
-1121172
-1116776
-1116259
-1110237
-1109346
-1103139
-1099288
-1099004
-1097313
-1094285
-1090757
-1081767
-1080643
-1079632
-1076821
-1074081
-1073139
-1072562
-1070599
-1066218
-1059522
-1051128
-1044562
-1042215
-1039443
-1027383
-1016916
-1012805
-1010456
-1010242
-1006523
-1006335
-1006074
-1005806
-1005212
-989510
-986748
-986352
-984885
-982068
-978168
-977463
-977344
-973836
-973305
-972443
-970939
-968683
-967507
-966599
-958600
-955116
-953424
-952865
-950213
-949775
-938714
-934108
-931429
-925076
-915358
-914603
-911842
-908534
-907556
-906176
-902057
-899872
-890793
-886634
-885113
-882433
-879598
-878786
-868605
-862634
-861526
-858636
-853182
-836965
-829908
-826348
-812850
-808767
-808293
-805253
-801291
-799910
-796713
-794374
-792063
-791137
-790660
-789074
-788860
-787030
-780770
-747426
-741996
-738868
-738834
-737445
-737342
-737260
-732411
-730715
-728932
-728552
-707213
-703387
-698753
-697813
-696908
-696700
-690980
-689646
-689562
-689174
-686330
-680174
-678772
-677286
-672854
-667915
-667374
-666961
-663396
-661537
-660738
-654871
-649238
-645180
-642235
-628749
-627987
-627350
-626394
-624918
-622643
-617021
-613209
-609381
-601273
-594076
-585805
-574289
-570723
-570500
-560623
-559722
-559325
-558931
-554612
-552492
-544909
-542331
-541224
-539525
-536525
-530367
-516386
-502835
-500308
-497035
-495237
-489279
-474618
-465367
-461737
-459587
-451482
-440358
-439660
-438706
-437895
-437557
-434907
-429983
-424452
-422992
-415967
-414820
-402085
-401317
-399525
-398155
-396857
-390407
-386864
-385248
-381514
-378423
-377167
-375778
-372281
-371756
-367620
-367364
-367151
-357129
-353507
-346994
-345775
-335971
-335843
-333076
-332986
-331411
-327878
-321821
-320058
-316435
-315367
-314924
-308399
-297560
-291626
-291032
-280162
-275646
-272644
-271351
-269997
-266532
-265852
-259921
-257019
-256685
-250512
-239776
-227183
-222990
-222700
-222342
-207192
-206871
-206567
-205964
-205348
-203152
-200455
-193891
-190795
-183625
-179565
-178400
-178138
-171646
-171515
-168479
-167459
-165877
-163810
-163797
-161957
-157127
-155747
-154125
-148783
-146802
-142600
-139298
-136148
-135625
-126931
-122687
-122445
-121168
-110811
-109083
-106225
-103998
-102621
-98871
-91963
-82148
-80930
-79921
-78310
-72272
-71450
-67058
-51252
-50639
-46891
-45990
-42769
-33834
-27701
-27615
-26753
-3244
-1366
-744
2075
2817
4059
8324
10877
18289
24000
31283
31548
37858
48437
52426
57265
57536
59738
61158
72314
72827
73623
77077
78060
78525
80801
87492
93197
98461
99031
107164
119069
121437
127163
135688
136014
143225
148148
172031
190500
196497
196818
197486
199984
205975
208661
211114
213467
219344
220633
222328
230812
238140
242830
246187
246218
249403
255371
260413
262081
263394
272280
276123
276910
277950
285805
289526
293024
297225
299846
301479
303362
304673
311006
318932
329496
332467
334415
334804
336454
343135
350194
358163
360395
367111
374417
376699
385615
386457
386477
388900
393585
397231
409753
413194
416804
424159
425224
428512
453718
454453
457044
459246
460889
466025
480929
496412
497567
499190
504963
506774
507127
515840
520788
523715
524138
534751
537902
539048
539860
542204
542319
542600
545183
545860
549527
552976
553313
553702
554656
564315
564596
569919
570743
581546
583082
586619
592285
594536
596538
598951
599414
599860
603696
607377
608525
610808
615447
618038
633585
633760
633812
634312
636129
642037
642571
643839
644812
645404
650174
656807
657810
659805
661432
662631
669543
671188
674240
677828
681544
690262
695780
698821
700861
702770
708004
717496
719618
720121
724330
730062
730286
734248
735223
740182
747011
748003
751535
758459
768494
772527
775548
779364
780649
782796
793677
796578
797661
798911
802862
807444
807991
809572
809989
810888
821929
822027
831910
834840
845383
845451
848052
848272
848527
851456
853582
860430
867521
878006
882697
884466
888800
895795
899309
900339
900478
906666
914652
917584
918176
919277
920793
921349
927676
930842
934585
935360
945258
947188
948804
957664
985983
986060
992324
1000726
1001943
1005698
1012122
1013603
1017989
1020444
1022507
1030322
1035561
1040178
1052987
1058881
1064387
1064569
1067703
1072272
1073220
1075353
1075607
1075895
1080214
1080772
1081223
1084697
1092926
1095254
1095802
1106214
1107188
1107681
1111945
1118958
1124148
1125642
1129365
1132549
1139111
1139904
1145547
1147030
1154229
1158115
1165051
1165127
1169001
1176471
1181035
1183495
1184051
1184736
1188846
1197802
1198003
1198685
1200053
1200608
1201019
1210389
1224499
1228316
1233244
1233272
1239856
1241374
1261115
1263954
1269081
1272919
1278945
1281291
1284089
1290259
1296253
1304186
1312458
1313094
1315086
1321317
1325829
1327331
1334636
1335412
1347551
1355315
1358212
1363154
1368913
1373294
1390226
1392654
1397616
1400844
1402381
1412039
1421205
1422409
1424995
1425750
1430105
1434367
1435614
1443334
1445241
1454986
1456990
1459332
1460941
1463654
1464709
1470414
1470811
1478230
1484165
1488535
1491495
1491885
1495079
1496355
1501523
1507749
1510136
1524690
1526320
1526874
1528009
1528043
1530740
1540388
1550540
1557002
1560045
1577640
1585877
1588202
1591223
1599344
1607317
1609006
1609188
1609891
1610340
1612772
1612880
1621598
1627399
1628380
1629457
1636227
1638449
1639719
1640536
1647628
1651616
1651891
1657139
1657250
1658657
1665553
1671375
1671612
1678340
1685264
1687709
1698806
1703030
1703176
1707415
1707747
1708869
1710170
1711477
1713308
1713309
1715928
1716308
1716690
1720770
1734199
1735249
1748674
1754583
1763537
1763910
1767950
1768553
1768900
1769623
1771078
1772791
1776735
1776794
1777682
1781273
1782432
1782837
1788555
1793479
1794154
1832532
1836611
1839318
1841086
1850729
1853597
1855835
1861539
1864337
1868853
1871903
1875093
1879790
1881378
1884234
1898067
1906890
1913438
1920391
1921060
1922302
1922382
1922621
1923140
1925975
1934703
1935624
1936399
1940452
1942367
1945984
1948092
1948929
1949456
1950011
1950925
1952904
1953363
1959323
1960189
1960262
1966884
1973157
1974834
1983846
1984391
1998731
