-1994456
-1994060
-1988320
-1978657
-1970377
-1965396
-1959657
-1950778
-1949931
-1949888
-1949269
-1948260
-1944865
-1939198
-1928180
-1924551
-1921503
-1919447
-1915868
-1915417
-1912794
-1909875
-1909591
-1909521
-1906224
-1902457
-1888932
-1888582
-1887737
-1885963
-1885509
-1883537
-1879887
-1874154
-1871559
-1868924
-1867567
-1861931
-1859142
-1844295
-1840582
-1836472
-1831825
-1826509
-1825342
-1821371
-1820349
-1816096
-1813982
-1813659
-1811593
-1808949
-1784702
-1781239
-1780453
-1776934
-1776588
-1774912
-1774779
-1773102
-1771614
-1769160
-1767379
-1759433
-1758388
-1757890
-1756567
-1735001
-1731081
-1730180
-1713661
-1713539
-1708174
-1706320
-1701409
-1698444
-1690792
-1680968
-1680246
-1677367
-1676034
-1662774
-1658399
-1657979
-1655876
-1647321
-1636209
-1634446
-1630802
-1630144
-1626870
-1626258
-1618141
-1617246
-1614958
-1612973
-1610779
-1602046
-1601210
-1600145
-1593649
-1585622
-1584649
-1583010
-1581709
-1579245
-1577293
-1576264
-1573466
-1573090
-1568967
-1566627
-1564567
-1564230
-1560057
-1557823
-1554757
-1551796
-1549838
-1548603
-1547011
-1542691
-1520879
-1513441
-1512764
-1508202
-1505695
-1505677
-1502651
-1487183
-1481208
-1480168
-1464322
-1460410
-1459006
-1455514
-1454761
-1453621
-1448436
-1447408
-1446372
-1445867
-1445589
-1438122
-1434095
-1429989
-1427218
-1427036
-1425098
-1417590
-1413185
-1407533
-1399664
-1398049
-1394500
-1390324
-1384994
-1381778
-1375486
-1372367
-1367694
-1363601
-1360156
-1352751
-1350019
-1348882
-1345700
-1343639
-1343070
-1333149
-1318678
-1317700
-1317539
-1312746
-1312713
-1310626
-1306926
-1305547
-1304700
-1298862
-1296974
-1295940
-1290928
-1283765
-1283733
-1280431
-1276292
-1269583
-1264208
-1255924
-1245513
-1245130
-1232525
-1231929
-1222592
-1221425
-1221340
-1219325
-1216170
-1213446
-1212903
-1184791
-1182809
-1175257
-1175217
-1173066
-1171477
-1169683
-1158739
-1156432
-1148718
-1147437
-1141199
-1134925
-1126890
-1123912
-1121299
-1119984
-1116495
-1116259
-1108936
-1106537
-1105964
-1099445
-1096987
-1092223
-1088416
-1084542
-1083680
-1073188
-1072398
-1071892
-1069432
-1060749
-1059298
-1055989
-1055321
-1043061
-1037024
-1036216
-1031181
-1026995
-1025117
-1022959
-1021501
-1020035
-1018754
-1011796
-1011426
-1002151
-1001556
-999790
-997542
-990658
-990160
-989214
-985541
-984690
-978168
-977109
-971809
-966076
-959543
-953483
-944563
-940636
-938843
-938537
-932739
-932218
-926483
-908104
-904177
-891633
-890398
-881232
-879642
-876331
-866404
-861070
-859257
-852010
-851761
-844087
-835275
-832254
-821085
-820954
-819467
-808393
-808212
-802943
-801557
-797737
-795535
-787306
-783544
-766184
-766059
-763989
-753419
-752827
-752506
-752298
-745422
-742819
-742572
-742323
-740630
-740518
-740319
-736062
-735502
-735307
-728791
-723723
-723194
-722532
-719638
-712183
-711060
-707810
-707427
-693952
-692986
-691372
-685124
-678387
-678104
-674149
-669752
-666913
-663578
-659815
-659367
-656663
-629698
-620350
-615786
-611093
-603602
-603401
-602093
-601990
-596447
-595580
-593446
-590789
-589418
-588288
-583569
-575342
-563762
-561661
-561464
-560993
-553003
-551542
-549499
-547770
-542921
-540012
-534622
-529476
-526805
-523357
-519236
-514982
-514973
-504415
-501509
-494624
-482077
-481125
-478949
-478459
-473509
-472128
-470234
-470180
-460003
-452622
-450363
-448258
-444140
-440616
-433754
-414117
-411435
-410638
-407661
-402202
-401474
-396266
-395961
-391413
-389874
-387561
-376512
-375318
-375071
-374735
-372000
-369155
-366334
-364938
-357680
-353042
-351487
-350743
-346512
-345661
-344847
-338497
-334671
-329936
-329234
-328108
-325364
-324246
-321420
-318480
-311432
-308889
-303109
-302381
-295877
-295682
-293478
-287369
-282919
-275136
-260051
-256201
-255954
-251768
-251494
-249818
-238389
-237889
-236940
-232892
-229490
-221577
-220915
-206225
-205483
-200328
-191510
-189714
-187227
-183538
-180016
-175220
-172826
-172429
-171764
-166711
-156353
-153023
-150080
-147167
-144303
-138651
-136860
-131491
-130063
-117901
-115220
-110632
-110424
-107474
-103638
-100074
-95644
-91623
-85105
-74582
-74193
-71619
-69252
-66898
-66844
-65940
-65550
-65396
-62776
-59599
-56339
-50386
-49965
-45065
-44852
-44084
-41386
-38446
-30909
-28738
-25726
-21805
-20874
-20277
-6583
-70
6004
7992
13393
14119
15810
17378
18472
26048
30025
34228
34416
37486
41180
51485
57113
60091
61062
62406
64586
65805
66147
71409
72326
74082
77639
79892
82553
85539
86847
86926
87183
91177
96857
112747
113579
115836
119052
125557
126085
132587
133230
134005
134426
137582
138168
143574
150871
154030
157655
169655
179191
184586
186459
199779
201554
202388
203263
203725
204745
208792
215649
217495
225084
225160
228573
230090
235294
242039
243575
247760
249500
251250
254378
255582
260556
262848
264178
267656
269890
287256
288699
289672
293761
295635
296711
300648
303379
304723
307534
307711
312633
314665
321880
325146
326655
327878
329890
330004
335904
336375
346454
348596
350998
353735
354347
359421
359693
362201
363457
379531
392137
393950
394526
395058
396251
396633
399434
400178
403509
405596
406050
409845
410471
412977
417306
419339
443468
446745
446878
448186
448597
448834
453540
454018
455626
459462
460279
462941
464208
470714
473632
474699
482134
486167
491956
494739
498053
498525
499859
503395
506497
507678
513207
522694
537119
537360
537616
547876
552796
552863
562074
563555
564061
570398
579420
585087
590829
593282
593864
595483
595601
603038
605475
606125
606601
617946
618496
622949
650415
650686
651448
664888
667069
671716
673692
678459
679357
689554
701507
711299
717001
733168
733336
738386
738500
742666
743110
744899
745728
749941
752772
756535
765441
769900
770424
770552
784948
792350
796258
796726
800201
801706
811873
812011
815355
826148
839369
840843
846803
848680
849889
852210
859081
860328
865215
867169
869094
871286
874945
876454
876713
879134
880645
880786
884667
889545
892152
897515
897648
911709
917818
919793
923915
927075
929380
930932
931649
932304
942133
943164
946249
951163
956338
956342
959545
960509
964081
966129
968642
982577
1016853
1017989
1027042
1027538
1038227
1046078
1047479
1048096
1050246
1056762
1058353
1066147
1070212
1079066
1086015
1086861
1087330
1092698
1096909
1097235
1100059
1108256
1113253
1116562
1125654
1133862
1140670
1146129
1157917
1159286
1166227
1167334
1174230
1177932
1181590
1181892
1182544
1190102
1192001
1204543
1210911
1215589
1216854
1221455
1238108
1238473
1241786
1259370
1264670
1264817
1268242
1277333
1279611
1280909
1296349
1305531
1312613
1313461
1319616
1329906
1336817
1336902
1337255
1340831
1340855
1349582
1349657
1351140
1352029
1354382
1356486
1358294
1363698
1365660
1367478
1368509
1369039
1371680
1374754
1386297
1391409
1394587
1397417
1399094
1407438
1407693
1419261
1421125
1430017
1430350
1434323
1438767
1440942
1442185
1443239
1443329
1447169
1449082
1459250
1461489
1461726
1462311
1468410
1468856
1472186
1481618
1508885
1509258
1512252
1517513
1523199
1524334
1531696
1543260
1546319
1546540
1548751
1559559
1560547
1565878
1574486
1576199
1578993
1582094
1582779
1583544
1589235
1590343
1591786
1597575
1601594
1603109
1604232
1613365
1614927
1616776
1621133
1624703
1627381
1628398
1634633
1638088
1638362
1644038
1645983
1646118
1647305
1648569
1649622
1649723
1654136
1658514
1658530
1663976
1665098
1679086
1689149
1697571
1701626
1703328
1709729
1712578
1712846
1713654
1716038
1717190
1718992
1719197
1721934
1728214
1730258
1733588
1736667
1743091
1744149
1745152
1746725
1750071
1761228
1764444
1765449
1767609
1768479
1773560
1778644
1782505
1794644
1801254
1801793
1803940
1807586
1809438
1809521
1809584
1812625
1812993
1825793
1827893
1829458
1833602
1857203
1859706
1862010
1866960
1868366
1878672
1879790
1884525
1893153
1893277
1897014
1912114
1926204
1926764
1927533
1928645
1938539
1939802
1940611
1943468
1944046
1964485
1968540
1968853
1983261
1986239
1986976
1988264
1989695
1990423
1990531
1990585
1991210
1992432
1997738
1998629
