-1996339
-1995368
-1993911
-1991937
-1983810
-1973255
-1965240
-1935917
-1925733
-1923986
-1912198
-1911210
-1901404
-1891676
-1890418
-1887681
-1885943
-1885222
-1883183
-1881947
-1880711
-1867389
-1862144
-1862128
-1861452
-1860172
-1858360
-1857833
-1845293
-1844989
-1844144
-1838983
-1836578
-1830102
-1828794
-1813230
-1811675
-1811044
-1810295
-1807754
-1798436
-1790554
-1784901
-1783376
-1782499
-1782173
-1781522
-1779651
-1777445
-1774060
-1773448
-1772101
-1769336
-1769328
-1762554
-1759719
-1757302
-1742268
-1741200
-1739551
-1739497
-1730921
-1729304
-1724358
-1723922
-1722512
-1721610
-1713482
-1713386
-1711943
-1710852
-1702395
-1700618
-1699895
-1699383
-1698094
-1696092
-1692034
-1689081
-1687370
-1686198
-1686181
-1681648
-1681175
-1677492
-1674838
-1673930
-1670790
-1665941
-1665544
-1659936
-1658833
-1654636
-1650737
-1648247
-1646716
-1641940
-1633779
-1630614
-1628490
-1619598
-1617391
-1617260
-1600161
-1593943
-1593482
-1587917
-1584455
-1581731
-1574351
-1574021
-1572578
-1570099
-1569439
-1568938
-1554542
-1553149
-1548392
-1544500
-1541015
-1534152
-1522687
-1509084
-1507706
-1507221
-1507148
-1502120
-1496722
-1496530
-1490881
-1482551
-1474132
-1472551
-1471721
-1465751
-1459343
-1457681
-1457092
-1455989
-1454844
-1445223
-1444943
-1441500
-1437665
-1436107
-1428962
-1427832
-1422901
-1414824
-1411644
-1409803
-1407612
-1406763
-1404516
-1404014
-1401404
-1396869
-1381520
-1367335
-1365920
-1364738
-1359425
-1358926
-1356053
-1355631
-1355467
-1355139
-1349458
-1345602
-1344760
-1342295
-1341208
-1339506
-1324170
-1312248
-1305965
-1302425
-1300572
-1299207
-1295683
-1295016
-1294871
-1292705
-1287518
-1287409
-1286898
-1283121
-1281013
-1275295
-1274344
-1271510
-1270602
-1266432
-1250513
-1247756
-1242322
-1239593
-1237766
-1220281
-1214886
-1197552
-1195349
-1193049
-1188974
-1180287
-1175616
-1174162
-1171067
-1168634
-1167026
-1166630
-1161731
-1155082
-1152586
-1150585
-1150481
-1148910
-1145173
-1132949
-1132766
-1131577
-1128333
-1127931
-1115916
-1112094
-1107850
-1100478
-1098218
-1097056
-1085947
-1083627
-1083310
-1078997
-1076131
-1067462
-1065235
-1063726
-1056389
-1049561
-1047541
-1041493
-1036089
-1034613
-1031026
-1025031
-1014122
-1012073
-1010318
-1005588
-1005072
-1002565
-997920
-996835
-984659
-979433
-976448
-966609
-965334
-960674
-958943
-956652
-955298
-951949
-948920
-941818
-937615
-934142
-925867
-924221
-922599
-918827
-913084
-908615
-907214
-907007
-901022
-889901
-883741
-881475
-880031
-879338
-869233
-864428
-859721
-858704
-858399
-844802
-839299
-835476
-834355
-832748
-826878
-826677
-825718
-816373
-815755
-811553
-807317
-802969
-799997
-794659
-794388
-793763
-789248
-787795
-778000
-776470
-775547
-765173
-757825
-757131
-744472
-740029
-726392
-718078
-717755
-713831
-710491
-707732
-704542
-696010
-693099
-691934
-689086
-687143
-686988
-681813
-676419
-674523
-673984
-672765
-672410
-662527
-660130
-660030
-658817
-652938
-647774
-642052
-642037
-639965
-637560
-635971
-627490
-626104
-617732
-610326
-600727
-596933
-595501
-594387
-591420
-586921
-584681
-584222
-582694
-580097
-577394
-576392
-571872
-567709
-565019
-564411
-561678
-560058
-557608
-553751
-547706
-543227
-542517
-528340
-511259
-510380
-499883
-496491
-486025
-485463
-476461
-465347
-462795
-462437
-461416
-461342
-456723
-452451
-439502
-437080
-433238
-425548
-421032
-402950
-401034
-398470
-389682
-388695
-381716
-376962
-371917
-368161
-363458
-356469
-356157
-354516
-348710
-334347
-328318
-320284
-312271
-312053
-305760
-303909
-299530
-294618
-289463
-286457
-275183
-266641
-252559
-252095
-251336
-248861
-240728
-239605
-239305
-236877
-233946
-230323
-226881
-223351
-222621
-218626
-216868
-216261
-212472
-202032
-187771
-185206
-184095
-182853
-182703
-182683
-182018
-181167
-179031
-163909
-161488
-150682
-143010
-142008
-139952
-139521
-137721
-135110
-134869
-126187
-119182
-118308
-117931
-111244
-111169
-110802
-103271
-89606
-81959
-78970
-73766
-73666
-68256
-66606
-65730
-65042
-63212
-60211
-59881
-58728
-58722
-58165
-56962
-52838
-52188
-47045
-46441
-44106
-38614
-38280
-38273
-35693
-35430
-35250
-34935
-33915
-30680
-27457
-24025
-8074
-7313
-6852
-4570
10463
30960
31832
35059
36821
39424
49537
51059
56932
62613
64131
66400
68624
72083
72882
76090
79469
82129
85792
93184
99363
103105
103146
109104
111205
115368
115555
116907
119667
125731
130647
131478
140217
142120
142274
143745
147244
150874
155979
168058
168733
179478
180844
183344
185862
192233
194128
197304
197813
200758
208871
210879
211313
220137
230134
233352
233568
238791
240614
245064
245995
248098
256707
260658
260707
262895
264822
273296
274672
275007
275928
279049
279526
288147
291922
293364
296797
304939
307882
312195
314273
317012
317202
321641
322464
326687
329751
340069
352218
353031
353517
354807
365255
365887
367836
368144
368562
368857
379626
383165
383692
387369
396719
403302
403450
404946
404988
412247
418342
419330
435770
441220
441351
448215
455483
456385
456473
466029
466809
466852
469684
471900
472205
482169
487831
495735
497296
498228
501496
501956
504412
504591
516270
520744
522877
529712
532158
532695
539621
545632
547889
550690
551134
556130
557443
559421
562248
566064
567565
568040
571830
573121
576442
587082
588790
590915
598365
598680
601883
602809
604439
607263
607419
614270
616037
621039
626680
636350
651037
660478
670313
674155
675111
676016
691886
697972
699516
700663
701522
704041
708281
709439
710902
711157
719205
721563
722074
723279
729449
729705
737244
738165
739153
746055
751733
755237
755588
758923
760071
771806
772686
783668
787082
790537
790648
791373
792981
793692
795186
799502
814688
820358
825422
834508
835042
847374
854166
860675
867738
876734
878970
889178
889331
892523
900224
901013
901273
905682
910764
911348
913208
913543
918386
925622
934750
935593
935742
936383
938449
941143
941323
941622
945778
954539
959103
959266
961152
961264
970794
972476
973464
978011
982454
983607
984940
988887
991714
1003133
1004691
1005785
1011649
1011752
1013696
1014639
1016246
1016431
1016804
1016922
1024434
1029156
1030540
1030925
1032778
1034057
1037434
1039794
1040165
1040202
1042623
1044864
1044885
1046102
1046546
1051858
1052159
1058146
1068928
1069956
1070629
1090005
1101172
1103117
1107611
1110187
1113711
1121135
1122333
1125563
1129979
1132624
1141188
1147998
1150517
1159007
1162645
1171319
1177944
1183847
1193154
1198914
1200465
1200595
1201269
1208067
1210575
1213409
1214839
1218309
1219070
1221201
1225076
1227466
1230000
1231356
1234027
1236240
1250669
1251632
1257056
1263079
1268332
1272957
1273376
1276924
1278117
1293833
1305103
1315665
1316727
1319337
1322129
1330459
1342128
1342550
1344060
1349043
1351161
1352932
1374479
1374579
1376111
1380719
1396027
1400567
1400825
1401696
1404239
1409457
1410784
1411497
1417588
1418601
1421436
1423027
1423345
1423878
1426508
1429294
1429814
1434188
1446742
1459278
1460071
1468271
1470439
1476341
1481550
1487756
1494928
1499243
1500677
1501196
1505398
1508798
1509815
1525291
1525418
1532393
1532510
1535971
1539730
1548644
1549964
1553010
1556201
1564032
1570144
1572705
1572762
1577366
1577392
1579270
1580429
1582060
1584108
1591231
1592842
1596229
1607850
1607959
1608863
1615254
1618985
1634642
1635071
1637531
1642989
1648092
1649847
1657793
1663260
1664077
1665238
1666436
1671268
1677850
1678004
1678778
1685387
1690169
1691511
1698862
1703746
1704090
1723510
1727282
1727810
1738887
1738918
1739351
1747387
1747849
1754200
1756088
1756583
1758145
1768803
1781554
1784104
1788734
1791134
1793902
1797787
1798582
1809881
1810323
1817950
1819602
1829264
1833005
1833324
1837369
1837550
1841599
1843247
1843936
1848324
1853188
1855430
1862559
1863224
1870416
1876084
1894119
1903077
1903859
1907848
1908112
1909438
1910654
1924925
1928157
1935352
1936533
1937232
1944957
1958464
1958672
1959197
1961287
1966428
1967651
1967838
1975761
1975813
1980484
1981543
1983466
1988249
1992801
1994996
1995741
