-1984961
-1983110
-1980716
-1970518
-1965876
-1964571
-1960021
-1955706
-1955210
-1951465
-1944972
-1944971
-1942438
-1942158
-1941090
-1937197
-1934527
-1926696
-1924456
-1918242
-1916029
-1913458
-1911470
-1906372
-1905929
-1902050
-1900475
-1891298
-1886170
-1881413
-1878024
-1877031
-1876885
-1874540
-1870740
-1867173
-1867135
-1858308
-1856133
-1844010
-1840838
-1835669
-1834898
-1832280
-1830976
-1830437
-1829999
-1828808
-1823592
-1820721
-1817240
-1814394
-1813700
-1808302
-1806339
-1803680
-1803537
-1799482
-1799398
-1798044
-1786685
-1774020
-1770102
-1763454
-1763373
-1762365
-1743254
-1740637
-1736149
-1735865
-1732933
-1732277
-1731924
-1731241
-1725298
-1721876
-1720974
-1717655
-1714154
-1714028
-1712529
-1710238
-1707140
-1707047
-1698546
-1695349
-1694648
-1686638
-1685236
-1680611
-1678966
-1667524
-1653311
-1652544
-1649733
-1645561
-1644121
-1643864
-1643430
-1639207
-1627184
-1623392
-1622703
-1622398
-1620622
-1618442
-1600821
-1597167
-1590143
-1589143
-1578336
-1577962
-1575774
-1563181
-1563028
-1561921
-1561893
-1552033
-1537992
-1537356
-1535576
-1522520
-1522330
-1520257
-1518082
-1513486
-1511810
-1505026
-1504222
-1502133
-1500869
-1496112
-1486911
-1485036
-1483355
-1478331
-1472036
-1468221
-1467008
-1460177
-1455892
-1454329
-1448031
-1439610
-1437147
-1434845
-1431502
-1423367
-1422747
-1413384
-1413367
-1413138
-1412534
-1406806
-1402176
-1401834
-1399818
-1393091
-1376524
-1369505
-1369087
-1365308
-1363848
-1362576
-1357932
-1356893
-1356201
-1355524
-1355169
-1353826
-1351973
-1343701
-1338514
-1337439
-1337108
-1331871
-1321821
-1311520
-1304149
-1287958
-1285993
-1285016
-1284879
-1278970
-1267702
-1266195
-1262555
-1262396
-1258926
-1258424
-1255024
-1252037
-1251750
-1251071
-1250159
-1241547
-1239869
-1237816
-1237595
-1233605
-1232982
-1232496
-1220337
-1218004
-1215244
-1214812
-1209943
-1194656
-1188872
-1182629
-1177821
-1170591
-1169291
-1160082
-1159448
-1150496
-1144420
-1143710
-1142089
-1139897
-1131707
-1128869
-1128156
-1127388
-1122319
-1118659
-1112903
-1109248
-1107559
-1105053
-1103385
-1100113
-1099575
-1093461
-1088909
-1086697
-1082459
-1080814
-1068569
-1068473
-1064770
-1059423
-1058291
-1057144
-1049808
-1039431
-1035117
-1034984
-1033155
-1030658
-1028284
-1018708
-1014461
-1013910
-1013125
-1005038
-997302
-994861
-992264
-991595
-980982
-978804
-971934
-968250
-965960
-964748
-963829
-957667
-951144
-931918
-931877
-926984
-926660
-922020
-922012
-918266
-917320
-915897
-913877
-913563
-903292
-900543
-900126
-897996
-893127
-886939
-884364
-883224
-882844
-880729
-877969
-869420
-869326
-867014
-865066
-860339
-857247
-854020
-844532
-837374
-835113
-833633
-827739
-826990
-825410
-822998
-822463
-815610
-813483
-809925
-808514
-807928
-796459
-793127
-788771
-780923
-773193
-770228
-768555
-764949
-757669
-749462
-748148
-738865
-737056
-711826
-710451
-710409
-709630
-705643
-700309
-697758
-697518
-695850
-690832
-689058
-687282
-683244
-679860
-677456
-676282
-674707
-667664
-667394
-666551
-659540
-657867
-653961
-653870
-649877
-648437
-646978
-645137
-636602
-628749
-620332
-619807
-618951
-615372
-610350
-608055
-606276
-605975
-604677
-601568
-601381
-596047
-595260
-581950
-581061
-580427
-579024
-578051
-573602
-570129
-567353
-567324
-560370
-554757
-551723
-551307
-547863
-542455
-541257
-534953
-531481
-529786
-527335
-524673
-517828
-516151
-514080
-507844
-507442
-504269
-503934
-502827
-499489
-498744
-492835
-482628
-474550
-469399
-465828
-464507
-462560
-461215
-455031
-451322
-437149
-433148
-428915
-417999
-414668
-400097
-397124
-395613
-389393
-375729
-375620
-374084
-363109
-362920
-360163
-355142
-354613
-350479
-347438
-346489
-343070
-342461
-338180
-331908
-331556
-327879
-326686
-324712
-321765
-313438
-312683
-312392
-303438
-294775
-286628
-284898
-281124
-275610
-272415
-269257
-261348
-246618
-243804
-243599
-242652
-240947
-240420
-240064
-239464
-239104
-235561
-234707
-231340
-230451
-227010
-225025
-223773
-219649
-208926
-206834
-205341
-201374
-192774
-189576
-189246
-187955
-185737
-185060
-181048
-179810
-175442
-174819
-166794
-164936
-160176
-156180
-155629
-155625
-155623
-150241
-145945
-139337
-127830
-124037
-121063
-118551
-117187
-112682
-109574
-109306
-107985
-101085
-98597
-93345
-91314
-89846
-85576
-77036
-75687
-68144
-64954
-64225
-60136
-58345
-54094
-48047
-44643
-39250
-33703
-31200
-25207
-18104
-4721
-3399
1168
7406
16059
16432
17336
19154
21040
23382
26445
26785
30855
33804
37786
38447
44894
56526
59066
60208
66641
75788
78027
78534
78566
86920
87285
90163
90957
95510
101425
103498
106779
108601
110132
111118
112356
115404
118290
122347
122913
125743
132615
135745
138179
139655
141011
146321
147331
156814
163420
164536
177614
178663
181134
184704
190427
196287
199869
201678
203509
205782
208127
209074
212261
213630
220301
230628
230987
231709
235044
237533
240422
243402
244789
248721
262073
270557
272138
280410
293336
294698
296215
298109
303905
304877
306589
313504
315352
316228
316738
317022
322125
329839
331019
339252
340436
342311
342339
343494
345437
345482
345489
348090
349409
350422
354206
354630
357230
358181
358850
362692
366096
370227
372513
375457
377361
380130
396017
397257
398740
411913
413683
413824
414553
415328
421866
425332
436737
439373
441129
452464
452533
453684
457292
459286
461547
463445
467177
468921
469227
474657
475208
486736
506842
519702
523156
524853
531627
532985
536499
543446
545886
552178
555725
557396
561549
565929
567391
569387
574270
578477
580538
591429
596376
596675
602670
602867
602909
606592
618450
619846
623615
624140
634273
639190
641603
642789
644901
647700
661021
661248
661968
681949
684857
686607
688773
699192
703844
704169
705121
713398
717543
718852
720501
722114
724799
725781
727971
729984
740494
743460
745267
745644
751972
760043
760303
763860
764684
766804
767640
778763
779088
783786
785820
788664
790389
790698
796998
799357
802900
812658
815155
832299
834196
837772
840979
841749
844255
853516
855778
856759
858197
862908
865857
868094
869980
870273
883043
889735
895580
901070
901700
908691
914163
915705
919169
923071
931135
931578
942565
944856
945086
945448
949596
954984
958395
963151
974866
984723
990484
998741
1001953
1004257
1004451
1013684
1013693
1017061
1020721
1021422
1029368
1036989
1039036
1040081
1046710
1054063
1064482
1066132
1067996
1073398
1074248
1077728
1078213
1099442
1103258
1108420
1108897
1110899
1114042
1115597
1129097
1129849
1130875
1136142
1138871
1154997
1164488
1165747
1172455
1174014
1179196
1193099
1200796
1201256
1211346
1218826
1221136
1225080
1238183
1240435
1243934
1249374
1256315
1266227
1267628
1279859
1281325
1288367
1293183
1298073
1299299
1311582
1313692
1320754
1324801
1332532
1334629
1349732
1350104
1357765
1361171
1363703
1376847
1385752
1388585
1388877
1391060
1395734
1403109
1406788
1410686
1411570
1412110
1413077
1416354
1420227
1422459
1422668
1424117
1427601
1428425
1432802
1439194
1441548
1444820
1451144
1452187
1452913
1455102
1458858
1464480
1472901
1479493
1480465
1482322
1492845
1494508
1494549
1495440
1496282
1496434
1500788
1502913
1512978
1513441
1521128
1521415
1521663
1522001
1532328
1535385
1542854
1551005
1555769
1556113
1561470
1579955
1583506
1584351
1600385
1604255
1606550
1609378
1615733
1616224
1617181
1624262
1626338
1630765
1637747
1639784
1643614
1643858
1656950
1673430
1675959
1679740
1682410
1682586
1684338
1686990
1688068
1688795
1693339
1694633
1697443
1705620
1706529
1709442
1716302
1717879
1731319
1738743
1739534
1747019
1755386
1766073
1766806
1767880
1768484
1777675
1779926
1780207
1783470
1785841
1786384
1800432
1803287
1807151
1807989
1809595
1810479
1813936
1822108
1827969
1829054
1840188
1852059
1859501
1871859
1872329
1873136
1883054
1884049
1886004
1886659
1889196
1891498
1896619
1908360
1908778
1926172
1929427
1935227
1935483
1938534
1939977
1941763
1944406
1945439
1958963
1969381
1969941
1980609
1982419
1985466
1987356
1989232
1999166
