-1996533
-1994537
-1993807
-1984423
-1975634
-1973870
-1973619
-1973311
-1972193
-1967688
-1963215
-1962991
-1962370
-1960716
-1952152
-1949477
-1934240
-1932022
-1929569
-1927528
-1927101
-1921248
-1916258
-1911327
-1909477
-1897693
-1896046
-1895274
-1887334
-1878059
-1873677
-1873672
-1862079
-1857563
-1856556
-1853587
-1853147
-1853118
-1851832
-1843844
-1843283
-1831146
-1830967
-1827312
-1823329
-1822527
-1812931
-1811751
-1806112
-1805408
-1804420
-1803367
-1790992
-1784837
-1782850
-1778380
-1771717
-1770580
-1749717
-1744843
-1743328
-1742126
-1741703
-1739392
-1733483
-1732139
-1725700
-1724053
-1722400
-1708751
-1707599
-1702327
-1692410
-1691703
-1688666
-1683443
-1680708
-1679317
-1677904
-1672376
-1654950
-1653327
-1652544
-1649110
-1645220
-1641847
-1640456
-1636774
-1630777
-1626012
-1615123
-1613310
-1610030
-1608719
-1605421
-1601793
-1599798
-1598787
-1596852
-1595586
-1590096
-1575219
-1573101
-1573016
-1567210
-1563733
-1561734
-1550450
-1549725
-1546547
-1545642
-1543300
-1540608
-1535190
-1529888
-1526889
-1523457
-1522214
-1520770
-1517065
-1516349
-1516119
-1509429
-1507364
-1506402
-1499181
-1497924
-1490012
-1488990
-1475942
-1472201
-1469533
-1469218
-1467555
-1452840
-1451008
-1445977
-1444923
-1441970
-1434054
-1428032
-1426325
-1423223
-1420463
-1420412
-1417983
-1415092
-1412225
-1408322
-1406516
-1406254
-1404109
-1403675
-1402499
-1401447
-1395976
-1392649
-1390846
-1387676
-1386398
-1386223
-1379280
-1378655
-1375425
-1373956
-1373112
-1359658
-1355232
-1353302
-1350257
-1349112
-1343533
-1335460
-1335065
-1332387
-1324737
-1319077
-1317153
-1316722
-1316576
-1315417
-1308182
-1300954
-1300678
-1281952
-1281760
-1275267
-1272341
-1270628
-1265017
-1264815
-1256531
-1243714
-1241134
-1225895
-1225613
-1221212
-1220850
-1220174
-1217587
-1214506
-1211386
-1192826
-1190233
-1190207
-1188307
-1174771
-1174389
-1171791
-1171725
-1169424
-1164788
-1161674
-1161207
-1159062
-1158854
-1154613
-1141840
-1141106
-1139553
-1139237
-1128746
-1126157
-1125326
-1124437
-1122179
-1119982
-1119637
-1104103
-1103810
-1102639
-1076034
-1066321
-1064466
-1057139
-1041853
-1032703
-1029341
-1029166
-1029043
-1027463
-1027375
-1021403
-1014882
-1005367
-1003518
-979632
-979400
-971490
-967769
-964992
-957977
-947571
-945654
-944760
-942174
-940548
-939315
-938984
-934460
-927481
-925885
-919161
-918978
-899015
-896651
-894200
-893962
-893734
-893421
-888698
-886159
-881820
-879891
-878172
-870583
-869692
-865983
-859613
-856963
-856739
-851218
-850293
-847264
-845819
-844948
-844410
-838663
-837841
-837616
-836434
-835202
-834544
-832447
-830096
-822955
-820466
-818049
-812981
-812120
-808981
-808451
-801014
-790566
-790468
-785359
-784138
-783391
-779704
-775515
-774527
-773975
-773642
-773585
-770553
-769518
-755350
-753893
-750065
-748366
-747496
-737845
-737836
-737357
-736577
-730297
-725484
-725259
-716048
-710002
-707759
-706334
-704053
-698532
-697685
-692604
-689939
-685559
-675369
-666837
-664639
-663120
-661185
-661060
-658833
-658628
-652571
-644479
-644079
-641675
-639369
-634272
-633049
-633037
-632457
-626650
-619302
-617231
-616154
-613071
-602204
-600835
-600823
-596357
-596059
-586424
-580361
-577234
-565670
-562309
-556067
-552321
-545664
-545552
-540497
-533315
-533079
-529947
-525395
-513969
-511891
-510741
-506297
-500412
-500238
-491220
-486738
-486280
-483705
-480233
-460178
-459141
-454767
-452497
-444059
-433938
-433055
-430020
-428566
-425514
-423442
-417244
-417181
-401541
-400999
-400214
-397912
-393858
-392444
-385871
-384335
-377426
-369129
-361312
-358866
-353153
-350891
-350419
-346794
-339542
-339252
-338466
-318960
-315745
-315335
-309674
-296691
-290530
-289921
-284217
-274664
-267877
-265602
-263092
-262712
-255970
-255879
-251093
-249968
-245815
-243885
-243725
-241426
-234841
-231712
-222084
-220944
-202881
-193527
-190354
-188401
-185985
-182849
-180846
-180606
-178566
-175902
-173681
-172344
-172249
-170932
-167297
-165591
-164178
-151808
-145957
-131040
-125721
-125318
-118821
-118816
-118704
-111529
-111239
-111014
-106751
-104171
-101453
-100522
-95598
-93729
-83350
-79779
-78454
-75576
-72431
-70764
-60928
-58569
-55682
-54768
-53904
-53670
-43071
-41918
-37231
-29423
-24537
-16152
-11743
-3570
-486
-470
7705
12361
16426
20894
26062
42660
59553
60213
61607
73916
81695
92153
95750
98274
104451
106333
108859
111841
113564
113576
115865
120291
121603
122972
123224
124048
126934
129799
133315
134799
135756
137821
147398
156223
160082
163563
163811
166294
171167
176762
183009
183109
185090
200066
203522
207640
220129
222899
229814
230120
237038
248442
249062
254276
259915
264382
265845
266233
267815
268966
274489
275696
276981
277727
278335
288276
290947
291247
292332
293214
299841
300396
303235
303790
304038
305575
309906
310674
311022
313102
320416
322937
323383
337544
346237
348877
350114
353156
354390
354929
360540
375248
379031
381239
381661
382478
385866
386282
390929
395942
396835
402239
407185
410891
414709
415529
417976
423366
423538
428316
433366
436850
443586
450981
452088
454268
458270
461566
464404
470501
470970
476450
477006
478471
501881
504421
513422
515314
518982
520246
521789
524326
530519
540199
542181
549541
549694
549888
554909
560263
561191
561598
562068
564125
569856
569906
573417
574937
576694
577853
581151
586509
586916
589851
591225
593234
593375
595995
610569
629255
631166
631532
640634
641621
644387
645169
655422
659053
667561
671525
674497
685210
685941
696293
696639
701854
712025
727280
727801
738214
742016
744158
746534
749182
754264
757478
761881
764441
767875
770365
775609
781286
786632
789823
794768
796135
810921
823516
824015
825844
848565
850443
852278
854146
865739
872637
874917
885271
890273
892916
895469
896141
896774
901416
903570
907975
922252
924318
930416
931214
932354
939862
941922
945089
947319
950698
951929
954854
955450
956196
958843
959026
961155
962886
963219
964493
967178
973995
979951
983930
990791
1007523
1022220
1027781
1032249
1032625
1034837
1036109
1036389
1036423
1039654
1043384
1049921
1052312
1052769
1065472
1073976
1087950
1100604
1101973
1106588
1111541
1112525
1112743
1112787
1114278
1114611
1115957
1117834
1120381
1122358
1122695
1123945
1124455
1125086
1127202
1128373
1132617
1138722
1140144
1141050
1147372
1147806
1149216
1149562
1159080
1161246
1162896
1165640
1167581
1171714
1173675
1178187
1182247
1185226
1192684
1193152
1196536
1199772
1203419
1204479
1208635
1220393
1224387
1228254
1232262
1242647
1242815
1245578
1248061
1250900
1257886
1259528
1260662
1263277
1263823
1267323
1271288
1277760
1281609
1285822
1285830
1288460
1289732
1290359
1302408
1303879
1305712
1305866
1312788
1313092
1314681
1318001
1321736
1337236
1343283
1351993
1352012
1352928
1354070
1354420
1355631
1356893
1360394
1360422
1361336
1363884
1376351
1385394
1386306
1388156
1389723
1389922
1391939
1395424
1396940
1414121
1417999
1428945
1432762
1435003
1445369
1446513
1448707
1449516
1450248
1460843
1465950
1469963
1477225
1478953
1496667
1496829
1496975
1504138
1520530
1526136
1535939
1546138
1548817
1550455
1550850
1560454
1561332
1571420
1578703
1583339
1597383
1602954
1603508
1608048
1613649
1624673
1632381
1632813
1636049
1639830
1643034
1650617
1655195
1676582
1678854
1683333
1689917
1703146
1705980
1708881
1712939
1717221
1722116
1722565
1722876
1726245
1726396
1731617
1736842
1738527
1741777
1742209
1743318
1750248
1754467
1757964
1758566
1758661
1766562
1768995
1769155
1769347
1771667
1777532
1778712
1780558
1785536
1785820
1793297
1795926
1800080
1802773
1804310
1810062
1821174
1828308
1837129
1843767
1848725
1850262
1852769
1857420
1860983
1871461
1876115
1881227
1883781
1884291
1887448
1888532
1889354
1893301
1900802
1902419
1905056
1905360
1906198
1918936
1921590
1923283
1924576
1927599
1931653
1935495
1936058
1937825
1937873
1939472
1941026
1941291
1949337
1949553
1952001
1955009
1956619
1956704
1959157
1968592
1969215
1969404
1969655
1973363
1974806
1977023
1980253
1983777
1984932
1987780
1994769
1999518
