-1996712
-1995594
-1990310
-1988935
-1978680
-1971882
-1967444
-1955003
-1950770
-1945711
-1943153
-1932235
-1929495
-1929254
-1928683
-1924189
-1924025
-1923930
-1919522
-1913874
-1908407
-1907070
-1905279
-1904310
-1899144
-1897042
-1892371
-1891938
-1889788
-1883515
-1881374
-1878779
-1878486
-1872792
-1871295
-1871109
-1868239
-1861347
-1850701
-1848771
-1844997
-1836903
-1835374
-1831590
-1831506
-1828835
-1826299
-1825818
-1823000
-1817768
-1813530
-1812178
-1811631
-1811203
-1810676
-1810331
-1806846
-1802124
-1795449
-1791888
-1784826
-1783129
-1782337
-1777548
-1768367
-1766996
-1766388
-1763547
-1743219
-1738697
-1737596
-1732522
-1727242
-1725268
-1723785
-1717044
-1716896
-1716021
-1712078
-1710170
-1703960
-1692507
-1691507
-1691192
-1690697
-1690613
-1685799
-1683485
-1675441
-1673721
-1668430
-1666960
-1651933
-1646382
-1646100
-1644991
-1641936
-1620602
-1619180
-1619055
-1614488
-1610686
-1606333
-1600731
-1592634
-1586571
-1582646
-1581247
-1580673
-1565611
-1560663
-1557601
-1554124
-1550096
-1549326
-1548792
-1547101
-1546629
-1544827
-1541387
-1538132
-1536188
-1532326
-1530725
-1530678
-1529716
-1524681
-1523695
-1523200
-1522369
-1516966
-1516385
-1507934
-1495700
-1495274
-1488297
-1480978
-1479828
-1474364
-1468558
-1467329
-1463711
-1456085
-1455549
-1453733
-1453077
-1450773
-1445355
-1434484
-1431348
-1428699
-1425618
-1424413
-1422286
-1416627
-1415769
-1413089
-1407485
-1403617
-1403599
-1396211
-1394146
-1386672
-1380499
-1379016
-1378567
-1376390
-1367198
-1364524
-1359508
-1357940
-1356352
-1354845
-1351011
-1350719
-1350214
-1329523
-1316336
-1314192
-1313386
-1311134
-1302375
-1299000
-1290181
-1288569
-1283167
-1280420
-1267581
-1267021
-1261930
-1250942
-1250405
-1246177
-1242582
-1240352
-1238424
-1236879
-1236112
-1233126
-1233012
-1229343
-1227343
-1225594
-1224413
-1210745
-1209513
-1208792
-1207666
-1197614
-1191805
-1190853
-1189010
-1187642
-1186149
-1184912
-1181206
-1180517
-1179220
-1178398
-1170203
-1166980
-1166160
-1165045
-1161548
-1161088
-1160408
-1158870
-1155774
-1152973
-1152606
-1150316
-1149851
-1149235
-1149106
-1136428
-1131715
-1120281
-1119317
-1118865
-1117917
-1117380
-1111878
-1111389
-1106213
-1102115
-1101717
-1098803
-1091615
-1086887
-1086396
-1085893
-1083159
-1082224
-1081269
-1062733
-1058832
-1051820
-1051276
-1048175
-1037844
-1034699
-1031399
-1029594
-1028967
-1024567
-1024278
-1018156
-1015423
-1014810
-1009991
-1008726
-1006228
-1005484
-1002829
-996896
-994193
-992161
-977638
-976927
-971725
-966719
-942781
-937601
-936924
-935443
-933561
-932697
-931654
-929508
-929326
-925892
-923143
-917112
-913086
-912193
-905301
-903678
-902822
-898732
-890021
-887269
-885840
-872554
-866263
-863829
-863335
-853248
-852874
-845921
-844167
-842016
-840080
-840045
-839217
-835705
-829497
-827942
-819926
-815119
-811914
-808298
-802180
-801081
-799840
-795674
-790279
-789486
-772588
-770094
-767240
-766851
-763559
-763026
-761212
-757594
-755189
-754217
-750889
-746020
-743344
-742005
-740153
-715232
-704580
-704136
-702386
-698800
-695430
-689820
-685560
-685393
-683571
-682613
-669418
-660163
-659950
-659524
-656842
-653339
-649659
-632572
-630097
-625424
-620369
-608989
-608939
-603367
-596573
-595900
-595487
-594197
-593306
-589726
-588216
-586380
-583923
-583675
-581826
-575881
-574766
-573110
-571215
-559140
-556602
-553805
-548512
-548206
-539797
-527027
-523680
-519673
-518556
-514956
-514667
-508871
-508450
-503724
-500849
-499063
-495868
-493363
-492942
-492822
-491509
-485333
-480549
-473357
-458620
-454362
-448151
-446828
-445744
-429176
-424328
-403096
-395248
-384565
-382984
-378063
-377698
-370308
-367729
-366227
-358784
-357862
-343249
-339996
-338881
-335385
-333992
-327580
-325786
-324621
-321634
-313347
-301561
-301101
-300275
-298166
-291251
-279330
-278329
-277479
-277090
-265464
-253883
-253592
-249808
-237797
-237056
-229810
-229234
-227936
-213520
-211576
-207691
-207188
-203482
-197992
-195101
-188105
-187521
-186424
-179573
-172931
-168099
-165374
-164138
-160446
-152601
-151966
-130705
-128670
-126414
-125787
-124668
-123093
-116773
-115589
-105544
-97170
-96587
-96076
-96031
-91549
-91385
-90714
-87018
-86609
-83602
-81254
-77041
-70508
-67186
-65449
-63214
-60965
-60717
-60370
-56749
-54640
-53719
-49622
-46318
-44975
-41570
-30997
-25941
-11910
-11685
-10429
-9102
-5806
904
3836
5178
7429
8597
9265
14433
15681
17778
35577
36368
40546
47059
51225
58661
59044
60259
61440
71439
77488
85445
91763
99040
114384
116676
125762
126344
134365
135456
141817
143213
148729
149712
150004
153992
165380
168261
181297
183701
187398
187533
188298
195981
196921
197330
198055
199397
203735
210505
217430
221064
221707
225255
227045
228979
231739
232876
240007
242589
243582
243822
248636
248978
252676
258867
269847
284275
285812
285932
288029
288241
288365
295977
304201
305886
309476
311548
317119
320447
324512
324897
331639
334302
340383
342699
344560
360200
360830
363635
371350
372164
376632
381530
382144
404110
407647
410863
413385
417413
417920
425189
435853
438162
439813
440615
442583
447892
456913
463106
463657
465075
467493
476781
477512
477897
479946
480801
481532
483407
483623
486178
487693
500286
502101
504579
507448
510960
512389
516329
516425
520019
523080
524352
525481
529207
534712
547177
560015
566526
567948
568055
572398
577487
584346
592842
593034
597481
599118
600275
605115
610048
620853
624715
631434
637032
638355
638582
641084
642145
645930
646759
647818
648036
649517
651915
664665
665144
667982
677230
677606
681225
682923
685924
710568
716881
718546
718781
722599
730466
731656
733983
739099
739443
742067
743349
744922
746822
754392
755207
756489
757130
759558
762146
768038
770605
772182
774555
789745
795681
797249
797749
817452
828717
851691
852994
857797
864255
872750
873053
874991
877478
909093
913689
917460
933493
938763
939507
944050
949897
951868
957513
961830
966194
971348
975255
981724
988936
989714
991092
999105
1003778
1010685
1011099
1019260
1025171
1027210
1027531
1031266
1033853
1035925
1036472
1041452
1051945
1054107
1057314
1075345
1077484
1081067
1083923
1093026
1093050
1096939
1099214
1110624
1114825
1120012
1122842
1125363
1134808
1135385
1136540
1145162
1153612
1161515
1163229
1163874
1165035
1167721
1167744
1167952
1172327
1174174
1183132
1183781
1189614
1202714
1212081
1213975
1218462
1219288
1221768
1223776
1224879
1226271
1226652
1231826
1233349
1236168
1237242
1241539
1246922
1250429
1250692
1254565
1255892
1258351
1261894
1280970
1281203
1291567
1292742
1296410
1301137
1303917
1304804
1305984
1307462
1324246
1325341
1333073
1333351
1339434
1341519
1342936
1348387
1348789
1351066
1351190
1358498
1358635
1363465
1363743
1369057
1369344
1369838
1375061
1376072
1382421
1383833
1390185
1391968
1392346
1401503
1405075
1412181
1412959
1419097
1423838
1425051
1431232
1431740
1449148
1451169
1460014
1462093
1463620
1465841
1468588
1469873
1471880
1472191
1475431
1477408
1478594
1490809
1490974
1492538
1494308
1496488
1498625
1501796
1501969
1503601
1504196
1508859
1509035
1523054
1523635
1524473
1524489
1532725
1538873
1539379
1542036
1542549
1542712
1546899
1559408
1564529
1574317
1578336
1578392
1582488
1583965
1591354
1593268
1596140
1601438
1603235
1603554
1608210
1610054
1614140
1614978
1617410
1633843
1654624
1655887
1661201
1663512
1665695
1670660
1676160
1683767
1693373
1696339
1698826
1699685
1699721
1710735
1712999
1713993
1717931
1722112
1723910
1726402
1726762
1728932
1728968
1730304
1731153
1732814
1740434
1743572
1745978
1747723
1748121
1752162
1758033
1761986
1765711
1766506
1766591
1767535
1773030
1775157
1777581
1780517
1790035
1791212
1794622
1799326
1807234
1818681
1820511
1825842
1833300
1833366
1835070
1836059
1839762
1842293
1846510
1852488
1855150
1857948
1874237
1876299
1877727
1878947
1879329
1879773
1884383
1891230
1894727
1900420
1902887
1919817
1928569
1934361
1934541
1934938
1937917
1940547
1940668
1945716
1954453
1954720
1954768
1955185
1960341
1965735
1967777
1977313
1987588
1996197
1997551
