-1997325
-1994036
-1986893
-1986641
-1985481
-1984863
-1979005
-1971055
-1965355
-1962029
-1959718
-1956946
-1950231
-1943350
-1941287
-1938855
-1916498
-1916283
-1905010
-1903795
-1901449
-1900733
-1898624
-1898307
-1897793
-1894874
-1892085
-1889475
-1889133
-1877286
-1859021
-1856005
-1855706
-1852462
-1846626
-1846425
-1845715
-1845684
-1841349
-1839575
-1832720
-1818324
-1802503
-1802468
-1798103
-1788226
-1786228
-1777755
-1770225
-1769503
-1764838
-1762353
-1759028
-1758048
-1757984
-1751178
-1750615
-1749951
-1749754
-1741438
-1739478
-1739027
-1732777
-1725212
-1723016
-1710046
-1707537
-1703555
-1687859
-1682721
-1674099
-1673345
-1671212
-1664920
-1664499
-1654003
-1638753
-1625559
-1622801
-1619145
-1614358
-1610755
-1608798
-1601795
-1600963
-1600907
-1600564
-1591328
-1581344
-1574813
-1571839
-1567361
-1557857
-1554722
-1549441
-1545505
-1542434
-1540286
-1538426
-1537480
-1534574
-1533799
-1527529
-1525344
-1505425
-1505077
-1496614
-1491140
-1491026
-1484880
-1480870
-1478332
-1467288
-1465664
-1462322
-1459983
-1458137
-1456423
-1453577
-1440969
-1438012
-1437647
-1431392
-1426331
-1424780
-1424336
-1419242
-1415301
-1414961
-1406940
-1405128
-1398877
-1394581
-1386117
-1383116
-1382793
-1372667
-1366747
-1364382
-1357409
-1355217
-1354947
-1353487
-1352600
-1349555
-1342239
-1339295
-1332554
-1332088
-1329350
-1322652
-1321082
-1308901
-1292492
-1286574
-1286239
-1285573
-1284510
-1277879
-1267430
-1257992
-1257860
-1251930
-1245972
-1244950
-1243293
-1241859
-1241853
-1241447
-1238754
-1235213
-1231332
-1230204
-1229097
-1228840
-1224199
-1222776
-1217833
-1216655
-1206456
-1201649
-1196019
-1195288
-1190487
-1186086
-1185585
-1173950
-1170569
-1167364
-1165826
-1163279
-1160855
-1159088
-1158974
-1149646
-1143437
-1138235
-1136100
-1120214
-1115168
-1108248
-1097141
-1091131
-1085408
-1084137
-1082398
-1078777
-1075388
-1070029
-1069034
-1064263
-1059975
-1057776
-1053169
-1050266
-1048094
-1044353
-1042320
-1041125
-1039651
-1037565
-1036630
-1035165
-1034241
-1031487
-1030270
-1026313
-1015975
-1007129
-995300
-991204
-989154
-988168
-986706
-985015
-982473
-980403
-974437
-965962
-965808
-965001
-953804
-952566
-951788
-949985
-944752
-938852
-937652
-936633
-934556
-934129
-930314
-918622
-912759
-912074
-910223
-906824
-902224
-895672
-892574
-891894
-886752
-884363
-878722
-877953
-875419
-873908
-873194
-873113
-867169
-860577
-858730
-858433
-857272
-848274
-845864
-840560
-838551
-838222
-835660
-828581
-822978
-819618
-817012
-815929
-814973
-810442
-809790
-802102
-799126
-744577
-738039
-731288
-726689
-718417
-717950
-716001
-714010
-709396
-708280
-702460
-700902
-700174
-694418
-688045
-687974
-682039
-673746
-672058
-671348
-671068
-661557
-658007
-654858
-653382
-651143
-645206
-643894
-621380
-617988
-617149
-612024
-611756
-607204
-603024
-599107
-596445
-593672
-592719
-587451
-584030
-574744
-569550
-563451
-560895
-557484
-555432
-554467
-551713
-545993
-540657
-532089
-526707
-519004
-514937
-506423
-502537
-501750
-501423
-474551
-462750
-462341
-458565
-454018
-453775
-449717
-444344
-443923
-439903
-437131
-435884
-430975
-429937
-427527
-423986
-419727
-408511
-400127
-398998
-393183
-389678
-386996
-385154
-383827
-383256
-383076
-382837
-380981
-375018
-374375
-372025
-366438
-365446
-364917
-363949
-362611
-362009
-357915
-356802
-354467
-352872
-352311
-341816
-339188
-333502
-330767
-328288
-321362
-320333
-317534
-315310
-312915
-309179
-304683
-303555
-278517
-277504
-273626
-271227
-264656
-253864
-250853
-249736
-247876
-247187
-246530
-246093
-245062
-243036
-239802
-232052
-229065
-221575
-218274
-212531
-204194
-195970
-192140
-190751
-190033
-189816
-188286
-187594
-187563
-182964
-182811
-181865
-177649
-170718
-170160
-168662
-159454
-159096
-158686
-157393
-142107
-140720
-126764
-126152
-125466
-122642
-122627
-119882
-119478
-115469
-97330
-91133
-90425
-86550
-83140
-80293
-76378
-73458
-67581
-64824
-63556
-60777
-60190
-60086
-59356
-57543
-50460
-48838
-43038
-42963
-42731
-42425
-37263
-30040
-26288
-18568
-16729
-16435
-713
2590
8495
11736
14044
15608
16858
20634
24352
31091
37575
45135
46553
47303
48179
50148
67905
70455
71619
72683
73132
75982
77866
78777
81371
87064
94409
96549
103123
107003
107512
109967
112124
112142
117533
123604
127960
137134
138889
140676
144659
147857
151688
152299
156946
157894
165604
166351
168014
170810
172429
173795
174081
174112
175434
176993
178145
178910
182411
187566
191490
192491
193807
194896
199200
199479
201317
201710
208043
223501
224278
234596
234789
235859
237193
237814
242409
247211
247419
253720
262060
263000
273201
274761
279338
288016
291228
292667
294148
295191
295891
296999
302426
303412
308975
310699
311018
317277
318636
318824
321975
323711
331407
342452
345101
350647
350822
355079
357470
361559
367036
370134
376461
378925
379638
383741
387049
387954
395583
397358
397623
398553
407345
411316
416626
419387
422217
427951
435138
436487
454348
457140
461200
461576
466068
469740
470626
474633
480628
481195
484291
485349
492200
497392
501391
502683
504618
514699
520826
523221
527246
534647
535915
549916
550149
557038
563984
564048
575004
575399
575407
578555
584571
585683
587311
591860
597239
597601
608869
609780
611691
613120
614835
620104
627026
641620
652667
654354
655105
657244
663725
667570
676361
678430
684182
688073
689475
691774
693297
699324
701876
703190
712887
713955
719568
725928
726519
731031
739458
740469
741022
744805
749038
757645
772351
783932
790731
793427
799426
802215
802321
803358
814336
825893
828425
830246
833250
836015
836183
838551
839894
840991
844051
844335
846464
847383
856030
859527
861273
865933
872898
881494
882733
885028
887312
895384
903289
903517
904629
912845
915073
920488
929072
950271
953707
954418
954856
960416
964624
967988
968318
975060
976648
978514
978545
1002123
1007929
1012946
1014098
1014882
1020892
1034247
1034682
1063734
1068334
1074439
1075053
1075068
1078758
1083173
1084363
1088397
1090555
1090949
1094814
1097555
1098163
1102294
1104383
1104526
1106810
1114593
1117875
1120946
1127298
1133986
1150444
1150880
1152138
1160204
1161789
1168220
1177793
1181980
1182320
1183155
1184645
1186382
1187235
1195023
1198357
1199401
1202773
1204010
1213553
1217490
1222793
1226726
1233999
1236072
1237777
1238303
1239591
1241086
1244719
1247174
1256528
1258325
1262802
1266075
1268234
1276218
1276536
1278431
1283103
1286841
1287497
1290695
1300510
1300785
1304206
1306696
1307142
1309797
1313150
1318252
1327401
1327480
1327510
1327949
1339101
1344630
1344994
1350315
1359467
1359737
1360056
1365820
1366338
1369129
1369264
1371079
1372305
1373272
1379423
1381285
1390950
1398244
1401428
1411576
1412330
1413751
1419461
1422135
1425405
1427976
1430545
1432557
1432652
1435787
1436553
1437076
1439403
1442212
1443115
1469337
1470494
1470957
1473941
1488196
1491649
1498230
1499185
1502041
1502162
1503434
1511705
1519009
1522298
1524483
1530490
1532351
1534337
1537263
1541104
1544182
1552933
1555263
1558032
1561105
1564149
1567486
1571986
1577498
1580695
1592457
1594908
1597901
1603407
1604942
1605248
1613280
1623986
1624186
1626947
1629062
1631754
1633623
1637025
1637257
1638467
1638580
1639844
1644392
1645874
1646357
1653350
1655164
1655663
1656156
1659535
1659717
1665033
1667176
1669183
1672422
1672662
1674668
1689166
1690179
1700377
1701541
1703332
1706318
1709537
1711316
1711693
1714286
1714355
1715098
1715793
1722171
1726899
1731951
1735657
1742445
1743839
1744871
1744962
1748493
1751867
1752180
1756648
1760898
1768181
1770217
1780310
1781311
1788163
1808553
1820742
1820760
1825484
1827599
1835041
1851195
1851650
1854165
1856753
1863348
1868161
1882350
1883759
1884050
1884286
1885212
1894495
1901133
1908153
1909586
1914216
1917802
1919658
1921737
1922367
1922873
1930674
1934022
1941053
1941458
1950374
1956830
1959112
1959472
1962035
1962625
1964243
1964556
1964997
1967462
1970539
1976422
1980769
1986071
1990439
1996953
1998391
