-1989076
-1988057
-1987323
-1984565
-1982191
-1981981
-1973650
-1964602
-1963028
-1960221
-1959590
-1958287
-1946770
-1946131
-1945186
-1943502
-1940026
-1939709
-1932679
-1932030
-1929157
-1926266
-1923922
-1922266
-1909887
-1895454
-1893646
-1880849
-1877704
-1871275
-1869979
-1861835
-1860184
-1856359
-1853286
-1851622
-1848216
-1846758
-1845434
-1843381
-1839336
-1838194
-1835767
-1835133
-1827952
-1826843
-1823454
-1819577
-1803616
-1803129
-1801747
-1801639
-1798239
-1794910
-1790637
-1788090
-1785508
-1784946
-1784215
-1781636
-1775735
-1772069
-1769525
-1764154
-1757918
-1756608
-1755806
-1754857
-1752272
-1747184
-1745851
-1743821
-1742784
-1742457
-1735576
-1729904
-1723610
-1722426
-1721868
-1721210
-1714247
-1712800
-1711860
-1707567
-1705700
-1698617
-1698094
-1685914
-1683861
-1680950
-1680865
-1680757
-1675737
-1667791
-1644864
-1644405
-1636633
-1634934
-1634663
-1631005
-1629508
-1626554
-1625679
-1624551
-1623466
-1622509
-1621599
-1611015
-1605528
-1598040
-1595463
-1594362
-1586830
-1585252
-1581331
-1572563
-1570173
-1566230
-1561756
-1561614
-1561581
-1560111
-1559641
-1558747
-1557796
-1557560
-1551932
-1546469
-1545940
-1542273
-1536804
-1536326
-1535017
-1532879
-1532294
-1530442
-1520763
-1518299
-1513889
-1508795
-1506743
-1505166
-1502189
-1500955
-1492511
-1486935
-1477141
-1473990
-1471470
-1464392
-1460123
-1453746
-1452212
-1447570
-1442846
-1441344
-1440199
-1439671
-1435208
-1430701
-1426017
-1424427
-1406057
-1389788
-1389501
-1382727
-1382293
-1378784
-1377506
-1375749
-1367618
-1360531
-1349712
-1344782
-1331860
-1328226
-1324637
-1322534
-1316063
-1303367
-1302093
-1297186
-1294894
-1292210
-1290789
-1290602
-1290408
-1288987
-1278769
-1277111
-1275207
-1269263
-1266123
-1255345
-1250151
-1246320
-1235081
-1226925
-1223918
-1217233
-1214652
-1211647
-1206384
-1205536
-1200314
-1198526
-1192886
-1191905
-1185214
-1182480
-1176711
-1171434
-1169983
-1167170
-1161643
-1161307
-1155234
-1154093
-1149952
-1149040
-1142756
-1142292
-1142240
-1132117
-1131612
-1128355
-1121480
-1111671
-1111228
-1095276
-1088124
-1082839
-1081385
-1076017
-1075200
-1073547
-1070919
-1070240
-1065009
-1059565
-1059371
-1058008
-1055867
-1054812
-1051840
-1047976
-1047796
-1044010
-1042987
-1037598
-1034622
-1005289
-1003975
-998302
-994282
-992011
-991629
-991409
-991021
-990232
-985957
-983589
-973593
-971574
-963058
-957272
-955604
-955059
-954878
-939199
-938080
-925315
-924732
-921267
-895567
-894678
-893161
-889572
-878528
-873675
-873150
-858732
-857629
-856176
-851645
-851128
-848855
-841505
-833803
-827946
-827554
-826372
-825091
-821578
-819436
-811655
-811333
-811271
-808482
-806664
-806474
-804612
-798598
-797979
-792484
-786936
-782388
-779407
-779075
-772170
-768282
-765502
-764087
-763831
-761598
-751062
-750728
-749261
-748168
-740859
-740806
-730426
-725422
-719471
-716732
-716400
-713244
-711927
-708705
-707728
-703082
-693824
-686911
-684168
-682856
-680450
-679679
-674134
-673474
-672971
-669263
-668270
-666566
-665797
-662984
-655456
-653694
-653376
-652218
-651487
-648647
-647382
-646189
-637703
-637031
-626770
-621542
-620053
-611308
-588562
-585981
-581586
-581373
-572209
-569906
-569804
-566990
-564018
-561302
-556193
-550770
-541834
-539840
-538120
-527620
-525146
-523099
-521024
-518628
-516153
-515390
-511080
-509607
-505157
-504623
-503174
-499980
-499900
-498690
-492078
-484828
-481474
-469242
-453431
-446494
-444276
-439920
-435141
-432557
-429519
-427010
-421449
-417793
-416474
-416380
-411123
-410592
-400357
-397772
-396244
-394808
-391528
-390499
-388070
-384528
-382851
-379013
-376763
-376583
-374218
-373896
-372889
-371682
-361139
-351251
-351048
-345546
-343894
-343297
-337758
-331328
-330095
-327856
-320332
-317209
-315157
-312378
-309445
-299901
-298530
-297211
-290913
-278079
-275455
-271258
-269284
-268369
-262433
-259660
-256432
-256091
-255278
-254341
-252465
-250646
-245643
-245314
-242303
-239042
-223882
-219332
-211796
-206256
-197107
-178852
-171180
-170313
-162659
-161049
-142095
-131594
-128862
-126038
-114176
-112707
-108400
-99961
-97747
-93775
-91642
-78366
-76136
-72625
-70577
-66436
-62435
-56892
-56847
-45896
-44844
-42739
-40965
-38885
-36051
-34566
-25748
-443
1194
1695
6050
9465
18087
20595
22577
24670
25106
29421
30077
30570
35672
42084
47384
47561
49150
49762
57196
62019
63650
72852
78346
85980
86961
91651
98337
104055
104625
105436
112196
117237
120713
121147
131310
133123
150240
152503
153770
160952
162304
164465
171869
176374
176513
182753
189684
205323
209547
211057
215889
221703
224212
227233
230907
232192
236978
238876
239974
242849
245831
246208
253948
264773
266657
270243
273528
276189
288086
294865
298850
299158
302898
306391
313469
315099
318699
318751
329220
329481
342109
342647
344748
345775
349215
349476
353688
355554
355664
355971
356296
363757
368351
379032
379854
388035
401420
405810
417508
417950
424322
425440
435408
443871
449004
450353
451621
452923
453452
453603
454292
457120
465270
466418
467565
468442
478773
479153
482459
488525
488580
489648
493682
499342
503937
507183
510269
511080
513311
513677
513692
523182
528317
531555
534918
535483
535729
536411
537662
543547
547342
551654
553734
556177
557580
557834
559075
564264
569054
577367
579381
581805
593770
597769
598789
599333
605959
607863
608127
610485
614753
615891
620218
620679
622980
626922
632057
636895
643092
645677
646789
648296
648967
656688
658005
658742
662479
664758
665159
674027
675682
676449
681941
685975
690346
692075
692388
695352
696995
698199
700127
703753
711032
711269
715194
718386
718815
720958
721075
721563
722425
724286
726649
727526
728260
728623
728839
733200
743787
744067
750177
750267
751018
755330
767133
784531
793031
794510
804114
808043
812512
813879
814742
825152
828807
831552
834820
835544
837526
838757
852815
854339
854402
855615
859541
862710
867307
871150
876541
892798
895458
895781
900384
900744
900917
903214
905875
907982
916439
921052
924206
924740
940092
956881
978265
979659
983715
983817
987919
987979
999226
1002510
1004029
1005855
1013781
1018176
1019243
1024357
1024665
1031511
1034986
1041927
1047135
1051935
1056422
1067129
1068723
1077063
1089277
1091365
1095674
1098234
1098965
1106059
1127879
1131218
1134350
1136069
1137462
1138583
1143288
1147017
1150570
1154621
1162101
1164270
1167912
1168474
1168742
1170523
1177451
1178154
1181283
1181951
1185919
1193669
1200906
1203349
1211860
1217517
1218996
1227331
1228792
1229950
1230472
1237784
1240475
1243179
1245202
1247475
1252440
1254346
1256899
1258320
1258459
1262279
1268634
1273945
1281153
1283396
1303791
1307249
1307965
1308131
1309027
1312884
1319133
1321104
1321196
1322023
1331680
1333774
1346319
1349430
1351835
1353145
1359431
1366206
1369144
1369323
1369690
1374386
1377089
1379842
1380534
1381072
1381127
1388207
1388220
1396559
1399269
1401132
1406365
1413140
1419172
1426326
1428281
1437443
1446889
1447638
1448107
1449080
1458207
1458447
1459533
1465378
1465835
1469780
1471943
1473664
1475928
1477298
1479349
1480663
1481750
1485267
1487220
1489086
1490057
1495469
1496378
1497475
1504575
1512149
1518740
1522030
1522947
1531824
1555661
1560009
1561703
1564305
1565395
1570062
1570888
1573804
1575995
1579720
1580773
1587185
1598781
1601001
1604013
1617051
1626848
1641925
1645825
1647543
1666800
1674939
1675174
1676336
1689105
1700821
1706932
1708307
1709025
1711165
1711738
1715766
1727807
1728968
1732326
1732626
1736423
1737127
1739518
1747333
1751289
1754680
1758220
1761336
1771180
1771331
1779863
1784401
1784858
1788266
1788864
1789531
1798984
1799215
1812380
1814960
1816281
1818041
1821420
1825132
1826333
1828201
1833564
1840912
1843980
1845486
1849127
1854504
1857589
1858078
1873688
1881609
1882925
1887189
1893961
1898646
1903425
1903884
1904320
1905868
1907513
1912452
1912934
1917443
1917484
1918332
1921587
1926873
1929418
1939980
1944178
1947148
1962402
1962519
1965612
1967493
1969001
1976327
1979992
1980922
1987294
1991835
1995360
1996962
1998697
