-1995525
-1987648
-1980758
-1973950
-1971277
-1971044
-1964859
-1961032
-1959996
-1952374
-1950884
-1950144
-1939366
-1939264
-1934841
-1933770
-1927247
-1922936
-1920783
-1913881
-1911915
-1906250
-1893248
-1880015
-1877124
-1875450
-1874080
-1867557
-1860582
-1856762
-1853868
-1852470
-1846074
-1845570
-1843664
-1841705
-1839110
-1836428
-1832698
-1830752
-1829940
-1829674
-1825370
-1820879
-1820045
-1816210
-1807738
-1807246
-1791403
-1786871
-1784756
-1782850
-1775654
-1774536
-1773182
-1772753
-1769519
-1766423
-1765773
-1765352
-1764188
-1760296
-1754940
-1745684
-1744122
-1736570
-1732679
-1731659
-1731277
-1724029
-1721286
-1718133
-1707188
-1707137
-1706066
-1703676
-1699820
-1697165
-1696435
-1695428
-1695006
-1693361
-1689605
-1688821
-1687215
-1682863
-1679917
-1677123
-1668315
-1663578
-1663387
-1662608
-1661680
-1659006
-1651427
-1651308
-1648667
-1644087
-1643852
-1643537
-1635707
-1635132
-1634952
-1633284
-1629431
-1620463
-1614756
-1608944
-1603322
-1593028
-1592870
-1591966
-1587807
-1586547
-1585984
-1582300
-1556100
-1551419
-1541289
-1540300
-1538778
-1535597
-1531960
-1517831
-1516631
-1516081
-1513918
-1511012
-1504354
-1501085
-1495433
-1489457
-1487668
-1483785
-1471797
-1471653
-1467362
-1463688
-1462908
-1459795
-1455064
-1454804
-1454364
-1452579
-1451793
-1450439
-1447843
-1430929
-1430663
-1429011
-1425639
-1423692
-1421252
-1415832
-1405354
-1401178
-1399739
-1396245
-1394717
-1386998
-1386240
-1385987
-1385324
-1384877
-1381153
-1381084
-1378380
-1376979
-1374394
-1372769
-1368186
-1357039
-1345439
-1343964
-1342352
-1335554
-1335044
-1329583
-1325908
-1316697
-1316521
-1304404
-1303921
-1302109
-1300177
-1298818
-1298177
-1292123
-1282139
-1277199
-1275286
-1272010
-1256772
-1256134
-1249902
-1246262
-1242069
-1226481
-1225585
-1222841
-1222794
-1221583
-1213648
-1210562
-1205231
-1203204
-1203165
-1196556
-1188430
-1187627
-1174707
-1169445
-1165056
-1157210
-1153248
-1152482
-1152147
-1151705
-1150476
-1147596
-1147207
-1146702
-1145782
-1142045
-1142043
-1135234
-1132837
-1129218
-1123595
-1121660
-1119967
-1119633
-1118652
-1118202
-1114219
-1108285
-1106962
-1101939
-1099568
-1097552
-1096770
-1095643
-1091725
-1081901
-1077681
-1076378
-1075754
-1069467
-1065134
-1064858
-1064130
-1063138
-1059696
-1058106
-1053081
-1051431
-1043568
-1043450
-1039283
-1034351
-1030635
-1030511
-1024882
-1023405
-1021873
-1009027
-1005903
-994867
-992118
-978762
-967663
-965979
-964384
-963836
-959445
-957058
-955500
-955428
-952938
-952486
-951831
-950901
-944907
-940082
-935197
-932363
-928481
-925815
-925686
-925612
-924567
-921413
-918365
-916309
-915460
-910961
-906047
-898619
-873280
-873254
-872222
-870379
-869023
-853578
-851696
-848543
-843183
-836248
-835652
-833682
-832797
-830791
-830198
-820428
-820422
-810707
-807959
-806124
-805794
-799820
-791885
-789260
-782565
-770117
-769223
-768718
-767913
-766416
-764250
-749840
-746514
-746168
-732327
-722016
-720386
-719609
-714430
-709654
-707459
-705910
-702907
-698607
-698057
-693580
-689866
-689730
-683996
-675465
-673802
-668756
-665723
-660092
-654579
-648380
-640467
-636676
-627576
-626736
-621166
-619755
-616508
-612864
-611349
-604995
-601983
-601845
-601083
-596363
-594352
-590648
-589628
-587294
-585637
-585306
-579715
-577921
-571800
-562134
-561499
-557972
-556692
-546842
-542797
-536852
-533276
-527307
-522466
-521602
-519050
-499250
-494163
-491400
-487147
-484026
-476451
-470323
-470285
-463166
-461683
-459657
-457644
-456267
-437719
-435165
-433418
-420991
-420304
-394702
-386264
-383060
-381479
-376197
-362620
-361785
-360004
-355278
-352971
-350607
-350479
-350460
-346153
-342725
-337413
-329981
-324927
-324808
-319297
-319196
-309981
-305479
-304371
-303602
-293999
-291079
-286345
-279309
-277993
-271902
-269770
-264577
-260301
-256107
-255376
-249833
-249569
-248469
-248156
-247749
-227626
-223869
-216874
-213617
-211017
-209248
-191101
-184608
-182130
-180957
-174628
-161795
-161192
-152233
-151608
-150383
-149535
-144999
-141381
-135337
-132834
-125887
-118006
-112079
-111855
-109576
-108345
-102137
-98153
-96040
-93718
-86364
-83608
-80783
-70043
-61770
-59483
-57177
-51981
-51787
-51121
-45124
-44415
-39926
-38355
-37727
-28788
-24844
-19027
-18944
-18109
-15442
-14738
-10746
-8368
-5767
2165
23384
27698
29468
31481
33751
37055
41852
45250
45853
49287
49337
52295
55285
59673
60435
62695
70585
71399
73234
76885
77693
82758
83807
87815
88325
89170
89261
90907
91200
91483
92689
95905
99264
101221
103555
115132
121601
126135
129736
133529
138027
140790
155116
157952
158508
162062
182735
183126
187424
188964
194875
197358
204015
205124
207541
208464
215502
218194
219171
223074
228136
231552
235894
237152
239288
241851
243852
247710
253014
253522
270723
275932
277659
280354
282977
298123
299612
304218
312105
312873
319132
323314
336853
347839
350117
350532
352532
357157
368112
380170
393102
401219
402876
404621
409179
414230
415809
418135
427074
431647
433691
434583
444270
447896
452916
454135
467143
470343
470815
473792
475364
478985
479272
483020
485961
491272
493233
497267
505898
507118
512656
513034
513368
518687
520178
520785
530905
534153
536467
539106
541687
546563
551964
561893
563671
564310
564649
568007
577532
586519
590428
591692
593296
594740
605117
606367
611772
616243
616575
618152
619774
624392
624621
632006
644700
647671
649554
650745
665905
666810
667174
667495
668319
670901
671576
675243
684664
686908
690366
692982
695464
695997
696065
716291
716476
729158
733621
741217
747173
748744
754911
769602
773330
775860
780344
783175
787419
787657
788385
796995
798488
800863
805204
808086
810311
810971
815906
817008
821624
823284
828249
831735
835034
841443
842099
844045
844051
847909
862569
867219
871712
872167
878585
879552
881597
885336
898943
901144
901779
912304
923354
930953
935983
944370
945331
952399
955976
958149
959493
968761
980004
980345
982117
987534
989113
992362
992501
995812
996263
996867
1008979
1020508
1023388
1023856
1027349
1030620
1032896
1040721
1045015
1045029
1046275
1046293
1052049
1054086
1060652
1061019
1061084
1062714
1065710
1067829
1075443
1081936
1094538
1097991
1105353
1114971
1119359
1123395
1127458
1134465
1139893
1140572
1141839
1151102
1157770
1157891
1161792
1162008
1166122
1171025
1176818
1181372
1181549
1182407
1182572
1193031
1199587
1208846
1208883
1216158
1223285
1223906
1227197
1229109
1229198
1233859
1235321
1235854
1239214
1246566
1255814
1257313
1258399
1258575
1260510
1260812
1263443
1267498
1268210
1272860
1274762
1285587
1291725
1297289
1297579
1299461
1300390
1300692
1301153
1304907
1310911
1326306
1329713
1331009
1332143
1335720
1337030
1339136
1340911
1343593
1344521
1358416
1358739
1359727
1360808
1363032
1370313
1370781
1377121
1378594
1379049
1387752
1394540
1396140
1397320
1403471
1407590
1411243
1421170
1433491
1433953
1437924
1441028
1441260
1443743
1445495
1450661
1451317
1457735
1460028
1471108
1471460
1471957
1477569
1489191
1489752
1498586
1502760
1503265
1505170
1512143
1515813
1517681
1519173
1521039
1526363
1532723
1535318
1535396
1547526
1555403
1557568
1558545
1558670
1566465
1566531
1569488
1570048
1573817
1576442
1579463
1582219
1585393
1585514
1586718
1589721
1590912
1592361
1596042
1612332
1620906
1621830
1628835
1646260
1651105
1651496
1659495
1661333
1663905
1664793
1665089
1665963
1671246
1676164
1678136
1679351
1685545
1686572
1691594
1691594
1692416
1693930
1697684
1699519
1700364
1713085
1724289
1728767
1731997
1741642
1744506
1747879
1753464
1766626
1770122
1771436
1773132
1773854
1773913
1777701
1781086
1786214
1788200
1795442
1811076
1814815
1820700
1823350
1830816
1834063
1834735
1835406
1841458
1844157
1845294
1848888
1849578
1855281
1855435
1860246
1861040
1861570
1866043
1869718
1875888
1877237
1877686
1885994
1888910
1900498
1900605
1912024
1912943
1918201
1921668
1922233
1928477
1930124
1930587
1931659
1932669
1938355
1942460
1945950
1946047
1947985
1956373
1960704
1963902
1974060
1974442
1990885
1993890
1996560
1998828
