-1998021
-1991186
-1989939
-1988246
-1977346
-1973838
-1973777
-1971318
-1970325
-1965664
-1960996
-1953197
-1950195
-1934661
-1930521
-1928421
-1927813
-1924482
-1920939
-1920839
-1916877
-1912167
-1909840
-1905577
-1904983
-1902568
-1901965
-1892651
-1891324
-1888740
-1882632
-1877916
-1874420
-1873155
-1866087
-1865910
-1863743
-1862767
-1858312
-1856009
-1852175
-1842786
-1837916
-1835580
-1834751
-1831293
-1828252
-1820902
-1809298
-1808576
-1804143
-1802380
-1800518
-1788522
-1776857
-1763985
-1758341
-1756920
-1751721
-1747796
-1745721
-1742645
-1739584
-1739510
-1736193
-1718960
-1716284
-1712653
-1712105
-1709481
-1706266
-1703535
-1702011
-1701753
-1700942
-1697203
-1696943
-1696130
-1695566
-1695217
-1693060
-1689604
-1688938
-1679588
-1672374
-1670777
-1668125
-1666035
-1661720
-1653914
-1650915
-1640742
-1634769
-1627772
-1624247
-1623232
-1622078
-1621351
-1617225
-1611739
-1608338
-1607845
-1607374
-1604094
-1595917
-1595065
-1586784
-1581684
-1577945
-1576587
-1574816
-1573122
-1563678
-1563566
-1562632
-1562533
-1562237
-1560320
-1554972
-1550196
-1540870
-1539839
-1533194
-1528497
-1525192
-1510322
-1505519
-1500478
-1500187
-1492639
-1490131
-1487987
-1482784
-1482256
-1479718
-1476749
-1472451
-1471284
-1470104
-1467711
-1462229
-1460240
-1455702
-1455657
-1448803
-1442148
-1437764
-1435300
-1434715
-1428366
-1426826
-1424366
-1420162
-1411677
-1401883
-1400487
-1399386
-1394416
-1394346
-1391755
-1389573
-1389529
-1384083
-1375358
-1363877
-1346171
-1343929
-1341111
-1334565
-1332944
-1326839
-1326248
-1318059
-1315108
-1308391
-1302931
-1301719
-1300489
-1298399
-1296009
-1293950
-1293562
-1293499
-1286618
-1281912
-1277841
-1276786
-1275476
-1274798
-1266975
-1258927
-1254650
-1248579
-1246849
-1235282
-1233987
-1217831
-1213317
-1212960
-1206981
-1206281
-1203027
-1197759
-1196468
-1194324
-1192663
-1188019
-1186387
-1180639
-1170510
-1169558
-1165961
-1161557
-1158670
-1150386
-1149738
-1149077
-1138117
-1137758
-1136617
-1134771
-1124045
-1119411
-1118458
-1117292
-1116673
-1114363
-1113515
-1109448
-1105406
-1101155
-1100926
-1100662
-1093957
-1093941
-1092078
-1089252
-1087022
-1081148
-1074339
-1073910
-1066934
-1064250
-1063747
-1060363
-1053433
-1048973
-1048545
-1047422
-1041146
-1037523
-1026802
-1024062
-1019412
-1015838
-1015516
-1011795
-1010451
-1009132
-1007142
-1006100
-990045
-985879
-982189
-981837
-980395
-976628
-976197
-974412
-966556
-966173
-940791
-940522
-937151
-932803
-932232
-931158
-926776
-921632
-919755
-917594
-915674
-915042
-913150
-908202
-904774
-900727
-900352
-898911
-895224
-893379
-893007
-889431
-888581
-882483
-878437
-877294
-868122
-866468
-851389
-846444
-843729
-842497
-840561
-837085
-836872
-833153
-832845
-830754
-820265
-817353
-814853
-814656
-813811
-808675
-805485
-798927
-789755
-784803
-782231
-777168
-776379
-775740
-770609
-768514
-758609
-757945
-751546
-750662
-745909
-745148
-742948
-742640
-742331
-727819
-723992
-704323
-703563
-702075
-697848
-692960
-686449
-685243
-684834
-682073
-681048
-677169
-673392
-664309
-661325
-659135
-658131
-657860
-642295
-642199
-641923
-641468
-633780
-632520
-624932
-621030
-616718
-615942
-613872
-610289
-609551
-607455
-600275
-597023
-593533
-593284
-593064
-579989
-578529
-569342
-567164
-566874
-563858
-554812
-550762
-549635
-546675
-545644
-544251
-541271
-539890
-536466
-532034
-527737
-525586
-525010
-517148
-510690
-510352
-506335
-496403
-492751
-492405
-489802
-489781
-488065
-487955
-478825
-476244
-472913
-466778
-458938
-456133
-443260
-437672
-436361
-430326
-429740
-429620
-419946
-415028
-412014
-404056
-403020
-398399
-389859
-387205
-383632
-381712
-376795
-375458
-366921
-363297
-362161
-358558
-356279
-355005
-348030
-345839
-344319
-343763
-335317
-334326
-327716
-326466
-325101
-319690
-319169
-310303
-300281
-295885
-293949
-291680
-291441
-290229
-281840
-279245
-267367
-265682
-259785
-247733
-247351
-246105
-244808
-243727
-242485
-232933
-229925
-225597
-223563
-219741
-213908
-209871
-209637
-206626
-205489
-200464
-198911
-194688
-191997
-190717
-188920
-185457
-179209
-177168
-172929
-172840
-171839
-167600
-166224
-165939
-164203
-163745
-158733
-148021
-147580
-137670
-134859
-134824
-134293
-132056
-129244
-129154
-124374
-113876
-110857
-108402
-104819
-101784
-100948
-97908
-97373
-91939
-88498
-87352
-79302
-78523
-71174
-66027
-57551
-52016
-40862
-38132
-31145
-29529
-21180
-21163
-20751
-19401
-19307
-19194
-16553
-16265
-10875
-10196
-9704
-4175
-3569
-2026
9496
12024
12097
20550
26020
27945
31779
37938
41765
45550
45594
47555
54505
56223
69785
70765
72737
77241
82545
86183
89729
96321
96788
100822
105906
107854
109418
122281
123237
129271
129946
130423
131935
133265
134655
150443
152362
157670
160182
166207
177708
179591
181860
189890
192498
194267
200394
200595
206121
208583
222723
226107
227685
233205
235742
236769
240252
245225
245908
248731
254703
261404
261807
281691
283757
284109
285153
290654
293177
294232
294379
299731
304959
311851
315956
319623
328491
330412
330435
334367
337034
339437
350280
352833
354257
364508
365830
385791
386206
390561
391100
393422
397721
401340
404146
410306
411822
424448
428743
430587
431637
436874
439675
459774
462019
469821
470395
474782
477587
489353
498099
499391
501355
509452
512938
519007
524723
526841
526955
536694
541304
544837
549335
557775
560045
566430
569324
571639
577931
580966
585981
587878
593784
595314
596313
600681
604248
606783
609745
610370
610617
613493
616422
616633
620000
636223
650673
653929
655196
658636
659037
666625
666924
666931
667930
669503
671674
673080
673920
674065
675689
692006
695688
697539
702639
704951
708751
714258
714394
715630
715988
724082
725705
726902
727921
733778
736876
740887
741507
742955
749450
751422
753491
753969
759626
763493
764862
768117
777294
777901
787052
790501
792906
795501
805077
811379
816558
822100
825760
842914
847460
853768
858160
859375
861482
863919
869096
871074
874800
876428
884241
886254
897505
897875
898816
899489
905042
909245
918600
933452
936463
936846
938695
940830
949357
958878
970025
974661
977724
979636
984822
991331
996753
998992
1001773
1004579
1006655
1024099
1031914
1033875
1035511
1039493
1041258
1052400
1053359
1060748
1061538
1063804
1072736
1084452
1086470
1087928
1088997
1096009
1097721
1103229
1103586
1110650
1128677
1131366
1131594
1140615
1142399
1142847
1146103
1150050
1158037
1160488
1163921
1165482
1166863
1168233
1168542
1170245
1176241
1186242
1187668
1188155
1190496
1191544
1201688
1204932
1210039
1212419
1216995
1223514
1238171
1238809
1242218
1242530
1245345
1245649
1246344
1254356
1261816
1261842
1264514
1268697
1276210
1277829
1279197
1279384
1281109
1285035
1294781
1296027
1298490
1300919
1303894
1305603
1305633
1306228
1315627
1319647
1320751
1323387
1332461
1340839
1357713
1360454
1365167
1382104
1388702
1388719
1397126
1397974
1404577
1408583
1412236
1415625
1417822
1423191
1435678
1436099
1448245
1451251
1454223
1458221
1459542
1468661
1471691
1487594
1488322
1488576
1501584
1511360
1514593
1516554
1517454
1520642
1520698
1524078
1533522
1537551
1537732
1540159
1540962
1541277
1555194
1561914
1566946
1572818
1572894
1575869
1580362
1590995
1598573
1601079
1602033
1602606
1605742
1609033
1612139
1616799
1622462
1626338
1640208
1648062
1649596
1652182
1656545
1657832
1674770
1677611
1684566
1687680
1688403
1690465
1695564
1698809
1701567
1712574
1718787
1724495
1728110
1728425
1745831
1746148
1747679
1753202
1755072
1756301
1760240
1762874
1763947
1767113
1772233
1780185
1792351
1793772
1794777
1802881
1807261
1807974
1808335
1809000
1814331
1815014
1820630
1821082
1822600
1823023
1824984
1826290
1831298
1835065
1840181
1849196
1853376
1856002
1859395
1859952
1869014
1875428
1881950
1882569
1887585
1891453
1893417
1903895
1908482
1913126
1917201
1917489
1921869
1925884
1939076
1941076
1947302
1951470
1951679
1954138
1958171
1958322
1958453
1960403
1964521
1965914
1967776
1971642
1976012
1979114
1979725
1990144
1994884
1996163
