-1996865
-1996306
-1996247
-1994320
-1993729
-1991342
-1986133
-1982931
-1976688
-1975141
-1971235
-1966660
-1948454
-1945316
-1942399
-1939993
-1938068
-1933190
-1921237
-1918786
-1917929
-1911498
-1909520
-1899036
-1899028
-1895556
-1893158
-1892707
-1883057
-1881382
-1879650
-1871235
-1870293
-1869637
-1869187
-1865351
-1865250
-1858645
-1855429
-1855261
-1848096
-1840852
-1836782
-1835204
-1834763
-1831735
-1827489
-1826860
-1824256
-1819666
-1818036
-1811143
-1791074
-1789338
-1779374
-1776955
-1767861
-1764309
-1760686
-1757425
-1756913
-1752921
-1752735
-1746506
-1746388
-1741324
-1739286
-1730591
-1730120
-1729681
-1728350
-1723093
-1722190
-1712068
-1710443
-1705064
-1700697
-1700519
-1699030
-1696863
-1694486
-1690713
-1686081
-1685177
-1679385
-1675673
-1672209
-1666304
-1666133
-1664537
-1664444
-1664188
-1659284
-1654748
-1635294
-1632753
-1611696
-1603625
-1600519
-1595137
-1593844
-1593359
-1592719
-1589512
-1585685
-1581892
-1574995
-1574468
-1572457
-1571988
-1565874
-1558071
-1557932
-1555293
-1555244
-1553652
-1549801
-1549226
-1546474
-1545912
-1540596
-1540371
-1533727
-1529213
-1528925
-1524885
-1521988
-1520357
-1511049
-1509150
-1487311
-1486624
-1483005
-1467687
-1467081
-1465634
-1458469
-1457006
-1456921
-1455257
-1451151
-1447212
-1433285
-1432807
-1432405
-1429251
-1428733
-1428206
-1416084
-1403391
-1398689
-1394668
-1391835
-1384381
-1383832
-1380730
-1380444
-1380213
-1378893
-1366658
-1365937
-1356782
-1354932
-1346409
-1341921
-1341752
-1338666
-1335047
-1330116
-1328292
-1325137
-1322152
-1319485
-1316957
-1307377
-1306852
-1306744
-1297422
-1294446
-1293924
-1289551
-1288876
-1288214
-1288103
-1286082
-1284049
-1281448
-1274049
-1273673
-1263901
-1254989
-1252531
-1248822
-1247704
-1245041
-1244794
-1242501
-1240003
-1232746
-1231420
-1227167
-1224234
-1217175
-1212139
-1211468
-1201619
-1196300
-1194836
-1191709
-1188178
-1183743
-1183726
-1183665
-1182332
-1172534
-1164774
-1164012
-1163863
-1156895
-1152035
-1151492
-1150679
-1147250
-1144873
-1143868
-1143048
-1139985
-1121402
-1120771
-1116048
-1114165
-1111640
-1106816
-1105712
-1104449
-1090300
-1080451
-1072887
-1070410
-1060411
-1057240
-1053092
-1053073
-1051520
-1047429
-1044028
-1037353
-1033768
-1033577
-1033105
-1026613
-1025041
-1024773
-1021207
-1014550
-1014062
-1011282
-1010860
-1006212
-1004484
-1000898
-999151
-994774
-991386
-986376
-981116
-978624
-978316
-970304
-967808
-966862
-951682
-950845
-949935
-948663
-934363
-931610
-924474
-922713
-915298
-911798
-909337
-906251
-902790
-898955
-898922
-892675
-889935
-889220
-873734
-873627
-859542
-858697
-851943
-848594
-847198
-842253
-841813
-833814
-833468
-823758
-823401
-820463
-819511
-818551
-813837
-813395
-809622
-802479
-799593
-798324
-797960
-796478
-796127
-793672
-793076
-791335
-789306
-782847
-781648
-779770
-772709
-770817
-770133
-769056
-756235
-746977
-743917
-742857
-741641
-740953
-740173
-738044
-736173
-732324
-730932
-725703
-724176
-718837
-718095
-717636
-716260
-715550
-706194
-703091
-694639
-693038
-687662
-673718
-671003
-666564
-648431
-647983
-643378
-627466
-623872
-619632
-618406
-611274
-605800
-603423
-597649
-597342
-586510
-585763
-585531
-578273
-577832
-576990
-574605
-572151
-569977
-562189
-561603
-559045
-557968
-555985
-553441
-551902
-550349
-524464
-524089
-521326
-512373
-512355
-506559
-505840
-505533
-501265
-495431
-494372
-493152
-490365
-490185
-486952
-483137
-477698
-469265
-468958
-468416
-464681
-464648
-460858
-453696
-452894
-452095
-451869
-442745
-441604
-432952
-432213
-429901
-421786
-409715
-408409
-406425
-403333
-402354
-400210
-399208
-395351
-391790
-386281
-384578
-380072
-373216
-370916
-367402
-367120
-357642
-356224
-356008
-354693
-349009
-347737
-335577
-328644
-328542
-321803
-311480
-309986
-300510
-299089
-293672
-285848
-277598
-276297
-276282
-270841
-270287
-255835
-247438
-244862
-244063
-240292
-228006
-227068
-220978
-220092
-215637
-211799
-207023
-206447
-199773
-199008
-197888
-196048
-194657
-193207
-171826
-171354
-168697
-160696
-155757
-152369
-138711
-133671
-127700
-120651
-111142
-110657
-107868
-98231
-84612
-78954
-75149
-74405
-72355
-72181
-69923
-67586
-65548
-57646
-57591
-56375
-54017
-52273
-50394
-49400
-42374
-41608
-38690
-33168
-32831
-21291
-17420
-13951
-11167
-5633
-204
100
2072
2092
2307
5174
8437
16079
16734
17611
18413
19918
22798
27786
29416
29946
34173
39007
43828
57896
62922
64155
77252
92933
95288
95802
106401
117332
130215
134760
135621
138227
142956
146939
153140
164833
171282
175224
175914
176534
176948
191758
193848
195296
198599
206863
207290
208582
209969
225483
227474
229639
236457
236897
251023
271424
272175
272356
274246
274984
276210
278855
280064
284672
285636
293698
296290
299078
302610
313643
315536
318994
319706
336160
336901
345696
348694
353851
354088
356639
370152
373646
374356
375530
380471
385255
390447
395887
396894
406663
407840
408283
423892
438104
439219
442560
445436
446658
449814
453777
456644
466169
467445
471881
479638
484578
494202
499598
501093
503135
504141
511905
515458
519852
530005
532850
547579
548131
549146
549498
551439
552258
552763
553634
559503
561410
566414
567495
568018
568525
573123
575865
578177
584642
587422
596614
601907
604766
605944
616081
624557
630466
634014
637347
638351
642898
655260
656299
664232
668234
669256
671344
673165
674295
676725
676767
680955
682184
691351
692866
693042
693155
693779
695649
696016
700780
702557
709505
712278
720484
722118
724530
726400
726641
733363
735338
737227
744053
750750
755561
755808
759478
760516
761063
764829
767288
769898
772315
778840
787159
789170
791162
792383
798122
798901
801203
802475
805540
806041
806251
806261
813521
813575
817464
821061
826222
826761
830855
832194
844494
850247
862806
868835
869374
870094
870535
871581
873522
875509
876753
879466
880492
885064
885718
892875
893104
896031
898544
901366
902076
903981
910129
911422
927164
928553
931093
933776
935550
948812
952615
952970
953014
958669
966697
971329
972407
982908
984807
988250
988296
989969
993738
995031
997135
1003599
1004550
1010712
1021550
1022581
1026244
1026517
1034558
1044469
1044703
1046554
1046662
1050770
1053444
1055538
1057630
1065878
1069911
1070525
1072621
1082368
1087877
1098272
1098729
1107375
1112004
1119249
1129565
1130005
1132716
1134104
1134596
1136037
1143796
1143801
1144596
1147097
1152441
1153672
1154411
1156675
1162130
1169335
1177485
1178295
1188623
1191586
1192256
1194868
1208334
1208853
1217815
1225563
1229229
1231702
1234387
1241928
1247863
1254548
1261077
1261151
1265579
1268976
1269798
1284740
1296001
1311743
1322090
1322182
1322754
1325950
1330380
1332565
1335706
1338063
1343754
1347778
1348384
1350989
1353449
1353549
1353853
1359639
1360949
1367962
1372091
1374198
1375999
1377745
1381415
1395154
1400577
1407037
1413235
1415728
1422931
1425803
1426834
1433676
1436687
1443470
1445904
1450304
1463343
1472992
1484401
1489976
1496306
1498452
1501841
1510019
1512316
1515689
1522123
1523115
1530260
1532087
1532315
1538076
1545243
1559693
1559741
1561765
1563318
1571483
1574451
1585435
1591167
1601348
1618627
1621330
1622011
1625224
1630030
1631750
1633711
1640561
1641066
1642586
1645739
1658330
1661523
1661769
1665773
1665831
1666574
1668456
1670626
1671144
1672483
1676543
1679427
1684117
1702373
1707559
1709537
1718757
1720855
1721909
1724574
1730824
1737882
1745446
1750084
1751646
1752524
1752666
1758037
1768387
1771896
1778188
1779703
1779703
1784483
1785173
1785954
1795318
1797634
1805818
1811617
1812915
1813264
1816602
1829635
1838650
1842145
1843753
1845271
1846761
1855410
1858354
1861463
1862038
1866382
1866696
1868536
1870864
1878559
1879715
1881165
1884337
1885293
1891215
1898749
1904360
1904995
1906912
1914459
1917317
1918962
1925128
1926462
1931433
1932854
1934374
1937734
1938994
1941271
1943398
1948349
1948961
1952526
1957889
1958541
1961055
1963426
1966868
1969921
1970930
1972755
1975472
1981152
1982255
1988836
1997130
1999186
1999962
