-1996853
-1992536
-1991870
-1990980
-1987131
-1980135
-1977253
-1977063
-1970882
-1961695
-1961288
-1958781
-1956117
-1955569
-1953525
-1945763
-1939217
-1938276
-1937380
-1929999
-1927511
-1925491
-1915048
-1905498
-1901942
-1897506
-1894298
-1885011
-1880341
-1878896
-1876088
-1874421
-1864969
-1864592
-1853099
-1852204
-1850709
-1842898
-1842593
-1840594
-1837348
-1822129
-1821971
-1819531
-1813986
-1813602
-1810541
-1807700
-1792304
-1790453
-1786778
-1781871
-1781781
-1778087
-1775977
-1769852
-1764970
-1756980
-1753481
-1753123
-1744411
-1741901
-1733409
-1730116
-1726509
-1725720
-1724535
-1719629
-1714034
-1712181
-1709592
-1706609
-1701401
-1698788
-1698415
-1686863
-1682189
-1681624
-1679087
-1675191
-1670885
-1670224
-1667732
-1667086
-1662250
-1660324
-1657163
-1655539
-1650380
-1649530
-1648847
-1641850
-1638677
-1635182
-1634499
-1633334
-1623069
-1622443
-1616014
-1607675
-1596537
-1580135
-1577882
-1573198
-1572975
-1570050
-1565724
-1565553
-1563665
-1562554
-1560856
-1560386
-1556916
-1555657
-1547137
-1546954
-1545740
-1543725
-1540483
-1540405
-1539906
-1535407
-1519226
-1510059
-1507320
-1505351
-1497383
-1497173
-1484126
-1481728
-1481052
-1478739
-1473449
-1472050
-1463085
-1454689
-1435950
-1433998
-1433483
-1420897
-1416015
-1415166
-1414422
-1411922
-1406346
-1406110
-1401683
-1401542
-1395449
-1393663
-1387439
-1384866
-1380506
-1374718
-1365810
-1355604
-1354897
-1350851
-1343085
-1340293
-1339950
-1337160
-1330281
-1328603
-1324527
-1323194
-1319631
-1316828
-1315159
-1309854
-1305834
-1303596
-1295230
-1290979
-1288127
-1282590
-1278433
-1277881
-1277527
-1276623
-1265301
-1263271
-1261807
-1260394
-1256887
-1256707
-1255725
-1247492
-1243935
-1240755
-1235429
-1235308
-1234017
-1230861
-1230514
-1230448
-1228725
-1220820
-1216431
-1209768
-1208311
-1206330
-1204870
-1202027
-1200563
-1191412
-1184586
-1167176
-1155457
-1153360
-1150211
-1150177
-1149142
-1137855
-1135405
-1132926
-1132452
-1128957
-1124208
-1116457
-1110168
-1106528
-1105311
-1105240
-1104970
-1104556
-1099327
-1095681
-1094650
-1093641
-1091130
-1077753
-1065319
-1063960
-1056210
-1054095
-1050882
-1043828
-1039569
-1038520
-1014326
-1013601
-1004123
-1002666
-1001822
-1000856
-999116
-998846
-998004
-992704
-987292
-978038
-974055
-971244
-970415
-966893
-964005
-959526
-955251
-954162
-951333
-933538
-932183
-915877
-913605
-903142
-899757
-898932
-895447
-886216
-885671
-883088
-878866
-865040
-859371
-852946
-852345
-851724
-848821
-845147
-842225
-836507
-827234
-822949
-820968
-815490
-807806
-799220
-796386
-795365
-791863
-786569
-781394
-780403
-775494
-775218
-772327
-763569
-759395
-757403
-753192
-747232
-744488
-737532
-736368
-724432
-721360
-717744
-704788
-704627
-704540
-700939
-698896
-696234
-695340
-688781
-682623
-675963
-665305
-663512
-655666
-655287
-654061
-649899
-645966
-644753
-639207
-638227
-632935
-613330
-607597
-602413
-602001
-590274
-587523
-571195
-569652
-567125
-559306
-544216
-541581
-540259
-534265
-534138
-533248
-532651
-525471
-525082
-524140
-520431
-518515
-509529
-507720
-503883
-498372
-490057
-488032
-487957
-485369
-477940
-474215
-472537
-466531
-460536
-460284
-454803
-452737
-446589
-443729
-442654
-441375
-424933
-423662
-419429
-419106
-419057
-417558
-412583
-407765
-406423
-402000
-391097
-380253
-374090
-371093
-367034
-366775
-362526
-360944
-350067
-349796
-347325
-343240
-339175
-335319
-333763
-332201
-328451
-327874
-327798
-322854
-321222
-318351
-313847
-312701
-310061
-306919
-306761
-301620
-295241
-294442
-293490
-285336
-283855
-282119
-280561
-276882
-275079
-269813
-268206
-260338
-252531
-246974
-246384
-244831
-228034
-226347
-226021
-223053
-220796
-216559
-213678
-213134
-204173
-204122
-199679
-194046
-193924
-190775
-189747
-179016
-165452
-163545
-162358
-148945
-143335
-141132
-131065
-130919
-129095
-126448
-123765
-118381
-110845
-107586
-104592
-103175
-90547
-89015
-87995
-85801
-81084
-81027
-72625
-67131
-62688
-60304
-57196
-55253
-50293
-41016
-37710
-29763
-28269
-24848
-24730
-14804
-8532
-5668
7374
11705
14004
21182
32745
34101
39797
40171
41888
58873
60753
63506
67643
68927
69407
72579
73030
75880
77934
80155
83407
84552
84612
87332
88020
91301
92252
101602
103096
103666
104213
107092
108458
113630
118788
120791
121643
125397
126665
132533
141007
147063
155344
159604
161462
161735
163385
163747
171659
172973
184590
187664
190810
191006
193851
194030
196231
199611
207631
209147
209476
211828
215928
216178
219336
220796
221155
225752
226456
230919
239374
240373
241670
244422
246359
263688
268446
287776
290639
301208
305009
316824
320109
321883
327593
329860
330244
331339
342883
348631
359454
363139
375645
381115
383847
384022
385709
386487
388721
398591
404448
407603
409002
409034
412815
413567
414638
414918
415627
416471
419384
420774
423500
428989
434806
436861
440209
446705
447035
451573
453249
454558
461544
462578
470699
476508
480945
481761
485720
485724
500656
501824
502496
502868
515395
518296
519551
525832
528561
532071
532145
536306
538318
538695
544194
548711
558960
559592
560962
567595
571981
573220
578974
579069
579587
579945
581104
584493
600919
603217
604031
606971
607673
609183
610182
614837
616096
618621
622982
623686
626981
628911
630769
631748
639544
642892
645322
647567
650473
653764
655060
655184
656236
666011
670851
673844
676999
686087
694778
697350
705559
706258
708029
711783
714300
715621
723434
725050
725385
729216
731364
734104
741700
742147
743656
746485
746735
746969
748006
765948
766335
768543
771490
772534
782841
800012
805845
806237
808055
808063
809157
809550
809782
822705
839467
849459
854894
856356
857014
858178
860476
861208
861321
862380
864467
872661
875524
878598
883281
887337
889728
890769
890902
890951
891831
894926
898593
898887
908143
908933
909706
918072
927538
935483
944562
946215
947033
950657
954365
954639
960372
960766
961877
962002
964634
971620
976449
977659
980427
983771
986534
987109
988965
993045
995180
1005583
1005592
1008440
1009411
1009722
1010584
1021702
1022346
1043816
1051533
1058314
1059080
1059740
1063805
1065571
1074198
1074814
1077743
1082495
1086659
1088610
1094789
1099447
1102642
1104883
1114579
1127146
1132054
1134332
1137675
1140356
1145783
1146842
1150695
1152738
1156040
1157400
1160760
1173321
1174906
1182775
1192161
1193489
1202614
1203549
1221915
1222573
1228570
1228717
1231590
1233203
1234712
1236024
1237880
1239504
1243380
1250986
1263035
1263367
1272956
1274294
1277930
1285423
1288997
1289676
1293908
1296698
1305293
1314689
1324952
1326197
1331173
1346627
1348577
1353565
1353756
1356534
1357267
1363773
1366041
1367242
1371514
1376164
1378277
1378559
1379320
1388591
1401422
1402024
1404207
1404824
1406716
1408165
1409222
1409258
1413462
1427598
1427625
1429818
1431496
1431906
1433757
1434849
1437455
1438442
1440181
1443411
1443725
1443848
1452636
1463009
1465071
1468915
1469386
1470106
1471322
1501433
1509060
1515957
1518981
1526922
1527228
1528720
1529315
1542899
1542982
1551158
1552664
1555666
1556557
1562643
1565084
1565857
1579239
1582637
1583738
1584352
1587238
1591743
1591997
1595814
1596127
1597844
1612613
1613370
1617091
1617219
1617346
1617717
1620461
1620575
1629182
1636442
1640949
1643150
1646137
1659114
1665916
1669728
1677996
1678217
1681537
1692297
1701289
1702346
1703159
1703348
1703409
1709686
1710965
1714223
1717538
1722709
1733679
1736138
1744529
1747222
1760965
1763007
1764069
1774213
1781078
1782185
1783289
1783761
1785782
1788861
1804815
1804846
1806650
1807372
1810402
1819930
1830192
1838086
1848624
1851557
1852336
1855396
1855482
1857992
1858343
1862216
1866603
1867822
1868827
1869431
1870207
1872627
1877878
1879747
1879958
1880018
1881541
1884057
1899688
1900176
1905079
1905970
1914938
1915286
1918664
1919136
1919250
1919496
1920687
1921332
1925225
1937244
1937260
1938109
1944263
1944807
1952877
1954359
1955339
1955885
1962271
1962651
1967913
1978693
1979140
1983928
1987776
1993987
1996482
