-1998080
-1994616
-1986468
-1985582
-1984835
-1983403
-1982176
-1978432
-1977313
-1975038
-1972422
-1972275
-1966927
-1962558
-1953229
-1951462
-1945310
-1942951
-1940817
-1934302
-1934281
-1929763
-1929410
-1926976
-1917457
-1912234
-1912045
-1910559
-1907963
-1905542
-1900441
-1898291
-1897756
-1893223
-1888340
-1887434
-1882769
-1880493
-1880411
-1879807
-1877094
-1871331
-1869478
-1863732
-1858518
-1855729
-1853362
-1853331
-1852761
-1848996
-1848660
-1845544
-1841936
-1834226
-1824193
-1823974
-1812549
-1810648
-1798240
-1793597
-1788652
-1787567
-1787096
-1779812
-1777372
-1771056
-1768942
-1768375
-1767914
-1765339
-1764793
-1758490
-1756181
-1751501
-1750182
-1748151
-1745003
-1743419
-1742435
-1739645
-1739435
-1738582
-1728890
-1725579
-1723563
-1720746
-1720071
-1718969
-1715678
-1713043
-1693811
-1690823
-1690044
-1687694
-1687401
-1683696
-1681198
-1678309
-1677484
-1672930
-1655870
-1652168
-1649820
-1648198
-1638964
-1638014
-1637223
-1626557
-1625775
-1622157
-1618114
-1613201
-1603597
-1599828
-1598375
-1596957
-1596120
-1591421
-1586097
-1586037
-1577557
-1576406
-1575096
-1574127
-1573093
-1561344
-1561043
-1559548
-1554578
-1554360
-1539849
-1524165
-1517901
-1515912
-1514762
-1512765
-1512693
-1507711
-1506951
-1505949
-1502252
-1501313
-1498995
-1488566
-1488489
-1487881
-1484732
-1481030
-1480191
-1474466
-1472736
-1468098
-1467675
-1457238
-1457200
-1443449
-1440940
-1437581
-1428318
-1417736
-1415009
-1407034
-1398085
-1393017
-1382646
-1376268
-1373358
-1370756
-1364273
-1359848
-1349891
-1345000
-1336839
-1330451
-1321546
-1319105
-1314328
-1302050
-1301453
-1301019
-1297645
-1295997
-1295838
-1293022
-1292093
-1287206
-1279886
-1279483
-1277601
-1274029
-1272483
-1270310
-1268029
-1266924
-1264836
-1263563
-1262467
-1249754
-1249416
-1247493
-1243492
-1240579
-1239295
-1238086
-1235753
-1231248
-1229924
-1228172
-1218125
-1209215
-1205332
-1199149
-1195954
-1194855
-1191948
-1176490
-1175171
-1173347
-1171057
-1169911
-1167841
-1165514
-1160337
-1159644
-1142132
-1139423
-1135627
-1128642
-1128250
-1127433
-1125512
-1124465
-1119256
-1113826
-1112926
-1111982
-1107464
-1101532
-1100081
-1092395
-1070706
-1064567
-1059676
-1056824
-1049595
-1039274
-1035883
-1035355
-1032535
-1032028
-1030405
-1030205
-1027416
-1023349
-1017857
-1015487
-1015372
-1014103
-1006898
-999444
-998261
-997864
-997049
-996245
-996158
-995449
-991415
-989225
-975287
-960522
-957446
-949178
-946012
-942187
-934896
-931607
-928570
-923784
-922309
-919921
-917791
-916231
-915687
-910611
-907960
-902942
-899193
-889989
-889790
-887450
-871946
-870749
-858427
-852659
-848921
-839872
-839194
-831013
-829756
-829157
-828007
-822250
-820968
-820890
-820753
-817250
-813282
-813220
-805990
-802252
-797219
-795492
-785846
-784878
-780011
-779463
-777337
-773478
-772429
-770229
-762754
-761639
-761499
-750599
-748002
-745512
-740586
-736491
-732243
-731760
-730605
-729707
-727277
-718867
-711918
-708899
-708632
-702624
-701666
-696852
-695084
-676085
-673874
-662125
-654053
-650721
-646142
-627949
-626384
-624295
-617912
-617563
-617014
-614109
-608636
-607576
-604896
-602297
-597744
-592159
-586111
-580930
-579437
-577430
-575996
-571811
-570632
-570208
-570063
-567634
-566042
-565892
-563155
-561488
-558515
-553898
-550957
-547970
-542873
-540697
-529344
-525448
-520539
-518752
-514620
-510203
-507504
-496123
-489693
-489410
-488995
-486045
-484847
-481631
-479000
-476291
-474165
-473547
-472609
-472541
-472305
-460839
-453326
-445648
-443969
-442957
-442632
-434832
-432076
-428364
-421618
-419535
-417360
-413963
-411717
-408077
-407670
-405737
-393344
-387449
-379810
-375235
-370074
-364297
-361345
-352884
-351690
-348790
-348647
-345726
-344018
-335791
-330507
-329050
-325366
-311530
-310582
-307215
-303020
-296413
-290458
-290010
-286340
-285951
-281933
-281062
-276791
-276356
-273604
-268007
-265197
-264584
-263995
-263231
-258500
-258333
-254922
-254830
-253532
-246070
-245366
-243635
-243622
-243130
-232734
-228729
-228596
-228312
-225738
-223538
-211560
-210955
-208630
-190261
-188893
-185596
-184277
-182489
-176108
-175823
-175393
-156511
-152352
-150503
-148207
-142929
-138415
-138033
-131928
-129745
-123944
-122294
-118460
-106247
-94514
-86260
-85305
-81288
-80221
-80180
-80128
-79123
-63730
-61760
-58888
-58068
-56957
-44831
-33581
-28575
-27643
-22816
-20367
-12184
-5911
-4527
-2654
-2571
-1019
488
1606
1711
10837
13832
48011
49235
54989
55645
57140
66591
71471
76335
80659
84651
89292
95942
101459
102452
105936
106189
112293
115219
116626
124593
129989
142898
143055
148383
152161
153521
155152
158993
161111
162264
164100
169966
171399
174117
189433
197149
202665
229640
231420
235790
235839
237756
241892
242871
244050
248628
262693
264128
267047
274072
285949
291928
298610
299631
300804
303000
307050
315445
327887
331811
338684
350953
361738
368553
388143
391115
406792
408600
409605
410236
422356
432348
433997
442683
450437
453232
455511
458185
463880
464634
465842
468824
474679
478046
484741
491493
492277
504107
506774
507165
517591
517656
519094
521860
522277
523102
524257
525926
529076
538486
538998
539784
542718
543651
543989
544260
548501
548628
555422
558278
565944
566036
566292
566940
572757
573950
576343
581139
588966
592936
597662
601069
605217
608470
612288
616236
618546
621455
622407
622915
634513
635066
639797
641517
643335
648989
650891
654822
665663
676204
676916
677666
690691
693963
694040
697027
700384
701258
701770
705521
711557
715570
715726
719330
729292
729739
732619
734481
734511
735011
736828
744080
744119
745205
745663
748781
750758
753569
756962
760695
761514
770212
771707
771784
775521
778977
779021
781747
792111
792684
795072
796623
801319
805335
806437
828108
829010
834522
835021
835580
837591
840627
842699
843736
843929
849194
853783
859795
868189
869853
875372
883405
885547
893665
896291
896671
900765
901249
909485
909487
912826
921497
925808
933134
936642
940496
947144
952645
954636
958491
964996
978545
978610
981190
982391
983133
985461
988955
989780
993810
993873
995565
1000097
1007231
1008223
1009691
1018483
1021878
1023384
1023849
1034754
1035036
1036148
1039457
1039662
1046882
1052821
1065423
1066061
1070066
1070730
1070954
1083745
1095200
1095436
1096855
1105142
1108398
1108438
1109370
1111842
1112552
1121413
1121741
1125669
1130958
1145429
1148635
1153306
1154360
1159685
1160928
1166287
1170996
1178410
1181225
1182186
1183325
1183326
1183763
1186172
1194338
1200488
1200605
1203143
1210708
1211178
1217443
1218222
1218586
1220860
1228361
1230386
1230925
1239219
1251351
1256170
1260942
1265114
1272831
1277585
1279249
1289224
1290377
1293847
1310512
1313232
1317477
1318556
1322786
1327662
1331814
1336457
1344812
1363770
1363883
1365202
1369099
1373847
1380610
1394837
1396061
1405667
1406309
1409614
1426314
1427082
1429930
1434111
1435569
1438908
1439420
1439841
1441750
1445299
1450334
1452052
1452639
1453489
1456252
1460230
1462324
1463615
1464094
1465164
1467402
1475146
1475923
1479809
1484326
1485398
1491424
1491802
1502251
1503600
1508449
1512670
1514494
1516443
1518662
1520387
1520939
1527139
1528981
1539263
1546261
1549272
1550187
1551535
1551997
1552705
1557462
1559411
1571025
1578073
1584859
1590865
1595820
1596530
1597883
1601073
1606217
1609774
1612217
1612876
1614920
1616929
1619241
1621859
1627979
1628885
1632594
1654312
1663891
1678845
1684740
1685712
1685929
1686320
1688747
1689413
1704294
1705890
1706358
1706868
1709856
1710925
1714309
1717802
1726841
1734526
1747320
1747419
1754172
1756318
1759220
1767923
1771086
1773134
1777249
1787329
1797490
1801301
1801450
1801911
1802755
1803064
1803318
1807310
1808251
1817687
1826375
1826452
1830563
1835627
1840796
1848083
1851178
1852922
1853404
1855053
1861423
1864388
1867159
1868012
1877532
1883239
1889242
1891500
1896376
1900116
1900669
1910403
1911621
1912849
1915991
1916128
1917946
1918740
1923820
1934065
1939836
1943580
1946451
1954543
1956308
1959941
1960398
1967566
1968344
1972701
1973935
1981359
1990571
1997147
1999334
