-1995594
-1992799
-1988046
-1981475
-1978342
-1978269
-1972450
-1967160
-1963545
-1959578
-1957042
-1946242
-1944864
-1940685
-1936913
-1936154
-1934993
-1928880
-1926301
-1924807
-1914943
-1911432
-1910242
-1909554
-1905725
-1904029
-1903538
-1887408
-1886898
-1881525
-1875306
-1873432
-1865077
-1860335
-1852036
-1833205
-1832995
-1832427
-1831685
-1827050
-1826489
-1825107
-1824450
-1820959
-1813599
-1813399
-1811580
-1809203
-1808042
-1804441
-1799543
-1798574
-1797231
-1796337
-1795854
-1792804
-1789918
-1789539
-1780492
-1779921
-1778743
-1778369
-1767046
-1765489
-1759535
-1756132
-1748917
-1746706
-1737365
-1730989
-1730482
-1728274
-1726232
-1725202
-1713826
-1701374
-1695160
-1694016
-1692344
-1682449
-1681838
-1672464
-1671124
-1659394
-1657159
-1651999
-1650787
-1645785
-1641761
-1636696
-1636087
-1624376
-1623663
-1610831
-1609928
-1604437
-1604339
-1597996
-1592905
-1581769
-1579683
-1579359
-1575262
-1572429
-1571512
-1565382
-1563626
-1563334
-1556937
-1555522
-1553589
-1546086
-1545858
-1543211
-1538543
-1527095
-1523360
-1522495
-1512322
-1507652
-1497718
-1496598
-1494735
-1494017
-1493281
-1491301
-1484408
-1481240
-1479042
-1477673
-1473283
-1472132
-1460521
-1456300
-1454234
-1449087
-1444102
-1441235
-1439759
-1438529
-1438157
-1432668
-1423359
-1422069
-1421559
-1420498
-1412675
-1410462
-1408738
-1405533
-1403941
-1399763
-1390579
-1390363
-1384173
-1376199
-1375360
-1374085
-1373651
-1373445
-1368178
-1367790
-1367516
-1356631
-1353683
-1351809
-1351460
-1350701
-1348459
-1347166
-1345595
-1338668
-1335946
-1331906
-1331423
-1325608
-1325429
-1316568
-1306096
-1303070
-1301406
-1295843
-1295409
-1295355
-1293413
-1290313
-1290265
-1288941
-1288036
-1288008
-1279213
-1264403
-1260020
-1253744
-1251555
-1250000
-1248707
-1248567
-1247727
-1237913
-1237278
-1234409
-1231834
-1227033
-1226610
-1221706
-1220144
-1208406
-1206504
-1195850
-1178757
-1178306
-1174795
-1169573
-1162393
-1162339
-1160149
-1157322
-1147245
-1145013
-1144204
-1139319
-1138984
-1138409
-1136786
-1126896
-1125101
-1116059
-1112664
-1109839
-1109409
-1100254
-1096596
-1094358
-1094191
-1087857
-1075796
-1062621
-1062216
-1060488
-1060305
-1059852
-1040677
-1038798
-1034750
-1033593
-1022058
-1020484
-1011347
-999167
-991368
-990558
-988642
-985823
-979192
-976287
-966288
-965975
-965498
-962533
-958541
-956172
-955956
-950655
-948216
-942650
-941851
-936131
-934388
-933010
-932877
-932714
-914406
-907371
-902902
-897157
-892127
-886974
-884988
-881290
-877501
-870257
-863723
-859951
-855861
-851943
-847613
-844578
-835122
-826080
-819724
-809820
-808540
-805218
-803605
-803594
-801870
-799016
-798273
-797992
-792113
-791598
-778759
-773015
-771874
-770558
-759974
-758375
-755046
-753166
-750136
-748490
-746762
-733356
-732857
-731652
-730858
-729975
-726488
-720247
-719620
-718947
-704581
-703542
-702107
-696902
-693975
-687383
-682462
-679661
-678756
-677793
-675907
-668104
-665957
-657927
-657346
-656771
-655032
-651222
-648884
-647759
-625537
-619107
-616028
-613309
-612641
-612006
-611084
-610926
-605877
-601830
-600536
-596019
-586131
-582518
-581192
-580077
-573294
-571825
-569377
-564088
-558175
-550710
-544990
-535802
-531325
-525510
-524745
-523477
-521145
-520172
-519827
-518860
-518661
-514410
-511418
-509271
-507676
-506348
-505834
-498123
-494214
-493950
-482739
-481253
-468140
-466604
-465834
-465667
-459969
-457962
-443140
-442992
-440819
-435615
-429542
-420970
-408122
-406931
-398467
-395686
-362269
-357384
-352617
-351037
-350672
-345990
-344945
-344009
-343816
-337631
-327998
-321587
-312602
-311539
-307778
-307148
-306788
-306374
-303336
-303328
-303107
-296598
-296418
-285600
-261851
-258605
-255408
-252092
-251681
-249941
-246024
-244807
-235357
-234782
-234742
-233798
-226204
-217500
-216849
-216166
-214533
-213595
-207355
-205892
-201942
-195646
-195199
-191433
-179168
-168740
-167768
-166356
-154102
-151474
-144231
-142598
-130370
-129913
-122127
-115737
-103602
-93265
-92687
-82093
-80781
-78094
-76060
-75832
-72421
-70125
-67297
-67038
-66969
-62217
-59724
-56751
-52395
-51147
-47377
-40681
-38029
-35589
-34879
-26404
-25690
-20839
-15149
-14885
-12362
-9217
-6579
-3568
2203
3481
9796
10099
12515
13545
19009
19722
27490
38053
48896
60578
64323
67260
76180
77192
80306
82016
89038
89301
90380
90546
91569
92715
98668
103891
107842
110584
111743
113333
126111
127120
133543
134364
138783
140149
140385
148080
149659
151341
155051
158137
163127
163384
164926
171042
174497
182221
187375
193182
193806
197649
206016
206448
213861
229031
230230
232000
235803
240480
243156
245389
245413
245993
273979
276359
278117
281453
282847
291163
296128
296947
298203
301191
301689
303511
307311
314535
315952
316188
318968
319293
333403
336274
336588
337704
337859
340302
343509
344007
344217
345413
352043
361226
370186
372971
374965
375104
376885
379908
389178
394627
404114
404180
405881
415072
415458
416721
419342
432181
434224
441782
448618
453473
463712
466693
474374
475721
476315
479112
480490
483424
484718
486524
487608
500460
500837
502708
505638
507265
511826
515689
521381
523893
538973
543408
545300
550717
550862
550959
553286
556573
560625
565522
566551
568366
568615
572961
581036
587987
589581
589942
592598
593492
594539
606152
612025
618242
618404
621462
634828
643909
646611
649464
649540
651360
654579
667194
671368
673478
677183
679374
680948
686101
687132
688019
688270
697870
698513
712938
715507
716087
717599
719778
728774
737046
739029
742315
748670
749387
749949
753011
753762
755348
760541
762423
764822
767845
769905
770209
778654
783797
784651
787306
788354
788966
795619
796613
797897
804865
805645
807446
809219
809262
813427
816475
816532
821763
828052
830049
835902
836470
837005
843515
845303
848547
854869
868186
873652
879898
881963
882662
891650
892759
893368
904277
909091
909701
914936
922898
925110
933020
934162
941884
946564
948781
949136
949667
950404
953077
953380
956163
959772
965472
965935
979939
980583
987100
992197
992798
993198
998994
1006471
1016287
1029242
1033907
1034285
1034827
1036971
1037501
1043766
1046785
1056841
1065697
1069919
1071168
1073080
1076238
1078975
1092832
1100184
1102192
1108239
1109482
1118563
1120443
1122115
1128156
1140936
1140945
1142789
1144811
1162419
1171272
1171815
1172063
1179028
1182314
1184106
1185171
1186296
1206236
1209776
1218063
1221717
1223372
1238346
1240155
1245223
1246545
1247920
1249862
1253076
1255386
1263224
1263344
1265779
1275164
1276892
1278888
1280498
1283480
1286408
1290679
1293202
1300266
1303768
1303810
1304571
1313012
1314197
1316123
1321144
1325291
1327872
1340854
1344625
1345568
1348791
1349575
1353285
1353491
1355210
1359165
1365700
1366385
1366594
1370284
1374604
1375261
1375747
1377137
1382146
1386997
1391385
1392133
1394001
1395807
1400117
1406130
1422993
1428158
1439177
1441326
1442215
1444859
1446079
1451469
1456111
1457638
1462116
1463067
1466206
1469238
1481175
1482371
1490332
1501224
1501482
1512101
1514596
1525260
1531564
1533298
1541849
1543035
1554303
1557415
1562108
1571694
1578153
1584565
1588770
1593827
1596222
1596456
1599960
1601856
1605539
1610479
1618798
1619567
1632532
1632578
1634746
1636315
1646902
1648158
1649320
1662357
1666140
1668206
1677829
1680008
1680253
1681071
1682249
1683296
1684034
1685706
1687774
1696859
1698260
1708099
1708797
1709619
1713487
1715473
1722585
1725854
1727117
1729326
1730317
1732191
1735060
1735434
1736588
1742467
1746218
1747403
1751254
1755044
1759239
1760552
1764188
1765927
1766675
1769749
1772426
1773199
1785613
1788395
1792553
1794062
1809146
1809448
1814060
1817518
1818062
1826989
1830744
1834980
1841284
1850514
1855828
1861254
1862465
1864175
1871160
1871873
1872575
1878897
1879504
1883745
1886091
1887881
1892827
1892877
1907813
1908979
1912011
1914122
1916142
1917039
1926237
1927225
1927859
1929685
1933858
1934963
1937473
1941954
1943502
1944872
1945931
1949440
1950238
1950897
1960361
1961882
1962774
1972035
1973847
1978340
1981733
1997576
