-1993648
-1992051
-1990421
-1989397
-1988641
-1974551
-1972328
-1964500
-1954738
-1953776
-1951399
-1943420
-1941347
-1940231
-1934138
-1930613
-1930264
-1911422
-1907658
-1898140
-1897716
-1897628
-1891361
-1889317
-1882967
-1880964
-1879583
-1878178
-1872332
-1871629
-1865751
-1863320
-1857363
-1856422
-1853437
-1853017
-1850172
-1843088
-1840813
-1832245
-1827645
-1827481
-1826561
-1825948
-1822954
-1822536
-1817220
-1815374
-1811741
-1800836
-1798055
-1793683
-1792736
-1790273
-1789573
-1789295
-1787117
-1787075
-1770534
-1767081
-1766987
-1760493
-1758034
-1757974
-1753221
-1738330
-1733233
-1727158
-1722911
-1715082
-1712529
-1706850
-1682083
-1667817
-1665683
-1659080
-1657064
-1655888
-1655649
-1647082
-1645995
-1644222
-1641511
-1640751
-1634923
-1627129
-1614617
-1613569
-1610243
-1604999
-1602073
-1601922
-1599194
-1592259
-1587347
-1573178
-1571806
-1567159
-1566849
-1562746
-1560916
-1557535
-1554948
-1554389
-1554366
-1553703
-1546240
-1540382
-1539850
-1536634
-1535110
-1526724
-1525953
-1511174
-1509924
-1508816
-1508783
-1500129
-1495844
-1495066
-1489348
-1480112
-1479926
-1474549
-1472035
-1471741
-1470904
-1469450
-1468289
-1467508
-1466478
-1464772
-1462197
-1453762
-1451312
-1450840
-1449552
-1447650
-1442265
-1437984
-1428406
-1428075
-1422510
-1416538
-1416036
-1409547
-1408868
-1407751
-1407512
-1403219
-1402920
-1400557
-1398004
-1397594
-1393887
-1389798
-1389413
-1387575
-1382816
-1382479
-1381671
-1380175
-1371320
-1368850
-1364319
-1362758
-1359291
-1358961
-1354460
-1353779
-1350759
-1348187
-1346250
-1344398
-1338235
-1332764
-1331434
-1323867
-1321464
-1321298
-1301989
-1300240
-1299937
-1297636
-1289269
-1282637
-1265759
-1257387
-1249494
-1247716
-1246583
-1245988
-1244374
-1240195
-1237935
-1237677
-1236890
-1235937
-1235894
-1231234
-1229883
-1227080
-1226262
-1221290
-1219723
-1218962
-1215982
-1214557
-1206474
-1201475
-1198699
-1196597
-1191694
-1183481
-1179476
-1177345
-1177219
-1169044
-1168705
-1168152
-1161093
-1157777
-1149879
-1149126
-1144765
-1139757
-1130994
-1127320
-1123426
-1121484
-1121071
-1121019
-1110591
-1107669
-1102949
-1102714
-1102031
-1093640
-1092748
-1089269
-1083102
-1081608
-1080797
-1079080
-1075458
-1073393
-1073260
-1067652
-1066569
-1063808
-1060661
-1058004
-1036335
-1031186
-1024233
-1022988
-1022829
-1018668
-1013814
-1012930
-1011269
-999750
-996711
-994591
-991461
-990113
-988668
-984448
-964013
-956275
-950455
-943211
-940745
-923825
-920507
-917673
-911032
-906227
-901059
-899524
-896430
-894812
-891038
-884724
-882131
-881804
-880632
-878166
-869123
-861016
-860299
-843009
-836012
-833888
-832491
-824957
-815994
-811857
-811661
-810583
-808767
-808476
-797231
-795842
-794318
-789920
-784962
-773047
-771761
-771724
-771513
-763342
-763215
-762148
-760172
-754600
-751174
-743170
-743131
-734026
-729689
-729056
-725281
-715297
-713567
-709644
-706501
-698031
-678866
-678030
-674771
-673093
-672329
-664124
-663914
-658743
-657344
-651008
-650677
-646472
-646403
-644810
-641060
-639230
-629816
-629249
-624879
-612403
-608329
-608318
-605036
-603416
-597480
-596913
-595663
-591493
-584936
-581967
-581951
-578698
-575649
-572092
-571420
-562038
-557562
-554820
-550992
-545166
-540406
-538060
-537929
-536891
-536477
-534444
-521369
-516867
-512809
-508426
-507646
-506608
-505557
-503955
-502934
-501702
-497653
-490387
-490232
-486546
-484565
-483962
-479508
-476279
-459309
-456390
-455659
-453516
-446470
-438576
-418206
-417511
-416694
-412744
-410178
-406510
-398068
-391332
-381902
-378619
-377508
-369959
-368467
-359696
-358250
-349942
-348599
-345356
-342715
-340146
-340006
-338846
-337948
-331477
-329435
-321121
-302977
-292181
-290536
-286042
-285722
-279789
-278830
-277171
-257855
-249868
-246163
-225107
-219727
-218417
-217864
-216921
-208278
-205470
-205047
-201714
-200329
-194005
-191401
-187921
-183788
-181151
-179588
-168367
-157651
-156805
-155951
-155010
-152192
-150029
-147628
-146861
-137116
-136092
-132439
-127361
-126922
-123764
-122405
-119859
-119796
-118660
-116264
-114843
-112380
-111042
-106613
-106572
-105676
-102498
-100134
-95566
-94242
-84487
-82672
-76542
-73525
-71683
-66994
-65738
-59254
-59095
-53760
-40018
-39798
-39796
-31833
-28382
-8590
-250
5083
13403
18745
19041
22139
22619
37282
39848
48808
49225
56652
58694
61124
63895
66934
74007
76442
77066
85287
85871
89069
90650
93466
95882
99665
99717
105831
106790
112931
115103
120425
124785
127734
129966
141107
142302
146495
147662
157108
161350
161499
162339
162591
169337
179756
179918
182552
182708
184048
185919
187739
191323
193716
195407
197447
204882
208787
210779
210958
216136
220876
225537
228764
236336
237097
240175
241695
244940
251254
262326
265022
265269
269345
270546
272572
275044
278401
279079
284732
285731
289314
290065
291242
293257
298461
298780
305554
310314
315401
318830
326481
326931
328116
331762
332329
333296
338613
340624
341361
343884
346557
347356
363375
366382
374556
381593
399464
399508
407197
419122
423096
425572
428818
429491
431187
434999
435259
438320
439550
440160
445075
458555
459403
461036
463404
471415
484456
487576
489894
496875
496935
500122
502103
505592
516908
521652
523339
527778
527826
527950
531830
538867
542099
544199
545821
548839
551523
557119
560395
560525
560762
565247
568730
572410
573581
574147
574401
574495
579643
584101
584483
589200
596680
596876
602617
602814
604966
607191
610217
611580
611685
620201
620270
624021
629435
629438
635237
636065
638735
640367
647782
648337
652209
653024
654800
655546
656658
663958
666326
672307
678395
684447
688130
692992
693487
700902
702473
704443
708176
720271
720273
721278
724373
725954
729189
731214
736620
737019
737064
741171
746204
755319
757342
767381
768957
772711
774390
775372
777321
777377
779891
781712
782288
801835
805018
809796
819955
820700
822006
831397
835775
835996
836288
836884
838738
842399
848996
854581
854675
854693
858663
869464
872686
878812
879923
890988
896100
900813
901230
908251
909179
909806
915067
915408
934249
934974
940734
940988
962553
964832
968945
974785
977500
983482
985180
990947
995326
997912
998960
999024
1000348
1004697
1013289
1025985
1027090
1034105
1038261
1039810
1043376
1048346
1056729
1058682
1060879
1067914
1071077
1079116
1095390
1102872
1103488
1113425
1114130
1118415
1124720
1129048
1130553
1131523
1132385
1135951
1137546
1144960
1145239
1148435
1157219
1157328
1165423
1180798
1181021
1187312
1194683
1195060
1197690
1200851
1201567
1201911
1204777
1209214
1217637
1218030
1218700
1228134
1229752
1230855
1231401
1231403
1233302
1240001
1242502
1245730
1256242
1262592
1264983
1266039
1269889
1276628
1277702
1278500
1280557
1290087
1293607
1293883
1295653
1296401
1302788
1306211
1314384
1326436
1329137
1330051
1330375
1332660
1332909
1339100
1341180
1350760
1354908
1365213
1370243
1371579
1376352
1388235
1389246
1392026
1399242
1404800
1405030
1407981
1408300
1414471
1418540
1430360
1434753
1435627
1437283
1464033
1464085
1467479
1474440
1476551
1480570
1495174
1495336
1497197
1501939
1509257
1512708
1514328
1516147
1516509
1517998
1519809
1530909
1530911
1531494
1531879
1532248
1537501
1544233
1545800
1556891
1557878
1559105
1560496
1568699
1589948
1591106
1593165
1594258
1596602
1596772
1599089
1600186
1602484
1607427
1608526
1608965
1613890
1616777
1622553
1624958
1625712
1646518
1655650
1657158
1661508
1672072
1677861
1679408
1680581
1684058
1684529
1690325
1701795
1717994
1722651
1735361
1736371
1736873
1738390
1738462
1741225
1748267
1749556
1751747
1760057
1774817
1775121
1777422
1777585
1778122
1779642
1783175
1783870
1783872
1785989
1790943
1793176
1794528
1797885
1799361
1799695
1799755
1802554
1803580
1812259
1812792
1813315
1816927
1821415
1830927
1836517
1845175
1856169
1873664
1875259
1880606
1880647
1882182
1883554
1901675
1906616
1915088
1916174
1921282
1921390
1926843
1929430
1930946
1934087
1936083
1936365
1942814
1942893
1962071
1968368
1970200
1975627
1980246
1981788
1983537
1992127
1993038
1994500
