-1993402
-1993039
-1991884
-1986058
-1983019
-1980709
-1968116
-1967144
-1964495
-1955234
-1954611
-1954237
-1950952
-1949799
-1949481
-1948305
-1944239
-1943988
-1940775
-1936918
-1933058
-1932752
-1924022
-1917158
-1916241
-1903415
-1900084
-1895706
-1885268
-1884959
-1876222
-1868481
-1866029
-1865208
-1862681
-1859258
-1853596
-1850304
-1846579
-1845908
-1841597
-1840894
-1834481
-1834317
-1830333
-1824747
-1824484
-1823425
-1820993
-1814433
-1811237
-1807998
-1802704
-1793973
-1793489
-1788689
-1788481
-1788227
-1787544
-1768207
-1767851
-1763414
-1760830
-1755024
-1751842
-1751274
-1750195
-1746033
-1744027
-1742152
-1725895
-1713736
-1712207
-1707483
-1705392
-1703167
-1699798
-1698855
-1696527
-1691454
-1686767
-1685196
-1677830
-1670546
-1669630
-1666080
-1664275
-1663150
-1647509
-1645935
-1645651
-1639769
-1637416
-1633832
-1628098
-1625658
-1623648
-1618572
-1615635
-1613409
-1601961
-1601777
-1600168
-1594075
-1589144
-1576982
-1576956
-1564753
-1561080
-1554601
-1542307
-1540492
-1539650
-1531815
-1530100
-1518996
-1517974
-1511039
-1508712
-1508225
-1496522
-1494803
-1480868
-1478527
-1474181
-1474174
-1472646
-1470286
-1469372
-1469136
-1466680
-1463681
-1462630
-1456815
-1454642
-1453688
-1453324
-1450442
-1448741
-1448603
-1447449
-1444770
-1442882
-1440396
-1438546
-1422988
-1419694
-1419261
-1406057
-1403553
-1403459
-1399738
-1395256
-1393243
-1391445
-1382452
-1377581
-1377493
-1377344
-1376903
-1375891
-1368215
-1366862
-1365743
-1362420
-1348493
-1346926
-1346890
-1346148
-1344381
-1343742
-1340796
-1338737
-1338406
-1336936
-1334654
-1330700
-1328735
-1321406
-1319118
-1315583
-1313448
-1311570
-1310557
-1300711
-1296913
-1294902
-1294080
-1292732
-1292076
-1284038
-1276369
-1246207
-1244912
-1236868
-1232859
-1231794
-1229320
-1227674
-1225461
-1217087
-1207782
-1207532
-1200489
-1200326
-1198721
-1196867
-1195776
-1194295
-1192157
-1191216
-1190986
-1187093
-1175648
-1172263
-1171054
-1169430
-1162581
-1160808
-1153433
-1153348
-1142598
-1142335
-1140055
-1133561
-1131744
-1130388
-1130346
-1126474
-1125862
-1122076
-1117523
-1111062
-1108461
-1100190
-1098580
-1086580
-1086260
-1085341
-1084321
-1077124
-1075758
-1072301
-1071132
-1062706
-1062432
-1062350
-1060758
-1057257
-1057222
-1054470
-1052865
-1051413
-1048901
-1048385
-1048309
-1043299
-1036968
-1033405
-1030934
-1030534
-1016478
-1001999
-990085
-977675
-977611
-975899
-972387
-969997
-964979
-963608
-958727
-953992
-945542
-941925
-938216
-935594
-928918
-920746
-917962
-913884
-912117
-911266
-910545
-910135
-903974
-902971
-900651
-899262
-896248
-896086
-895808
-895656
-894561
-890676
-889383
-886788
-883945
-882299
-876848
-864944
-859435
-858490
-858418
-848864
-833070
-830193
-829656
-823345
-810624
-801664
-797504
-796422
-794537
-794339
-793142
-791585
-787296
-779923
-778267
-777181
-772907
-751424
-750622
-749691
-745931
-742830
-741054
-740411
-739530
-730162
-728698
-725184
-715220
-712251
-709734
-702181
-697288
-683322
-682220
-680107
-675937
-664766
-663138
-651661
-650100
-645953
-644777
-643504
-638353
-638055
-633788
-630658
-629179
-628586
-627663
-618174
-613973
-613505
-589649
-581859
-579301
-578129
-576010
-575591
-575290
-574103
-572231
-570663
-570562
-568973
-566625
-564110
-564094
-563363
-553158
-552669
-547569
-544078
-540183
-531028
-524489
-522183
-495761
-494132
-490012
-483824
-480288
-475707
-467767
-467348
-465163
-463618
-447159
-446987
-439954
-438831
-438531
-429430
-427814
-426846
-417924
-417424
-409284
-405266
-402428
-397402
-397018
-388367
-374081
-369915
-369405
-359247
-354388
-350757
-343928
-342497
-338871
-335628
-324837
-312273
-308881
-308177
-306392
-304032
-301537
-298094
-296131
-293202
-292357
-291972
-282352
-280073
-276652
-276000
-267561
-265908
-263426
-258214
-251324
-247750
-246033
-245574
-245158
-244718
-234621
-228754
-227745
-219726
-213022
-212320
-203605
-194595
-186918
-184283
-178862
-177833
-176835
-172682
-165252
-155795
-151598
-149111
-143223
-142728
-140111
-138044
-137287
-133053
-130657
-128684
-127859
-126634
-125175
-117872
-113980
-107521
-91509
-82379
-73510
-69527
-63244
-58814
-57053
-56070
-53906
-50181
-48564
-46272
-45040
-43816
-43174
-41060
-40142
-39134
-29272
-25836
-25482
-20321
-20012
-16823
-13650
-11237
-8579
-2699
12586
16404
16696
17960
19536
25647
30404
37653
51771
52464
54282
55789
55966
57834
58264
61014
70240
70324
86915
89151
100799
104649
108172
115129
121621
132925
133311
135732
139856
146638
149019
149615
150361
150953
152898
156386
157370
158126
172712
172778
175525
175643
179402
182318
183820
188245
196543
201003
201794
202194
212104
215825
216394
222080
222796
227014
227883
230438
235021
235562
237056
239714
243314
245033
247919
250755
252195
254304
254939
255758
257494
259900
262380
264758
277972
279805
282293
286012
290113
294418
300304
303244
305711
307194
308156
308904
312001
315108
315287
316503
332294
333084
333449
334341
334654
364284
365248
366697
371633
371762
374862
375872
379519
380732
383094
386842
387817
388149
398855
408312
408818
408826
409747
414423
416839
419644
426264
427372
439211
442384
450569
454086
454165
460775
460931
472649
474158
475989
476127
481398
486062
488604
489045
497749
502588
504834
509108
522635
523349
527066
527804
532088
537261
538772
545086
545605
558620
562742
564233
565002
581052
585748
593460
610333
613521
617809
620560
625707
626336
627547
630953
631043
635440
637574
652853
658153
660942
668828
670322
673096
675284
678703
694424
704284
704628
711037
711241
711266
723418
725035
732148
733009
742792
753183
756047
756077
757557
758729
765316
768986
782923
786079
791483
796291
796698
798365
801877
805711
808907
809816
812947
816433
816972
818706
824862
825867
826096
828342
830772
837302
842346
845378
848666
850159
851681
852059
852826
857098
862383
863287
864425
866388
866551
874216
885560
886468
893030
894867
896901
910876
912510
913753
916923
917436
918199
925541
933819
946108
947758
949124
953511
954848
955734
957636
957824
961671
963095
964689
968101
972697
975497
976561
977199
981012
982693
989276
991931
994251
1002363
1003389
1007168
1024486
1028510
1028676
1042117
1042492
1049127
1051460
1056195
1058052
1058549
1060387
1064995
1066367
1069528
1075140
1077265
1081818
1082322
1087701
1087731
1089789
1091796
1097483
1115655
1119971
1121291
1123671
1138468
1149541
1153791
1161548
1167300
1168478
1168939
1169171
1170969
1171421
1173286
1180391
1193889
1194576
1195482
1206574
1208296
1208705
1216709
1220015
1220861
1230204
1231374
1238626
1250607
1252973
1255762
1255766
1259116
1259629
1268982
1269563
1277600
1283267
1284109
1284568
1287399
1287882
1294561
1296153
1297102
1300681
1310049
1314540
1318221
1318751
1323280
1324830
1333959
1335921
1338334
1349450
1349460
1351120
1352429
1360695
1363521
1364723
1365178
1368545
1371086
1377042
1380019
1380349
1381993
1394157
1410952
1412351
1416058
1420947
1423733
1424911
1434324
1435594
1435629
1443833
1460699
1462779
1463605
1466562
1468140
1472996
1474323
1478925
1481124
1484278
1487695
1488258
1489907
1495081
1496537
1505056
1508500
1509341
1512481
1514827
1516050
1530575
1536260
1542360
1543692
1550327
1551795
1551922
1553190
1564253
1568085
1568547
1568634
1573255
1574697
1581339
1583372
1583612
1587616
1588413
1590909
1599972
1601467
1619781
1629447
1635174
1636448
1638732
1642804
1645720
1646171
1647173
1648403
1648593
1674140
1676738
1676854
1677981
1681996
1684356
1685533
1690182
1696437
1705526
1706509
1711003
1714521
1716593
1720815
1725639
1735485
1739286
1741523
1749274
1751048
1754688
1758984
1760256
1760455
1761054
1762465
1762482
1764930
1768083
1783706
1797201
1801680
1805145
1806985
1808178
1820718
1828051
1840977
1843606
1848727
1849337
1853728
1854150
1871268
1871582
1872242
1883354
1890063
1893437
1901971
1908634
1914099
1914882
1921597
1924264
1927911
1930539
1931067
1935748
1939056
1940212
1940330
1953208
1955572
1959393
1960437
1966965
1969130
1969221
1970053
1974678
1975348
1980985
1983295
1988665
1993745
