-1999139
-1985460
-1984238
-1984110
-1982178
-1976506
-1976396
-1976275
-1969644
-1969622
-1969561
-1968676
-1959626
-1959049
-1953392
-1944312
-1944219
-1941360
-1941081
-1931491
-1930511
-1927805
-1925325
-1911591
-1901837
-1901749
-1901356
-1894356
-1891170
-1890716
-1888463
-1887082
-1886659
-1884395
-1880061
-1875785
-1873985
-1869768
-1860593
-1859650
-1852668
-1839976
-1828062
-1826932
-1820363
-1814852
-1812033
-1811513
-1811283
-1810861
-1810697
-1809304
-1804017
-1801417
-1800880
-1800303
-1796717
-1787385
-1785684
-1784970
-1784101
-1783939
-1781005
-1776475
-1775331
-1769011
-1760421
-1759822
-1759128
-1755781
-1754588
-1749601
-1746024
-1739291
-1738690
-1735150
-1732062
-1731009
-1729534
-1724524
-1715350
-1714211
-1709810
-1698168
-1689571
-1676997
-1673405
-1663961
-1658923
-1654496
-1653594
-1653076
-1647911
-1642494
-1638586
-1626136
-1624498
-1623940
-1619707
-1617178
-1616669
-1613597
-1612393
-1609019
-1607036
-1605808
-1604188
-1593326
-1592403
-1581439
-1581020
-1580744
-1579352
-1577810
-1576195
-1575869
-1574858
-1569561
-1563109
-1563065
-1554464
-1546771
-1540148
-1534521
-1527602
-1519732
-1513514
-1500097
-1493452
-1491516
-1490707
-1484051
-1483704
-1465710
-1465438
-1464791
-1462433
-1454847
-1453101
-1450819
-1450753
-1448554
-1445915
-1438796
-1433561
-1426659
-1417019
-1408692
-1396713
-1390261
-1388387
-1385088
-1380924
-1379571
-1374526
-1363486
-1360694
-1356966
-1345805
-1341507
-1340889
-1339396
-1339099
-1336966
-1331762
-1326501
-1322407
-1313921
-1313228
-1311368
-1310072
-1306267
-1300916
-1297097
-1295550
-1293695
-1291137
-1281703
-1271691
-1260231
-1254967
-1254159
-1248557
-1246104
-1244475
-1243710
-1241479
-1237430
-1231173
-1229214
-1227418
-1220723
-1220358
-1212365
-1211402
-1206921
-1206135
-1203326
-1199813
-1198741
-1197295
-1196923
-1196789
-1194829
-1192728
-1188373
-1185384
-1185226
-1184100
-1176671
-1173599
-1173111
-1170368
-1156008
-1154585
-1153912
-1150073
-1143416
-1133960
-1129061
-1125163
-1115303
-1114924
-1109851
-1108474
-1107917
-1104353
-1089030
-1080977
-1080575
-1078606
-1073821
-1072575
-1067112
-1066515
-1061830
-1049606
-1046772
-1039977
-1038057
-1034774
-1033616
-1032768
-1032464
-1031549
-1022808
-1021043
-1017372
-1006044
-1005913
-1003259
-1003183
-1001617
-999262
-996168
-991437
-986184
-979929
-974947
-974779
-962045
-957575
-955399
-951828
-951635
-945587
-943808
-924989
-912423
-908892
-902953
-900629
-893110
-892915
-890458
-881745
-869823
-859390
-858725
-856108
-853530
-852049
-847475
-840033
-840032
-835559
-828815
-818657
-811189
-809111
-807489
-807465
-805916
-795800
-793620
-787529
-784711
-783757
-777435
-776173
-773568
-772302
-770653
-765556
-758029
-757376
-755545
-751328
-750735
-750716
-747652
-747464
-745116
-738527
-736555
-731675
-723437
-723070
-717336
-716859
-715060
-713185
-706732
-703102
-702545
-698299
-691454
-687188
-686648
-677843
-666454
-661447
-660028
-658894
-658433
-656899
-655556
-651982
-649488
-648333
-642291
-637212
-634225
-633151
-622548
-617924
-612606
-610702
-603031
-600746
-596844
-596195
-595064
-580732
-580693
-574899
-573265
-567315
-565142
-560874
-558270
-555020
-548042
-543713
-543677
-541293
-537086
-536313
-535338
-521072
-506408
-499872
-496449
-492813
-487067
-486103
-482685
-466929
-458379
-454104
-451536
-451432
-440756
-440455
-440216
-433429
-431634
-428481
-424690
-420596
-398089
-387738
-380206
-378092
-372833
-368706
-360025
-352140
-351817
-339903
-333672
-332113
-326226
-323180
-322274
-319975
-315182
-313516
-310923
-308934
-308304
-303423
-297818
-295651
-289846
-288754
-287203
-285128
-275208
-274763
-268955
-267519
-263310
-261153
-251976
-251117
-239508
-239339
-238315
-234602
-222315
-216641
-216346
-209771
-207373
-205145
-203018
-198163
-197040
-194508
-185381
-184344
-176582
-175702
-166295
-162992
-157813
-156090
-155910
-153637
-134388
-122748
-116935
-116458
-112251
-110726
-110453
-108290
-108290
-102289
-101947
-99335
-97904
-95882
-95544
-90477
-88620
-72880
-71746
-69204
-62479
-59237
-56415
-53302
-53179
-45574
-41819
-36271
-29629
-18658
-17995
-15814
-13244
-12647
-8908
-8597
12023
14210
20032
23456
29490
30381
34865
37014
46944
47529
62899
68322
68535
80826
86626
87274
89731
90017
93963
98685
99229
107221
109044
116654
116972
122612
127037
128530
131946
132727
133361
136010
144912
145246
146089
161053
162028
164073
168106
181256
184991
189087
190747
192294
192474
194866
195497
196930
197515
198312
200853
204259
208194
209023
218522
226147
227436
228203
245589
251092
253381
254413
256800
257617
270812
274297
276792
283502
287124
288092
292786
293308
300945
301021
303655
306764
313329
313991
320099
320963
321971
323121
327140
330941
331356
333554
335109
337469
345278
345978
348389
350601
350997
356986
362790
363703
369348
372257
372970
378248
383616
387848
391482
396546
398371
399139
399728
401618
405146
407818
412952
413223
422494
427553
427642
431997
434689
434948
437511
443268
445009
445670
447716
448313
448485
452706
458947
459420
460543
467439
471737
474723
476570
480335
482549
483101
489756
494382
496785
497446
498759
499907
503070
513790
514855
516563
517144
518512
520479
521144
521271
522171
523608
524134
529534
537168
537593
540353
541277
543576
548733
549400
551774
552253
553734
555251
560159
561584
562584
571246
577563
578133
578740
579132
584128
588275
589784
594107
600518
601422
601837
606787
609318
615385
620420
634769
642720
645779
648141
648246
655808
664051
673658
675865
681995
686892
692358
704618
717834
724743
731638
733306
734870
735449
739772
740268
745895
746279
759658
763452
767383
769359
769956
775718
781896
789803
792691
795564
798701
807648
814753
828618
831215
831367
836485
839615
842302
849437
864086
864328
868417
871857
885420
886943
901877
902304
906397
907054
908525
919048
926714
929126
934415
937793
940342
944640
948368
948951
949688
951594
952538
955914
956360
958680
960215
974831
975316
982678
984802
988265
997515
999456
1000172
1001776
1005501
1014235
1016321
1023023
1026015
1031621
1034458
1037881
1041518
1051788
1051865
1062264
1078349
1079071
1080362
1080969
1082626
1083727
1084590
1087877
1088266
1089856
1091973
1100449
1100666
1109106
1109520
1109711
1116935
1119698
1120444
1120750
1125106
1125812
1127549
1131758
1132711
1136484
1138831
1151654
1166848
1174368
1179349
1184101
1184636
1184836
1187133
1197153
1202048
1204824
1213943
1217052
1222241
1222608
1222636
1223252
1225084
1227944
1228572
1231773
1235235
1247878
1249331
1250797
1251999
1252313
1256688
1260070
1264737
1265826
1274072
1276130
1280347
1285802
1288276
1303910
1304217
1313421
1317605
1318714
1322135
1327767
1348523
1351702
1352510
1355933
1358628
1359084
1360665
1364200
1364317
1370367
1374197
1375488
1375932
1379961
1384675
1386132
1386664
1390990
1392263
1399936
1408114
1410749
1413083
1413879
1431065
1439057
1444646
1448000
1449654
1461344
1461372
1461662
1470461
1472629
1476866
1476933
1478807
1481564
1485642
1486397
1487662
1490652
1491026
1491965
1500342
1510634
1519714
1522304
1526779
1527161
1530307
1532198
1533164
1536290
1537986
1540060
1544446
1553690
1554423
1554742
1558411
1560906
1571831
1575140
1577183
1583444
1586825
1592937
1593423
1595301
1605189
1605820
1619517
1621864
1621866
1624581
1643366
1643411
1654931
1659487
1670296
1683487
1693506
1698785
1699195
1701153
1702964
1708023
1708527
1710482
1715520
1716297
1720981
1728578
1728988
1730123
1730881
1735980
1740591
1743313
1748155
1749702
1763815
1765674
1768317
1781226
1782404
1785373
1786700
1793825
1800477
1802630
1804490
1805512
1809372
1814860
1817589
1819945
1819957
1827589
1831212
1847804
1849087
1849188
1853213
1857841
1864798
1869757
1876836
1878920
1881931
1883055
1883703
1885213
1888012
1892465
1897200
1900697
1900756
1901200
1908142
1910558
1912854
1916173
1918553
1918770
1920397
1922368
1924969
1941086
1947012
1947429
1950852
1954618
1960437
1963437
1968529
1970230
1976731
1977964
1980645
1982948
1985723
1987663
1991110
1995033
1996960
1999674
