-1993831
-1992846
-1991274
-1976654
-1968306
-1963077
-1962367
-1961488
-1956480
-1945272
-1942499
-1932150
-1927254
-1896287
-1891905
-1885251
-1885102
-1882153
-1879760
-1878709
-1878433
-1877824
-1876816
-1876707
-1874999
-1872682
-1869164
-1859468
-1856411
-1855958
-1854493
-1853048
-1848770
-1847284
-1839602
-1838226
-1835920
-1833577
-1821230
-1818913
-1804904
-1796673
-1796468
-1795603
-1787950
-1780342
-1778780
-1770308
-1768510
-1763017
-1762438
-1759566
-1758917
-1756572
-1755384
-1747662
-1739814
-1739371
-1738722
-1737607
-1722928
-1720571
-1717305
-1714008
-1707395
-1705459
-1693359
-1691354
-1689962
-1687744
-1685075
-1683668
-1683387
-1682820
-1674887
-1665752
-1661369
-1638164
-1637577
-1634172
-1631202
-1629042
-1627089
-1620351
-1614110
-1613303
-1613126
-1604749
-1601693
-1592227
-1585405
-1583060
-1580870
-1568468
-1554367
-1547797
-1541275
-1541262
-1540893
-1539997
-1534885
-1534146
-1522173
-1519116
-1512932
-1505667
-1504583
-1501897
-1501231
-1499106
-1498004
-1494709
-1493698
-1492240
-1491121
-1490948
-1482742
-1480465
-1476500
-1474895
-1472624
-1472067
-1459324
-1453840
-1447826
-1443748
-1435843
-1432698
-1432504
-1429524
-1421634
-1419682
-1411457
-1401043
-1397539
-1394444
-1393345
-1392385
-1391305
-1388487
-1386186
-1382278
-1373914
-1368467
-1358888
-1358018
-1354443
-1349331
-1342185
-1340317
-1339343
-1337527
-1337491
-1336707
-1336578
-1335966
-1334893
-1329516
-1320429
-1317696
-1316576
-1312592
-1311709
-1311351
-1294956
-1290875
-1290428
-1289320
-1288426
-1287960
-1287575
-1286760
-1285472
-1282479
-1280155
-1275584
-1271424
-1269299
-1263984
-1263227
-1262206
-1261485
-1249271
-1247612
-1247567
-1243487
-1237892
-1237528
-1234234
-1233479
-1231414
-1227720
-1226984
-1226493
-1221115
-1214345
-1210507
-1208752
-1203651
-1195633
-1194198
-1185749
-1184823
-1173619
-1164130
-1158607
-1140559
-1136652
-1132935
-1123567
-1121730
-1119039
-1116026
-1115962
-1112644
-1108766
-1097423
-1097394
-1097051
-1085019
-1084005
-1081662
-1079349
-1075057
-1070686
-1066090
-1065211
-1063292
-1062875
-1056263
-1041102
-1036179
-1035979
-1034305
-1031338
-1029294
-1029215
-1028998
-1026494
-1023630
-1022504
-1020703
-1014181
-1007449
-1005723
-1003069
-1002374
-987550
-986592
-979820
-967750
-964201
-949360
-940518
-939971
-937305
-935352
-934136
-933748
-932340
-929866
-923306
-920780
-914823
-898530
-888850
-887800
-884565
-884315
-879137
-875925
-875158
-872258
-872249
-861836
-860072
-855372
-854032
-852661
-852645
-847832
-843229
-839697
-834614
-818289
-815592
-813391
-806480
-799719
-798313
-789373
-788579
-774877
-763933
-748655
-745226
-737607
-733958
-726559
-721672
-711910
-711307
-711270
-710046
-710037
-704296
-703887
-697418
-681271
-676604
-674704
-674358
-651474
-648396
-645348
-627424
-619678
-613411
-608098
-605913
-600169
-596218
-590695
-588435
-577368
-574495
-565765
-562243
-561644
-556131
-554644
-551850
-545948
-536299
-535276
-534308
-532383
-529319
-525196
-514446
-512863
-510420
-507698
-501537
-501506
-501254
-491681
-489653
-488272
-484265
-480856
-478962
-478471
-473519
-465101
-461815
-460852
-458395
-449581
-447961
-442706
-441640
-438391
-434748
-434316
-433797
-426915
-423865
-421876
-420729
-419275
-411705
-403974
-397680
-384087
-366021
-362469
-357779
-346604
-346358
-345485
-344756
-324737
-313286
-312324
-297720
-297257
-295611
-295362
-287262
-285932
-282084
-280940
-280704
-277066
-270405
-264453
-257010
-255684
-254269
-252336
-245382
-243935
-243266
-241209
-238373
-230227
-227602
-227495
-226877
-219189
-218560
-217398
-216947
-210359
-203013
-197409
-192131
-190326
-182079
-181285
-180058
-175957
-174004
-162150
-157388
-152442
-149421
-144904
-141003
-139968
-132691
-128640
-126436
-126034
-114664
-102369
-101736
-92403
-86852
-82573
-81690
-81327
-80124
-73795
-66765
-64440
-62312
-61418
-58494
-50023
-47886
-47782
-47077
-45335
-40699
-40269
-31405
-20358
-20029
-17812
-15492
-14334
-14036
-11324
-10288
-9640
-7490
-6364
4145
12468
13896
14738
21702
24025
29939
34548
35627
41443
47848
53758
61872
62209
67307
74182
74600
77131
77472
79477
83285
88160
88242
90161
90567
93494
98561
100584
106907
109902
110284
110287
114668
115282
122995
124874
125863
128884
130270
130690
134131
139349
143358
144439
148493
149091
149602
156613
157000
159779
163394
172382
175021
177641
183372
183831
199337
200573
200817
201274
201418
207841
208222
223937
232186
240878
243426
244070
244860
247471
254254
254809
259988
261197
264693
267500
274363
277904
278436
282343
287186
289603
293514
296841
297914
300481
306677
308216
310668
313618
315350
317410
321265
324667
326506
329317
330412
333508
338061
354091
361958
364881
365401
366432
367938
372292
376554
377655
377969
380507
381129
383851
386853
386953
387438
389594
392063
396385
408198
408699
410340
413759
417359
423327
427870
428583
433240
434002
438799
438936
439073
443381
443407
444729
457425
463150
468309
474657
482425
484488
485787
488139
488391
488474
491419
492455
495607
498664
504642
510619
515770
517750
518009
520728
522223
524918
525970
539069
540218
549425
549944
551118
557446
562324
565861
572401
572559
583264
586953
588917
598736
608265
610232
610887
611740
612191
614100
622537
623156
625769
632218
642186
642323
646561
648191
660450
665692
668702
669108
672502
683347
687818
698239
698549
699234
702654
703044
703814
705126
716820
726132
734299
752702
758159
770643
771449
784513
784801
785607
786356
787983
790590
792240
802095
804842
805084
814907
828245
833968
843420
844125
845685
847159
858462
861124
864850
865840
881233
881790
884755
885787
887636
889788
898410
902186
911344
926056
928792
928960
931665
935346
938126
938702
939898
942514
944209
945804
948506
950332
955922
961497
970728
973706
975149
976003
977476
977908
978334
979578
980422
984627
998364
999557
1000576
1002402
1002917
1003125
1004443
1010981
1013724
1015264
1018721
1021357
1027267
1038876
1042733
1050126
1052186
1052661
1056477
1057873
1058639
1060140
1066572
1067310
1078494
1084510
1085063
1088543
1089225
1093371
1094756
1096239
1096626
1100003
1101333
1102817
1111958
1112836
1116174
1117094
1123937
1126281
1132346
1132748
1133351
1134866
1135696
1136808
1137890
1142018
1143292
1144921
1145093
1145928
1150589
1152942
1158951
1162852
1166528
1166537
1169053
1171894
1174021
1183034
1183650
1184772
1185393
1185690
1198250
1199457
1203132
1204874
1208985
1211671
1217849
1221450
1223069
1223883
1229481
1232808
1240002
1244452
1246618
1247602
1256470
1257580
1265689
1268762
1280876
1286141
1287319
1287857
1292491
1293971
1295230
1300319
1302273
1305231
1311565
1313022
1315119
1320115
1320139
1328807
1335744
1341367
1344806
1350898
1356346
1368587
1376261
1376599
1377355
1378508
1384689
1387159
1390204
1391421
1393692
1396327
1422992
1432003
1442328
1444767
1448013
1448017
1449245
1450507
1451895
1461847
1463030
1463171
1469190
1471686
1473447
1479681
1482445
1485280
1500168
1512042
1518038
1519313
1524033
1525984
1527535
1529278
1542394
1542754
1544604
1547809
1548930
1553366
1556407
1565920
1571191
1573654
1574098
1578483
1580384
1585021
1604147
1605253
1607996
1629172
1633264
1648627
1649774
1654710
1658528
1672593
1674057
1674970
1676184
1682258
1696526
1710538
1710717
1714248
1721164
1722135
1724752
1725481
1736179
1736947
1737009
1742784
1743178
1744065
1755825
1756933
1761600
1764569
1765412
1767682
1768794
1769748
1773465
1775896
1782575
1782591
1793839
1794974
1797578
1799850
1803825
1805231
1805390
1805913
1812841
1816211
1823773
1824920
1825308
1825713
1828820
1834213
1842818
1852293
1858759
1858908
1859791
1865561
1868510
1869214
1871811
1873567
1875947
1876698
1878802
1878922
1882142
1885173
1885263
1888340
1889739
1891810
1896249
1897749
1899613
1901771
1907591
1909213
1910316
1913605
1913919
1914541
1919487
1920471
1924068
1928082
1930195
1934634
1937474
1942114
1945905
1949198
1952255
1953833
1954385
1956119
1958681
1969735
1972475
1977378
1979843
1992389
1995806
1996359
1999602
1999944
