-1998762
-1993490
-1992536
-1989165
-1987066
-1985178
-1984732
-1973682
-1972503
-1970766
-1965796
-1962065
-1959906
-1957582
-1953335
-1947585
-1943045
-1937530
-1929203
-1927913
-1924407
-1924313
-1920608
-1918723
-1916000
-1915774
-1915111
-1912263
-1906727
-1898671
-1896144
-1887575
-1886490
-1882493
-1882166
-1881070
-1880940
-1874280
-1865030
-1863017
-1862621
-1861113
-1851560
-1850864
-1847636
-1845987
-1832113
-1827352
-1826232
-1824247
-1823384
-1821893
-1818159
-1818151
-1816307
-1814373
-1812745
-1811579
-1804462
-1800597
-1800279
-1799514
-1795567
-1787692
-1785110
-1777304
-1776002
-1775989
-1764823
-1764416
-1756617
-1750655
-1748498
-1748246
-1742408
-1741390
-1739532
-1730684
-1725449
-1725379
-1720054
-1704645
-1702159
-1701918
-1700223
-1699334
-1696257
-1695859
-1688631
-1687779
-1677516
-1669656
-1663091
-1660026
-1654924
-1652101
-1650128
-1648784
-1641520
-1638378
-1635670
-1629867
-1626211
-1624196
-1620804
-1617970
-1613582
-1613436
-1611947
-1592322
-1587384
-1586921
-1581564
-1575260
-1570794
-1570729
-1569685
-1569480
-1566967
-1565757
-1564623
-1544631
-1539858
-1534766
-1533026
-1532004
-1531353
-1530846
-1517068
-1513028
-1506600
-1493302
-1485624
-1482382
-1479328
-1475159
-1470574
-1460131
-1452514
-1451786
-1448212
-1444033
-1440348
-1435001
-1430877
-1427460
-1426761
-1425699
-1425621
-1424547
-1420972
-1419821
-1418863
-1416597
-1414905
-1414764
-1408952
-1408797
-1408785
-1407949
-1407563
-1405582
-1402262
-1399850
-1397964
-1396450
-1392680
-1390865
-1390805
-1385905
-1384493
-1379625
-1375494
-1372042
-1368224
-1367756
-1366231
-1366156
-1359777
-1357627
-1354096
-1343488
-1340691
-1340669
-1335651
-1333975
-1332608
-1322588
-1310156
-1308817
-1304646
-1299290
-1294568
-1291501
-1288653
-1274795
-1274369
-1272365
-1271003
-1270864
-1270816
-1263147
-1262852
-1262131
-1258011
-1255674
-1249023
-1245106
-1232122
-1228515
-1224334
-1213694
-1208201
-1207341
-1205992
-1204028
-1188421
-1186484
-1181615
-1180359
-1165165
-1164706
-1156333
-1148208
-1145534
-1139597
-1138824
-1138520
-1129956
-1127716
-1121078
-1106549
-1104754
-1099133
-1094882
-1093119
-1083860
-1082402
-1075528
-1072536
-1066547
-1057892
-1057316
-1055976
-1053137
-1044291
-1037342
-1027517
-1024506
-1023448
-1022356
-1020639
-1020165
-1007814
-997817
-997651
-996941
-995028
-991775
-988583
-983400
-976995
-962841
-960169
-959876
-959490
-957672
-957284
-950924
-949349
-947420
-947016
-944950
-941468
-938846
-935512
-934777
-933398
-932071
-929627
-924925
-920132
-908823
-907965
-906954
-900813
-900218
-891750
-891180
-881377
-879975
-876014
-867358
-856333
-851269
-851242
-851180
-850745
-850340
-845218
-828775
-828455
-816159
-815246
-802795
-797082
-781787
-780287
-776306
-772634
-771287
-757579
-755736
-753987
-753168
-746550
-741871
-740915
-740395
-739516
-731464
-729511
-723395
-716647
-709568
-708919
-703792
-702872
-702160
-700506
-699008
-692238
-678762
-672137
-652840
-650122
-647952
-644452
-644231
-644039
-643192
-640553
-640225
-631340
-626655
-626216
-622922
-620415
-615307
-614497
-609621
-603192
-602509
-591045
-585659
-579832
-578463
-571449
-563526
-553596
-534115
-532295
-531715
-511370
-507536
-505826
-505547
-499628
-498674
-495380
-493081
-492228
-488053
-472318
-468765
-465043
-464765
-462988
-459877
-459648
-456385
-456191
-455346
-453285
-452517
-445305
-439970
-432403
-430569
-420825
-420569
-419747
-419479
-415844
-414126
-412441
-410131
-405825
-404367
-404200
-392933
-388781
-387937
-381848
-377651
-371503
-368632
-367761
-366179
-357864
-354856
-350309
-349185
-346087
-345891
-343968
-337515
-337453
-336939
-330776
-323640
-323118
-322401
-315531
-311440
-311380
-311267
-310938
-308336
-305728
-304878
-300796
-300562
-295113
-294056
-290496
-282581
-279444
-278213
-276277
-274678
-272766
-269823
-261164
-253987
-253489
-249519
-249114
-248018
-243262
-228538
-225370
-224400
-221801
-211172
-208601
-203787
-197278
-193140
-189723
-185146
-183991
-180710
-176554
-172923
-159235
-157292
-154531
-150151
-145381
-144471
-126195
-114936
-114509
-110616
-102399
-101835
-101725
-100958
-91236
-89917
-84352
-83197
-70558
-69596
-67848
-66595
-64712
-60134
-53819
-45267
-43408
-38670
-37558
-34505
-32791
-30518
-29739
-27309
-26048
-23676
-19839
-19119
-15568
-15463
-14220
-10459
-6860
-357
1231
7238
10181
18476
24100
33856
38104
38436
39438
49395
49564
52965
53450
54081
58070
62786
63712
72899
87144
90458
100631
108835
125441
129595
144481
146588
147778
150590
152947
153641
154253
156171
163972
166583
170148
174573
174817
176718
179018
180042
181146
181360
183364
189863
191238
191288
196544
196983
202459
206007
206950
221896
224269
236516
242107
253626
258893
269385
275974
278301
280238
296159
297259
301596
305152
307576
309078
310994
326157
326998
342033
345671
347637
359373
366974
367996
371649
373168
373956
374352
375806
378902
383147
387871
393750
394570
395606
403079
406910
407598
410733
410830
411006
412025
412934
418891
419243
421679
426933
430564
431473
432208
437121
441704
446357
451322
452969
457476
459397
463393
468044
469056
472109
481135
493056
498753
501062
503190
509831
510253
519280
519385
523165
526466
538562
541026
557073
567394
570287
576800
583003
583052
583906
587392
587481
593821
599162
600766
601195
610276
610941
613518
618692
627289
627594
628421
628430
628785
636715
638952
640790
644455
644913
648497
648981
663373
678748
680109
687303
700602
700757
701224
701706
703830
706288
706422
716509
717943
720338
721014
723122
724854
726537
727473
732518
733842
737134
741929
742560
743098
745458
745946
746445
751512
755593
757727
758542
758829
759198
761544
772324
775186
777938
784782
789109
794481
810817
814252
820187
824154
828717
832820
848748
851638
853876
862417
864904
871560
874430
883509
890254
897148
901056
903787
907947
909722
912520
913101
913177
915872
924391
935409
943078
943114
945897
947724
956981
958360
962693
966515
967582
970294
971363
973769
974719
975946
976255
978072
983100
984916
991890
992533
994088
997928
998171
998396
1002309
1009040
1011214
1012740
1018956
1019077
1021195
1021362
1029894
1032313
1034793
1035657
1037515
1037567
1047204
1052500
1062350
1078234
1078648
1082430
1084471
1086083
1092214
1094250
1097274
1102880
1104123
1112213
1113917
1114319
1118477
1122763
1123260
1124146
1133903
1141183
1147127
1150602
1151584
1151705
1157114
1164047
1165362
1170569
1174116
1175480
1177746
1178393
1185059
1185446
1188624
1195013
1204197
1206963
1208926
1212873
1215554
1216821
1221784
1233034
1239365
1246128
1248381
1252711
1255414
1255613
1256731
1261169
1263427
1270006
1281537
1287824
1288293
1299231
1303104
1306904
1312530
1312925
1325313
1325662
1329291
1345791
1352637
1359938
1361441
1364383
1366898
1369499
1376017
1380000
1380730
1382068
1384805
1389741
1391272
1399111
1410218
1410749
1415865
1418883
1420719
1421224
1422784
1425440
1425721
1430600
1435307
1436992
1455042
1458696
1460479
1465609
1466006
1466448
1480601
1481328
1488884
1491263
1494973
1495937
1495965
1496614
1497259
1515050
1516091
1517617
1518720
1521033
1525612
1528951
1529226
1534408
1535867
1537079
1539344
1542630
1548647
1558048
1559463
1559737
1561698
1567513
1569870
1575193
1582266
1582781
1595606
1598063
1607302
1609419
1610490
1612583
1612968
1622855
1624959
1625127
1628772
1630730
1631336
1632204
1633589
1636879
1640711
1641974
1648396
1650062
1653657
1656324
1656887
1659545
1660537
1664436
1667098
1668254
1669661
1671977
1683353
1686586
1691931
1698094
1702509
1705684
1710889
1714011
1719326
1719462
1726924
1737826
1739211
1739730
1745352
1755745
1757120
1764102
1768306
1773193
1781781
1789858
1790370
1791519
1796752
1797098
1798118
1799107
1802881
1804714
1808346
1811963
1822591
1823408
1830327
1830559
1839677
1844583
1856007
1871134
1878906
1881926
1883808
1885569
1887192
1887859
1903599
1917469
1922718
1926182
1927844
1930074
1931017
1932007
1945133
1945815
1953408
1971872
1977239
1983712
1985442
1986372
1986569
1988409
1988779
1995979
1997631
1997695
1999414
