-1993909
-1990051
-1984167
-1974320
-1971500
-1968625
-1968140
-1963402
-1962175
-1958927
-1951776
-1946175
-1944801
-1944623
-1944010
-1941840
-1930193
-1920380
-1918384
-1917120
-1917112
-1913569
-1913086
-1911527
-1910744
-1909687
-1908367
-1906271
-1901393
-1894282
-1885772
-1875047
-1872292
-1866789
-1865089
-1863278
-1860842
-1859897
-1858800
-1858184
-1857432
-1857190
-1856044
-1852272
-1847252
-1845938
-1841888
-1841128
-1840256
-1838402
-1836397
-1835607
-1827454
-1825204
-1821713
-1820515
-1818572
-1804855
-1803664
-1797731
-1792951
-1791038
-1787966
-1780718
-1780347
-1778608
-1773593
-1770524
-1764342
-1754617
-1746790
-1740248
-1739509
-1732270
-1723556
-1723482
-1720443
-1716649
-1715742
-1713574
-1713040
-1709195
-1708580
-1705022
-1698542
-1689555
-1683802
-1681222
-1676993
-1676432
-1673873
-1670293
-1663412
-1659707
-1657881
-1655084
-1638684
-1633830
-1633651
-1631258
-1629928
-1629546
-1627967
-1621025
-1612529
-1607478
-1607027
-1600583
-1594925
-1594642
-1594091
-1592306
-1588644
-1585352
-1584023
-1582539
-1582123
-1579317
-1578694
-1576159
-1570813
-1566204
-1564975
-1561160
-1558288
-1556518
-1554144
-1550399
-1548143
-1543857
-1543318
-1539061
-1522786
-1521088
-1520181
-1519711
-1514172
-1513144
-1511115
-1498761
-1493324
-1490116
-1487114
-1481347
-1479722
-1477127
-1467367
-1464206
-1463256
-1462510
-1460762
-1453458
-1448033
-1446513
-1445163
-1436223
-1421061
-1420600
-1418362
-1414905
-1412649
-1409014
-1408005
-1407897
-1403300
-1401816
-1399099
-1395876
-1388795
-1387608
-1384799
-1375456
-1375397
-1372450
-1365626
-1364148
-1363154
-1361457
-1357512
-1357401
-1353704
-1351870
-1346985
-1346486
-1342738
-1342221
-1341060
-1333784
-1332818
-1330724
-1329613
-1327055
-1325539
-1321209
-1320867
-1319538
-1313222
-1310431
-1307810
-1306344
-1301926
-1300440
-1280072
-1278209
-1278120
-1274311
-1272752
-1264832
-1264377
-1255301
-1254987
-1254126
-1252032
-1250906
-1246288
-1229150
-1227053
-1221384
-1215713
-1214367
-1211543
-1207593
-1193710
-1191653
-1183644
-1173423
-1173191
-1167516
-1167380
-1166053
-1143650
-1137532
-1133338
-1130801
-1129618
-1122799
-1119791
-1114221
-1113863
-1110402
-1106440
-1102452
-1100158
-1099180
-1098661
-1091137
-1082584
-1081744
-1076344
-1068978
-1068154
-1061104
-1054216
-1053038
-1039914
-1035734
-1033889
-1032941
-1029664
-1028501
-1025062
-1020634
-1002254
-1001723
-999896
-992160
-986844
-978158
-977648
-976834
-976468
-976270
-966517
-965486
-962991
-957300
-953586
-952950
-949573
-945571
-945257
-943807
-936206
-931485
-922397
-919455
-915887
-913464
-911473
-907496
-906200
-899282
-899104
-896949
-884787
-881141
-877954
-874868
-869868
-866809
-866198
-865357
-858175
-857799
-856736
-855126
-854739
-854720
-850743
-844926
-835094
-833473
-831465
-828278
-828010
-821247
-820710
-818918
-815286
-814225
-808489
-793273
-786991
-782873
-782838
-770410
-763291
-761810
-757515
-743676
-734049
-725628
-722216
-719791
-719055
-715143
-714022
-710036
-709430
-706965
-704622
-701853
-697052
-693413
-691083
-685274
-684856
-678716
-674492
-673614
-671070
-670877
-670609
-669710
-668721
-662916
-661808
-654626
-649039
-639961
-639499
-636148
-633575
-632272
-632005
-629050
-621433
-617545
-613387
-611308
-610205
-609992
-605174
-596064
-592746
-587886
-587025
-584601
-584390
-580742
-577734
-577415
-576187
-572793
-571370
-570187
-567304
-565132
-554809
-550167
-546223
-538403
-528285
-526259
-524568
-501687
-494319
-493896
-493000
-489958
-486199
-484412
-481170
-477507
-467339
-450423
-443612
-441497
-432198
-430787
-430050
-428943
-423762
-422065
-421684
-414557
-413621
-412255
-411212
-400375
-395665
-395141
-392678
-386590
-381880
-379091
-378887
-376709
-376597
-372115
-371770
-363713
-359080
-357389
-355386
-349458
-346374
-346290
-339068
-338696
-336596
-332487
-321492
-319219
-318689
-304982
-302743
-301457
-300643
-292015
-277098
-273939
-273149
-264798
-262961
-260173
-255685
-238297
-237387
-228477
-228469
-227002
-226641
-220532
-217817
-213719
-203639
-195842
-195086
-190325
-188462
-186928
-183616
-176314
-165993
-162456
-151160
-148671
-141448
-127823
-124067
-122426
-117259
-116179
-114396
-109909
-106322
-105359
-100116
-98383
-91639
-90955
-90403
-86645
-86341
-81518
-67884
-64998
-61065
-58138
-55826
-54576
-48493
-47712
-23229
-23112
-21883
-5100
-3191
-1143
1753
3477
3563
4048
4159
25262
34458
35521
36950
38493
42017
49713
55820
56297
59350
59858
60889
62771
71778
72261
77509
77556
81422
87587
88089
92098
93349
93671
96786
100533
101715
111809
113182
116178
126125
127742
128792
130009
133321
134827
144041
144054
152757
157597
158743
160842
160917
163678
168679
169675
173785
177823
178660
184493
193567
200737
209617
211337
212573
216074
221361
227172
233262
236969
242425
243057
248287
250782
252872
266407
266609
273697
275719
275799
276893
277042
287273
289193
293630
295110
300899
303229
303739
305363
305601
316332
319546
320475
328970
329021
334384
342760
344690
349278
349301
349867
355619
355692
359288
362611
362628
371697
371739
373652
380765
383416
388333
391663
396602
402542
402897
406541
411701
412913
415184
420419
420441
422956
429288
432517
450830
463027
466076
466318
468676
473623
473850
475284
477187
478417
479652
481706
484673
494241
495027
505901
506610
509011
517073
520500
526051
541395
550010
553628
555783
561360
562632
576310
577728
579246
581499
583443
583695
585971
586162
593199
596506
597688
603624
603766
606841
612262
617514
623123
627118
627894
631149
633603
633841
635562
640798
640808
648299
649016
658815
660643
664971
670610
672215
682206
683014
696802
700488
707512
710001
718529
722866
724025
728173
731773
732013
738500
742062
746776
749929
756533
760278
762975
763336
775525
777499
782632
793223
801167
801431
817245
818105
823091
823384
833811
834008
838171
838401
838599
839348
842725
843365
845942
846136
856459
860461
862454
886467
888221
890860
894017
903207
904388
904443
907511
907947
907952
913302
913347
918052
918387
919924
920172
926634
933854
943020
966049
987629
991958
996535
999612
1001068
1002426
1002869
1008013
1011802
1019622
1025123
1025197
1033712
1035560
1046670
1047802
1049366
1050984
1051077
1066032
1074353
1076128
1080843
1083005
1106612
1109537
1118920
1132248
1137105
1137543
1137824
1139179
1142417
1143016
1145795
1148564
1161056
1167437
1167877
1175455
1176778
1177990
1179434
1195143
1200029
1203042
1209586
1212688
1216568
1220151
1220332
1227827
1228274
1228447
1234232
1234720
1238529
1244812
1252968
1257752
1258966
1263209
1281660
1283691
1288311
1292022
1294914
1296106
1304664
1305937
1311664
1316104
1320257
1329068
1330710
1332595
1338642
1339621
1341513
1341974
1344351
1362413
1363889
1364452
1365797
1367591
1368626
1370463
1378083
1384024
1389652
1391344
1397490
1397615
1397876
1399191
1403110
1404079
1405450
1405972
1416511
1424512
1424912
1431031
1435084
1439406
1440964
1446492
1447278
1453680
1454866
1464169
1472995
1485683
1486360
1488929
1489366
1489723
1490107
1498856
1504727
1505737
1510590
1511057
1513144
1514418
1530014
1531318
1539616
1542408
1545939
1551673
1553338
1553407
1559429
1561098
1572338
1578699
1579939
1581480
1587168
1591451
1591946
1593914
1594655
1596117
1597395
1598664
1600219
1614299
1618754
1620524
1621276
1622870
1623573
1624614
1626123
1631275
1637680
1640761
1650881
1651092
1651362
1654544
1656951
1664604
1665165
1668399
1677497
1677892
1678284
1683585
1690036
1695238
1699385
1704403
1707051
1707728
1711195
1718390
1719694
1721581
1729000
1733727
1737113
1738115
1738703
1739129
1741361
1742963
1744312
1755573
1758233
1758983
1772450
1776777
1777201
1780396
1784941
1785613
1786873
1788916
1789838
1797668
1807036
1810376
1824653
1825089
1831856
1832030
1845428
1848102
1850426
1853758
1858184
1860890
1863114
1863150
1863446
1866724
1867002
1870073
1871592
1882146
1894241
1902872
1904054
1904887
1905807
1908465
1918621
1930476
1932075
1933725
1935184
1935552
1938822
1948034
1954045
1955245
1958407
1975927
1982756
1985362
1989601
1992970
1994330
1995914
