-1997417
-1994620
-1990719
-1986203
-1981166
-1980282
-1979397
-1959646
-1958710
-1956480
-1954550
-1953057
-1951856
-1949519
-1949151
-1941904
-1936472
-1932523
-1928126
-1926473
-1921012
-1918820
-1915118
-1914109
-1913706
-1912782
-1905672
-1905633
-1904147
-1903700
-1890903
-1885171
-1876415
-1873235
-1872166
-1868948
-1865718
-1861441
-1861235
-1854771
-1854090
-1828059
-1825080
-1818768
-1815084
-1807076
-1802762
-1800843
-1797893
-1788973
-1786731
-1781748
-1778546
-1776478
-1773151
-1772283
-1771404
-1756112
-1752745
-1747424
-1746770
-1744685
-1744015
-1743597
-1742685
-1741028
-1734228
-1733027
-1729373
-1726815
-1716932
-1713412
-1712503
-1710813
-1708041
-1705038
-1704264
-1702109
-1700495
-1687759
-1685889
-1676831
-1674444
-1670068
-1663535
-1655288
-1644136
-1642979
-1642080
-1629880
-1629553
-1628225
-1628129
-1618020
-1617289
-1613975
-1613470
-1610153
-1607322
-1607015
-1602431
-1602076
-1597562
-1594663
-1589840
-1587650
-1586807
-1586692
-1585717
-1580677
-1571918
-1566116
-1560087
-1559665
-1554785
-1554764
-1554275
-1548866
-1542626
-1529083
-1526180
-1524409
-1498545
-1497393
-1493162
-1488311
-1478283
-1459390
-1451774
-1445905
-1437783
-1431509
-1430774
-1430209
-1425152
-1424635
-1424053
-1416895
-1406710
-1403000
-1401923
-1396793
-1396651
-1396352
-1394321
-1387814
-1383554
-1381828
-1378443
-1376425
-1374603
-1372871
-1365051
-1356199
-1355269
-1353014
-1344207
-1338649
-1328986
-1323623
-1321443
-1321062
-1320274
-1320115
-1319813
-1316265
-1315799
-1315061
-1314856
-1313720
-1311099
-1309192
-1308056
-1306457
-1300011
-1293530
-1293176
-1289026
-1283845
-1279694
-1270390
-1265303
-1249961
-1243297
-1232941
-1232701
-1229412
-1223827
-1214494
-1214474
-1209925
-1206831
-1206127
-1205072
-1200752
-1191510
-1179462
-1177811
-1170379
-1168187
-1165955
-1165613
-1165517
-1163706
-1160668
-1157953
-1153505
-1153330
-1150433
-1148555
-1146151
-1145124
-1142153
-1132999
-1130176
-1126805
-1122600
-1122324
-1117772
-1117341
-1115790
-1114532
-1101952
-1101149
-1100728
-1100117
-1090484
-1082551
-1081397
-1068997
-1065823
-1064871
-1064004
-1063089
-1057095
-1049096
-1046278
-1045146
-1042631
-1040234
-1028165
-1025283
-1006226
-991024
-988833
-988515
-985135
-983862
-981841
-977966
-971843
-970402
-955176
-950398
-946074
-945211
-942390
-939074
-927519
-921024
-920813
-919621
-908338
-907579
-897693
-894315
-888531
-887379
-872796
-872099
-871444
-869176
-868928
-867560
-866900
-866036
-861008
-858515
-857964
-851548
-849446
-836238
-832980
-830359
-823521
-815279
-813879
-813579
-811322
-809219
-806451
-805751
-804594
-801413
-794564
-788554
-780847
-779877
-771119
-768772
-768489
-768399
-762185
-761059
-759551
-756258
-751554
-746548
-746481
-745273
-744691
-735571
-735474
-734289
-733067
-720545
-719651
-718604
-707178
-700565
-694027
-684644
-682543
-681959
-675573
-674939
-672179
-660784
-658692
-654880
-652417
-649147
-647704
-646536
-641788
-637311
-635272
-621826
-607308
-606326
-605885
-605872
-605835
-600887
-597965
-596616
-596376
-594272
-590466
-588301
-578553
-572640
-568594
-568210
-566623
-565633
-564688
-562838
-562246
-546227
-545560
-536456
-536022
-532045
-523590
-512662
-511074
-492658
-491033
-485659
-477112
-470888
-470233
-446755
-444535
-444497
-441796
-441775
-429736
-427616
-423053
-420348
-419662
-417407
-416901
-412128
-406950
-402308
-401840
-399480
-393906
-387832
-385077
-378332
-374396
-374123
-367298
-359461
-352800
-347241
-342075
-333818
-327817
-321636
-320617
-318204
-317991
-312456
-312046
-309847
-308690
-305392
-305223
-301049
-296579
-293867
-291929
-282390
-275050
-274794
-268731
-264100
-263281
-259273
-259107
-253045
-248507
-248328
-247891
-246239
-236289
-218212
-217916
-212213
-208776
-207027
-192138
-188442
-185303
-181000
-179999
-179264
-178526
-168704
-166854
-166265
-157817
-154467
-149819
-146283
-143995
-138765
-137420
-135952
-133642
-129548
-129390
-121989
-120193
-113691
-112245
-102107
-94829
-89440
-85024
-80483
-77566
-76562
-73609
-67625
-61709
-59955
-55926
-49257
-46854
-42791
-37077
-36261
-34884
-34679
-26595
-15623
-10164
-9319
-9094
3471
7430
9894
25425
26962
33474
56700
60067
70088
70229
79559
85568
93965
95988
96032
105070
109076
110401
115404
122305
123297
123964
125812
127107
134372
156790
159239
170261
170804
172468
174588
175895
183058
183543
190661
193459
193542
201418
203428
208267
212560
219792
238178
246162
248927
250061
252177
254123
258046
258211
259063
262624
264302
267107
273508
277412
277628
284378
287237
287880
292109
293155
293476
295270
295932
296562
297681
301182
314904
316405
322871
324342
327475
330788
334244
334689
335670
339775
340985
341810
342317
350527
350843
352722
353402
355579
355979
358104
364715
369273
372418
377514
380879
388346
395059
408659
417979
425250
427101
427986
433325
434431
443455
443489
449424
456266
456663
458193
463292
467277
471236
472274
472812
473878
483998
487465
488734
491052
493049
493474
498408
499935
505433
505704
509986
511444
518658
521714
526204
526819
529948
535467
538480
543973
548148
549549
555392
557230
559686
559852
561613
561697
562931
567819
569806
570541
580895
582359
584256
585078
588606
591319
593283
597793
611574
611800
620885
622089
622867
625178
628095
628563
628760
630576
637652
648333
653896
656462
656776
660710
663099
664560
671566
675726
678441
681375
681474
682556
692911
702445
707449
710889
715486
717214
717414
719793
726890
727401
733776
735108
739585
741961
742396
752899
758826
767446
767795
779628
779928
782502
787753
788747
789382
790255
794643
794951
814482
819787
822698
824744
827670
828378
829604
831827
832658
834108
835224
835331
837624
838574
840086
845801
846873
851780
853353
858541
858990
861370
862388
866514
870646
874812
880513
882181
882433
888607
892106
896154
898344
899807
902008
919332
925841
930655
933369
933656
936509
939416
939654
942785
954694
955573
957064
962561
963850
969624
974608
974681
975802
982792
984608
985209
985521
989939
990989
994072
998226
1014707
1020643
1022426
1031928
1041894
1044552
1045716
1053067
1058756
1061574
1062972
1078231
1079725
1085741
1089076
1092018
1100756
1111808
1111949
1115848
1137101
1148151
1153634
1155572
1158967
1166197
1170581
1170927
1171010
1180457
1180538
1194967
1198159
1202314
1202545
1203627
1204757
1208312
1209589
1212678
1214791
1217866
1218334
1218625
1225612
1227894
1233483
1236816
1250571
1251536
1252546
1254142
1254935
1261956
1269182
1272556
1280376
1282461
1289175
1306986
1309454
1310075
1310785
1310949
1311983
1315376
1318006
1325446
1329745
1338011
1342484
1343667
1345817
1347627
1351218
1358770
1361699
1362004
1362776
1368930
1369668
1370372
1382416
1383157
1393330
1394094
1400949
1401550
1401784
1402813
1405961
1406271
1406403
1408271
1409275
1410700
1413368
1416067
1417414
1418910
1430921
1435771
1437221
1440618
1440729
1443145
1454333
1464503
1465934
1472597
1473913
1476741
1481289
1488205
1488420
1490554
1492274
1493513
1494465
1494495
1496441
1496792
1497055
1497385
1500525
1500969
1505850
1506640
1507643
1515053
1515735
1518719
1519231
1520189
1527142
1531319
1545868
1554066
1561164
1562771
1564602
1565495
1574556
1578248
1582638
1583016
1591752
1597898
1598265
1601379
1603425
1608121
1608207
1612506
1625195
1626568
1631150
1631938
1634184
1635969
1636292
1638534
1639367
1640734
1643986
1644721
1646028
1650904
1652336
1655927
1661135
1662834
1664364
1672397
1676175
1678688
1683011
1687606
1699049
1699313
1700005
1700586
1706595
1706932
1714233
1720991
1721936
1722296
1731395
1731972
1732113
1734991
1735913
1737699
1740186
1740643
1741681
1743140
1761423
1773521
1781267
1785535
1785595
1785917
1788465
1791362
1793924
1795437
1795861
1797664
1801736
1804741
1805898
1812100
1821813
1823560
1829689
1839778
1848910
1855015
1866370
1868024
1877730
1880851
1880916
1882448
1887334
1892619
1903968
1912093
1912969
1914884
1917055
1920953
1928828
1930633
1948062
1955154
1958285
1964115
1964357
1964790
1969451
1972908
1975440
1979173
1989160
1991981
