-1999551
-1998908
-1992757
-1985954
-1983047
-1981990
-1969392
-1968940
-1957143
-1954957
-1953002
-1952830
-1951247
-1946903
-1936654
-1933937
-1930147
-1927978
-1927899
-1924139
-1915323
-1906043
-1903342
-1891337
-1887285
-1881669
-1879900
-1876683
-1872666
-1868287
-1867407
-1864553
-1858943
-1858325
-1858010
-1856927
-1856574
-1849086
-1839337
-1838531
-1836201
-1830560
-1830124
-1827795
-1824837
-1823064
-1819209
-1818598
-1811038
-1805591
-1802390
-1787668
-1786243
-1785138
-1783979
-1781919
-1780434
-1778877
-1770015
-1768201
-1766082
-1759949
-1759312
-1756474
-1744215
-1738854
-1738799
-1729913
-1728566
-1719784
-1716441
-1712293
-1706931
-1695761
-1690549
-1690307
-1685199
-1684021
-1682177
-1680651
-1679313
-1676407
-1673273
-1671411
-1670985
-1667232
-1663245
-1654752
-1647256
-1644156
-1642242
-1640966
-1639990
-1639656
-1639633
-1638049
-1636450
-1636329
-1618494
-1618473
-1617927
-1603719
-1601635
-1594970
-1587679
-1585724
-1584886
-1584871
-1584248
-1582425
-1578901
-1575664
-1571269
-1569353
-1558420
-1554084
-1553319
-1545015
-1541502
-1534843
-1530607
-1530375
-1527091
-1526928
-1517501
-1516838
-1507950
-1506741
-1504199
-1500437
-1498477
-1496492
-1495455
-1494315
-1492915
-1483572
-1479191
-1476548
-1475576
-1471569
-1470274
-1467519
-1459966
-1454611
-1453296
-1442918
-1433640
-1427548
-1427453
-1426758
-1425181
-1415785
-1407557
-1405717
-1395292
-1389615
-1385591
-1378966
-1373831
-1368254
-1351797
-1349059
-1340438
-1339060
-1336084
-1331805
-1327004
-1323852
-1321490
-1321303
-1320565
-1319441
-1315893
-1314999
-1313351
-1312626
-1312049
-1307061
-1306322
-1303889
-1299107
-1297036
-1293258
-1276487
-1274400
-1264200
-1249710
-1249666
-1244123
-1243249
-1235097
-1231302
-1227264
-1224331
-1224283
-1218923
-1217849
-1215331
-1214877
-1203838
-1199253
-1194880
-1194309
-1192966
-1191584
-1178781
-1177326
-1176907
-1176817
-1175460
-1171115
-1167973
-1166528
-1162742
-1161931
-1157706
-1156042
-1145524
-1138446
-1136286
-1135948
-1130766
-1130036
-1127760
-1125494
-1124453
-1122404
-1118734
-1117369
-1115527
-1109636
-1108182
-1106865
-1105415
-1103432
-1102933
-1100913
-1097482
-1093093
-1082697
-1082362
-1075127
-1073492
-1072664
-1072591
-1069469
-1069327
-1067410
-1062496
-1053979
-1053654
-1049920
-1038787
-1029904
-1020693
-1017400
-1014946
-1012633
-1009224
-995843
-984304
-980361
-976591
-976471
-971236
-957660
-953878
-953172
-945466
-934200
-926545
-925040
-921396
-917378
-914345
-910596
-909428
-906115
-899714
-893433
-893396
-890425
-876659
-874232
-868076
-867958
-867464
-865817
-863343
-857819
-855518
-851879
-845274
-842880
-838882
-838061
-836376
-834437
-832075
-830106
-828989
-825617
-819912
-816395
-815970
-800416
-794026
-789460
-788617
-786960
-782378
-775591
-775340
-769623
-762334
-761347
-760657
-754626
-752396
-750646
-737083
-736867
-736089
-735822
-723599
-719726
-715052
-711062
-710032
-703543
-703078
-696450
-695116
-693557
-689707
-688470
-687604
-684285
-681585
-680601
-679164
-670549
-664116
-663853
-662402
-659855
-654507
-652752
-650022
-630266
-627948
-627460
-624548
-623003
-621526
-618308
-610789
-605064
-602511
-602496
-602189
-600579
-591337
-590615
-587733
-587658
-585784
-585027
-584123
-582091
-579219
-572531
-564197
-557609
-557241
-557018
-553823
-551388
-550694
-544113
-543692
-535895
-531417
-527833
-526063
-520054
-515778
-509789
-507148
-502163
-501388
-499537
-493671
-485656
-485625
-482563
-480791
-479837
-478894
-477744
-476373
-475314
-471654
-471469
-470562
-470092
-466885
-465293
-460201
-458701
-457125
-452910
-447325
-442400
-440317
-435232
-433225
-433173
-428471
-425415
-416198
-415504
-414937
-409397
-402312
-393674
-393291
-392291
-388625
-388533
-382633
-371144
-367795
-366497
-360348
-358410
-349648
-323183
-322793
-322449
-320371
-316205
-303236
-303110
-298579
-295381
-295299
-293034
-284030
-275125
-274102
-269953
-269307
-269016
-263183
-260451
-253556
-246736
-243449
-240412
-240061
-236021
-235420
-231710
-227890
-227400
-225079
-224222
-223385
-214743
-210431
-206656
-202763
-199831
-193750
-187602
-187405
-185841
-182557
-175837
-172943
-165643
-164659
-164271
-160508
-156982
-151887
-148145
-143527
-143061
-125950
-115470
-112403
-111479
-102198
-93236
-91053
-83405
-70686
-65316
-63682
-53886
-52287
-49168
-31390
-29846
-29802
-24174
-21783
-10254
-4830
-1804
-294
3414
10310
12211
19554
22229
25909
27174
28134
28553
36356
38327
44296
51300
57888
65588
65969
66607
73092
75658
76767
77086
82849
102203
114119
128111
128926
131650
136990
151517
151547
157957
163141
163412
170891
175378
176729
185475
185816
185930
186699
190617
190687
191606
192848
199732
201783
207164
217721
220017
227385
230565
231286
231384
233578
233961
236453
249277
249507
253493
255083
257034
261506
262596
275035
278014
278443
281588
283471
288711
295080
298970
300587
306096
311856
311869
312008
315395
315959
316905
317512
319635
320982
322161
324504
327685
328693
329688
330146
345192
348237
353265
356019
356225
356829
362004
364218
370068
376285
378857
379081
388679
391310
395692
406560
406641
419923
423118
439591
441306
443431
447817
455667
465823
474964
481507
481866
485160
486048
490480
503697
508644
510476
517036
517215
518542
519442
522854
525756
530409
530508
533506
533649
542861
542921
547218
551032
562945
566595
567431
567701
569826
570726
579371
579680
579688
582569
583241
587629
589233
589289
589416
590048
590311
597056
602083
606587
607125
613192
614714
616875
618829
619100
619614
622496
623206
625728
627143
629640
639458
648821
651298
651618
652535
654221
661733
668032
668056
670201
676193
681137
702098
702225
705864
706411
706668
709027
709554
714191
723349
725269
727019
728008
731084
731697
736149
742581
746154
753059
753821
754722
775072
780024
782820
782943
801325
806988
807964
808965
815128
822992
829435
839322
843446
848545
853046
857605
869759
871690
872167
883356
890901
891233
893375
895756
897518
916482
920524
922245
922639
924444
926102
929157
930264
940908
941191
948048
963092
968518
971791
972087
974098
991422
993660
999368
1001344
1001803
1004513
1014484
1018053
1025473
1025726
1034129
1041732
1045683
1050889
1052739
1056603
1059048
1063356
1070325
1072061
1078842
1083337
1085549
1085845
1086102
1090115
1092474
1106590
1106797
1115262
1119031
1125712
1129485
1129585
1130010
1130421
1130933
1131216
1132988
1134042
1136619
1141427
1143092
1150041
1155461
1161731
1173317
1178409
1199655
1204860
1208467
1210225
1211018
1213813
1220686
1228034
1235748
1242319
1245916
1247385
1247896
1250129
1257339
1261149
1267799
1279462
1281820
1283230
1284447
1298328
1299226
1307151
1315334
1323541
1329213
1329936
1331381
1334779
1335827
1339137
1342144
1351737
1353943
1354294
1355125
1361183
1362322
1374661
1378759
1382870
1389898
1390600
1396845
1405928
1407121
1412397
1415389
1419682
1419821
1422370
1422794
1427464
1434365
1437297
1445665
1447572
1451446
1451625
1451995
1461088
1461612
1468746
1473424
1477215
1480765
1485699
1487533
1491899
1500383
1502926
1503249
1505334
1509927
1510021
1515548
1520983
1523090
1530943
1535337
1535886
1541240
1546446
1548915
1553557
1563591
1565286
1569797
1571130
1573739
1585131
1590160
1591315
1600926
1601954
1613957
1614359
1614654
1617876
1618338
1619855
1625416
1626572
1636795
1636807
1640578
1643171
1651497
1656506
1659403
1666243
1677092
1677519
1679100
1681719
1682133
1683877
1685759
1694244
1695127
1695196
1706156
1712077
1723343
1723402
1723467
1724159
1725183
1726681
1734971
1739442
1743018
1751189
1757089
1757680
1775707
1780224
1780913
1782021
1794871
1797402
1802924
1814092
1815846
1816215
1819676
1820506
1823452
1825917
1826550
1828525
1837718
1843641
1850155
1856142
1856867
1861335
1861972
1864247
1869483
1870167
1878422
1880901
1881381
1895364
1898313
1902535
1902712
1907246
1908954
1920303
1920463
1922445
1924591
1925788
1932789
1934132
1934364
1935163
1943753
1951743
1955629
1956339
1956800
1959377
1965318
1967126
1969947
1970877
1976572
1978236
1980039
1982055
1983729
1990118
1994394
1997393
