-1990704
-1990480
-1990400
-1990187
-1984488
-1983759
-1983620
-1978038
-1976130
-1968677
-1966504
-1965168
-1964765
-1957540
-1953566
-1952458
-1951197
-1951051
-1949629
-1940772
-1939179
-1931463
-1927770
-1925977
-1919855
-1918522
-1915581
-1908722
-1899967
-1894419
-1891880
-1890974
-1890781
-1884043
-1879885
-1875249
-1874778
-1865690
-1863432
-1858646
-1853441
-1848067
-1823302
-1818328
-1813401
-1812763
-1809833
-1808716
-1806058
-1804639
-1802034
-1801717
-1800180
-1792542
-1785567
-1785409
-1785128
-1777308
-1776471
-1773985
-1773605
-1766432
-1761548
-1759575
-1757611
-1753212
-1748753
-1739777
-1738016
-1731627
-1728856
-1727754
-1726746
-1714747
-1714676
-1711933
-1710169
-1708777
-1701203
-1698852
-1697383
-1695912
-1684562
-1684490
-1682454
-1677363
-1676781
-1675322
-1675145
-1672212
-1665720
-1656657
-1647617
-1645735
-1641546
-1639430
-1634541
-1634217
-1626056
-1625653
-1617817
-1615868
-1611393
-1609168
-1609026
-1602874
-1602160
-1601809
-1596388
-1582951
-1582154
-1581547
-1581479
-1579857
-1578654
-1578609
-1577785
-1574000
-1570245
-1569725
-1569665
-1563308
-1544773
-1544011
-1542245
-1542012
-1540597
-1539768
-1533698
-1526939
-1523502
-1519099
-1518334
-1517008
-1513893
-1507419
-1499605
-1499432
-1498429
-1494887
-1482399
-1480533
-1477814
-1476561
-1469821
-1464693
-1459274
-1456136
-1451912
-1449685
-1449574
-1448481
-1445368
-1436351
-1432665
-1429384
-1428463
-1422433
-1416819
-1416604
-1413380
-1408581
-1403968
-1402424
-1400873
-1400509
-1395954
-1393070
-1361019
-1360714
-1357605
-1357111
-1354348
-1351245
-1350446
-1349174
-1347522
-1344518
-1341414
-1337536
-1337000
-1323003
-1320952
-1315368
-1312297
-1311679
-1310051
-1307156
-1303941
-1303737
-1288663
-1286116
-1279883
-1278155
-1278017
-1275472
-1273144
-1272205
-1269307
-1268099
-1266813
-1262832
-1255871
-1247077
-1245007
-1242518
-1242326
-1236627
-1235553
-1235151
-1225643
-1222904
-1222134
-1221861
-1216700
-1210972
-1206690
-1201883
-1201751
-1201414
-1193751
-1193394
-1190097
-1189711
-1189478
-1189290
-1187982
-1177439
-1170628
-1166498
-1162855
-1145483
-1143964
-1134540
-1130455
-1129377
-1128156
-1126391
-1125314
-1122811
-1120862
-1112300
-1110222
-1082192
-1077092
-1076304
-1073149
-1071734
-1067622
-1063240
-1060837
-1059603
-1054885
-1051752
-1044904
-1044657
-1044538
-1042971
-1039366
-1029321
-1025222
-1016660
-1010693
-1008111
-1007887
-1001456
-985221
-981780
-979049
-975672
-974200
-973440
-967723
-956873
-955094
-952413
-944368
-941099
-926904
-925246
-917505
-902901
-900413
-891721
-890883
-888915
-887264
-886893
-884106
-880887
-880488
-880300
-878597
-875098
-873057
-872875
-871477
-860686
-849653
-832262
-828068
-826803
-813518
-801068
-800346
-794890
-792527
-791019
-789950
-780622
-779044
-778557
-774520
-771469
-762425
-761019
-758022
-756518
-754658
-749732
-749094
-746333
-743958
-742221
-735832
-725468
-723888
-719227
-711918
-706663
-702967
-699629
-694700
-677988
-677773
-672722
-671800
-670233
-659788
-659775
-658967
-655553
-654675
-652087
-642714
-641228
-640049
-625703
-625145
-616304
-613290
-609065
-604977
-600362
-593535
-591295
-587988
-587332
-585834
-585000
-583287
-583101
-582710
-582542
-578441
-576562
-571178
-569898
-567401
-566126
-551510
-542287
-532909
-526266
-511991
-498545
-489895
-472136
-471718
-466182
-464900
-460567
-453545
-445712
-443677
-441267
-440809
-437089
-435556
-434753
-432120
-419221
-418645
-417728
-415849
-415739
-415646
-409878
-409514
-404993
-393831
-388999
-378198
-375888
-369386
-365855
-364273
-350044
-345568
-344703
-337448
-329655
-329517
-326598
-324563
-319104
-318566
-310969
-303514
-301326
-299803
-297290
-295017
-293136
-292266
-285311
-282300
-280191
-274147
-268186
-267549
-265989
-265731
-264288
-262655
-256945
-250223
-247503
-245890
-244124
-240989
-235182
-233882
-231964
-215101
-208938
-206439
-202117
-201106
-199699
-198342
-192176
-192008
-190592
-184768
-183415
-181637
-180896
-179903
-177112
-175765
-175503
-175434
-172909
-172504
-171479
-156460
-154072
-153325
-152695
-152396
-148646
-145721
-145363
-144559
-144393
-130553
-130400
-130129
-129481
-116894
-104144
-93905
-93583
-91438
-90236
-85843
-85248
-84012
-81833
-74863
-74088
-70134
-66602
-61341
-60167
-55857
-52809
-51169
-50668
-47044
-43538
-32993
-27553
-13358
-12294
-2185
-1374
12626
16248
19350
25573
29731
30282
30769
33047
40923
43979
44503
48137
50059
50821
53785
54569
59666
66710
90835
91784
96057
105788
105986
109022
112190
117030
117461
118160
122011
123136
125636
133024
133725
142420
143552
150754
154275
154527
157451
158099
169624
173247
189768
191231
195539
197940
199454
208344
212772
214017
220123
221169
235117
237196
245718
247254
250427
251436
252285
252982
256299
257269
258315
260305
264922
270979
271634
272326
275090
277507
277568
283067
283131
283435
286240
286638
288883
301385
302629
308399
316898
318146
318169
330108
330585
350068
353607
356270
356289
359451
364706
366944
375265
375509
377767
386185
389288
391458
391884
392038
397496
401573
403131
403648
405692
406266
410613
413625
421649
423623
431700
437197
442822
443374
445302
445710
465577
469912
474454
476238
479571
484677
493577
493855
496297
498956
502417
506681
514084
517206
523818
524065
526316
544278
544791
545929
548133
548277
555387
557559
563130
565545
565801
569256
576778
578596
594644
594885
603081
603432
609348
609381
609728
625271
626918
637312
645670
652768
653071
655584
657185
666111
666580
669314
673850
674264
682512
684959
688682
690596
693497
702865
704287
716627
721397
723208
724716
726534
732949
735524
742926
745084
746464
748665
752542
753562
754057
756006
773238
773502
776278
776521
778897
779770
781520
782447
782674
784729
795338
796371
797816
803881
804116
804176
806502
823356
823858
825236
827908
834059
835356
838737
839462
843912
853326
857422
860798
861021
863918
865543
867371
867795
872581
875759
885198
897349
905487
909352
915209
920315
920535
920823
921234
925570
931659
946479
947371
952189
954197
955290
957715
959521
965673
967746
974832
975345
982052
993630
995726
996012
996565
998866
1004287
1010176
1014726
1015175
1018009
1021196
1021974
1023305
1029910
1054190
1055815
1061221
1077686
1085077
1087291
1103158
1104410
1109767
1110211
1122454
1127717
1130429
1130896
1138802
1141880
1156109
1157126
1157629
1168956
1175538
1177306
1188114
1188203
1189189
1191835
1192842
1194686
1201663
1204311
1207511
1208373
1216079
1216453
1219209
1225819
1229101
1232354
1232648
1234341
1249453
1251338
1255935
1257279
1257484
1261183
1275824
1279343
1282111
1284413
1289671
1290509
1298162
1300172
1306428
1309280
1309958
1310356
1317209
1319650
1320744
1322855
1323577
1327194
1327624
1328656
1330459
1337519
1338622
1347359
1347989
1353063
1355514
1357416
1358224
1361660
1380762
1380924
1384334
1385936
1388332
1390905
1391664
1396266
1400519
1405335
1409978
1411539
1417495
1417805
1421565
1421699
1424345
1428521
1437173
1450188
1451136
1452615
1453203
1457863
1460750
1462126
1466249
1468334
1468994
1470804
1472131
1483675
1485301
1491024
1492752
1494342
1502723
1504080
1510308
1510950
1511477
1515298
1516654
1518836
1522991
1530855
1535530
1559159
1563758
1566811
1567437
1567920
1568398
1570633
1572152
1578099
1586860
1586915
1592820
1593925
1600557
1608739
1618004
1619081
1626677
1627020
1630033
1631716
1641032
1641982
1642619
1642761
1647573
1649532
1650602
1654697
1655853
1660786
1661118
1663381
1675948
1678837
1679784
1685999
1686899
1687428
1689161
1714201
1716742
1717462
1720038
1721638
1727442
1732482
1741349
1757657
1764369
1767580
1771186
1775438
1778115
1781057
1794772
1801094
1803021
1814040
1815119
1819410
1825195
1831070
1832534
1835562
1837548
1848633
1848983
1857911
1860344
1864764
1871838
1881333
1883202
1884339
1892022
1893587
1899508
1899878
1901651
1903344
1904960
1905079
1907167
1912001
1913703
1922231
1924216
1928591
1930035
1930777
1936104
1940328
1948773
1950206
1951635
1963785
1965395
1965513
1971699
1973198
1976493
1978653
1985796
1996316
1997803
1998524
1999404
