-1999217
-1997395
-1984906
-1983943
-1969446
-1963390
-1955175
-1954761
-1953439
-1950436
-1947751
-1932220
-1929866
-1926642
-1917005
-1913808
-1912224
-1899435
-1896019
-1892738
-1884009
-1882292
-1880730
-1880074
-1878513
-1870196
-1869515
-1867030
-1866527
-1865107
-1860258
-1859099
-1853566
-1847106
-1844565
-1842438
-1833962
-1816368
-1815469
-1814155
-1803557
-1802608
-1794157
-1789763
-1782189
-1777963
-1776714
-1770176
-1763565
-1761445
-1753735
-1752041
-1751400
-1748051
-1744568
-1741269
-1733578
-1729053
-1728335
-1722779
-1719877
-1717384
-1715392
-1713527
-1712162
-1710157
-1708762
-1707487
-1702637
-1698210
-1696231
-1692762
-1689084
-1688312
-1687268
-1686172
-1683997
-1680408
-1674831
-1673752
-1670945
-1669997
-1669428
-1661327
-1657398
-1653496
-1650715
-1649506
-1643571
-1643176
-1630597
-1626280
-1624923
-1623967
-1619780
-1612043
-1610577
-1601629
-1598985
-1597552
-1587361
-1587059
-1585059
-1581552
-1580792
-1580722
-1577865
-1576955
-1576833
-1571029
-1571013
-1569863
-1569025
-1568038
-1565867
-1552769
-1549156
-1539305
-1535476
-1532506
-1527358
-1525532
-1524619
-1516479
-1513505
-1511846
-1511632
-1503126
-1500693
-1495133
-1491006
-1490538
-1484626
-1482511
-1481657
-1473569
-1472474
-1465293
-1464210
-1458292
-1454743
-1445227
-1444828
-1442457
-1436123
-1431344
-1431153
-1429791
-1424191
-1421379
-1419359
-1415483
-1415115
-1403013
-1401023
-1400361
-1397934
-1396854
-1393370
-1392781
-1392313
-1389693
-1388647
-1387770
-1376905
-1376620
-1376130
-1375157
-1373502
-1366436
-1359809
-1351320
-1350476
-1341656
-1341468
-1339485
-1337606
-1334718
-1329208
-1326781
-1321229
-1298211
-1297828
-1296279
-1296076
-1292632
-1284058
-1283464
-1283215
-1280736
-1279718
-1279360
-1278443
-1276821
-1274928
-1259615
-1251216
-1248711
-1245715
-1245686
-1243027
-1241053
-1235936
-1228997
-1226210
-1222368
-1208395
-1205676
-1203343
-1201862
-1201223
-1199783
-1199451
-1190881
-1190313
-1177084
-1175725
-1168263
-1163074
-1158086
-1152363
-1150666
-1148899
-1144369
-1143383
-1131764
-1130892
-1129025
-1103305
-1102047
-1096159
-1071358
-1071356
-1055514
-1054394
-1050959
-1048246
-1046165
-1045718
-1037572
-1036240
-1032483
-1031089
-1029042
-1028948
-1026591
-1023952
-1014622
-1013486
-1010933
-997996
-995357
-994263
-990140
-987558
-981529
-978547
-974597
-963479
-960133
-958984
-955612
-954667
-952116
-950632
-946829
-942437
-942310
-931383
-923646
-922780
-920207
-916865
-912345
-911446
-907921
-907597
-904976
-904854
-903455
-903211
-892477
-879781
-879363
-877026
-875003
-875001
-872300
-865205
-859594
-854643
-849515
-846754
-844247
-841166
-827713
-826760
-821305
-821031
-814679
-814273
-806442
-804952
-794941
-792667
-791861
-791757
-791227
-783816
-783323
-782414
-778752
-776275
-774596
-774265
-771610
-770074
-768128
-760754
-758177
-752838
-751089
-739030
-736111
-731013
-726542
-723782
-716055
-712891
-710022
-709550
-708041
-703291
-703253
-700861
-684735
-681434
-677051
-666308
-663537
-662222
-661998
-656915
-654146
-653426
-650147
-646489
-643516
-634101
-623757
-614478
-613421
-612331
-610883
-609279
-604923
-600759
-598467
-596008
-595960
-590204
-588539
-587809
-584365
-584080
-583156
-578518
-577816
-576709
-572675
-568711
-567885
-564483
-551115
-547143
-539350
-533242
-530082
-527679
-522775
-518408
-502864
-496875
-484983
-477072
-465269
-463123
-463116
-456630
-456415
-453648
-451420
-449113
-409657
-407298
-399889
-399522
-398912
-397129
-394964
-393126
-389838
-386752
-385470
-384306
-380079
-367434
-365685
-362274
-361473
-359222
-356999
-356396
-356355
-352676
-350657
-346790
-329001
-320162
-319402
-318193
-314212
-310444
-288842
-285689
-275830
-272974
-270160
-269893
-267398
-266051
-265667
-263302
-254549
-250587
-240331
-232592
-231576
-230027
-229686
-227061
-219121
-210404
-210247
-208337
-202318
-190413
-184464
-183503
-179807
-176461
-176258
-168519
-161977
-150046
-145913
-144611
-133157
-128305
-123551
-118666
-116013
-114830
-112457
-112190
-110170
-103048
-87215
-85776
-77387
-75705
-66300
-62924
-61951
-50550
-25021
-23452
-19788
-16493
-15931
-15772
-11831
-6571
-5231
14046
16603
17930
23924
29768
34894
42968
44507
51545
51686
52422
52650
57636
59104
60835
65220
68752
73875
74761
76635
83171
84116
93009
98829
99963
115304
115503
119732
120538
125975
128773
131700
134710
138825
142114
151941
152928
156962
157620
160232
164016
167245
172868
174357
178993
179433
182305
182575
199414
201156
202762
207165
208678
211402
218111
218328
218577
227470
238074
239542
254901
255506
265498
279527
281202
283271
285164
290915
292245
296790
298827
304407
305004
310309
315407
317317
323549
324503
324705
324968
325297
332487
335264
335657
339886
340717
351565
360691
364817
382862
386876
389226
390020
398613
404427
404798
407549
408372
410884
411482
413577
417491
417947
420446
420462
421207
427275
428290
437806
438539
441089
441372
441649
452372
452717
453052
463786
484909
490771
491388
492974
502379
502895
503776
505868
509601
510773
512894
514173
524445
527004
546375
547306
548226
552198
552572
553455
555225
556693
573461
574126
576544
581353
598328
599584
606963
616014
622992
625018
625994
636341
642815
649037
654467
654918
655273
658043
660854
661451
662372
662537
671364
673716
677154
681586
682292
686135
686793
691287
693769
698035
699521
702325
709023
711197
712350
713561
713958
717934
719560
722709
724892
733678
739662
742550
749819
753438
760446
765657
768665
772366
778036
781017
781765
788743
791955
792765
799694
801924
807600
812408
812581
827828
828319
829143
830715
836707
841245
848120
849414
850564
851613
854983
857265
859252
869723
870060
870632
874756
883045
898454
900406
900632
902940
903742
910986
914779
921270
922156
924770
928919
931810
932495
937516
937678
940175
943788
957983
958411
960030
961955
964887
966519
983534
983838
986130
991789
992045
994329
1004296
1007665
1008878
1010362
1023602
1026754
1027636
1030439
1033297
1034898
1038761
1039922
1041728
1044835
1053504
1053751
1055535
1056021
1061886
1064345
1070129
1074905
1079359
1080851
1091521
1095684
1100210
1110852
1110976
1114842
1122074
1123982
1125047
1127168
1129979
1131310
1135726
1143773
1145831
1150017
1157887
1159507
1164199
1167536
1169936
1176720
1181864
1197126
1198482
1200311
1200327
1200332
1202365
1214650
1217197
1221383
1223306
1226772
1230936
1231194
1233439
1235931
1238048
1242290
1243023
1244761
1247316
1247319
1249401
1250008
1250455
1254120
1254134
1259242
1270586
1271307
1272312
1281353
1282306
1282888
1283596
1285647
1286159
1289655
1294186
1294996
1296485
1300862
1314239
1314283
1319036
1319998
1320690
1321771
1322818
1324740
1327533
1329811
1332975
1336278
1337012
1337821
1343196
1343830
1350135
1362702
1364084
1365291
1367653
1371055
1371572
1373209
1382955
1384741
1385901
1395174
1396512
1405689
1406389
1408097
1408362
1409789
1414686
1420765
1426779
1436668
1439949
1442284
1445503
1448250
1450268
1463482
1464830
1469261
1473903
1480624
1491515
1493320
1494690
1501677
1507414
1510160
1511853
1512518
1512801
1517751
1519282
1520963
1531286
1535795
1536546
1545053
1545572
1551051
1551594
1552194
1553150
1554537
1568580
1571317
1577459
1582052
1602190
1603626
1609449
1616438
1621901
1626104
1635542
1639366
1644177
1646105
1646788
1650417
1655470
1665026
1667576
1669410
1670200
1681632
1689446
1691780
1695461
1696017
1702494
1705899
1706735
1708047
1709602
1714091
1716260
1716404
1718816
1719041
1721781
1724257
1726277
1728123
1745891
1748310
1749448
1750818
1753625
1759718
1762671
1763109
1772100
1773715
1775809
1779281
1784187
1784817
1785855
1789141
1794547
1797244
1799501
1803777
1803935
1811869
1814627
1819840
1820323
1826807
1827018
1845512
1845793
1849179
1856341
1858172
1859281
1864956
1866011
1880148
1885669
1885966
1887188
1906208
1914620
1921167
1926359
1927270
1927655
1929065
1930817
1931634
1931673
1941065
1946514
1947836
1949432
1949461
1951749
1955987
1957552
1960690
1961012
1972538
1976111
1977981
1983700
1984373
1985043
1988203
1991246
1994799
1999971
