-1995782
-1991537
-1984808
-1979879
-1979370
-1978198
-1973359
-1972887
-1964343
-1951132
-1947573
-1945694
-1936369
-1930743
-1929573
-1927434
-1923442
-1915921
-1912098
-1901997
-1901249
-1899418
-1895495
-1893487
-1887826
-1882861
-1877331
-1869395
-1863302
-1859034
-1856681
-1855561
-1852899
-1849923
-1849011
-1848842
-1846828
-1846815
-1845362
-1838169
-1833159
-1828575
-1818842
-1814153
-1806188
-1804253
-1797346
-1792996
-1783431
-1782924
-1776641
-1775499
-1756969
-1755669
-1754035
-1752204
-1739711
-1736611
-1736557
-1729727
-1729186
-1726434
-1715270
-1713611
-1711125
-1705891
-1705057
-1699654
-1696372
-1693128
-1689499
-1688823
-1684956
-1684138
-1683071
-1673937
-1672485
-1651645
-1651211
-1650960
-1650142
-1648335
-1644983
-1636693
-1629741
-1629406
-1624874
-1617162
-1611412
-1598312
-1592353
-1590215
-1586568
-1584350
-1583544
-1574930
-1567023
-1564972
-1557851
-1546079
-1545872
-1544909
-1544754
-1543289
-1540900
-1539051
-1534213
-1531267
-1528671
-1522923
-1522616
-1519192
-1516115
-1505288
-1504749
-1498222
-1495028
-1493624
-1487478
-1486679
-1481332
-1480558
-1477031
-1475287
-1472994
-1470049
-1469467
-1469041
-1464902
-1463057
-1461196
-1455210
-1447181
-1446011
-1445401
-1443962
-1442858
-1426959
-1423272
-1423140
-1417696
-1399951
-1395655
-1388284
-1387278
-1382932
-1378166
-1370457
-1369922
-1356924
-1355368
-1348545
-1341367
-1340427
-1331695
-1330500
-1329441
-1324405
-1324366
-1322097
-1320142
-1319133
-1316177
-1314558
-1314422
-1309320
-1308784
-1300641
-1296405
-1294174
-1292476
-1289598
-1288630
-1276326
-1269362
-1269317
-1268263
-1267960
-1265452
-1265193
-1263598
-1263181
-1262747
-1262570
-1261902
-1261532
-1259708
-1258732
-1254027
-1248044
-1246534
-1246494
-1245418
-1234662
-1228749
-1227239
-1226140
-1226110
-1213309
-1206921
-1205291
-1198694
-1195124
-1182749
-1182541
-1178552
-1177209
-1173144
-1168767
-1167805
-1166875
-1160174
-1159960
-1148470
-1148359
-1127336
-1125771
-1123314
-1116012
-1113401
-1097039
-1096453
-1092848
-1089775
-1089607
-1089543
-1089280
-1087039
-1083615
-1080551
-1080054
-1077665
-1077503
-1076962
-1076717
-1069081
-1066063
-1053050
-1046161
-1042484
-1039932
-1036761
-1035247
-1029967
-1029209
-1028612
-1025702
-1021342
-1021021
-1016178
-1012058
-1009655
-997819
-996399
-994422
-989917
-986912
-985226
-984687
-984656
-979425
-979178
-977440
-975210
-974023
-964845
-959111
-951582
-951131
-947427
-944943
-939226
-919864
-919209
-910622
-908725
-908602
-906150
-905294
-905139
-897039
-895152
-887849
-885457
-885094
-881939
-874967
-869776
-869221
-869125
-867659
-866029
-856999
-852124
-851780
-849616
-844745
-839587
-834940
-829332
-827032
-814241
-813488
-801573
-800119
-797608
-796867
-790286
-789947
-788083
-785834
-781474
-775664
-774155
-768169
-765481
-764682
-762708
-757467
-755824
-754526
-753824
-730238
-727389
-721082
-711486
-709215
-701113
-680779
-671629
-665295
-664988
-659955
-659815
-646349
-646318
-644011
-641117
-638478
-637201
-629791
-627278
-623702
-618508
-618074
-615398
-610213
-606696
-603572
-596233
-595275
-593920
-590118
-586780
-583088
-582357
-571632
-570450
-569232
-568597
-567743
-566233
-563288
-554857
-554214
-553572
-547128
-541892
-540560
-533814
-532364
-531023
-527432
-515851
-515190
-512561
-507836
-494809
-490193
-484864
-472690
-465398
-458943
-458497
-445451
-444820
-439176
-437065
-435522
-423762
-409828
-399154
-394814
-391122
-387373
-382772
-379987
-369131
-363402
-359111
-346881
-344163
-342268
-338330
-329388
-325397
-323272
-321678
-321042
-313919
-311973
-311258
-307308
-301823
-301377
-294265
-284788
-283943
-277263
-271749
-270006
-269409
-268928
-264822
-257554
-248389
-246797
-245614
-240316
-233627
-233230
-230535
-224811
-221433
-216066
-211359
-205327
-198020
-188245
-182631
-179533
-176841
-176160
-174825
-174779
-162244
-154667
-152239
-143644
-138763
-136613
-124110
-119459
-113559
-104410
-103856
-99725
-98909
-85434
-75034
-72896
-72663
-67441
-65451
-49571
-45709
-39997
-39488
-36183
-34252
-31322
-30886
-28026
-26773
-26610
-25411
-20867
-15873
-15371
-14683
-11595
-5285
-3667
-2462
9422
10088
17505
18269
18555
28781
30693
31264
34161
37432
42645
45143
46213
52290
52386
52989
62781
70583
75181
76798
83811
91066
91254
92070
93270
102954
106228
109317
115290
120381
122288
146159
146786
148981
150121
155608
159323
163774
167066
170338
173741
174295
189825
190943
193007
195751
197987
198395
201285
202514
224956
227180
229709
230102
231276
231313
231827
242982
248015
248313
253307
260709
263410
264296
264365
267359
271740
273314
273395
279810
282554
292588
294577
300490
300668
304733
307843
312946
317879
318260
329325
330134
331259
339623
341585
342585
348292
353054
354468
368935
372417
380063
383143
386696
387278
391018
397986
400207
400799
405343
407831
414812
415123
422665
424617
427210
429625
432799
435974
437477
439735
442353
442725
451427
452090
452128
452575
453168
454281
456170
465499
469064
471069
474026
474883
474933
476568
484179
487450
489594
492199
492747
495381
496950
500452
505526
512281
513068
513678
517059
518935
520718
522609
522959
526011
527016
527200
530072
535988
546835
548908
555529
555902
561410
562547
568683
570978
574216
578617
581842
584542
586251
590785
591318
596572
603921
608463
609082
615090
626672
630998
632032
634216
634981
637037
637333
639530
639777
642387
642472
642577
643075
645716
649566
653387
660903
662860
665210
665692
670285
670388
683373
686797
689233
694255
697462
720680
729914
733835
734515
753542
758628
762223
774172
778474
785718
790201
790708
791330
792358
793402
793696
801211
807591
810749
815097
815961
818035
820463
824095
829786
831777
835102
843354
845930
848035
848193
852936
866477
876169
877465
879999
881991
887826
899804
910536
911528
911654
913798
916464
921671
922383
926124
928711
928920
934085
934144
946752
949643
953953
968467
968532
970911
973079
973341
976496
977184
977670
983899
986098
987818
988159
989057
989803
991227
991422
991817
995776
996867
998161
999374
1005126
1007705
1009025
1022991
1025195
1026644
1027185
1027902
1031164
1034701
1035733
1036698
1041503
1046123
1051133
1054171
1057991
1063976
1064813
1065101
1076607
1091326
1092806
1093944
1111079
1113044
1153263
1153413
1156215
1161035
1163246
1169473
1169738
1170196
1172780
1177982
1179047
1182225
1184273
1184927
1198518
1205798
1213649
1227973
1231916
1237568
1242030
1244319
1245164
1247811
1248035
1248693
1250399
1259466
1260680
1265485
1274434
1275464
1282939
1294996
1298896
1304994
1307332
1307956
1308502
1309922
1309972
1313842
1318739
1320884
1321236
1323618
1328419
1333186
1336970
1337168
1343336
1346285
1348536
1355581
1355847
1356039
1361104
1363840
1364648
1369424
1379445
1390026
1392822
1405411
1410714
1413584
1419812
1421326
1428139
1428216
1432979
1441702
1447746
1458983
1467418
1478425
1481432
1486489
1487809
1496602
1498000
1500816
1501340
1501644
1504459
1508319
1511285
1514409
1524746
1538338
1539741
1542266
1545676
1547198
1550110
1552242
1552282
1554064
1558406
1559016
1563147
1566993
1569834
1571934
1574273
1580431
1583406
1583732
1586542
1590642
1590721
1593493
1599661
1612593
1621211
1621741
1621846
1622847
1626443
1633424
1643360
1647316
1650377
1659109
1663346
1668522
1674529
1677950
1678379
1682255
1683594
1684394
1687880
1689390
1695742
1702948
1703519
1706260
1708696
1709973
1713038
1714833
1718730
1720982
1722419
1724997
1730906
1733493
1735433
1741082
1741738
1743393
1747072
1751236
1752131
1755701
1756882
1759236
1762128
1769635
1769972
1770652
1772287
1787300
1787578
1790534
1792857
1794229
1795254
1804155
1807398
1810799
1813574
1819572
1837137
1845253
1848320
1850888
1852528
1853922
1854668
1854705
1858268
1861630
1861854
1870462
1876158
1881405
1884726
1891983
1897621
1903199
1909848
1911301
1914979
1918373
1920830
1924053
1924324
1927510
1927661
1941505
1943202
1945013
1946005
1951255
1955889
1963821
1964304
1968378
1978045
1982361
1983449
1984404
1985108
1987553
1994262
1997260
1999439
