-1999315
-1995477
-1990937
-1976394
-1965872
-1964268
-1961970
-1958709
-1951156
-1949463
-1948619
-1945339
-1944084
-1935698
-1934972
-1925019
-1914194
-1907404
-1897164
-1894638
-1881051
-1879476
-1872394
-1871195
-1870660
-1869189
-1869116
-1867445
-1862034
-1858270
-1852404
-1849887
-1847780
-1847676
-1843837
-1843692
-1839208
-1831434
-1827212
-1824922
-1821314
-1816861
-1809515
-1808279
-1806557
-1801160
-1799965
-1777061
-1777024
-1770661
-1746561
-1732280
-1731725
-1730287
-1730172
-1729150
-1728235
-1725585
-1724570
-1724354
-1723531
-1719580
-1717439
-1713055
-1711300
-1711280
-1701024
-1697838
-1697317
-1686520
-1678092
-1675325
-1665949
-1665643
-1662220
-1660826
-1658570
-1654832
-1652029
-1651054
-1647383
-1645865
-1645465
-1644519
-1640382
-1636996
-1635791
-1632077
-1631136
-1630677
-1626153
-1625054
-1622163
-1622094
-1620578
-1620174
-1617234
-1605505
-1604772
-1603991
-1599364
-1599293
-1598867
-1597847
-1597631
-1595963
-1595436
-1592447
-1592170
-1591750
-1588680
-1584100
-1578908
-1577020
-1569067
-1561023
-1560605
-1553392
-1551388
-1550429
-1550371
-1549202
-1548036
-1546912
-1544037
-1539374
-1537643
-1535324
-1525351
-1524404
-1516831
-1513901
-1507679
-1507083
-1501730
-1493400
-1493028
-1490681
-1484454
-1469666
-1467894
-1466933
-1463355
-1457503
-1456994
-1454916
-1449816
-1449181
-1446410
-1446334
-1439511
-1438532
-1437843
-1435080
-1433248
-1431223
-1429887
-1426011
-1420762
-1419168
-1412006
-1404498
-1400648
-1398959
-1395185
-1394987
-1390478
-1389115
-1388139
-1385359
-1383979
-1382566
-1376393
-1369366
-1369031
-1368240
-1363792
-1360729
-1356626
-1351675
-1343170
-1335373
-1328692
-1328289
-1327406
-1326304
-1323305
-1316162
-1309338
-1306550
-1304239
-1298102
-1291818
-1284292
-1278693
-1277257
-1276194
-1268436
-1259725
-1257764
-1256860
-1251628
-1249605
-1244835
-1244407
-1242293
-1238408
-1233065
-1232123
-1230990
-1221155
-1204623
-1198911
-1197463
-1196235
-1190024
-1188458
-1184707
-1182209
-1172840
-1172430
-1168942
-1165002
-1157794
-1154577
-1150916
-1150610
-1139412
-1129214
-1124410
-1122646
-1117955
-1107984
-1106839
-1105743
-1105346
-1102645
-1094377
-1090765
-1088604
-1081586
-1076143
-1074959
-1071236
-1056128
-1052450
-1050814
-1046302
-1042885
-1039889
-1035725
-1027470
-1022480
-1021498
-1011804
-1010712
-1008559
-1007329
-999880
-996774
-994061
-988959
-986817
-980582
-979051
-976081
-970444
-964623
-959864
-948291
-947302
-946473
-932824
-928927
-928252
-924686
-924427
-923010
-922632
-916753
-914763
-910526
-909006
-901333
-900709
-898643
-897253
-893157
-887912
-885025
-877687
-876319
-871420
-868513
-866063
-852471
-848252
-845194
-838394
-835291
-818295
-817272
-813843
-811997
-809585
-809502
-806152
-804244
-803294
-801331
-795949
-792059
-792044
-790707
-782490
-778044
-775521
-773200
-767824
-758818
-758658
-757573
-755740
-744048
-736200
-735683
-732842
-732095
-729463
-723388
-720981
-720265
-708999
-708579
-707287
-707163
-706620
-700844
-695464
-693683
-685935
-683128
-678051
-670473
-669184
-668206
-665242
-657981
-648885
-647180
-640252
-640083
-629206
-625374
-620496
-620327
-613477
-608052
-600564
-600260
-597151
-595601
-588203
-588144
-584190
-582571
-581387
-580645
-562921
-555839
-549215
-542940
-541577
-535563
-531594
-528010
-520174
-519079
-512456
-509279
-506469
-503645
-498486
-498484
-494287
-481480
-478811
-477815
-477534
-473224
-469821
-469593
-460067
-459666
-458723
-453386
-453329
-452646
-445605
-442317
-434403
-432199
-431987
-431500
-419903
-414165
-401151
-397675
-390843
-381676
-381027
-377281
-377065
-376529
-375864
-373811
-371569
-366205
-365369
-359471
-355518
-346332
-342615
-341381
-341075
-339966
-336128
-334256
-332910
-332820
-322742
-322433
-318915
-309194
-302121
-301217
-299712
-294762
-292282
-291889
-291887
-290412
-282157
-275782
-274355
-273801
-269450
-265274
-264577
-262745
-261510
-246452
-245300
-240420
-236838
-234121
-232730
-231063
-224509
-212659
-212158
-209103
-208020
-206525
-198881
-198784
-198092
-197267
-197126
-196772
-195377
-193945
-191402
-190590
-177047
-172707
-169841
-164863
-154302
-147610
-141091
-140427
-137576
-129181
-126392
-108813
-107662
-106223
-105572
-103111
-100013
-99600
-98306
-97464
-94678
-94186
-92024
-91942
-89400
-77554
-77266
-69391
-62824
-61703
-58939
-58770
-58329
-56426
-54801
-52663
-47745
-47579
-45670
-44414
-39317
-34293
-31922
-19126
-15772
-12359
4344
5146
9586
13194
21855
25278
29211
34290
35283
40687
41819
42585
53534
56392
66537
67234
67669
68266
70606
72593
77378
80021
80372
85939
86874
96580
96780
97615
97970
109724
110940
113925
116886
123236
127755
150102
158392
163897
164035
166413
176282
180925
189739
194222
200481
208327
212412
212936
219437
224808
228307
231563
236692
240682
248904
257782
262521
263415
266676
266842
270962
283955
289312
298458
299172
302051
305695
307712
310733
312558
317223
319041
319477
322310
327032
331096
352869
363042
367826
373815
381947
382461
384202
394788
398797
403643
403905
405041
407580
408544
417324
427183
428832
438057
439311
444512
448434
449428
453591
462715
472162
484312
494165
503515
504256
504753
507405
518103
518120
526242
529690
530703
532335
535817
536923
538389
540949
542303
543786
546752
547760
549136
549223
552846
562356
567047
570516
579127
584731
585356
596740
607302
608396
609135
609468
613233
614267
621003
623421
626674
626741
629387
630836
631402
633637
635181
637755
641539
651407
653698
660021
663269
664447
667953
678769
682826
685613
690490
692992
694098
708803
710394
719468
720741
727725
731773
732443
735532
745968
747700
759795
761775
762265
765328
769246
774206
778501
788613
797280
797550
798747
800396
806809
824244
832484
832985
838358
840155
840474
844537
845840
846313
850241
853421
858250
861653
873635
883996
885225
885676
892929
894387
901055
908355
908814
915989
918265
925361
929561
932135
933502
936687
938685
942974
943094
943766
945352
946874
947580
956186
958172
971122
974043
975562
975840
982781
985863
993190
996077
996470
1002494
1007823
1008185
1008609
1013366
1017119
1039602
1047433
1054333
1058687
1060126
1063622
1069371
1071594
1073573
1080555
1084468
1086033
1095682
1097687
1101096
1104170
1105047
1109643
1119023
1119842
1122228
1124358
1125151
1125689
1135651
1135706
1136953
1137143
1137463
1141224
1142772
1144458
1145039
1145720
1151572
1152497
1152886
1156685
1167414
1168566
1173239
1174054
1175380
1176619
1185412
1188504
1189522
1194969
1195321
1198610
1199783
1204047
1205483
1206204
1206290
1209405
1224256
1239957
1249246
1249303
1252209
1255821
1269378
1271635
1273671
1274698
1279347
1285254
1286439
1287506
1294856
1299536
1299633
1303431
1304384
1308281
1318465
1320075
1321680
1333810
1334389
1335183
1335229
1339029
1339092
1340773
1343632
1346164
1348319
1349814
1363199
1365699
1366739
1370391
1371480
1377551
1380119
1386481
1394002
1400189
1405834
1405894
1406159
1410633
1414136
1417167
1418467
1424107
1424156
1439952
1448055
1455144
1459466
1465216
1480820
1481133
1481374
1489427
1491987
1493553
1501093
1504015
1504805
1509656
1518774
1523161
1529633
1532374
1539808
1548505
1555434
1557183
1559430
1563955
1564676
1567115
1569066
1579455
1580279
1587372
1595203
1598653
1599856
1610088
1614267
1616512
1628021
1631297
1633165
1642344
1657333
1658353
1658733
1663866
1668764
1674206
1678047
1683022
1685770
1687858
1687921
1689763
1690828
1692626
1696129
1699842
1701557
1704108
1705156
1708355
1709928
1713100
1715983
1728927
1736935
1740791
1741005
1741288
1753974
1755100
1755229
1758328
1759073
1774592
1776516
1777645
1780575
1780718
1785239
1785702
1785822
1787231
1788755
1789827
1790676
1792205
1796521
1798542
1803580
1805686
1807977
1808509
1811942
1812118
1812236
1813345
1826090
1836767
1839248
1850934
1851705
1851782
1854167
1854429
1857927
1880623
1884081
1886290
1895933
1903364
1925578
1937754
1938433
1943124
1944616
1947711
1950250
1952900
1956561
1958002
1960906
1961972
1963705
1965474
1967026
1968906
1973245
1975554
1994160
1994918
1995013
1996466
1998985
1999877
