-1999224
-1998196
-1995245
-1986929
-1973360
-1970510
-1965572
-1963673
-1956333
-1953293
-1945307
-1932623
-1925685
-1918118
-1916415
-1910367
-1909190
-1909012
-1906325
-1906069
-1904274
-1903530
-1897274
-1893196
-1893113
-1884666
-1883024
-1878719
-1877964
-1873344
-1865089
-1862425
-1861219
-1860471
-1860189
-1854935
-1854345
-1852229
-1850424
-1848947
-1847781
-1846595
-1844158
-1844002
-1815190
-1802820
-1800777
-1799411
-1796771
-1796141
-1793472
-1791150
-1791087
-1788826
-1783841
-1775708
-1775361
-1768289
-1766786
-1763890
-1761388
-1760403
-1750334
-1743902
-1743381
-1735510
-1734049
-1733697
-1728547
-1721932
-1711590
-1711374
-1708677
-1701032
-1697451
-1678272
-1668473
-1667119
-1646826
-1625434
-1625009
-1617137
-1616710
-1611663
-1601703
-1600383
-1599899
-1598190
-1595911
-1586129
-1583175
-1580355
-1579581
-1578450
-1576427
-1574064
-1573606
-1570983
-1569884
-1568452
-1559172
-1556890
-1556157
-1555102
-1553458
-1552517
-1540707
-1540002
-1532683
-1528776
-1523366
-1522320
-1521711
-1521141
-1520085
-1514863
-1513743
-1513739
-1511982
-1503208
-1502938
-1495424
-1494346
-1492078
-1491506
-1488233
-1481886
-1480054
-1465474
-1455804
-1442600
-1437190
-1435682
-1434625
-1433894
-1424018
-1422153
-1409605
-1408441
-1407141
-1394813
-1391470
-1389774
-1387621
-1382077
-1377818
-1375365
-1367560
-1367412
-1364150
-1362048
-1360212
-1353148
-1344747
-1340883
-1327595
-1318501
-1318084
-1310164
-1309021
-1297683
-1289037
-1288735
-1286312
-1279000
-1272696
-1272071
-1266911
-1263003
-1258680
-1257829
-1256466
-1256212
-1249530
-1236757
-1234405
-1230740
-1227678
-1223536
-1222876
-1222805
-1221379
-1220953
-1217639
-1215575
-1205653
-1204607
-1202159
-1201770
-1198553
-1192773
-1184080
-1182149
-1177510
-1173269
-1172840
-1169324
-1168033
-1165221
-1160484
-1156566
-1154287
-1145558
-1144581
-1143710
-1143352
-1140292
-1135849
-1135177
-1130558
-1128884
-1126675
-1126158
-1120235
-1113514
-1107056
-1101188
-1093148
-1089203
-1086123
-1084821
-1083933
-1079411
-1069482
-1068308
-1064706
-1055650
-1054337
-1053197
-1047221
-1046877
-1042876
-1038838
-1038193
-1037678
-1032840
-1028759
-1026844
-1025120
-1022571
-1020600
-1018294
-1016859
-1012990
-1011087
-1005366
-1000349
-994549
-992557
-989834
-987308
-984832
-978635
-971157
-971094
-970196
-967999
-961888
-956466
-955043
-954921
-951332
-941500
-938690
-927290
-926784
-911746
-907881
-904079
-903023
-900560
-896862
-893573
-892981
-889497
-881426
-880797
-878702
-859982
-859263
-856816
-855278
-854730
-854593
-854488
-853354
-841573
-835859
-835631
-832913
-831705
-829580
-827969
-824838
-824101
-823728
-822847
-814512
-811598
-806079
-805013
-804800
-802779
-801695
-797464
-796754
-789607
-780245
-777961
-777080
-765359
-764800
-764230
-754322
-746130
-735120
-732540
-732348
-727980
-717568
-715018
-713821
-707395
-705561
-704615
-702849
-701935
-701864
-701171
-698848
-697201
-695750
-695540
-692417
-687082
-685357
-683672
-671555
-666705
-653790
-648707
-642037
-638419
-637215
-634937
-620478
-619568
-614207
-600499
-596194
-590639
-588759
-584778
-581925
-579398
-574828
-569730
-565468
-563647
-561543
-558356
-557065
-556428
-553241
-552568
-548148
-542268
-539826
-534134
-530867
-522620
-521220
-511811
-511584
-507320
-505494
-504843
-503059
-498647
-498587
-497686
-497426
-493517
-487498
-487447
-479446
-470918
-469107
-463364
-462640
-456056
-453460
-453076
-451693
-445264
-443465
-442615
-441700
-429563
-428948
-426581
-426089
-423570
-414573
-411232
-407016
-405729
-405294
-404885
-402532
-398012
-391976
-391120
-388962
-381282
-377334
-375754
-374879
-370840
-366549
-361929
-357362
-345930
-343410
-341356
-337185
-332920
-305834
-299770
-297016
-293244
-291476
-284634
-284561
-284095
-281977
-281191
-280795
-279572
-277255
-273700
-266153
-265846
-262656
-261442
-258936
-258328
-254504
-254121
-251423
-247323
-244682
-241029
-238869
-238565
-232566
-231726
-228650
-221367
-217799
-216262
-210568
-209309
-202954
-200248
-192042
-183759
-183177
-181125
-177049
-176982
-174933
-173471
-171219
-170750
-168423
-164377
-158437
-156737
-147035
-145586
-143774
-143027
-135709
-128134
-126414
-120758
-118917
-116674
-113754
-111500
-108235
-106268
-102702
-100530
-94202
-87080
-86393
-83901
-78926
-78563
-75751
-72853
-70557
-69725
-64240
-61061
-59088
-52968
-46178
-42781
-42274
-41502
-40512
-34610
-30375
-24007
-13337
-8932
2359
3310
10504
13092
15537
16534
21908
23366
26656
30744
35250
42501
51783
54999
57063
57069
57341
58256
69676
77905
78776
87227
88889
93143
101212
103677
113327
116714
125970
140688
145726
147793
156589
165507
165758
168885
171881
182713
185177
191296
191741
194392
215716
220366
221313
231930
234582
237852
238933
246952
248224
248664
249881
252721
255438
259096
259371
265785
271689
275171
281541
296087
303634
304537
304800
305510
312585
317388
320239
321066
321327
324652
324880
328633
334463
335827
338719
351780
352394
354481
356633
356778
356839
357589
358718
363656
365116
367245
372806
372951
373614
378958
382232
385718
401101
405155
407947
411163
418986
419489
421282
423221
434058
437990
443148
455215
465483
471197
473022
473049
474159
482091
493911
499739
500649
504812
507003
509167
509598
513602
518367
523745
525620
533695
534975
535191
543620
543652
550175
556973
568551
582548
594913
595722
599052
603357
606159
607239
609258
614055
616230
619865
620025
620885
625482
627163
635640
655281
659874
663488
667349
672653
677600
680353
682816
688550
695669
703787
708506
708538
712397
712508
716676
716816
720309
728461
729945
738987
740808
742956
746297
755682
761013
762199
765963
768758
771588
772610
783924
790889
792783
794297
794561
794833
795228
799408
800717
805200
805683
811623
815360
822950
824679
833871
839289
840771
844480
846243
849254
853572
855980
856192
857939
866101
868090
874873
881774
889006
894621
895644
897335
899371
903470
904208
906962
910659
917979
918109
922467
924137
932517
940309
942864
943054
943905
946983
947558
948284
953072
956482
966313
966815
969649
973221
995411
1000474
1002572
1011753
1011833
1015430
1025043
1029845
1033906
1034447
1035775
1036567
1038079
1040240
1049344
1050974
1061088
1069940
1070528
1074802
1087220
1091217
1095014
1097502
1099361
1101556
1103496
1105117
1106064
1106947
1110082
1114124
1124216
1128665
1129431
1130549
1130650
1136215
1142458
1145250
1145647
1146273
1148842
1150961
1159742
1171452
1172582
1181247
1185500
1188198
1190393
1192536
1199826
1204248
1212877
1215490
1218760
1225738
1227512
1228088
1230016
1234035
1242436
1243442
1247162
1257765
1261091
1265354
1276722
1278638
1283700
1287467
1291958
1292168
1295973
1313299
1316612
1318833
1323573
1324917
1326197
1331574
1333006
1338483
1341795
1347287
1354815
1364149
1364790
1366406
1372614
1375524
1380512
1382114
1382373
1386710
1394136
1396672
1398973
1404677
1405975
1415216
1417971
1420900
1421435
1424526
1427456
1432113
1433197
1438863
1441358
1444506
1447353
1447609
1448424
1451424
1454877
1457002
1463082
1469192
1470956
1471718
1473582
1476329
1488295
1489234
1493531
1502422
1505193
1509590
1512943
1516870
1522549
1530078
1532760
1533943
1542875
1543330
1550261
1558491
1559350
1562829
1573043
1590139
1595718
1597428
1600649
1602037
1603339
1607814
1614523
1615702
1617114
1617651
1635970
1635994
1636054
1639795
1642515
1644254
1647315
1651277
1652515
1653708
1659661
1669377
1670803
1672011
1678598
1687346
1688844
1692244
1698126
1700650
1702829
1710645
1713083
1716941
1719309
1719357
1721990
1729244
1730848
1733461
1736346
1738453
1747792
1749055
1760009
1760588
1761807
1763846
1789146
1792863
1797570
1797918
1803093
1803407
1809199
1813825
1821645
1822420
1825596
1828078
1828288
1829293
1830163
1839876
1847347
1849510
1880490
1883502
1887745
1888872
1897097
1897182
1898499
1898611
1904559
1905870
1907980
1909044
1910126
1911979
1916327
1921016
1922372
1924147
1924518
1925671
1928559
1930250
1930964
1941807
1951289
1951444
1951766
1952068
1956330
1961477
1964115
1977417
1983696
1988712
1990695
1995067
1997016
