-1997313
-1991067
-1991035
-1990973
-1985311
-1984197
-1978011
-1976788
-1975879
-1971065
-1969929
-1967335
-1964004
-1963750
-1963363
-1962511
-1959277
-1954179
-1952385
-1945129
-1941542
-1936937
-1936819
-1930448
-1929830
-1922701
-1919461
-1918932
-1914914
-1913208
-1910568
-1909786
-1908001
-1905755
-1903671
-1900524
-1893095
-1888906
-1875555
-1872212
-1867802
-1866363
-1865162
-1863859
-1849226
-1848033
-1836261
-1835530
-1827612
-1827249
-1815823
-1808391
-1806768
-1805830
-1804199
-1795139
-1788935
-1788804
-1786467
-1778134
-1777999
-1776652
-1774681
-1770269
-1767945
-1766528
-1766523
-1754552
-1747682
-1746037
-1744981
-1740454
-1736701
-1734901
-1732927
-1721510
-1713626
-1713453
-1709841
-1708330
-1707482
-1701728
-1683771
-1678303
-1677658
-1673864
-1661673
-1661481
-1655792
-1648865
-1645554
-1642745
-1632606
-1630185
-1623447
-1604226
-1601002
-1594886
-1591373
-1589165
-1589041
-1584197
-1583895
-1579640
-1579559
-1574088
-1560523
-1542059
-1538472
-1536823
-1536231
-1535250
-1531642
-1525576
-1492780
-1482822
-1481795
-1480092
-1480038
-1477771
-1475507
-1473798
-1465730
-1462608
-1455602
-1452936
-1451053
-1444852
-1441425
-1435262
-1434701
-1416325
-1412870
-1401053
-1399754
-1395759
-1395022
-1391671
-1379777
-1371453
-1366631
-1356063
-1353054
-1349496
-1342298
-1338301
-1333997
-1332601
-1331910
-1329983
-1302938
-1299034
-1294115
-1292643
-1288744
-1288480
-1270601
-1259431
-1259102
-1257745
-1256896
-1254145
-1253707
-1251721
-1246990
-1244917
-1244241
-1241920
-1240238
-1234872
-1234541
-1234336
-1224900
-1221524
-1221350
-1218735
-1218075
-1213036
-1211155
-1210013
-1209813
-1195617
-1186743
-1184273
-1182589
-1180949
-1179852
-1177370
-1173927
-1163862
-1162956
-1159971
-1158246
-1158192
-1156676
-1148811
-1147127
-1144447
-1140709
-1139019
-1136155
-1134151
-1129335
-1125440
-1122583
-1120793
-1118979
-1118760
-1115454
-1110416
-1110249
-1108103
-1107644
-1104837
-1100218
-1097473
-1084580
-1082561
-1080790
-1076100
-1074957
-1072219
-1069544
-1067244
-1065390
-1065117
-1059873
-1053486
-1050565
-1042844
-1040977
-1038007
-1037955
-1030785
-1028219
-1026915
-1024625
-1022001
-1012423
-1010215
-1002696
-994526
-993702
-990224
-985068
-983517
-978025
-970368
-968703
-962429
-961642
-959336
-958750
-957649
-957600
-955843
-955063
-952983
-951440
-948294
-944425
-942552
-939606
-934299
-925632
-924350
-922753
-921381
-919421
-918239
-914912
-903919
-902909
-902585
-898288
-897781
-896841
-895658
-890421
-888967
-885738
-884061
-884006
-882380
-876720
-870327
-870078
-864599
-861238
-859722
-854953
-853767
-846414
-846403
-835349
-833145
-832925
-831420
-829684
-822978
-820991
-819550
-818584
-813491
-813174
-812200
-810755
-809529
-808221
-806019
-803612
-799130
-787304
-784317
-780873
-777782
-776389
-776274
-776200
-774358
-771485
-766639
-761036
-754118
-747802
-741558
-740938
-738830
-738422
-736543
-735871
-734917
-727147
-724393
-721186
-720008
-718701
-714578
-712265
-711747
-706499
-701714
-699275
-697562
-695889
-691161
-688481
-680178
-677506
-663193
-662925
-661446
-656948
-649402
-646162
-645265
-637555
-636835
-636214
-636173
-631410
-628646
-625661
-618349
-616417
-613254
-611796
-611515
-610943
-610829
-609881
-608380
-604695
-603843
-597369
-589986
-584517
-583210
-578882
-575276
-573132
-567206
-561224
-556357
-554165
-550823
-549282
-548969
-545667
-542134
-539313
-535884
-534800
-533285
-532038
-530950
-525528
-523895
-523092
-520699
-519514
-514665
-512335
-511418
-503787
-486726
-478687
-477363
-471694
-466649
-463363
-459325
-459287
-455980
-446344
-440788
-438240
-433951
-431471
-417918
-414911
-413046
-403041
-388824
-386733
-385267
-383417
-381794
-380614
-377507
-373984
-361373
-359279
-356158
-345066
-343711
-326879
-325863
-307890
-304473
-304086
-301839
-301826
-296305
-296267
-294871
-290027
-288383
-284451
-268693
-266735
-265260
-258180
-255636
-252652
-248623
-247830
-247553
-243515
-242080
-233714
-230723
-226488
-224360
-220696
-217484
-214860
-214166
-211649
-205011
-204205
-202760
-201421
-195745
-192001
-191722
-187541
-183601
-172176
-171484
-168005
-166859
-162443
-157438
-156808
-154960
-143355
-142482
-140556
-134593
-129940
-127341
-118479
-115730
-107986
-107798
-104976
-104310
-101780
-96559
-91744
-91258
-85087
-77556
-76813
-63491
-62299
-61568
-53756
-53298
-52554
-49618
-45019
-36097
-31890
-31038
-30546
-17944
-13208
-10281
-9841
-5383
3955
8697
11539
12292
22948
24797
29959
33142
37932
38787
39211
42674
50868
51283
51617
51965
52388
56446
61552
70533
72208
80246
90078
91850
93106
97264
106481
106724
110050
110226
113202
121586
123026
127645
133733
134616
142103
143267
148836
151674
152072
154226
162557
163262
164452
179658
181093
187221
191193
193052
193170
194654
197038
200140
200895
202145
209162
216343
217644
218074
218578
220540
221093
221649
223147
227560
229384
236600
242614
257216
260548
261194
264554
268353
276707
288364
289270
291336
297864
321502
330096
336377
339319
346358
347505
353323
355467
355967
357468
359866
363570
373134
373996
381627
383953
385720
388507
394360
395875
396985
397567
409332
414845
423142
423251
426226
428528
431507
436325
439499
442136
446289
458824
478110
481899
484337
502438
503827
511804
519705
521206
525126
528203
534651
538030
540779
543894
549319
550984
551975
557788
564596
565788
570161
571976
572016
582487
583909
586426
595613
600955
606397
607688
614919
616296
619551
624574
625830
628095
630518
632606
632932
633254
639623
641456
648031
652286
654379
658595
659738
659910
665219
669551
671394
675286
685940
696251
705149
706143
717775
721695
724920
726505
735934
738013
738020
740541
743118
743365
743668
744843
746902
748421
751416
751821
761385
762959
764281
764644
766144
777907
783131
791012
804955
808422
813327
817988
824208
824327
832718
833479
834132
834296
840891
842141
842976
845539
860815
862142
868930
870463
871627
875390
881794
885809
887455
889799
891536
908370
913754
915396
918531
920293
921295
932244
941841
942561
950515
950618
952845
953768
954153
965808
972093
975325
975816
977205
977536
994740
1005171
1030988
1036519
1043494
1052268
1055922
1056593
1057901
1058000
1066739
1070224
1070553
1070969
1072867
1073997
1091199
1097515
1107862
1110372
1113463
1118620
1134443
1135848
1139458
1152759
1153649
1159874
1167748
1172980
1184597
1184885
1187606
1187772
1191922
1199901
1212200
1214236
1218342
1223937
1224694
1227244
1240157
1242567
1257023
1260518
1264252
1267226
1267381
1273031
1273939
1277332
1292098
1292810
1296021
1296039
1301744
1306545
1306893
1309284
1320303
1321592
1322665
1326314
1327291
1331245
1334359
1337893
1344056
1344575
1347137
1347995
1348252
1351387
1356864
1363222
1368829
1368950
1373912
1376078
1376177
1380898
1382938
1389465
1390630
1391746
1398935
1399568
1405710
1406044
1407273
1409392
1410712
1412342
1412430
1417798
1424631
1444718
1449083
1456632
1459350
1463794
1464437
1468399
1469269
1477791
1486286
1500256
1501846
1506808
1509945
1513425
1515278
1520749
1543306
1545493
1548307
1550452
1554363
1554743
1559551
1560533
1564442
1567358
1568579
1571377
1581395
1583444
1586982
1589670
1592222
1598969
1604703
1606193
1607396
1611970
1613769
1614666
1636838
1639556
1670510
1671657
1678831
1682943
1685508
1686613
1699285
1703134
1704445
1705194
1707003
1708207
1709733
1713439
1713582
1716286
1716599
1721968
1722589
1722842
1722906
1724663
1728551
1730914
1733953
1739756
1741130
1747940
1748693
1750681
1751199
1753843
1757696
1758241
1762810
1763453
1770957
1771994
1777392
1783421
1792051
1795113
1796795
1797142
1800373
1800786
1808012
1808068
1808808
1808848
1810379
1810389
1814423
1816065
1816555
1818473
1819113
1830231
1831557
1838382
1847680
1852982
1855906
1856662
1866937
1867065
1871141
1872716
1873684
1875042
1876093
1877325
1884430
1889071
1894835
1899447
1904169
1908334
1910983
1911921
1914930
1916805
1920278
1924340
1930704
1939071
1940805
1945144
1955556
1958220
1967062
1971031
1971660
1978683
1980034
1988329
1989872
1992807
1996834
1997773
