-1999480
-1998769
-1993032
-1984066
-1982004
-1968513
-1947012
-1936335
-1933369
-1932755
-1930124
-1919990
-1912611
-1911849
-1901113
-1887682
-1886669
-1879252
-1874670
-1872354
-1870973
-1865687
-1864580
-1864387
-1856708
-1854519
-1849842
-1849190
-1834276
-1833776
-1832336
-1831027
-1825684
-1822243
-1819989
-1817641
-1816626
-1815028
-1812871
-1810592
-1808786
-1803325
-1791783
-1786294
-1782816
-1780273
-1775918
-1773526
-1768763
-1765359
-1765246
-1765032
-1761749
-1756019
-1754778
-1754172
-1752728
-1748393
-1746953
-1746179
-1742399
-1742123
-1741961
-1739519
-1735693
-1732337
-1723913
-1712029
-1709686
-1705962
-1703791
-1701932
-1687182
-1686462
-1679094
-1671611
-1671093
-1670882
-1667419
-1665198
-1660789
-1657434
-1656785
-1650382
-1648994
-1648703
-1648555
-1645277
-1637950
-1636382
-1631254
-1628042
-1622944
-1617003
-1615240
-1610073
-1608187
-1607023
-1605673
-1605465
-1599033
-1595238
-1594638
-1590742
-1590476
-1589143
-1587975
-1580980
-1580477
-1580066
-1578554
-1576234
-1572907
-1570753
-1567359
-1564861
-1556636
-1555386
-1551491
-1550789
-1549186
-1545457
-1545078
-1543804
-1541982
-1541420
-1533297
-1530793
-1530371
-1528587
-1522643
-1519407
-1516959
-1515568
-1515440
-1514705
-1513922
-1511763
-1505660
-1503302
-1490112
-1482791
-1480301
-1478940
-1475864
-1461960
-1459443
-1458545
-1453407
-1447997
-1445254
-1443816
-1443040
-1433426
-1421867
-1416745
-1414690
-1413297
-1411687
-1409605
-1408992
-1408932
-1402931
-1398031
-1379158
-1370646
-1354907
-1339765
-1336552
-1336427
-1330924
-1329755
-1329741
-1326467
-1321239
-1318095
-1315043
-1311726
-1308509
-1297614
-1296118
-1294534
-1291140
-1290120
-1289274
-1289211
-1286903
-1279007
-1276514
-1272305
-1267287
-1263736
-1256771
-1256537
-1253125
-1247342
-1236930
-1232664
-1229561
-1220650
-1209477
-1207230
-1203734
-1203263
-1202579
-1202193
-1192631
-1192566
-1188969
-1177182
-1175173
-1161979
-1159096
-1154581
-1146721
-1145370
-1143007
-1141332
-1136048
-1135550
-1134410
-1127662
-1116138
-1114804
-1113652
-1112480
-1112073
-1107311
-1104400
-1103260
-1099934
-1095697
-1094772
-1090758
-1089987
-1089778
-1088231
-1084539
-1084028
-1083899
-1079975
-1079209
-1078214
-1077573
-1075435
-1069960
-1065504
-1060723
-1059030
-1057908
-1056536
-1050484
-1050337
-1049495
-1043276
-1041967
-1039534
-1035413
-1031214
-1029998
-1028411
-1020114
-1019731
-1015176
-1013929
-1012229
-1005894
-1004433
-1002090
-1001752
-1001549
-998492
-993756
-988059
-981839
-981565
-973138
-964730
-962881
-959495
-956427
-952942
-945877
-943535
-940293
-939696
-939026
-932237
-921890
-917756
-916846
-914993
-911836
-908504
-906862
-902029
-901135
-899435
-896537
-886085
-876174
-871551
-870562
-870524
-869737
-863346
-862581
-860753
-848376
-846599
-839465
-838622
-823025
-812217
-810723
-810699
-803715
-803146
-802147
-801505
-800849
-798612
-797012
-793841
-791542
-791517
-785971
-783936
-782071
-776578
-772763
-772121
-767103
-765536
-761568
-759013
-756702
-756134
-755304
-752588
-749178
-741646
-738544
-733999
-732069
-731381
-729697
-728110
-727380
-716731
-710544
-704069
-697951
-695813
-694076
-692301
-690599
-688768
-686843
-682421
-677913
-675443
-675002
-673051
-672301
-662323
-661075
-659800
-655484
-654722
-650551
-644459
-642307
-640470
-636877
-634547
-633288
-618375
-614840
-613756
-611960
-607550
-605912
-601947
-600457
-598844
-596985
-595698
-587222
-583701
-581809
-578504
-573673
-568046
-566556
-561466
-548748
-548686
-538772
-529549
-526969
-521525
-521269
-519353
-511821
-510596
-499379
-496790
-496703
-489854
-488343
-486571
-485833
-484918
-481463
-481422
-479448
-470628
-467184
-462167
-456890
-456261
-456160
-453173
-444242
-440036
-435632
-433711
-429857
-427988
-423409
-414591
-408367
-406771
-399015
-396734
-388593
-387594
-386797
-382508
-380054
-376409
-372074
-359534
-354688
-352555
-348712
-346772
-344530
-343950
-341306
-333560
-328514
-321186
-311774
-306894
-304416
-300834
-296429
-291631
-285418
-282354
-281029
-272043
-267530
-266843
-264796
-261943
-260077
-256683
-256428
-255284
-251235
-250292
-244593
-239934
-237918
-236844
-236826
-232519
-223228
-215880
-211226
-206331
-201317
-199827
-199050
-198353
-194664
-192745
-191271
-190400
-188514
-185012
-183866
-181009
-179794
-173796
-172625
-164945
-155379
-149435
-123938
-112629
-107524
-106633
-104648
-104584
-101748
-94613
-85620
-84714
-81954
-78029
-76854
-74834
-73936
-73437
-70971
-53633
-52253
-33675
-33178
-32728
-30491
-25441
-24799
-23972
-11594
-8343
-7476
-2799
-2463
4360
8071
12203
12625
26575
38034
42959
43644
49024
50174
53430
63075
68206
69261
75482
87657
89566
91984
92250
94492
94585
99472
103057
113942
114843
118649
120664
120699
121090
129771
135066
140089
140576
152864
154719
169439
172062
182885
189142
191054
197529
197619
198850
200648
218894
230340
237716
242563
244242
248843
249353
249535
251618
254244
257111
270199
279846
281584
289971
290596
295131
297374
306133
308350
313010
317031
321804
321930
322871
324104
326308
327149
327650
332187
333076
343083
345354
346711
349962
358809
359128
368111
369072
371034
372254
378194
387405
392702
398284
402332
402465
404328
406148
409775
412240
414372
421305
421565
422308
423611
426456
429972
431061
438110
450112
450686
454984
460503
463327
471463
471994
476572
477605
477668
477795
482765
488407
498649
505108
511274
516391
519253
525245
532877
559636
561843
568732
568908
577171
580975
583110
586968
588593
589848
590872
591013
602567
604805
613590
615974
622398
643709
644221
645853
649033
650519
662267
663247
665931
683229
685030
690373
698160
698780
699105
703561
713908
723400
726364
735155
740424
745716
746162
747063
747548
764807
765280
774991
777556
790638
791665
794846
805250
805327
808782
812934
812983
812986
820647
823559
833753
837704
840931
854864
863274
864267
864581
875590
882288
883743
894415
909569
913040
916473
920510
920756
926266
926488
927599
927627
927702
934175
936306
942903
944278
946657
948168
950813
951468
955288
960509
973948
976449
980213
981495
982132
982390
983367
986404
989592
993052
999087
1003130
1008357
1012350
1012425
1018525
1032104
1033242
1038803
1043300
1046269
1049494
1052021
1059861
1062040
1063703
1066570
1069183
1069303
1071652
1073242
1081435
1086310
1087326
1089984
1091850
1092306
1096847
1097423
1107993
1113355
1115181
1120145
1122423
1122742
1122938
1128699
1129919
1131762
1140260
1140618
1143699
1146392
1156706
1164607
1165429
1170608
1172823
1189313
1189583
1190953
1195252
1197054
1200131
1203318
1203462
1203808
1211010
1214201
1224803
1225455
1232548
1233730
1277305
1278106
1278419
1283188
1286713
1288999
1290246
1292827
1294476
1303174
1307604
1308492
1310133
1314352
1321539
1340940
1343464
1352712
1357793
1368081
1368991
1377458
1377475
1384691
1387034
1389172
1390989
1391724
1399688
1402506
1419523
1422196
1423481
1425146
1431363
1431638
1434758
1434767
1442325
1456262
1456564
1463440
1463682
1466626
1469285
1471961
1475156
1475509
1481956
1484570
1484873
1487468
1488284
1492441
1497881
1499264
1500127
1500242
1507301
1511914
1512635
1514716
1519180
1521669
1522445
1522503
1526302
1526498
1529889
1533004
1533548
1534204
1540347
1543128
1546118
1578768
1583578
1584268
1592281
1593389
1595067
1601474
1607080
1607760
1610618
1615172
1617995
1623376
1624077
1646388
1654132
1660944
1663049
1674859
1682047
1682179
1692780
1694283
1696989
1703258
1710435
1710897
1712164
1720936
1722062
1726942
1737248
1741951
1744421
1748043
1749032
1758122
1769380
1771807
1773488
1780705
1787284
1787618
1788348
1797336
1799066
1800409
1815841
1819104
1819512
1822559
1824898
1825738
1827563
1830234
1833456
1835516
1838601
1838633
1840782
1841742
1846101
1847625
1847935
1848658
1853225
1865810
1866700
1867447
1867559
1870740
1872585
1875431
1876045
1882860
1887058
1890321
1892043
1896314
1897611
1900399
1904224
1907881
1910344
1912675
1914334
1915666
1917407
1918645
1919520
1924415
1924745
1942224
1946619
1948196
1948301
1950782
1954114
1955473
1955869
1957626
1972888
1975950
1978740
1979577
1984512
1984620
1989059
