-1999990
-1987813
-1984247
-1980569
-1977250
-1972959
-1972253
-1968030
-1965735
-1958569
-1948964
-1944908
-1942754
-1937147
-1935687
-1933521
-1929931
-1927217
-1914422
-1914413
-1913597
-1912770
-1910515
-1907708
-1902687
-1893881
-1879827
-1873124
-1869921
-1868025
-1866989
-1865816
-1861748
-1861527
-1858338
-1858114
-1852632
-1838683
-1836694
-1836693
-1829804
-1829593
-1826919
-1821594
-1821179
-1819150
-1816281
-1812258
-1809965
-1808256
-1808250
-1804974
-1804876
-1802413
-1793623
-1777727
-1773622
-1768001
-1767258
-1764818
-1763547
-1746132
-1735398
-1731787
-1719406
-1719007
-1718282
-1714864
-1713822
-1711879
-1708684
-1708278
-1707692
-1700497
-1688766
-1686865
-1686071
-1683348
-1681725
-1677218
-1670372
-1667466
-1667283
-1666784
-1658781
-1652629
-1652299
-1643290
-1643246
-1640745
-1636447
-1623546
-1618320
-1616327
-1606138
-1602733
-1594749
-1593687
-1590855
-1589278
-1573792
-1569727
-1568641
-1565873
-1564541
-1556173
-1555818
-1552019
-1546308
-1528317
-1517811
-1516222
-1513121
-1511264
-1511034
-1510175
-1508409
-1500899
-1499689
-1499323
-1491359
-1489889
-1488551
-1487832
-1475196
-1472262
-1465408
-1464410
-1462831
-1453309
-1451249
-1451232
-1447181
-1437538
-1436009
-1427405
-1424294
-1419302
-1415624
-1412784
-1409709
-1400491
-1399546
-1398009
-1395305
-1394115
-1394043
-1389859
-1385102
-1384398
-1379894
-1379627
-1378606
-1368794
-1368409
-1367245
-1366682
-1364290
-1363875
-1363193
-1359702
-1355351
-1353921
-1348290
-1344183
-1339730
-1339506
-1338486
-1334814
-1320809
-1319548
-1314990
-1311466
-1310011
-1307157
-1291662
-1291600
-1289338
-1283955
-1283489
-1278975
-1277152
-1273056
-1269211
-1265277
-1264787
-1264312
-1256317
-1254568
-1252458
-1251302
-1249727
-1235045
-1232488
-1231174
-1227845
-1226570
-1220082
-1213941
-1212939
-1211102
-1206300
-1203296
-1202325
-1200731
-1200128
-1200001
-1199769
-1189870
-1171509
-1168810
-1168044
-1165533
-1158347
-1158012
-1155902
-1152783
-1131919
-1120881
-1120881
-1109250
-1101782
-1096175
-1078922
-1075448
-1071406
-1071095
-1070723
-1068052
-1065932
-1062973
-1046337
-1040249
-1034785
-1030001
-1025781
-1016766
-1015725
-1014322
-1013055
-1008727
-1008684
-1007641
-998297
-987574
-982963
-978807
-977349
-976916
-976750
-966361
-963989
-963196
-959792
-956238
-955051
-951163
-950180
-948252
-946894
-943476
-942234
-941252
-939059
-938914
-933471
-929312
-922781
-922108
-921404
-918023
-917860
-913918
-909544
-907826
-905784
-902778
-902594
-897127
-892970
-892830
-878640
-875582
-873342
-867994
-867109
-867027
-865790
-858536
-858270
-857360
-854622
-854178
-852088
-851789
-850523
-840287
-829731
-799670
-798561
-794732
-791107
-784496
-781380
-779586
-773592
-769603
-761930
-759337
-754700
-749163
-746138
-745489
-743861
-742267
-741933
-736236
-730692
-728757
-728116
-717153
-715829
-714932
-698746
-697934
-694150
-692755
-691469
-690148
-689181
-682311
-674655
-674591
-672874
-669755
-669033
-661903
-655758
-637459
-632525
-629617
-626495
-624650
-623530
-621481
-620846
-618622
-618369
-611048
-609978
-606537
-606263
-603434
-600863
-591470
-584996
-584370
-572604
-570465
-566366
-563749
-563286
-558438
-558333
-556677
-553732
-551351
-541465
-534476
-533373
-531039
-527298
-523699
-522825
-522080
-521825
-519611
-494284
-490749
-482317
-479290
-478251
-477375
-475150
-461024
-457999
-453935
-447724
-442852
-437158
-433496
-429683
-420304
-419262
-417925
-416900
-411130
-411036
-406393
-405440
-402805
-401414
-396956
-396757
-396429
-386556
-386315
-384302
-374485
-366900
-357766
-353670
-352066
-349443
-347403
-346373
-344324
-338036
-335226
-322099
-312209
-311231
-307632
-299437
-293027
-284727
-284172
-281656
-277864
-276759
-275545
-273115
-266600
-265526
-262937
-259682
-255209
-250195
-236485
-233056
-229253
-218710
-216365
-211015
-208461
-207326
-187746
-182308
-175165
-166613
-159919
-159320
-158809
-153560
-145917
-145300
-143789
-138741
-135084
-134419
-132437
-129814
-125534
-118477
-114700
-109147
-106010
-103159
-102662
-101295
-97848
-93573
-92662
-85420
-84913
-84411
-80408
-65754
-65033
-64946
-63248
-61582
-61432
-55674
-46800
-37341
-36988
-34940
-30856
-27767
-23912
-23458
-20948
-20459
-12033
-9316
-8521
-5901
889
1691
4333
12330
13041
14884
18425
20284
22424
35877
37860
38095
39632
41812
42816
44030
45505
51614
62913
66017
66925
72561
77309
80286
80378
82313
84184
84438
88321
88983
91957
103788
109210
110548
113342
123449
125071
127963
132308
133421
137600
145679
158733
163095
171521
172740
173439
177363
180312
189082
190064
192941
196127
199852
200051
218785
221005
228480
241283
241494
247755
251742
252720
253448
258110
261736
262424
265463
268448
270259
277217
277396
278995
279390
282957
283830
296721
306425
308745
314149
323433
338144
344542
345677
349994
353738
358000
367890
376417
404771
421395
422687
426478
431623
434633
437243
437760
439301
450556
455102
458690
463321
466520
469928
471910
480275
486754
492845
496304
499089
514620
515173
522403
523405
527127
528857
532890
540407
541959
542363
545442
548370
550919
551028
552284
556392
558612
566799
570487
572911
573927
577395
577507
577986
579556
583488
589271
594298
594882
599356
602867
607178
607847
609466
610621
612209
624669
626647
627909
641454
646747
650903
651106
652739
653007
653959
654906
656711
659099
660920
661395
661886
663585
669991
674621
675100
679204
680618
688259
694967
698016
699170
703637
707110
710569
711496
717673
720510
721388
724517
730913
733705
734746
735225
740807
748929
750521
756345
756436
763881
764620
766714
776672
777408
787635
789770
792887
802703
807409
811747
812850
813887
821532
824343
825650
826130
826863
833628
835261
837421
838868
844528
846899
851291
852316
853860
854015
854040
854737
861525
863951
867434
869549
879828
881911
883082
884847
886772
887468
890697
896409
898325
899166
899889
903105
906228
906478
914651
925781
926102
928160
931848
934135
934193
939212
940581
953957
956615
961616
963169
963417
967080
968392
970018
973401
977569
984177
989197
992717
992887
995027
1008495
1009693
1014456
1020435
1041645
1042064
1043872
1044218
1050313
1051174
1052409
1058923
1060163
1066215
1078533
1086827
1111767
1111777
1121452
1129280
1133769
1137699
1140595
1143302
1146100
1146456
1148349
1148598
1149514
1149978
1150947
1150953
1156528
1160383
1161199
1165694
1172289
1172326
1174504
1181390
1182003
1185109
1190557
1196499
1197338
1204569
1205335
1208319
1215423
1237352
1239621
1241079
1243252
1246868
1247957
1248744
1248978
1250487
1251801
1256322
1274882
1278684
1280203
1280416
1284275
1285000
1287501
1288015
1291421
1292991
1293990
1304056
1306355
1307381
1310086
1326050
1328477
1329893
1333180
1336805
1341464
1342036
1346291
1351132
1353066
1353543
1354994
1359009
1360306
1371947
1374481
1380073
1387514
1391460
1392746
1393718
1395134
1396301
1397516
1399833
1408231
1412277
1414484
1417403
1417795
1418834
1419989
1430091
1431820
1435219
1456014
1465246
1465955
1466009
1479214
1482311
1484656
1487016
1488988
1490564
1495058
1495837
1506754
1509297
1515082
1516200
1525554
1536281
1540817
1542095
1546796
1550656
1553085
1559516
1563851
1569919
1570869
1573434
1581488
1585516
1586625
1588706
1592263
1600841
1602385
1610856
1612062
1617318
1618564
1624734
1628087
1637065
1646436
1647996
1653595
1655885
1668441
1668684
1680127
1681593
1683238
1685172
1689465
1692368
1695459
1699035
1714084
1717201
1720243
1720936
1721067
1735644
1738444
1740225
1740934
1741976
1747092
1767776
1768493
1774645
1780902
1784960
1787340
1789959
1791478
1793330
1794102
1794264
1815569
1818696
1823890
1838511
1840535
1842747
1844840
1847247
1853211
1854890
1859956
1861229
1861736
1863176
1870265
1870534
1872234
1877876
1879475
1882935
1883238
1893906
1900209
1900516
1907799
1908366
1914424
1917270
1919195
1924513
1927009
1938610
1944903
1948469
1955837
1958827
1963752
1965320
1966955
1967278
1971917
1975728
1976480
1977669
1980128
1983708
1986867
1987392
1988620
1988740
1989880
1997003
1999131
