-1999652
-1993749
-1992346
-1982060
-1981222
-1980257
-1974790
-1973822
-1972610
-1966046
-1963252
-1959018
-1958777
-1953410
-1951266
-1943994
-1941804
-1937233
-1935158
-1933480
-1932951
-1923444
-1917852
-1905801
-1898532
-1882717
-1880755
-1880103
-1876390
-1871869
-1867822
-1866622
-1866122
-1860157
-1855674
-1841818
-1840252
-1830524
-1829765
-1825905
-1825059
-1823939
-1821927
-1818540
-1817286
-1813949
-1812384
-1807165
-1802869
-1798780
-1791728
-1791585
-1789280
-1787044
-1783727
-1781888
-1780736
-1777158
-1775636
-1773031
-1758986
-1754870
-1754851
-1748188
-1744754
-1742339
-1737748
-1733183
-1732302
-1729266
-1729255
-1727720
-1717119
-1715401
-1714027
-1711271
-1710319
-1708880
-1699312
-1695741
-1695544
-1689047
-1686468
-1676306
-1669683
-1669579
-1666490
-1662883
-1658992
-1657676
-1653484
-1649041
-1649034
-1643351
-1637281
-1630982
-1626157
-1621805
-1619373
-1617897
-1616425
-1614534
-1610755
-1609208
-1607027
-1594917
-1594287
-1587665
-1587206
-1581486
-1580406
-1580216
-1579234
-1572641
-1569072
-1562688
-1559987
-1548338
-1546633
-1546130
-1544725
-1532748
-1526674
-1523611
-1522798
-1521803
-1521626
-1520142
-1519784
-1516073
-1515601
-1515011
-1507709
-1501207
-1494882
-1492755
-1491197
-1490706
-1489158
-1484664
-1482438
-1480101
-1476617
-1474965
-1474359
-1472533
-1472246
-1470771
-1468828
-1467561
-1461673
-1459755
-1459529
-1459298
-1457693
-1450182
-1449201
-1446001
-1439952
-1428740
-1426187
-1419467
-1417396
-1403301
-1398542
-1396743
-1395111
-1391375
-1391160
-1383867
-1382295
-1381745
-1381182
-1377532
-1376072
-1374033
-1366404
-1363878
-1363041
-1362853
-1359370
-1357922
-1355186
-1347277
-1345793
-1338078
-1334923
-1332153
-1331332
-1328572
-1326018
-1309496
-1305418
-1301113
-1297237
-1291074
-1290495
-1290118
-1287082
-1279584
-1276060
-1275919
-1275814
-1273744
-1270056
-1267199
-1254486
-1251520
-1248468
-1247379
-1242227
-1235982
-1235113
-1210848
-1205996
-1204534
-1198892
-1198729
-1198114
-1190648
-1188624
-1188614
-1187141
-1178997
-1178536
-1178313
-1175716
-1168781
-1163991
-1151376
-1146080
-1135279
-1128837
-1128122
-1125080
-1121395
-1119261
-1115465
-1112295
-1111578
-1108399
-1100564
-1093217
-1092352
-1090108
-1086124
-1085485
-1082375
-1079991
-1068009
-1067060
-1064460
-1064133
-1063798
-1059561
-1058982
-1058703
-1058147
-1057265
-1053925
-1047112
-1046426
-1034520
-1023481
-1022711
-1019806
-1019606
-1017368
-1016703
-1011689
-1008067
-1001426
-1000042
-999656
-989565
-989384
-972771
-970532
-965622
-965171
-961758
-960542
-954983
-951024
-944112
-940694
-940315
-933262
-932705
-931763
-931007
-924859
-921585
-920278
-919064
-916620
-914422
-913520
-895844
-888072
-872205
-870027
-868659
-868611
-867230
-860964
-857035
-853969
-852003
-850017
-832227
-831159
-830651
-827549
-825326
-820244
-818200
-817728
-812967
-810160
-807619
-805648
-805150
-804641
-803670
-801446
-797832
-790510
-787734
-785026
-765801
-764924
-761954
-753279
-748472
-746780
-738372
-735491
-733149
-730000
-729046
-721302
-720386
-715673
-711383
-709851
-708383
-701528
-701036
-698160
-689480
-672659
-671275
-670759
-669060
-668946
-665780
-664419
-659678
-654884
-653863
-651937
-636602
-629017
-628460
-626688
-618579
-607013
-606565
-604792
-593233
-581180
-581051
-575173
-573744
-573185
-568173
-564830
-543551
-528484
-520490
-520082
-519238
-516110
-515763
-510346
-507937
-506232
-501332
-501155
-493004
-489525
-489365
-474114
-472216
-466186
-464038
-461381
-459550
-458502
-457385
-455186
-453461
-449322
-448285
-440786
-437865
-437723
-420655
-404990
-394943
-381747
-379048
-378799
-370650
-368473
-360410
-356300
-355383
-341647
-340624
-331432
-316306
-316040
-314987
-314633
-311464
-307262
-306626
-304315
-303763
-303302
-302685
-300553
-296131
-288237
-287584
-284657
-284237
-272593
-270874
-269706
-268767
-265838
-264941
-257669
-253047
-248330
-239212
-236361
-223396
-223255
-212267
-211562
-198994
-191075
-190888
-190177
-187016
-183548
-180144
-154023
-146441
-145779
-144173
-141722
-141613
-138584
-134276
-127815
-121857
-120232
-119590
-108643
-107303
-106325
-101112
-100583
-93030
-90070
-82434
-82072
-81440
-77804
-75501
-73609
-66794
-58270
-57193
-54838
-46741
-42718
-41013
-40785
-38365
-34715
-30280
-25740
-23090
-3156
-1132
1281
5820
7204
8072
9214
17948
23084
23123
24932
37104
38367
38716
40271
40856
42608
45502
47897
57594
59096
59276
59506
60124
68707
68724
70484
72890
87686
88454
96442
100993
101492
108250
111813
123447
125599
128295
128392
129158
131954
136582
140542
140978
142549
143489
145008
145401
161924
164163
168504
176703
179213
181604
186539
193811
200861
209099
209444
211971
213077
216076
219427
220658
223649
224689
225030
226396
228045
236985
239181
247002
260880
264845
266587
270007
271534
271718
272308
273642
287328
291309
292193
302618
303423
305125
308121
316011
318375
319066
320519
324440
325875
326521
327629
343645
347806
352332
352416
359094
359341
359750
368284
373993
375714
381146
397444
397778
399498
405176
408543
427839
438567
440401
440649
445146
451150
454119
460884
464072
464853
466874
468655
478989
480631
484283
488396
491827
499366
502682
506230
509154
509997
512149
513858
514527
536878
542351
550226
551564
560139
561210
561545
563315
563474
579300
579572
602759
610047
615802
616978
620085
621173
624538
633408
637110
638284
642059
649587
652404
660607
661054
665389
669083
671886
687473
688020
688741
692923
706522
708781
715335
715568
723345
725264
732556
739545
744141
748100
754550
767684
768818
769390
775826
778100
779894
782885
791709
800179
801983
803210
806122
807572
807611
810207
814022
814714
817914
821939
825735
827149
842584
848304
853262
863009
871521
872451
873359
873690
875196
875959
881552
881567
886772
887128
897208
898568
902205
906835
906872
911027
912373
915875
922431
923345
931361
935343
938425
939220
941964
953740
956043
956981
958883
961030
962926
974601
976400
981570
983439
988098
990095
993577
995181
1000604
1007640
1012015
1014050
1020546
1023574
1032261
1037498
1046589
1046796
1049870
1053465
1064115
1065940
1066088
1067763
1074545
1078210
1079234
1083208
1088462
1088858
1089947
1091007
1091020
1091342
1092157
1095737
1097929
1106073
1109129
1109607
1115697
1125918
1129574
1134131
1141814
1142332
1142708
1151134
1152063
1153422
1156530
1157171
1163111
1164701
1166833
1173949
1176777
1178979
1185450
1187280
1189517
1196926
1206339
1209961
1212531
1214579
1215145
1215756
1216902
1222178
1234179
1235686
1236480
1242814
1246891
1250992
1253238
1253362
1260357
1267144
1272075
1277784
1286143
1290591
1294854
1305100
1306274
1308731
1312354
1314575
1320068
1335230
1337131
1337585
1343513
1346552
1351410
1356611
1358122
1366263
1370645
1380197
1381989
1383081
1389959
1390067
1394182
1396316
1403053
1404759
1405330
1410419
1411570
1413867
1415561
1416264
1418938
1429066
1429525
1434551
1434731
1435768
1437807
1438854
1439118
1441518
1443839
1445097
1450880
1464232
1466582
1469991
1471129
1473254
1478190
1487741
1498308
1503783
1509826
1509955
1523418
1525258
1526977
1529633
1539371
1545140
1546084
1549997
1553872
1554331
1565454
1567502
1569092
1578925
1591794
1595608
1596033
1597091
1600175
1609763
1626313
1627146
1627973
1631928
1634019
1640520
1642568
1643750
1647169
1664163
1671504
1677434
1678900
1679988
1680403
1687699
1693825
1700690
1704647
1704753
1711373
1713236
1714941
1715917
1720501
1724317
1729984
1731619
1732712
1737749
1738985
1743384
1744087
1744280
1744287
1749238
1749906
1750047
1750115
1758874
1762113
1764107
1767906
1771289
1773356
1777280
1779956
1789626
1792479
1804557
1806732
1810539
1817410
1821273
1826279
1829603
1830906
1847150
1847422
1859767
1859982
1861134
1861237
1863741
1866597
1868416
1871690
1878331
1897736
1905682
1906681
1911894
1912082
1915965
1917864
1919399
1919471
1920427
1921805
1923469
1925212
1931211
1938270
1940740
1941309
1942617
1946023
1951562
1951754
1955831
1955833
1963806
1964799
1967428
1968158
1969881
1971235
1974311
1974411
1986047
1990032
1990149
1993000
1995707
1998939
