-1995482
-1991944
-1988569
-1984038
-1974583
-1966666
-1958613
-1955400
-1953516
-1952175
-1951275
-1949218
-1947144
-1942250
-1941714
-1939058
-1937034
-1934087
-1932271
-1927927
-1922039
-1919817
-1917969
-1909135
-1909082
-1907747
-1906908
-1906151
-1901236
-1886222
-1885650
-1882704
-1881707
-1875896
-1859658
-1856394
-1855396
-1841416
-1835711
-1832519
-1830105
-1829938
-1827364
-1826493
-1825641
-1823925
-1820602
-1817575
-1815037
-1807933
-1807501
-1797108
-1795272
-1794783
-1789539
-1780186
-1778910
-1777722
-1776624
-1774579
-1772836
-1763850
-1762834
-1760594
-1757783
-1750976
-1746117
-1744184
-1742573
-1736809
-1730643
-1726567
-1725947
-1725238
-1724861
-1715611
-1704092
-1704054
-1699299
-1697039
-1686835
-1686745
-1675632
-1675460
-1670279
-1669593
-1667532
-1665981
-1662793
-1662279
-1640106
-1638113
-1634850
-1633083
-1631946
-1627513
-1627006
-1619519
-1618782
-1617786
-1613031
-1610325
-1609610
-1600159
-1599411
-1595635
-1594283
-1593615
-1592386
-1589467
-1588727
-1582009
-1581147
-1576828
-1566583
-1565185
-1555558
-1552321
-1547124
-1544780
-1538222
-1535838
-1533356
-1527428
-1518158
-1517626
-1517160
-1510874
-1509529
-1509036
-1503167
-1502194
-1498447
-1483409
-1478576
-1461462
-1460669
-1448370
-1438176
-1434417
-1433787
-1432111
-1428960
-1427558
-1425164
-1421461
-1407963
-1391944
-1389132
-1387412
-1384377
-1382789
-1381546
-1380890
-1379168
-1368901
-1368451
-1368309
-1365709
-1361109
-1360479
-1342972
-1340800
-1336407
-1335706
-1330910
-1326411
-1325431
-1323585
-1321649
-1317255
-1315175
-1313718
-1305450
-1304976
-1302011
-1300640
-1299424
-1295604
-1293970
-1281054
-1273086
-1273068
-1272642
-1272526
-1270735
-1269385
-1261017
-1257696
-1253522
-1242986
-1242892
-1241156
-1236779
-1231693
-1226291
-1220419
-1216892
-1216570
-1208325
-1207424
-1203687
-1197618
-1192872
-1182392
-1180560
-1160718
-1153714
-1150528
-1149891
-1146986
-1142462
-1141634
-1136799
-1136260
-1135148
-1133374
-1129717
-1127081
-1126476
-1122991
-1119895
-1118350
-1113553
-1101748
-1101323
-1098462
-1097461
-1089775
-1088973
-1088240
-1084223
-1078673
-1070866
-1069427
-1060096
-1057662
-1053767
-1053397
-1040462
-1030544
-1030499
-1018851
-1012723
-1007071
-1005159
-1002296
-1000347
-999974
-999133
-989134
-987835
-983673
-980035
-979016
-978193
-977841
-974260
-972289
-948316
-948047
-947730
-942348
-930549
-926433
-923710
-921874
-919724
-918993
-916295
-913877
-910972
-909494
-907135
-902070
-894948
-882659
-881812
-879181
-872359
-866970
-863808
-863330
-863239
-857470
-849754
-848340
-837915
-833227
-829796
-827494
-827000
-809363
-809170
-807943
-807586
-806861
-805655
-801077
-800280
-794057
-792340
-785372
-783076
-773202
-768142
-761793
-756931
-754663
-751168
-733097
-731831
-729131
-729003
-721510
-720176
-718641
-708746
-706260
-701836
-700523
-694224
-693700
-693463
-688830
-688477
-680516
-678414
-678305
-673672
-672571
-667884
-665040
-661569
-651941
-649463
-649425
-644085
-643888
-643504
-640849
-637919
-634791
-631649
-624604
-624278
-624029
-622298
-621418
-612863
-611030
-609849
-605953
-604490
-582672
-580261
-577966
-576316
-574792
-571246
-569242
-560188
-558941
-551293
-546877
-546675
-546047
-545928
-512735
-507482
-507388
-506711
-506562
-503096
-499979
-496362
-496309
-487533
-484655
-481522
-480944
-477685
-470509
-465317
-463244
-463001
-462099
-456828
-452842
-445965
-441596
-436236
-428352
-415721
-414776
-412983
-410054
-399025
-392000
-383272
-371796
-363913
-356471
-353025
-352753
-350024
-349302
-347223
-343055
-342148
-340072
-318517
-316634
-315792
-304331
-300133
-298588
-297987
-295630
-295465
-294329
-293112
-291620
-288529
-285131
-284400
-280496
-277900
-275566
-271084
-268423
-267480
-267226
-265054
-261518
-256436
-254610
-251432
-248831
-247940
-241483
-235500
-233519
-233127
-232677
-230695
-223630
-216122
-207898
-207332
-206803
-203952
-201279
-189972
-186286
-183453
-182220
-178774
-176247
-174981
-173594
-168966
-166453
-166117
-164504
-160009
-151130
-145763
-144972
-141118
-140529
-139511
-128894
-110381
-108059
-104854
-86733
-80792
-77138
-72124
-69883
-65390
-65353
-60680
-59255
-56226
-56169
-55838
-55304
-20772
-19590
-12189
-11073
-9378
-9294
502
20715
22070
26638
33191
34367
40708
45520
47441
48394
49108
49153
59173
64534
74208
75330
76486
77791
86534
102002
104145
107988
108480
110378
113626
118256
119331
123402
131314
140240
165633
169061
169182
172831
173399
176205
184085
202033
205632
207483
207561
209844
220386
223582
225638
227046
240420
242048
247672
250053
252083
260066
261379
262322
264492
270364
278393
282733
283235
291031
292735
300985
312825
319275
325793
332574
333928
338278
339864
342595
349672
365823
365905
368517
386997
390739
394074
396459
401039
407583
408535
409938
410391
413304
419113
422384
428163
437021
437554
437695
439732
443666
475255
478419
479329
479609
481716
484601
486387
486648
488179
490693
492718
499754
502942
514741
516168
516901
517117
518169
523639
524367
525839
526148
530058
532768
534988
537190
542228
542287
543583
551926
553454
553932
554603
564787
565871
568994
569427
575771
583852
584528
585724
590519
590764
592834
596426
596429
598122
603245
604963
607077
607682
608096
611431
612196
620391
636665
636952
637194
637965
641150
642142
643045
643674
646269
647449
656428
657102
659327
661740
662279
663007
664171
664246
675519
677258
679986
683070
685604
689697
702991
709135
712183
722099
723984
732878
736901
738715
741232
745509
745518
757991
758949
762878
773143
777342
785380
786380
790625
793782
797184
805551
809594
811448
812701
815015
831817
837682
839224
850371
851655
854779
855364
857550
860326
865397
877526
878382
883541
883946
887651
894468
896284
902463
904265
905648
910520
910627
913056
914163
915329
915573
915881
924284
925184
925592
926071
926739
928563
931856
932738
951371
956137
956587
969150
971165
973337
987649
1004381
1006000
1009474
1012017
1014065
1018684
1028185
1030328
1038407
1038964
1042814
1043396
1043917
1056695
1057722
1058279
1064423
1067756
1069032
1071217
1078544
1082596
1083825
1086569
1091193
1100099
1103859
1104956
1105414
1108626
1112305
1113154
1114948
1124290
1124697
1128541
1139994
1147290
1150018
1152038
1162168
1171375
1172757
1175275
1177239
1180515
1182447
1182451
1184453
1186350
1188232
1188526
1190281
1194620
1203578
1205053
1212979
1214377
1224013
1225063
1228702
1229606
1238581
1238610
1238791
1239315
1240609
1243630
1244689
1249748
1253512
1254389
1254765
1255039
1264185
1265327
1269679
1271370
1273624
1279695
1286696
1295010
1296620
1297024
1298457
1299196
1299868
1304266
1306146
1314308
1314777
1331506
1332371
1343316
1343626
1344413
1344886
1359437
1359975
1361279
1365956
1368101
1368274
1375699
1379017
1387735
1393721
1398556
1399336
1399512
1400088
1401060
1423320
1426160
1428356
1429730
1437424
1440765
1441349
1442722
1444184
1445109
1446741
1455011
1457487
1457571
1463386
1464317
1464951
1469826
1471059
1477433
1482936
1487047
1497837
1498519
1499241
1503910
1504499
1514686
1519607
1520015
1520897
1521609
1522566
1523869
1523878
1534980
1537721
1548310
1550460
1550779
1550877
1555555
1558329
1563028
1569234
1575361
1590921
1592019
1604480
1607072
1610719
1611223
1613521
1613740
1624252
1624989
1625012
1641125
1644902
1647424
1650737
1652486
1654076
1656601
1665802
1666552
1668974
1672662
1683963
1692434
1692555
1692595
1699303
1702615
1708320
1708528
1709372
1715782
1724276
1724744
1728263
1729427
1738909
1741558
1747787
1749382
1753810
1761733
1764893
1781223
1791668
1793277
1797831
1800579
1803054
1803766
1806164
1813774
1815093
1821883
1830616
1833497
1834354
1835059
1837872
1844438
1848671
1850426
1852455
1857036
1862458
1864653
1865450
1870251
1876991
1878589
1879084
1891729
1891741
1893894
1896865
1897975
1902228
1902290
1902604
1903138
1906436
1909839
1924123
1925363
1932714
1937697
1938437
1939158
1940426
1950457
1956799
1961519
1961631
1964024
1964478
1969211
1979403
1979496
1979840
1987725
1987891
1990557
1991132
1992176
1994559
1995248
1996176
1997964
