-1998271
-1995759
-1994483
-1993929
-1991813
-1988179
-1984147
-1981540
-1979597
-1975260
-1964833
-1962264
-1956440
-1954872
-1953065
-1952301
-1947123
-1943862
-1942808
-1940521
-1938760
-1932641
-1932438
-1922326
-1917982
-1917106
-1915146
-1901735
-1900865
-1880091
-1879739
-1878423
-1874537
-1873645
-1862848
-1860290
-1851166
-1838809
-1835678
-1825931
-1819713
-1817433
-1814336
-1813963
-1811881
-1798719
-1798122
-1797257
-1796939
-1789937
-1787089
-1784497
-1783823
-1780239
-1777201
-1766544
-1766354
-1761507
-1760515
-1747557
-1736779
-1735696
-1735152
-1733808
-1731333
-1729479
-1727494
-1716656
-1715591
-1714262
-1710748
-1706380
-1702639
-1700596
-1697319
-1688141
-1686693
-1684528
-1682248
-1677799
-1676299
-1671659
-1671387
-1668733
-1668628
-1666729
-1665387
-1657194
-1655975
-1654398
-1651647
-1643481
-1642225
-1641305
-1638926
-1637621
-1633530
-1627371
-1626149
-1625196
-1623377
-1619219
-1600359
-1598624
-1596617
-1594449
-1592314
-1586515
-1583104
-1582089
-1569906
-1565964
-1564697
-1563190
-1562215
-1551148
-1549114
-1540762
-1539387
-1530149
-1517635
-1516955
-1511516
-1509474
-1507636
-1504436
-1500233
-1500146
-1498432
-1498009
-1496969
-1488366
-1478915
-1478250
-1474271
-1473333
-1458520
-1456523
-1455107
-1451553
-1446703
-1446429
-1445351
-1441706
-1441269
-1432842
-1431284
-1422962
-1420645
-1417667
-1408720
-1404097
-1392953
-1392923
-1388263
-1386020
-1382980
-1382227
-1381915
-1378345
-1375565
-1371191
-1367907
-1359435
-1354984
-1352658
-1351551
-1350775
-1328441
-1325327
-1324526
-1317908
-1315658
-1313512
-1307984
-1307279
-1294519
-1292771
-1289588
-1273109
-1271401
-1270009
-1259262
-1249948
-1247258
-1246386
-1236408
-1232550
-1232020
-1225044
-1224789
-1221662
-1215068
-1211667
-1210658
-1210226
-1204700
-1199256
-1197805
-1197794
-1191352
-1191272
-1189494
-1187927
-1177615
-1168399
-1164833
-1164372
-1156322
-1153207
-1148656
-1145536
-1140985
-1137888
-1136098
-1136077
-1124951
-1111969
-1109508
-1104082
-1101909
-1098816
-1089341
-1082149
-1080141
-1076868
-1071153
-1068223
-1050524
-1046385
-1045999
-1042752
-1040695
-1036276
-1035279
-1034320
-1034236
-1023553
-1022303
-1021812
-1021405
-1020945
-1019534
-1015290
-1004672
-1003482
-996137
-995793
-990692
-985463
-981979
-977009
-972801
-972692
-971257
-970254
-970226
-967558
-960497
-953541
-949730
-947205
-939223
-937857
-934560
-934079
-932940
-926631
-920973
-903463
-902589
-900367
-891625
-891453
-880767
-878229
-857232
-856468
-855232
-854430
-852938
-850628
-846322
-846134
-845334
-844892
-830581
-829472
-828188
-827979
-826523
-825522
-822826
-813107
-811819
-804422
-796051
-792625
-791141
-788519
-787372
-769764
-764536
-761706
-759210
-758048
-752814
-752169
-749634
-748803
-737030
-735588
-735319
-731736
-724027
-713680
-705278
-705195
-704252
-698820
-694523
-692416
-687901
-677837
-677350
-675769
-669490
-662624
-655230
-653208
-653117
-645772
-643970
-642461
-641362
-639426
-637689
-637214
-625739
-621731
-616501
-614610
-609071
-608183
-603008
-598028
-593824
-582848
-576548
-572585
-553214
-549213
-548519
-545735
-544987
-544357
-540940
-523578
-513144
-502347
-499018
-498021
-494927
-491890
-489765
-488844
-486532
-485133
-483271
-480780
-473722
-472651
-470492
-460745
-458007
-456668
-446437
-443260
-443081
-438947
-437451
-431756
-420465
-414823
-414584
-412886
-411706
-408922
-408741
-407894
-405444
-404958
-401015
-399520
-393388
-392914
-390409
-389767
-386251
-385457
-384607
-382847
-377211
-376635
-374754
-366024
-363958
-360314
-358569
-357332
-353477
-353243
-352128
-349254
-348538
-348057
-343803
-334437
-332947
-331109
-330445
-327485
-318182
-318088
-316379
-312505
-306409
-292464
-291476
-287580
-285374
-273692
-262686
-258541
-252098
-245920
-245165
-240837
-234546
-227009
-225874
-225458
-223342
-221342
-220914
-216255
-214497
-212368
-207805
-207246
-206058
-203482
-203453
-201327
-201056
-195805
-190692
-189796
-181534
-180216
-173847
-163008
-161709
-158529
-154912
-154826
-152214
-150578
-150152
-145087
-141316
-138125
-129890
-129087
-118873
-118627
-116775
-115399
-109408
-108802
-105046
-104520
-102520
-85442
-79519
-70650
-70509
-57783
-53118
-49790
-49504
-48327
-45382
-40603
-39159
-38902
-25354
-24814
-23922
-22416
-17489
-12555
-4306
-3342
2311
6122
11800
11908
16983
20367
20874
31779
32467
33761
41462
58642
76309
84033
93279
96401
96444
97082
97329
99963
100349
101005
101231
102580
103927
109148
111446
111614
113137
117496
125866
126555
134482
140021
148466
150362
160391
160847
180648
185620
189126
193662
202122
206266
207647
219439
224683
225891
230852
234058
237568
240325
243535
245670
249577
253338
256322
260263
260373
268244
268873
269638
272966
276898
278029
278133
283276
284654
286117
291975
292365
296609
297283
312255
317426
325160
325998
334631
336990
340324
350095
350179
351879
353978
357541
365870
368064
369259
380873
381357
382879
385248
386860
392254
399026
401369
406184
411257
415982
422395
423157
428642
429530
439056
440063
453524
461094
462857
466855
469619
473222
473657
481668
487422
487569
490113
491363
496950
497307
498957
499201
512697
515371
522016
522581
523011
534780
538627
541252
542446
542743
546443
548461
549290
555957
568957
570655
571549
571890
575337
578848
580722
581938
582002
584914
586230
586674
587224
590555
594525
600184
603885
607553
608196
632392
635301
635377
642901
644385
644891
649002
649460
654401
660480
660746
663087
666127
667941
668880
681395
682639
685732
685946
692148
695536
695629
697027
701361
702860
703942
711717
712861
713085
716731
718370
718486
719129
719168
723172
728509
737022
740305
742995
743591
748697
749447
757284
766778
768071
768617
769553
769681
774878
776114
778301
778632
781748
782114
785615
788163
788164
808226
808618
824660
831287
832772
833305
834185
846280
849570
850810
853033
854186
860277
860862
864426
866625
871793
872246
884890
888306
888533
893510
904665
907442
925582
934889
938557
942539
953198
960399
964576
964855
974561
976962
977770
980633
981425
982031
984944
985837
987934
989802
989880
991175
992858
999450
1013557
1015207
1016197
1020605
1024505
1026669
1031643
1033701
1035927
1046508
1050431
1057233
1062398
1062804
1063998
1068477
1071430
1073036
1077583
1083230
1087273
1090931
1093686
1108464
1109234
1116653
1117268
1120770
1121508
1132110
1145957
1146436
1154444
1159658
1163251
1164534
1179039
1182831
1187019
1187558
1188983
1194665
1195573
1197516
1200512
1205565
1216898
1217047
1223163
1235121
1235796
1239658
1239673
1239768
1240903
1242456
1246840
1250203
1251669
1252490
1265655
1268015
1269062
1271835
1273687
1275148
1275543
1277008
1284464
1288204
1294961
1295853
1297161
1308170
1315734
1318191
1322647
1324256
1325837
1333006
1335859
1339781
1341195
1349192
1350281
1352153
1357186
1361362
1361417
1364733
1366942
1380792
1388925
1390763
1394826
1401887
1404011
1406003
1414665
1415595
1423358
1430132
1430559
1431889
1432794
1433823
1435025
1435049
1440463
1455368
1458691
1462063
1463868
1465435
1469348
1473252
1477254
1487609
1491162
1498272
1507312
1513430
1516955
1517247
1518010
1518339
1525206
1526232
1529850
1531984
1532424
1532542
1532788
1533091
1537112
1540485
1541083
1543806
1544017
1544091
1547459
1565310
1567097
1569386
1572650
1575394
1576180
1589625
1589973
1600640
1606270
1608044
1614612
1623475
1624114
1634934
1637947
1639468
1643098
1645205
1645419
1654323
1656957
1677295
1678455
1683495
1692947
1697094
1699470
1705171
1716703
1720752
1722273
1729600
1735675
1735684
1740201
1743961
1749080
1751733
1753247
1760958
1769145
1769844
1773290
1774606
1787923
1797727
1800494
1810187
1814363
1822050
1825774
1827574
1835611
1835668
1836010
1839834
1841068
1841872
1854510
1855063
1859554
1863562
1865213
1872382
1872733
1873785
1875878
1876603
1878181
1879440
1881506
1883984
1888530
1894936
1898918
1903960
1910842
1919929
1921663
1925733
1930080
1931719
1933636
1939097
1940738
1945841
1950638
1953613
1955951
1960343
1961707
1964808
1971072
1971230
1973599
1987609
1998939
