-1996772
-1993418
-1988149
-1984119
-1981987
-1979267
-1976846
-1972266
-1971552
-1971327
-1958623
-1955604
-1949554
-1947375
-1930970
-1924176
-1923915
-1921862
-1918996
-1916736
-1912835
-1912393
-1910810
-1908075
-1900817
-1897526
-1894605
-1894353
-1886803
-1880284
-1873963
-1871476
-1863182
-1862611
-1856659
-1856253
-1855881
-1852259
-1849884
-1839680
-1836513
-1826415
-1821808
-1819920
-1818897
-1808659
-1805277
-1797438
-1796440
-1792625
-1792227
-1791809
-1789290
-1785093
-1782220
-1779831
-1779269
-1773005
-1767829
-1765083
-1762695
-1752389
-1741698
-1741323
-1741274
-1734699
-1729327
-1724064
-1717247
-1714280
-1707931
-1702496
-1693211
-1690830
-1690515
-1685942
-1675922
-1674744
-1674336
-1673825
-1669478
-1659693
-1658732
-1658382
-1658294
-1653302
-1650103
-1647954
-1636839
-1620044
-1616575
-1615434
-1611454
-1609642
-1608316
-1606342
-1601618
-1598646
-1597473
-1593230
-1589378
-1587275
-1585521
-1582310
-1580238
-1565704
-1557918
-1548995
-1547549
-1539596
-1539379
-1533343
-1525755
-1525175
-1520079
-1519963
-1518781
-1516242
-1516081
-1507440
-1506478
-1501065
-1491547
-1490454
-1475264
-1474395
-1469714
-1458720
-1457917
-1457143
-1456810
-1455401
-1448468
-1441936
-1435433
-1420675
-1415418
-1414575
-1405890
-1404793
-1403300
-1402773
-1398800
-1380464
-1374893
-1373998
-1373760
-1371617
-1370543
-1368615
-1368112
-1368095
-1363368
-1350690
-1349327
-1340013
-1334943
-1332626
-1329691
-1327287
-1326615
-1324658
-1317521
-1305705
-1305516
-1295683
-1291844
-1291820
-1288142
-1285908
-1285582
-1277564
-1267984
-1263910
-1258597
-1255941
-1251355
-1250939
-1247360
-1244099
-1240502
-1239313
-1239166
-1238124
-1235501
-1228522
-1227443
-1227283
-1223561
-1219907
-1217749
-1217460
-1209861
-1208383
-1199416
-1189767
-1187811
-1182125
-1178323
-1176691
-1170731
-1169501
-1169052
-1168730
-1168363
-1162970
-1160907
-1157838
-1153021
-1149328
-1149192
-1146206
-1145455
-1143708
-1139997
-1139481
-1137707
-1137287
-1126513
-1120966
-1110344
-1108358
-1104597
-1103391
-1102277
-1099387
-1092952
-1090667
-1083759
-1082512
-1076504
-1067123
-1065824
-1065704
-1064877
-1051059
-1043534
-1040907
-1035841
-1035604
-1034052
-1033220
-1029900
-1027903
-1026813
-1020822
-1017005
-1013968
-1013698
-1008748
-1007730
-1007266
-1006944
-1005480
-1004508
-1002260
-999572
-998667
-997086
-990501
-986024
-984846
-978168
-975642
-970335
-967087
-964490
-959730
-958981
-958282
-958198
-956484
-953962
-953766
-933729
-932541
-927688
-921282
-919153
-918775
-918069
-916540
-913248
-911930
-905134
-896666
-895726
-895459
-893925
-892815
-881062
-872498
-871503
-871332
-870871
-868088
-863931
-861408
-858281
-856307
-856289
-855034
-855005
-854495
-853971
-844092
-842870
-838891
-838431
-835574
-822452
-820853
-820770
-818515
-813584
-797230
-794393
-789818
-789494
-789304
-786200
-786135
-785844
-775632
-774709
-771335
-765978
-764625
-763488
-759707
-757435
-743543
-743047
-735920
-734180
-733110
-732254
-723798
-714926
-712153
-711206
-703199
-701052
-698492
-697836
-697239
-688319
-687072
-682427
-674049
-671086
-670228
-665923
-658690
-657153
-650507
-649877
-649578
-631099
-629905
-623075
-613342
-609262
-607903
-605892
-605166
-599155
-594776
-594311
-592106
-590886
-583516
-580449
-579773
-575748
-568820
-566854
-566539
-563276
-556950
-556398
-552733
-539515
-538702
-537743
-537085
-536937
-536529
-535634
-530889
-524253
-521532
-520308
-517674
-511690
-511424
-510632
-497029
-487800
-484876
-484583
-478493
-476988
-474580
-452045
-449343
-444589
-429475
-428607
-424103
-415984
-415491
-413952
-413102
-410002
-399716
-399324
-397466
-390808
-375665
-366008
-362772
-362511
-362427
-354432
-353887
-345212
-343368
-337995
-336934
-332187
-329332
-327948
-323669
-315241
-314487
-310677
-307374
-305788
-302154
-301305
-290273
-284944
-284794
-284482
-284211
-283942
-283282
-279578
-271577
-268932
-267028
-265892
-264437
-256915
-244075
-243948
-220539
-216218
-214195
-213715
-212202
-211028
-210371
-199674
-193118
-183195
-181843
-180262
-178425
-176081
-175505
-170468
-168622
-154382
-146833
-146087
-140249
-136546
-135291
-134338
-132719
-128871
-125703
-121912
-119750
-116620
-114700
-107277
-104123
-101527
-96113
-88844
-80994
-77896
-76235
-74340
-73627
-70830
-64653
-59877
-54701
-51898
-35579
-24193
-20597
-19285
-16773
-8745
-2336
10252
14534
16934
28609
33857
37627
37772
39021
45698
63787
66334
73367
78575
80251
85037
87827
89396
92748
108666
110589
113796
114257
116898
123091
129430
134542
136224
140558
140949
146089
149346
150546
151240
152085
155489
158048
165303
165329
166121
169728
180303
190383
194597
198554
199033
199072
201805
202644
203528
205369
210500
212212
213196
215605
215985
220652
226531
227152
236025
241585
241945
243240
247046
247826
261778
273538
273588
273715
274634
274983
280582
291195
296586
296801
300352
300383
306168
306668
311920
314077
314872
316999
317484
319225
323322
323397
326837
330242
333696
335289
342091
348942
356868
361276
371148
371381
384597
394362
394820
398864
403402
404528
405604
418101
418469
419569
427550
428513
430802
431286
446070
454151
454378
455119
456782
457288
457417
462575
464061
464231
467940
469797
475336
476080
478955
479746
483773
492535
494097
495847
503403
508479
516931
522243
530728
534032
535526
540306
541030
543253
557820
569515
574949
588120
589399
592735
595467
602592
606379
610174
611385
617733
626974
628748
634205
640264
642722
642977
643123
645140
647668
650944
657008
658427
666969
667444
672379
679184
681436
682966
692499
694737
710394
714762
718681
725334
727105
730658
732427
733877
733919
734396
734993
742693
745687
753237
754715
755201
755704
758189
758697
761629
766133
769437
772652
774055
780331
782722
786836
787514
790080
793231
798387
800698
802719
812004
813997
814510
820799
823206
824118
830592
831963
835766
837809
838795
842820
847933
848769
851006
858371
861427
868260
870648
870953
871552
877295
880845
881508
888106
888219
893508
895482
899103
907028
908801
922032
925228
925901
929337
931441
940785
943504
943756
947309
951752
952628
955144
960537
964265
968388
974460
974635
983871
985199
995425
995791
1002489
1006250
1007992
1017756
1021434
1028173
1032644
1039413
1048750
1053854
1058114
1065115
1066871
1068808
1070508
1070928
1073246
1076696
1080409
1089797
1097302
1097529
1097650
1099117
1106151
1106231
1110875
1113005
1114795
1118524
1120568
1125917
1138826
1143186
1145070
1149418
1157319
1159155
1165643
1166326
1172398
1174159
1181528
1183142
1184565
1186585
1190276
1192866
1203520
1209827
1210124
1213360
1221097
1227523
1228247
1229643
1231544
1233031
1233697
1233790
1243158
1250938
1252660
1257462
1262109
1269220
1274826
1276582
1285101
1288322
1290035
1290095
1290502
1293553
1295200
1297941
1301917
1303541
1307470
1307508
1311366
1314449
1314720
1317592
1335647
1339808
1344732
1348525
1350075
1356018
1364470
1368557
1372332
1374598
1375196
1384709
1384875
1385230
1392753
1399743
1400086
1413396
1419273
1423226
1427500
1435744
1440689
1442648
1443933
1444270
1454609
1456416
1457165
1459304
1466639
1469314
1473531
1476022
1476164
1477192
1480129
1481529
1484186
1487959
1492287
1495245
1500262
1512982
1512989
1522087
1523401
1523580
1524950
1525206
1534660
1539656
1547362
1548217
1551131
1555331
1556850
1568517
1572988
1581276
1581964
1584201
1593114
1602932
1606620
1614359
1615215
1615224
1617997
1620062
1632419
1635491
1638050
1638587
1640086
1645640
1647357
1652531
1653219
1654777
1656716
1657562
1661970
1669661
1673869
1674741
1687021
1694283
1698082
1700146
1705775
1706089
1706212
1708652
1710765
1713542
1719276
1729333
1734929
1737985
1739997
1751643
1757511
1768611
1769072
1773401
1775663
1776125
1777207
1778468
1780583
1787331
1789888
1792502
1801096
1803299
1804709
1805099
1805333
1809624
1813165
1814485
1816043
1816950
1851470
1852018
1864813
1867794
1870485
1878491
1880143
1880897
1886123
1888062
1894843
1898692
1912012
1919453
1931597
1950214
1951819
1952404
1953198
1960938
1962168
1964061
1975248
1984143
1991974
