-1989610
-1985847
-1981719
-1979697
-1979042
-1972545
-1970316
-1968818
-1968646
-1966791
-1963533
-1963493
-1957361
-1957324
-1955764
-1951843
-1948084
-1940625
-1926854
-1923866
-1922071
-1917806
-1917185
-1910471
-1908736
-1908287
-1902483
-1899947
-1895392
-1895115
-1894473
-1893338
-1893338
-1892562
-1889144
-1888644
-1887453
-1883224
-1882751
-1882615
-1882589
-1876640
-1874550
-1869401
-1869346
-1851517
-1835611
-1830811
-1830311
-1829851
-1818917
-1813806
-1809288
-1804955
-1797999
-1794370
-1793218
-1792533
-1790999
-1787049
-1786970
-1779764
-1766459
-1763875
-1757131
-1755776
-1755574
-1753900
-1751435
-1744754
-1743758
-1739205
-1737514
-1733584
-1730534
-1725876
-1725727
-1719403
-1718910
-1712195
-1696798
-1694908
-1670348
-1665070
-1663809
-1651884
-1651144
-1646812
-1629468
-1617694
-1612853
-1610949
-1604490
-1600207
-1596896
-1593595
-1588526
-1586383
-1584979
-1581411
-1580196
-1570186
-1563466
-1553818
-1538678
-1535264
-1533762
-1530776
-1526796
-1521892
-1520165
-1514783
-1512233
-1512153
-1508842
-1497312
-1491172
-1485160
-1481844
-1480024
-1466945
-1465177
-1462859
-1461733
-1461127
-1459268
-1453615
-1453222
-1451091
-1444778
-1441121
-1440386
-1435125
-1434433
-1423758
-1422518
-1414347
-1411051
-1406701
-1405647
-1405145
-1403344
-1400318
-1393288
-1391389
-1386744
-1384827
-1382963
-1380077
-1379401
-1373485
-1370012
-1365954
-1351436
-1351234
-1350385
-1345715
-1344543
-1341284
-1334701
-1317821
-1315868
-1305355
-1299443
-1298498
-1296672
-1295462
-1295416
-1288754
-1283808
-1282709
-1281077
-1280633
-1275129
-1274977
-1260270
-1250515
-1249097
-1247248
-1244793
-1243097
-1238143
-1220051
-1217426
-1213892
-1210167
-1206959
-1205250
-1202176
-1192629
-1190990
-1190089
-1188954
-1176528
-1175585
-1168300
-1167030
-1165646
-1162283
-1160198
-1157170
-1156981
-1141635
-1137907
-1130898
-1130651
-1129618
-1125962
-1125105
-1121079
-1119510
-1118450
-1106066
-1102794
-1102558
-1098205
-1095425
-1092907
-1092764
-1089990
-1088489
-1088458
-1084493
-1067037
-1066750
-1065825
-1060790
-1055526
-1053696
-1053497
-1052714
-1032961
-1031148
-1029439
-1028644
-1025212
-1024596
-1018314
-1004976
-1004565
-1003008
-998079
-990735
-990440
-985178
-980684
-979712
-978383
-978369
-968183
-967147
-941706
-933954
-933152
-928990
-927019
-923795
-923302
-923110
-921313
-897482
-893372
-885434
-880549
-878167
-877222
-876713
-875426
-875101
-863994
-862789
-858875
-857500
-834564
-829911
-829031
-828816
-825644
-822806
-820721
-819760
-819724
-814938
-808978
-808627
-807602
-801951
-799254
-792303
-790278
-787562
-784880
-783151
-778444
-766948
-766559
-766211
-763529
-761490
-756749
-756707
-753389
-750471
-746887
-745791
-742052
-740523
-739590
-735877
-734477
-730963
-730003
-725631
-724526
-724463
-723051
-722812
-716941
-716041
-712405
-709819
-709235
-707595
-707021
-702135
-699266
-696870
-695202
-694412
-679343
-678428
-677303
-673081
-667927
-663571
-662657
-662526
-660327
-645768
-640291
-634700
-633520
-629734
-629598
-626519
-624701
-615752
-613239
-605347
-603772
-601979
-599625
-598503
-592866
-592078
-587961
-579101
-578227
-569814
-568631
-567411
-562948
-561650
-561479
-560197
-547762
-547115
-539952
-535179
-518852
-517551
-509273
-505437
-500041
-495155
-493487
-493457
-487786
-484888
-481162
-480492
-475693
-472579
-471920
-469171
-467335
-456716
-456075
-452084
-451144
-446468
-445981
-444443
-437220
-434123
-433019
-428470
-423551
-423439
-423296
-420572
-413717
-412806
-412175
-411832
-409929
-406708
-399624
-391377
-391194
-387492
-379317
-374278
-373780
-371491
-362038
-344316
-340476
-338803
-335098
-333480
-331816
-325496
-313750
-310103
-305840
-302451
-300604
-300527
-299907
-299899
-293110
-288182
-287967
-283319
-266182
-257845
-256461
-249865
-248272
-246919
-245938
-240363
-235464
-228764
-227830
-225649
-217794
-214774
-213049
-212543
-201283
-200045
-196555
-189832
-186418
-184295
-179719
-178429
-149289
-146594
-138576
-132525
-130956
-129392
-128232
-120896
-101576
-98049
-97556
-95022
-88371
-87213
-77633
-77135
-76736
-71765
-68718
-62245
-50066
-45075
-45053
-40300
-37378
-36599
-29144
-24536
-7649
-5383
3447
5992
14121
14699
18016
27469
29048
30282
30755
42644
44042
51212
55488
55517
63089
63418
71447
73786
83083
88548
96027
96517
97619
97644
102732
104711
104884
105979
107099
113014
113986
117017
120254
130561
131540
133866
134429
135625
138692
139721
139770
141616
142494
157901
162825
164751
167223
180861
183416
183483
184585
191770
195953
199973
203017
203153
206983
209040
209095
210166
212464
216253
225247
233693
238905
241358
244204
250977
251219
252578
255639
255818
259087
262350
269604
277855
284427
289079
292092
302730
305059
305772
311821
311906
325405
332019
333992
335194
340612
343235
344258
351965
354926
360596
370527
372029
373741
375034
375179
378017
383864
386331
398785
401582
406064
406808
409520
409885
414560
418618
418840
420141
422775
424674
424961
425340
428968
429612
429699
430492
442029
447260
449431
458636
463572
465761
470968
475085
480256
480479
480566
489559
494469
500251
503923
513219
529186
543613
543788
562235
562260
568167
568252
569018
569978
572360
574679
577682
581666
584890
586638
590866
593950
594210
598179
600780
603210
605039
607368
620875
622012
624112
627396
629470
634139
634703
636826
639155
648435
650465
655369
661351
662073
663358
663639
667168
670248
670256
673628
674842
675416
679460
681367
685484
687265
691714
694043
694899
695950
695967
699775
701938
705531
713668
717592
719682
722492
722588
723111
737249
737593
748545
751370
756718
757828
765623
768881
781987
783569
785475
798721
813909
827712
829300
830425
848164
849499
850977
855417
865265
866418
867000
869822
869999
875343
875391
883009
883881
884111
893554
895113
898601
901583
902950
903241
905183
909376
913137
914878
915554
920401
922099
924821
924934
931117
937207
947337
959575
963845
966378
968233
969820
977464
977902
978634
981660
983157
984887
992179
997577
1003641
1007239
1018190
1019545
1025241
1037826
1038046
1056388
1060354
1062129
1064806
1069750
1070738
1093212
1097449
1105046
1107233
1108232
1111783
1113358
1122800
1127746
1132872
1135513
1137720
1150684
1153521
1156506
1161068
1165535
1170930
1173650
1183939
1190965
1191950
1192453
1199621
1199679
1201710
1206431
1207727
1212451
1218056
1220443
1221511
1226231
1228772
1229386
1236796
1237983
1239159
1244037
1244681
1249783
1254770
1256583
1261905
1262962
1268215
1270081
1276560
1278757
1282539
1282982
1287110
1289224
1291745
1301120
1308973
1313170
1313382
1314799
1321491
1328755
1332099
1332290
1334977
1338085
1341228
1342778
1343728
1344504
1353997
1359795
1365263
1367186
1372501
1375061
1376318
1380055
1380606
1380742
1389311
1392186
1397715
1403624
1403944
1405138
1406000
1406972
1407542
1418785
1423557
1427623
1428427
1431575
1437413
1443041
1444989
1449816
1450439
1456655
1459316
1466971
1467957
1468346
1469180
1472702
1475641
1484308
1484597
1490451
1492291
1492374
1494723
1495316
1495826
1497923
1506314
1506954
1510761
1511865
1514568
1517227
1517873
1520224
1521359
1528680
1530276
1532920
1540372
1543628
1549435
1549657
1550001
1550480
1551706
1560589
1564408
1565132
1566672
1567978
1571235
1572508
1573850
1575476
1580593
1585794
1591436
1594159
1605104
1615687
1618650
1622250
1630048
1634532
1634566
1651901
1653564
1657990
1662505
1666461
1666944
1689728
1693378
1696252
1702026
1702544
1702700
1709494
1710828
1718903
1721302
1721935
1726739
1727047
1729817
1733308
1736896
1737716
1738537
1740546
1740873
1744071
1770913
1771509
1774131
1779047
1785011
1788021
1791864
1795377
1802619
1803465
1807597
1808665
1809007
1811826
1814103
1816125
1821046
1829646
1829867
1837833
1843699
1844627
1847770
1848974
1853430
1855395
1856110
1866252
1868524
1869485
1869773
1870448
1881036
1881567
1894466
1897418
1897555
1900504
1903986
1904477
1907569
1910545
1911140
1921596
1921763
1925455
1931277
1934060
1958377
1971555
1974333
1976120
1981528
1983511
1983546
1985239
1995824
