-1998966
-1989451
-1988899
-1987097
-1969557
-1966357
-1964992
-1957434
-1943896
-1943146
-1940554
-1930214
-1929972
-1928037
-1913264
-1911677
-1911478
-1906339
-1904366
-1901491
-1901042
-1900373
-1893534
-1890622
-1889356
-1887703
-1885865
-1880903
-1877922
-1873293
-1859751
-1856478
-1852319
-1840685
-1839171
-1838764
-1838294
-1831759
-1827084
-1824509
-1823559
-1812428
-1805150
-1800578
-1800049
-1799337
-1786027
-1783737
-1780715
-1770215
-1769752
-1769120
-1764953
-1764370
-1763578
-1755006
-1748348
-1746783
-1741120
-1739143
-1737505
-1734852
-1727457
-1725449
-1724673
-1724656
-1722210
-1712987
-1708867
-1707120
-1704017
-1697458
-1691875
-1688536
-1684417
-1675188
-1673222
-1662674
-1657468
-1635576
-1630191
-1628649
-1626088
-1626051
-1625913
-1625093
-1623019
-1621991
-1611778
-1607874
-1605373
-1594327
-1592854
-1590522
-1588148
-1586663
-1582735
-1578890
-1568623
-1568044
-1564880
-1562993
-1562029
-1559595
-1559137
-1557805
-1546204
-1544865
-1543485
-1536943
-1531558
-1526374
-1507864
-1507610
-1500416
-1495571
-1490787
-1484629
-1483668
-1478207
-1474096
-1472343
-1469483
-1468950
-1467340
-1460377
-1453612
-1449772
-1444501
-1443183
-1438415
-1435571
-1433663
-1432179
-1429046
-1426120
-1425623
-1418274
-1416266
-1413559
-1406613
-1398865
-1396077
-1392473
-1390370
-1389755
-1388368
-1384468
-1378518
-1378480
-1375245
-1372186
-1371051
-1368186
-1365139
-1352381
-1351141
-1342638
-1338612
-1338128
-1334014
-1331395
-1325140
-1321902
-1319351
-1318355
-1315859
-1308469
-1305895
-1295978
-1293796
-1289052
-1285821
-1276460
-1269105
-1267481
-1264738
-1258541
-1257778
-1255133
-1252758
-1252448
-1246570
-1244606
-1241529
-1239385
-1236007
-1231254
-1228916
-1225962
-1224334
-1223963
-1222158
-1219332
-1205327
-1203794
-1197522
-1188083
-1185410
-1184141
-1173919
-1170346
-1169470
-1160498
-1160364
-1160033
-1159524
-1157906
-1155745
-1154813
-1153361
-1138318
-1135899
-1130351
-1127711
-1126172
-1118969
-1117259
-1110948
-1108482
-1108174
-1107487
-1100401
-1098171
-1090436
-1088446
-1088256
-1085836
-1085421
-1078344
-1076860
-1069224
-1054717
-1046122
-1042254
-1033778
-1033392
-1032613
-1027832
-1025011
-1011642
-1008875
-1007491
-1007366
-1003846
-1001714
-993489
-989063
-988488
-988459
-986900
-977647
-973178
-972532
-969313
-960948
-957746
-951990
-947408
-946803
-940979
-937171
-933992
-932561
-930057
-923099
-921818
-919460
-909269
-901328
-899868
-897870
-893282
-889988
-885483
-874803
-874623
-867604
-865713
-860860
-855248
-853815
-844532
-841307
-836751
-836712
-833122
-829898
-828001
-824666
-822901
-822464
-821533
-820377
-818086
-815210
-814510
-813578
-812064
-810731
-801610
-790801
-787908
-787245
-787189
-785670
-784760
-783396
-774693
-771021
-765238
-759120
-758184
-753189
-734305
-732004
-716384
-712860
-707779
-703246
-701345
-701109
-700268
-699998
-695185
-685001
-683229
-680352
-675655
-673211
-666466
-657967
-651752
-648985
-648570
-641516
-639082
-636675
-635515
-633395
-628120
-626694
-621478
-613295
-609752
-603587
-597924
-596743
-594664
-584930
-580375
-578169
-577316
-572326
-571250
-569568
-565156
-561630
-550156
-547474
-536088
-518664
-512383
-500827
-497871
-495981
-494252
-482231
-480044
-472000
-471322
-467518
-466341
-465678
-461666
-452490
-452384
-448601
-448459
-445563
-442260
-438054
-437005
-433771
-426795
-412618
-407196
-403774
-400211
-398515
-397820
-396846
-392477
-390282
-389295
-387619
-381733
-372574
-369458
-349698
-348940
-347447
-339493
-339460
-337909
-335490
-334895
-326736
-322789
-321941
-320552
-316184
-306998
-303841
-297369
-296742
-292864
-291138
-279717
-270571
-264874
-260885
-252538
-249481
-226180
-223487
-217137
-214624
-213526
-213337
-207116
-200708
-196183
-184396
-182275
-166466
-157985
-154152
-150185
-146858
-145615
-140656
-131226
-129175
-126132
-108680
-107424
-106287
-105461
-105329
-86178
-84667
-83326
-75775
-74474
-74454
-60718
-59661
-58333
-58260
-57630
-56335
-56051
-55678
-55242
-52658
-48381
-44510
-40775
-38169
-32489
-32344
-30511
-26990
-25669
-24305
-14615
-6143
3329
7035
19714
20571
23571
35604
40959
41562
45985
52938
54554
66708
69822
73220
81987
91736
93609
95074
95970
96166
97387
100288
107105
111340
115278
119964
122863
132627
134829
141894
143934
149045
154206
154969
159991
163345
165782
171752
177880
184467
185847
186585
187292
189782
192347
192772
197717
207974
212401
216874
220299
228353
229108
229707
235575
241356
243150
260370
264327
265865
266205
267635
276203
277016
282224
282448
293257
295094
295654
296043
303297
303439
303825
309644
318778
320718
321710
326571
328172
330157
336279
337407
343663
344209
347156
347774
350446
351451
351661
358292
360833
362131
363896
364356
370729
372326
376491
382468
386328
387656
387827
387847
394420
399956
400112
406373
414337
421575
422395
428265
437956
440291
442191
445572
446948
447290
451055
452127
454496
459279
459329
468308
469394
474488
475235
484480
485552
487648
491083
498281
507826
510485
511470
512836
513155
513877
518731
524735
533291
533500
541644
544945
547910
548082
552320
554019
560752
561098
561387
562887
566671
566880
573590
574915
587859
588653
592238
599305
600644
600760
603427
604668
605555
616182
616205
622238
622263
626791
632457
633435
635118
635486
637239
639888
644210
644802
651089
673062
678848
686508
694623
696210
697093
703576
706100
707010
710986
713217
718239
719123
721989
727644
732821
733772
738710
738855
740506
745260
747607
749152
757351
761414
764776
764861
772726
777352
784038
789655
791936
793792
795135
797685
797719
800100
819786
820337
827867
834291
838585
841500
846289
849851
857315
862741
864403
867286
868923
878094
878239
878576
879431
879589
881871
903747
906983
911393
912873
913314
917139
920680
926758
937553
939389
940670
945768
945980
951046
955148
959853
962399
962840
967278
976814
981692
983264
988341
991906
994206
1004461
1011574
1012348
1014116
1019998
1020971
1028064
1029022
1031364
1032694
1038430
1042342
1042454
1044983
1053758
1056559
1058662
1058753
1068708
1070344
1070388
1082080
1084287
1084770
1085511
1085780
1097220
1102906
1108843
1114200
1114709
1118101
1122870
1124148
1129385
1129889
1131497
1139893
1139947
1143182
1144641
1149584
1155948
1169051
1169446
1170970
1172245
1193513
1196093
1207240
1209585
1212197
1223232
1223822
1223932
1227437
1230692
1232952
1235598
1237249
1239155
1241503
1241505
1242733
1244342
1247354
1247381
1247940
1250432
1251551
1269409
1270296
1275015
1280559
1285838
1286743
1287471
1288477
1288809
1295131
1295810
1296199
1296335
1304758
1308677
1314434
1322675
1333236
1334981
1336004
1337203
1337203
1339696
1341276
1345399
1350644
1361518
1365530
1365571
1370856
1373400
1373624
1382250
1383429
1386284
1393127
1394826
1396388
1399779
1407744
1415277
1416468
1419732
1428992
1430803
1432380
1433914
1438607
1439467
1443987
1446242
1447610
1448924
1452903
1455610
1459558
1465998
1467610
1470861
1473091
1476981
1480178
1482031
1484982
1488666
1489462
1491124
1491324
1491360
1494362
1500065
1509562
1514019
1531588
1541723
1541745
1544731
1548871
1550267
1555982
1559490
1566983
1570673
1575236
1577886
1579183
1581646
1586161
1586441
1590126
1592458
1593951
1596616
1596660
1599097
1599276
1604240
1604466
1604657
1605876
1607080
1618647
1619119
1622589
1624309
1629886
1630748
1646208
1657895
1658100
1658147
1661194
1668498
1675828
1681160
1684646
1686080
1692527
1693634
1694793
1695843
1697411
1699173
1707730
1722765
1723506
1724319
1731929
1734819
1742651
1743339
1745329
1747659
1752074
1752242
1755332
1755743
1760482
1760889
1766657
1767977
1769808
1785585
1786042
1789604
1801230
1808197
1809914
1819864
1826821
1828483
1834159
1847007
1847572
1853276
1856422
1864845
1872770
1875497
1895317
1904788
1909154
1915118
1917017
1917136
1920960
1922595
1925071
1927148
1928510
1935421
1940033
1944375
1947188
1947213
1950925
1952262
1954288
1955385
1956714
1958668
1961462
1962786
1963472
1975562
1976147
1976284
1978528
1980141
1987533
1990186
1990860
1993835
1994773
