-1998320
-1994446
-1985366
-1983884
-1976978
-1976922
-1976656
-1974486
-1974402
-1972338
-1961874
-1958003
-1949971
-1943295
-1934964
-1934758
-1934176
-1927389
-1926536
-1914883
-1914212
-1911077
-1909755
-1901811
-1894494
-1890170
-1890018
-1887959
-1882022
-1879800
-1878114
-1871559
-1870362
-1867968
-1861874
-1861247
-1860021
-1855153
-1851120
-1848535
-1848263
-1848105
-1841656
-1840977
-1832352
-1829560
-1826647
-1826646
-1821237
-1815056
-1813249
-1813194
-1811001
-1810630
-1808534
-1802177
-1797721
-1784390
-1783274
-1777560
-1771559
-1770107
-1764548
-1763188
-1752928
-1750285
-1748722
-1743608
-1741381
-1740549
-1734347
-1732006
-1731594
-1730195
-1729120
-1729025
-1715793
-1714697
-1712102
-1712029
-1709653
-1707231
-1705151
-1691485
-1686199
-1682007
-1671591
-1659385
-1658276
-1649186
-1644967
-1635943
-1631041
-1628438
-1627368
-1624066
-1623974
-1620815
-1619125
-1617855
-1611634
-1607562
-1599570
-1598279
-1597986
-1594897
-1594320
-1580250
-1579654
-1575855
-1569833
-1559574
-1555597
-1555445
-1546430
-1536706
-1536043
-1525159
-1522774
-1514473
-1509468
-1508886
-1503323
-1497652
-1493255
-1483362
-1481754
-1478609
-1475173
-1471259
-1469174
-1467251
-1463956
-1459718
-1458117
-1449368
-1438241
-1435926
-1427263
-1426438
-1423600
-1418151
-1415122
-1409678
-1405383
-1404377
-1404237
-1403670
-1399917
-1393739
-1393046
-1385428
-1383769
-1382097
-1381441
-1370674
-1365728
-1363202
-1358639
-1352993
-1347774
-1346678
-1346055
-1342155
-1338728
-1333547
-1333206
-1333037
-1327376
-1306596
-1304995
-1297725
-1296599
-1294786
-1282376
-1281120
-1279643
-1276919
-1275068
-1269272
-1267264
-1262246
-1261384
-1260915
-1252575
-1252177
-1248775
-1247764
-1239871
-1235557
-1225825
-1212295
-1203512
-1200861
-1199886
-1188353
-1176172
-1173024
-1168135
-1166830
-1166444
-1161001
-1160835
-1150374
-1150131
-1150124
-1148466
-1147608
-1145358
-1144738
-1141132
-1138851
-1137070
-1124596
-1123183
-1120342
-1117618
-1113385
-1105511
-1104860
-1096419
-1095041
-1088914
-1086099
-1077583
-1077432
-1075399
-1071905
-1069150
-1067823
-1067015
-1061862
-1059487
-1058178
-1055120
-1053384
-1038233
-1033103
-1021936
-1021566
-1020165
-1011387
-1007498
-1005491
-1003625
-1002932
-999048
-994138
-993840
-990635
-987628
-981553
-981431
-980869
-979151
-976135
-968932
-958534
-952706
-940140
-939680
-936393
-925877
-920235
-916729
-912177
-899199
-893822
-890307
-884285
-881540
-878353
-876269
-873174
-872548
-871642
-862468
-859531
-856629
-853506
-843877
-842371
-842291
-833881
-832207
-828188
-821253
-820212
-813810
-808294
-803339
-797031
-794921
-794187
-792321
-791667
-789108
-779675
-776912
-772829
-771349
-768778
-768621
-766562
-760403
-759876
-756759
-753959
-753541
-751653
-748935
-747720
-747455
-741278
-729197
-728611
-726574
-725072
-718486
-717952
-717676
-714496
-712808
-711641
-707804
-707472
-705432
-696505
-687316
-682301
-681737
-673234
-671904
-669936
-660810
-657274
-651728
-637475
-633454
-630431
-630320
-624225
-623771
-623451
-622538
-609133
-608338
-589904
-588527
-579414
-577599
-572549
-571333
-569778
-568387
-567430
-559710
-549272
-547479
-544832
-542966
-538396
-536647
-529913
-527470
-527457
-523595
-522880
-508471
-504193
-490556
-484609
-483266
-480722
-477991
-472642
-471845
-466098
-466007
-462231
-444023
-442748
-440049
-439339
-438616
-430641
-428627
-421833
-419911
-418817
-404808
-402997
-402945
-399770
-398506
-397604
-389576
-388052
-385708
-372517
-368045
-363116
-359358
-357093
-350563
-348367
-345609
-343738
-341155
-338850
-336029
-333576
-329595
-326379
-325895
-320293
-318194
-316434
-316071
-311606
-310421
-305998
-299919
-294845
-292099
-289931
-289867
-287395
-283658
-282585
-271920
-260156
-252030
-250672
-249824
-241125
-240756
-239476
-237453
-234087
-230955
-219311
-215355
-211698
-204619
-201178
-196022
-195974
-194838
-190054
-189042
-186391
-186269
-183111
-182210
-177125
-176651
-173446
-172501
-167713
-166639
-166122
-165307
-158819
-150391
-149033
-147345
-146559
-146534
-145960
-143651
-142482
-142311
-138242
-136092
-135960
-130682
-125412
-122364
-121495
-117912
-111656
-107346
-101870
-96714
-93528
-88568
-87003
-86597
-78554
-77115
-76061
-69861
-58431
-57717
-56350
-55662
-53651
-51821
-49778
-47822
-45753
-44343
-42290
-41812
-40823
-40297
-37802
-36576
-35802
-32068
-24554
-23895
-13355
-10605
-6178
5666
12070
12467
26665
28847
30131
32174
32569
32819
37367
39695
42215
42557
42670
45672
46572
46971
49017
53256
67437
78559
78935
81021
88344
93896
95497
96919
97507
98491
99681
109292
110712
111360
116751
121485
123937
128684
130049
131343
139295
140406
146015
159476
164954
166824
173292
179122
179756
179879
182304
186098
189465
193472
194857
196366
199998
201116
201379
203686
204156
205754
206550
213576
219418
225001
231326
234712
237282
240911
241621
243666
256826
262044
266225
266458
269339
272527
274968
277767
279374
294591
296669
301266
318356
319879
321399
324742
327206
334544
336731
338687
339765
342249
345757
352006
353563
357630
363037
364558
366307
367848
368644
374845
376562
377856
383612
384148
388056
390016
390819
397962
400641
401741
404401
416538
420022
420878
423232
430342
430835
439892
443631
444036
446590
446633
448969
449969
450542
453110
453607
458351
460406
465043
469898
470751
474835
480395
481068
484117
487768
493983
501742
508783
509531
512477
513853
516506
523974
529989
533913
545872
557395
560149
562197
565995
570967
576315
578959
581468
586169
588048
596203
609693
610532
616460
623067
624072
624317
631217
635861
638238
638876
640525
647541
649455
651031
653784
659731
667794
668958
675854
677235
686909
692914
695278
696781
698930
702108
703029
703145
709421
712890
725127
736345
742446
743809
749521
749536
754345
757520
761475
773676
788024
797896
800681
800718
807206
808870
815123
816894
822074
827681
838395
841994
842771
845849
847850
850479
860990
863799
866789
868395
871349
871439
879858
883722
884161
889840
890804
891507
891512
898393
904277
917011
920248
920486
927314
930072
930383
932143
932493
934187
936737
938669
939751
939968
949628
959492
963299
967041
976265
985620
986066
987668
989164
994631
999290
1016353
1016548
1017070
1023170
1037342
1040822
1041659
1042981
1044253
1046727
1049033
1051683
1058628
1059082
1062637
1066578
1067949
1068913
1076647
1077147
1082458
1084921
1086731
1086975
1087991
1091882
1092440
1096509
1101842
1102678
1106211
1107351
1107743
1108812
1109072
1110026
1111351
1113054
1114173
1116373
1117460
1118107
1127349
1128431
1132008
1144958
1166769
1168891
1176865
1176953
1177326
1189641
1202426
1202761
1218540
1220784
1226544
1228513
1229421
1233671
1234489
1234657
1239199
1249407
1255011
1255250
1294408
1311794
1315044
1322042
1325098
1330223
1343383
1343595
1344038
1349771
1356783
1362234
1363131
1364833
1369000
1374576
1375807
1378621
1380922
1392448
1393104
1393861
1394452
1396420
1409932
1411689
1415783
1417429
1419717
1427799
1429550
1444810
1445066
1445532
1451633
1451649
1452607
1455753
1460514
1461830
1462916
1464391
1471243
1473428
1481632
1491228
1491420
1497808
1498272
1500117
1501040
1544182
1551234
1551832
1553327
1562922
1569061
1569564
1576822
1584961
1589370
1591047
1604494
1613460
1614131
1620449
1625020
1634161
1634864
1635559
1643037
1645310
1645929
1646510
1657736
1667673
1668679
1668788
1671383
1671506
1672164
1674053
1675935
1677336
1679666
1684020
1697141
1703138
1703491
1706050
1706641
1707822
1714599
1718519
1721080
1721741
1724439
1724941
1729350
1740137
1747636
1748033
1750004
1763948
1767362
1776865
1777044
1777984
1780133
1783575
1783680
1790276
1798493
1799196
1807605
1809517
1823209
1823243
1836588
1839735
1840562
1841239
1845656
1846599
1853129
1854645
1854888
1857825
1861772
1873545
1874732
1881175
1882179
1889968
1895863
1907033
1915359
1917525
1917609
1925133
1928814
1932553
1932749
1933125
1934940
1935998
1936630
1939966
1944657
1945453
1953278
1963095
1966780
1971029
1972903
1976203
1976371
1977744
1992126
1992338
1994755
