-1999931
-1996277
-1994739
-1990975
-1990010
-1984702
-1977723
-1972643
-1965602
-1965448
-1964909
-1964347
-1963665
-1961560
-1955273
-1951673
-1950205
-1943198
-1938051
-1934886
-1928081
-1918052
-1913498
-1912575
-1891198
-1875429
-1874762
-1873951
-1868997
-1868880
-1868836
-1867004
-1864799
-1863403
-1862583
-1855495
-1850193
-1849141
-1841142
-1839280
-1837334
-1837113
-1836533
-1830453
-1818209
-1817594
-1816252
-1814952
-1814090
-1806809
-1802938
-1802837
-1794580
-1792847
-1792467
-1787166
-1786083
-1782277
-1781241
-1780325
-1778841
-1778795
-1777020
-1773191
-1765394
-1760284
-1759570
-1759337
-1758135
-1753160
-1748765
-1746815
-1742318
-1736558
-1736049
-1729841
-1726421
-1724474
-1723411
-1723103
-1717081
-1712757
-1712287
-1709925
-1707508
-1697149
-1695455
-1695139
-1686844
-1682264
-1677932
-1673794
-1672749
-1669866
-1667538
-1661336
-1661075
-1652001
-1649322
-1646735
-1642462
-1626253
-1619462
-1605045
-1594015
-1592893
-1591419
-1584090
-1583610
-1580355
-1576696
-1566918
-1566878
-1542333
-1541741
-1540954
-1540668
-1536240
-1522726
-1517186
-1517024
-1511844
-1511580
-1508064
-1505194
-1501792
-1495727
-1487192
-1481978
-1481646
-1479256
-1474353
-1470462
-1468020
-1457886
-1456516
-1451078
-1449703
-1442349
-1439715
-1439579
-1439482
-1425338
-1416334
-1409636
-1404378
-1384255
-1382647
-1367621
-1365732
-1354014
-1346300
-1335703
-1330804
-1326392
-1325923
-1319359
-1317513
-1316019
-1315369
-1305916
-1304537
-1299179
-1297188
-1292974
-1291393
-1289075
-1282910
-1277574
-1276016
-1275117
-1264002
-1255684
-1245825
-1245812
-1244324
-1242145
-1241039
-1239517
-1234327
-1233890
-1232638
-1231194
-1227987
-1224770
-1221649
-1208627
-1207530
-1207358
-1205377
-1202018
-1199707
-1193023
-1190199
-1181816
-1172095
-1171017
-1164870
-1154911
-1148250
-1147413
-1146854
-1143676
-1141133
-1135047
-1132638
-1123054
-1122943
-1113293
-1109126
-1108858
-1104127
-1103435
-1103036
-1102759
-1101016
-1100374
-1100105
-1094391
-1086205
-1081373
-1080355
-1078118
-1077666
-1071933
-1069964
-1066901
-1064448
-1057446
-1048116
-1044534
-1036633
-1020193
-1009103
-1003563
-1002731
-995674
-986267
-984038
-977576
-974218
-970394
-966032
-961392
-960136
-958895
-956073
-952614
-952021
-948658
-945881
-941669
-940784
-936140
-934657
-934450
-929735
-927487
-925765
-917213
-916592
-913260
-902965
-901922
-901238
-894619
-891861
-890493
-890448
-884044
-883435
-877349
-873299
-871998
-858330
-853925
-840131
-839019
-827750
-826946
-825741
-822693
-822257
-821094
-807642
-806135
-806050
-801486
-799857
-796920
-792556
-786695
-778124
-777088
-774898
-771580
-770682
-769991
-767896
-766912
-759596
-756039
-744907
-742818
-737753
-736614
-734869
-734487
-731167
-729465
-728242
-726887
-723282
-714149
-713110
-706429
-705886
-701012
-695585
-694006
-688459
-684643
-668022
-667758
-650014
-649972
-644941
-640576
-637278
-635303
-634445
-631596
-630361
-630008
-629753
-629508
-625998
-625866
-624205
-620189
-614339
-605945
-603411
-601272
-599335
-597190
-592316
-586582
-584577
-581770
-581114
-574748
-574116
-571758
-562882
-562395
-556755
-555061
-550610
-547426
-540012
-533636
-529438
-526205
-519819
-519651
-514764
-501517
-498883
-494976
-490839
-483667
-479032
-473472
-472222
-465794
-464078
-463890
-463057
-453730
-447958
-445929
-445445
-444559
-440091
-439248
-437156
-423372
-412263
-412022
-408297
-400094
-399437
-397635
-394865
-387412
-381067
-379273
-373344
-372466
-364052
-346129
-344994
-341239
-339851
-337430
-331440
-327856
-322751
-319581
-319560
-316860
-316803
-314996
-312556
-308749
-300011
-299005
-296255
-292947
-291122
-283681
-281523
-276128
-274610
-271088
-256004
-255164
-253869
-242479
-231445
-229979
-229607
-228881
-226297
-223618
-223606
-215324
-209534
-208191
-206951
-203215
-201383
-191720
-188030
-181674
-177697
-175231
-173627
-172745
-172639
-165766
-163588
-161919
-150289
-149062
-148179
-146722
-145345
-142840
-140228
-131682
-127551
-124746
-124593
-114084
-113234
-104680
-101192
-99127
-95215
-94145
-89761
-82393
-81531
-80249
-78841
-66247
-56607
-56072
-51006
-50315
-48478
-45023
-43392
-37927
-37068
-36112
-33790
-28198
-27933
-19618
-19520
-18459
-16736
-16400
-5463
-3049
-2641
7557
9178
13173
14211
15040
17150
19760
22717
24805
32396
32586
39393
50434
54272
60353
65457
69966
77961
78574
86498
87555
91048
100495
106235
110065
117724
117959
118606
118619
119663
126554
129489
134839
138185
143448
144663
147086
156777
158333
169699
173029
175399
183490
184859
185897
187277
187844
190169
190672
192364
193804
206000
206822
208596
208611
209457
211527
215343
223782
229126
243099
247399
251348
264400
265091
266211
268874
270953
283760
290709
303289
305065
309274
311951
315101
325773
334715
335971
339201
339314
346889
350417
355301
359878
359973
364699
366768
377413
377996
378445
379481
386923
393190
396615
403043
403189
407667
414231
416763
417941
418646
422951
425758
434771
437073
437505
437563
438721
448284
448867
461182
462788
472723
473980
474023
475884
476073
480534
488757
490550
496016
499342
522545
528707
546931
548609
568827
568855
568948
571675
572589
581826
582247
597551
603423
605922
606592
618804
619811
626083
629902
636012
637198
642025
643277
652057
653631
656589
663504
668360
678702
686611
687925
703807
704534
705268
708250
716831
733080
734200
742725
744941
745459
745972
761415
763083
764339
764806
766653
770310
773849
774039
781381
783201
793549
793579
800738
802759
811345
812143
812177
812544
813038
814571
817092
817120
822309
823306
823894
825599
832218
833791
835472
835480
840405
850052
856813
860511
863433
863712
868144
870192
871824
878552
879894
882013
890383
890824
891604
897408
898215
903112
904440
909110
914524
916897
922834
925308
933864
935573
937979
940102
948851
954381
965803
969532
974218
974761
985617
1001690
1004010
1009755
1012155
1014691
1014693
1019740
1020732
1022483
1026145
1030289
1030420
1037130
1037190
1037479
1043448
1045723
1048066
1060133
1062283
1062584
1068861
1069658
1072472
1075686
1076664
1098104
1101884
1103092
1104808
1105152
1109366
1111818
1112062
1113053
1126298
1129257
1135102
1142202
1142327
1144837
1152793
1158158
1158724
1170316
1173203
1174721
1191272
1199183
1199551
1204584
1212364
1214192
1219225
1237055
1237297
1240970
1244015
1256680
1257884
1258153
1263398
1267532
1268625
1269516
1277986
1283072
1283419
1288702
1288994
1294047
1298680
1301240
1304759
1305385
1308679
1316678
1325213
1327570
1333540
1335761
1337172
1339773
1340541
1342327
1351262
1351545
1352658
1353813
1358184
1359234
1363227
1367427
1368130
1370131
1371347
1374526
1378665
1379357
1382056
1388623
1396072
1396433
1399131
1400359
1400667
1400729
1403579
1407685
1408145
1408681
1409332
1411230
1414235
1420553
1425991
1427462
1446714
1447375
1449895
1456568
1458253
1460075
1465390
1467121
1467232
1468773
1482746
1483071
1483700
1485389
1497828
1504727
1504785
1507880
1509149
1509327
1510297
1513274
1514467
1531142
1534015
1534583
1543218
1546290
1550039
1568541
1570826
1572514
1578476
1578728
1580386
1582126
1584164
1587497
1590441
1592401
1593586
1594217
1597570
1598607
1600413
1604147
1608194
1616341
1618435
1619667
1620230
1626070
1628107
1633564
1634771
1635406
1637394
1639618
1642177
1658954
1663694
1665543
1669254
1671139
1671457
1672006
1672248
1691298
1696252
1697445
1704070
1713586
1724349
1727945
1728713
1729483
1736884
1737314
1742754
1746048
1746429
1749979
1754826
1756761
1758290
1768646
1774438
1778139
1779017
1779540
1789796
1790668
1800220
1807944
1810698
1811712
1817012
1818063
1821001
1829765
1836071
1839248
1848200
1849759
1853826
1861141
1863219
1863451
1864195
1867348
1867384
1869244
1870872
1872747
1876198
1878425
1878622
1879230
1881023
1881591
1883077
1883521
1891223
1898316
1901314
1901673
1904163
1908424
1910451
1911303
1913146
1915127
1916209
1916384
1916459
1917600
1919514
1922161
1926655
1934047
1934653
1935794
1941488
1946952
1948025
1951729
1964991
1967488
1967537
1967849
1973364
1974051
1976585
1979599
1983517
