-1998706
-1996077
-1994344
-1987801
-1987605
-1984069
-1979847
-1979077
-1975411
-1969875
-1968604
-1962629
-1959162
-1958538
-1953969
-1948779
-1948308
-1947723
-1939356
-1936865
-1936483
-1935658
-1931336
-1919451
-1918770
-1916827
-1916226
-1915824
-1907615
-1905491
-1901816
-1900693
-1895945
-1884991
-1881726
-1876516
-1874961
-1872591
-1870181
-1870167
-1868136
-1865772
-1860519
-1859494
-1856202
-1854094
-1844607
-1840228
-1840205
-1838544
-1836786
-1835491
-1832950
-1830390
-1826555
-1819676
-1818116
-1813852
-1804887
-1800623
-1792633
-1789467
-1782024
-1772853
-1772373
-1771754
-1767290
-1755874
-1754374
-1735098
-1732356
-1731828
-1728914
-1717643
-1715783
-1711986
-1705446
-1704062
-1700373
-1692231
-1691912
-1691695
-1688498
-1687367
-1682544
-1679102
-1678042
-1669959
-1652722
-1651346
-1646786
-1646610
-1642355
-1641265
-1635851
-1631389
-1628372
-1616098
-1608646
-1606102
-1601344
-1601324
-1598324
-1598257
-1597107
-1592200
-1588216
-1587329
-1585713
-1584542
-1583733
-1583163
-1579369
-1572243
-1567794
-1566270
-1558141
-1557466
-1556279
-1556197
-1536115
-1531521
-1515466
-1514381
-1512515
-1506580
-1500097
-1493485
-1488757
-1487678
-1482730
-1481842
-1480670
-1478591
-1476553
-1474216
-1474109
-1462228
-1457054
-1449891
-1446296
-1441000
-1431728
-1430491
-1423505
-1421190
-1420259
-1418785
-1417280
-1412984
-1410374
-1408976
-1405524
-1403417
-1398604
-1389554
-1388737
-1387783
-1386481
-1385864
-1380438
-1377897
-1374175
-1373775
-1366582
-1365646
-1364831
-1363439
-1363361
-1362957
-1361670
-1353533
-1352565
-1346591
-1345172
-1344815
-1343101
-1337829
-1333570
-1332714
-1331476
-1328683
-1327882
-1327137
-1310800
-1305013
-1299464
-1294782
-1291751
-1291353
-1287320
-1286184
-1284400
-1283630
-1282586
-1281167
-1270494
-1267793
-1264079
-1259308
-1258365
-1254821
-1252946
-1251634
-1250268
-1243539
-1238135
-1208681
-1208629
-1205830
-1205200
-1198732
-1198421
-1192696
-1191749
-1190759
-1189849
-1183720
-1183001
-1177253
-1176487
-1162393
-1160355
-1153122
-1151481
-1148581
-1148175
-1133517
-1116363
-1111804
-1108644
-1104526
-1101225
-1100804
-1100420
-1096711
-1084454
-1082114
-1079828
-1069341
-1069203
-1067958
-1067906
-1065394
-1061091
-1056581
-1049612
-1043719
-1043278
-1037891
-1037721
-1029472
-1021477
-1018772
-1018292
-1015138
-1015072
-1003409
-997003
-990799
-989798
-988017
-986846
-985258
-978117
-978107
-975977
-974146
-969172
-967611
-967108
-967044
-962213
-956534
-953885
-946242
-941504
-941479
-941331
-939383
-938839
-921707
-918015
-916896
-915191
-909918
-900361
-896567
-886835
-882143
-881546
-873019
-872394
-860257
-855525
-852482
-845440
-833263
-832931
-822255
-820166
-814439
-804739
-804519
-801401
-800364
-797819
-791454
-786461
-773545
-772657
-769043
-768694
-767298
-766614
-760365
-758940
-758333
-753752
-751454
-750615
-746242
-740638
-740478
-740268
-738677
-728797
-728769
-724202
-721272
-713948
-713654
-712501
-712341
-707995
-705462
-694591
-692984
-692610
-689206
-687132
-684755
-681147
-680443
-673001
-669259
-668680
-665701
-662251
-656185
-652168
-649182
-647056
-644743
-640679
-640031
-639937
-631535
-631390
-629825
-623397
-621623
-600401
-595154
-595116
-580136
-572495
-567536
-566535
-564793
-562751
-561052
-554171
-552192
-546403
-542698
-540674
-536939
-535100
-520449
-516038
-515742
-504579
-502392
-500154
-498072
-495659
-494223
-484940
-478415
-478156
-470177
-468766
-465891
-464928
-462135
-454209
-453809
-451442
-446431
-442321
-437266
-436293
-433971
-431567
-429296
-427458
-424188
-424113
-421039
-417773
-410572
-409426
-397310
-392638
-390715
-390512
-390215
-382232
-382136
-379359
-373079
-363050
-360807
-356991
-356753
-350403
-344184
-343385
-326384
-323004
-319532
-313785
-305343
-302543
-291153
-283716
-281711
-273298
-268235
-267490
-266802
-266079
-263063
-262910
-261099
-260445
-259646
-257658
-257027
-248196
-245763
-245353
-243231
-242346
-231788
-228123
-214755
-209601
-207241
-206583
-202218
-201919
-199035
-197772
-192865
-187658
-180248
-176326
-172119
-169696
-166504
-162747
-161474
-159802
-158023
-154454
-151687
-150608
-146715
-143503
-141963
-131205
-127975
-124088
-123289
-112707
-110394
-107084
-103347
-101958
-97800
-96309
-94426
-92373
-91520
-86223
-59687
-58689
-56771
-53883
-53403
-42067
-41629
-40577
-30788
-30037
-16804
-16446
-16000
-13486
-9372
-8973
-8189
-8188
-5255
-4690
2735
4545
8290
8617
9332
14718
14843
17860
30790
45772
53505
57025
62085
63876
67817
68250
70241
73001
73532
75313
79656
84739
85404
86903
95725
97320
98207
105393
107637
107850
116869
119193
121893
123754
125074
127998
133099
136888
142461
146684
150435
155076
159903
162882
164036
164426
169401
177771
185169
185863
189952
190540
191741
192790
193513
194502
196808
197505
198082
201082
203521
204436
204587
206824
207030
219258
244806
247410
248249
251969
256270
262448
264653
271507
274633
288764
294860
295560
296603
296614
303150
309006
312797
314458
316982
322345
326405
330189
352029
358039
358152
360191
363514
371716
372482
387377
389231
392261
399055
404750
408624
413743
414077
417651
420132
420213
423414
425055
425851
430855
432429
436307
437436
443802
447679
449742
452541
453234
456021
465264
468922
482592
483433
493856
495753
499083
499634
500488
522554
540320
547187
549012
553884
560578
561391
572479
574186
574610
579404
589653
590696
592967
600104
600671
602133
605456
613656
630654
633053
633704
637282
651551
653072
658701
663328
665714
677933
682630
683847
684647
685205
689611
693194
695424
712166
712410
719562
720096
720682
731427
736378
736750
738661
739382
741080
742326
747937
748754
749764
751700
756407
757186
766851
770565
774021
797320
802549
822234
824787
827163
828585
835761
841239
843121
843615
845933
848934
852409
853418
854599
857564
859026
868849
878422
884929
893779
899350
906089
920438
924682
931613
935198
935341
944737
948255
954709
957567
957725
957863
962568
964804
976148
976750
977388
980631
980993
986240
989563
990786
1001908
1003775
1008112
1012301
1013045
1016991
1018996
1021293
1024493
1025278
1033459
1041248
1047353
1049294
1053728
1055142
1067766
1070011
1082217
1084841
1086990
1089512
1095262
1099065
1100938
1115964
1116702
1121189
1139526
1144659
1145304
1146094
1150050
1150657
1153257
1155854
1158010
1164729
1165524
1167989
1168866
1171805
1180649
1185659
1191574
1191754
1193092
1199507
1209279
1209691
1211322
1214851
1217969
1222998
1224757
1229525
1233850
1235466
1239495
1246476
1248320
1249323
1251539
1252529
1255232
1255934
1256672
1265891
1267797
1268064
1271252
1275146
1276213
1278757
1280137
1284883
1285028
1286687
1286917
1287652
1289256
1298174
1299222
1300343
1301892
1306179
1307737
1314020
1321561
1322205
1329038
1331062
1338666
1346885
1352457
1353558
1356743
1359508
1362345
1378547
1380059
1382946
1387824
1390000
1391112
1392224
1407302
1410048
1418278
1422434
1423664
1426502
1434125
1436694
1452052
1455465
1458554
1460807
1462190
1467878
1471962
1476128
1477516
1481538
1507435
1519446
1520143
1520973
1522165
1524722
1526027
1536241
1547547
1550305
1562179
1564512
1570546
1575492
1581408
1584170
1588469
1591184
1593245
1597758
1598257
1599939
1604822
1608758
1612476
1620643
1621680
1625956
1626939
1627147
1627721
1632178
1632705
1632966
1633598
1640332
1642745
1647102
1654076
1654944
1655377
1656604
1661539
1665964
1668532
1669301
1675142
1688232
1692734
1698788
1699286
1699460
1710074
1720057
1725631
1727181
1727536
1728929
1730365
1730397
1732871
1733495
1734907
1737643
1740739
1740812
1743210
1746399
1749465
1750479
1751593
1753153
1753805
1754234
1755704
1765857
1766999
1769485
1774182
1777616
1780638
1781918
1783346
1787234
1789293
1791654
1795188
1800405
1801102
1804222
1810332
1822013
1826861
1829020
1833950
1836875
1838048
1847057
1850200
1853258
1864291
1870030
1870323
1875958
1882950
1893654
1900031
1903931
1907416
1907909
1917986
1921813
1925321
1926535
1930065
1930451
1938377
1940239
1948020
1949104
1954669
1955909
1958624
1960526
1965909
1969598
1974882
1977054
1992789
1995789
