-1997303
-1995529
-1991223
-1989471
-1986254
-1977050
-1976529
-1966577
-1964308
-1961039
-1957698
-1956630
-1954438
-1953925
-1952880
-1950894
-1945082
-1944731
-1943488
-1935354
-1934283
-1930402
-1929271
-1925604
-1916797
-1916578
-1915861
-1913631
-1906528
-1904788
-1896571
-1893744
-1889437
-1888997
-1886792
-1886780
-1884815
-1878976
-1877837
-1870634
-1864956
-1861825
-1853971
-1850446
-1849667
-1845226
-1845064
-1844565
-1843494
-1830262
-1824405
-1813491
-1804729
-1803137
-1787939
-1778819
-1773144
-1768198
-1760433
-1744377
-1734959
-1733706
-1731958
-1729846
-1727214
-1723129
-1716010
-1713971
-1713215
-1712964
-1702158
-1698841
-1696300
-1689275
-1685496
-1682475
-1678933
-1677000
-1676848
-1667592
-1667379
-1667155
-1659021
-1657263
-1654846
-1645907
-1645618
-1634144
-1624954
-1624939
-1620916
-1612326
-1612304
-1611678
-1611113
-1605130
-1603815
-1598054
-1597703
-1597588
-1594740
-1592841
-1583589
-1581255
-1565313
-1561459
-1557491
-1555515
-1553744
-1553722
-1543405
-1539347
-1536076
-1527030
-1525614
-1523953
-1522394
-1516237
-1514466
-1506832
-1506202
-1503460
-1503447
-1503265
-1492983
-1492745
-1487045
-1484219
-1477279
-1462947
-1460005
-1455113
-1452810
-1446267
-1444159
-1428520
-1420161
-1407360
-1405997
-1403562
-1400505
-1397814
-1396305
-1391776
-1390284
-1388174
-1387793
-1385557
-1381966
-1381878
-1381293
-1378428
-1373169
-1368973
-1368266
-1367595
-1366515
-1364952
-1362941
-1361390
-1358409
-1344969
-1343232
-1342437
-1342252
-1342208
-1338084
-1334486
-1331491
-1330767
-1324870
-1324805
-1317285
-1316401
-1303747
-1302802
-1291109
-1287723
-1282028
-1280195
-1278384
-1277229
-1273560
-1264348
-1253011
-1249758
-1248565
-1238623
-1236854
-1233293
-1223060
-1212387
-1198301
-1193511
-1191152
-1190811
-1182984
-1181611
-1177659
-1177019
-1175880
-1175424
-1169707
-1169697
-1164593
-1161590
-1161249
-1159281
-1158263
-1153480
-1151967
-1142584
-1140310
-1138688
-1138247
-1137140
-1136434
-1135488
-1133559
-1128952
-1120427
-1119526
-1106601
-1098850
-1093498
-1091449
-1090866
-1090193
-1081986
-1076817
-1075057
-1066152
-1058195
-1049869
-1047314
-1045191
-1044794
-1043852
-1042860
-1041761
-1037490
-1032631
-1031695
-1030971
-1021289
-1018976
-1017338
-1013855
-1012432
-1008681
-1006901
-1000645
-998854
-998814
-996385
-993979
-993052
-984662
-976803
-974269
-974181
-971915
-968192
-966236
-965566
-963409
-962651
-961129
-956369
-943034
-938937
-935255
-934734
-934619
-921751
-919600
-915792
-907263
-905028
-898465
-893292
-892784
-892318
-883550
-879909
-879280
-869361
-865607
-850642
-845445
-841755
-840462
-837505
-831147
-826803
-824549
-820059
-817701
-817299
-815988
-815393
-810007
-801674
-795989
-791948
-791920
-790270
-788995
-788833
-784981
-779077
-774148
-773190
-770160
-769163
-767747
-762249
-760618
-756178
-753870
-735949
-724174
-721902
-715455
-715403
-712801
-708465
-707116
-701071
-700614
-694532
-690444
-675713
-674474
-672302
-655671
-652369
-651000
-634244
-630348
-629267
-625589
-622604
-622445
-620839
-617834
-607348
-601170
-596342
-592990
-589637
-582987
-581757
-581160
-580004
-573357
-569419
-565049
-564023
-562517
-559715
-555168
-551716
-549579
-546555
-541222
-539736
-538978
-534478
-530879
-530582
-521618
-518243
-510669
-509008
-506327
-504748
-504377
-503434
-499299
-495089
-492773
-480620
-474265
-473525
-471912
-467577
-455784
-453475
-450433
-450059
-446603
-445129
-442932
-442383
-441865
-433574
-425959
-424919
-423979
-421984
-416941
-403222
-400880
-395098
-380045
-376471
-375166
-371767
-371371
-370078
-366660
-364903
-362658
-358160
-358042
-353725
-349256
-346150
-341887
-340266
-334102
-332263
-328025
-320624
-319854
-316586
-315122
-312172
-305745
-293552
-287696
-282431
-279997
-272493
-269159
-267625
-265668
-263809
-258187
-256549
-246838
-236904
-234980
-234580
-231061
-227604
-224849
-218473
-216519
-216103
-213127
-208253
-207553
-199052
-190946
-181679
-177653
-175277
-168738
-168586
-159953
-157662
-157408
-153929
-141718
-138360
-138096
-133081
-132136
-132040
-129281
-126496
-123811
-120262
-119595
-109978
-109624
-103066
-90463
-88346
-84131
-80670
-76192
-75604
-71689
-68793
-60866
-48650
-34734
-28031
-13996
-11830
-3891
-3068
2355
6500
8189
8939
14623
21100
22582
24536
30146
41869
44922
45090
45132
48409
49053
49689
49731
51887
54996
69471
72401
75318
76031
81564
82716
82895
86522
96782
97696
98591
100972
101728
115542
116164
125220
126831
127610
129332
130574
142345
151262
157315
159654
160415
164971
169717
171431
172738
172830
173879
181530
181630
184102
187879
191676
195693
196154
197903
201258
204022
208766
213720
214928
218423
218534
223863
224159
225029
231037
231764
232848
234410
235881
238720
240575
242162
245350
254598
263016
268309
275634
279223
288715
295320
298803
299397
300416
308332
309731
310089
315943
317039
317585
319050
321569
324755
326070
332186
348685
350362
352295
353406
366432
369996
381491
383055
388369
391950
393023
394566
397348
398305
399356
400353
401722
402788
411343
418131
422007
423511
423622
423878
424069
430822
434112
438514
439519
442952
446547
447822
455260
456191
457082
459544
467948
480842
482403
483022
485666
488799
491613
495213
496089
496239
501433
516938
519634
525968
533130
534813
542058
544665
546500
554646
557192
557827
558281
559422
568532
586703
590007
590994
592386
604400
605146
609250
609341
614034
617615
636280
637499
642691
644851
656270
656359
657047
661411
665598
669433
672028
673124
675208
681000
682679
689174
694930
696734
697132
701558
703143
703205
704913
705110
709832
714769
716315
718019
731498
734119
735500
738818
741227
741470
745444
749786
753456
758728
773283
782007
786566
787086
787969
789591
795880
796339
799446
804082
805498
807804
811420
818419
821979
826350
830298
835828
841338
841783
843610
845198
849495
852880
854267
854408
856754
865949
871127
876234
877669
878733
881513
883617
891461
893604
897379
906928
910939
915340
916137
920053
922315
928167
929286
939226
951795
953480
955794
957160
957612
965816
988050
990660
991539
991885
995915
1001747
1002644
1011336
1013029
1014108
1018607
1027100
1028206
1037220
1046064
1046812
1047708
1048393
1057993
1060090
1069683
1074240
1074473
1075953
1084936
1086198
1087533
1093162
1095158
1096344
1100825
1101562
1106115
1117277
1117917
1122799
1124283
1135751
1138900
1147481
1148202
1155092
1155420
1161741
1168585
1172921
1180301
1190346
1191308
1193234
1194701
1199785
1207372
1211799
1212330
1215309
1216471
1219615
1224165
1230565
1230885
1233765
1238547
1242383
1250365
1254585
1258599
1264480
1265502
1271871
1285233
1286259
1288589
1298147
1305404
1316713
1319220
1320941
1325020
1326458
1327585
1327929
1329480
1329903
1332318
1337064
1345001
1353857
1354465
1357326
1361516
1365568
1386282
1387219
1394788
1406658
1408104
1411957
1419293
1432530
1435187
1439194
1440308
1443390
1443629
1444210
1445416
1452272
1455906
1464327
1465263
1465841
1468240
1470588
1472428
1473142
1482552
1486190
1487109
1494166
1503926
1504104
1504302
1504635
1509838
1511393
1511452
1513455
1515996
1530585
1534924
1536178
1548885
1551334
1553609
1554782
1556795
1562506
1567793
1568830
1573570
1573706
1573742
1575062
1577069
1578160
1578993
1583280
1587156
1606264
1609334
1609599
1609678
1612657
1620063
1627279
1640024
1651220
1655804
1655933
1660079
1660140
1660470
1664571
1665548
1667785
1672865
1673334
1684632
1685905
1686338
1688891
1694715
1695713
1705981
1707428
1708577
1716222
1719982
1723003
1723628
1731073
1732432
1733718
1735568
1736988
1740016
1742789
1751901
1757536
1760012
1760157
1761136
1761500
1761860
1766886
1771391
1779650
1784142
1789300
1791621
1792297
1794484
1800759
1816440
1820241
1833749
1834391
1835113
1836169
1845531
1849137
1859612
1860160
1861742
1862433
1864926
1875200
1875570
1891471
1895485
1898628
1898917
1907733
1922591
1922753
1924316
1927573
1932205
1932240
1945985
1946985
1950954
1953450
1959718
1961129
1979749
1981428
1983649
1985843
1988644
1991738
1995051
1995726
1996352
1999952
