-1997659
-1990359
-1987603
-1984854
-1981633
-1972708
-1962019
-1955357
-1953391
-1939573
-1936534
-1931109
-1930996
-1927352
-1915601
-1914183
-1912245
-1911220
-1910595
-1910172
-1909887
-1909681
-1906382
-1904024
-1903456
-1898726
-1897869
-1895438
-1891027
-1889085
-1887479
-1887288
-1873647
-1871669
-1869691
-1868578
-1867534
-1866880
-1866130
-1864590
-1861853
-1852454
-1847811
-1844165
-1832680
-1823176
-1811323
-1808148
-1796133
-1786944
-1786074
-1783969
-1782456
-1778760
-1777690
-1772356
-1768498
-1757086
-1756395
-1753480
-1749303
-1749250
-1747565
-1744817
-1743685
-1739542
-1739447
-1738564
-1728885
-1728792
-1723767
-1723347
-1720053
-1717760
-1678443
-1670865
-1669845
-1669190
-1657272
-1655444
-1651434
-1640791
-1639936
-1636358
-1636099
-1634332
-1620676
-1618963
-1617377
-1615008
-1614943
-1608869
-1605942
-1604275
-1602327
-1602091
-1602075
-1597032
-1596374
-1595680
-1589540
-1585961
-1580686
-1578430
-1577709
-1569491
-1568988
-1568568
-1563270
-1562885
-1559385
-1558836
-1557974
-1557279
-1546254
-1545365
-1542298
-1540510
-1535465
-1531562
-1525366
-1519437
-1519234
-1516532
-1512344
-1511224
-1510306
-1506117
-1504697
-1501286
-1498920
-1488323
-1481144
-1471403
-1463783
-1456490
-1454541
-1439901
-1436424
-1433695
-1433578
-1423874
-1418186
-1417889
-1416471
-1414971
-1411177
-1407537
-1402345
-1402060
-1394378
-1388904
-1388240
-1383442
-1380549
-1374612
-1368955
-1361314
-1356451
-1352555
-1347036
-1345454
-1332000
-1330084
-1321870
-1315945
-1309286
-1303080
-1301204
-1299379
-1298239
-1296888
-1276899
-1274383
-1271039
-1269512
-1268274
-1264738
-1255368
-1254099
-1253613
-1251461
-1250952
-1249358
-1245986
-1242226
-1233327
-1230905
-1229919
-1228464
-1227676
-1227319
-1227313
-1225599
-1213234
-1211921
-1211846
-1211003
-1205731
-1205327
-1205044
-1201713
-1200715
-1193616
-1189133
-1185209
-1179824
-1177334
-1175459
-1163887
-1161368
-1159596
-1154526
-1154485
-1152788
-1146982
-1141288
-1138933
-1131533
-1127790
-1125632
-1124535
-1114917
-1112089
-1110207
-1108806
-1105616
-1101808
-1098866
-1098228
-1096815
-1095602
-1088979
-1088793
-1086208
-1084867
-1081929
-1074168
-1072585
-1068573
-1067505
-1058730
-1051882
-1044062
-1043974
-1040346
-1034919
-1029023
-1024626
-1022053
-1020969
-1009740
-1003577
-997807
-991654
-990063
-987157
-975696
-974493
-969180
-961245
-960395
-960353
-958210
-953472
-950412
-948098
-947155
-945444
-944920
-944591
-942441
-938847
-936222
-935798
-933258
-930828
-926983
-926925
-924096
-923419
-920422
-920055
-915977
-913306
-907667
-903982
-903617
-896131
-894119
-893160
-884767
-884511
-884210
-883747
-882071
-880947
-880632
-880548
-872351
-871431
-865484
-864487
-863972
-861209
-850486
-848019
-845141
-842239
-831557
-826433
-823894
-818618
-812485
-805672
-799385
-796393
-792011
-790797
-779368
-771417
-768704
-767127
-755050
-752999
-752311
-744485
-740602
-739000
-735000
-731385
-729589
-723423
-717797
-715054
-704317
-702901
-698578
-696740
-694029
-684624
-681602
-678217
-672057
-657021
-656832
-653558
-648900
-648546
-648035
-642533
-635963
-630629
-617855
-617208
-614296
-605036
-604023
-603259
-602341
-601925
-600549
-599821
-598419
-583631
-582435
-580038
-577733
-573080
-571389
-569294
-559946
-558841
-557947
-557384
-557141
-555067
-553467
-551429
-548388
-542763
-541239
-540738
-539960
-539411
-538328
-525413
-523769
-522497
-519382
-512152
-510579
-508198
-505924
-501839
-500841
-500189
-500101
-496972
-496970
-496138
-495700
-494916
-492755
-488891
-486112
-485567
-479278
-478150
-477121
-472126
-470444
-466826
-465380
-462968
-462402
-456815
-449527
-442062
-432828
-430886
-429381
-428940
-398741
-398601
-387721
-382870
-379594
-378643
-378368
-372178
-370473
-362495
-356257
-355564
-349098
-345683
-344228
-343731
-327105
-320250
-317890
-314716
-313038
-305072
-301083
-299280
-299117
-298425
-297255
-294344
-293170
-289017
-284463
-279474
-273050
-271978
-268131
-267690
-267566
-264915
-263378
-259302
-246882
-237848
-234877
-232999
-228334
-227002
-220374
-220154
-219683
-213444
-209990
-196508
-196268
-193270
-193235
-193094
-185387
-185067
-184349
-182770
-178577
-173773
-167336
-167294
-154456
-147154
-141533
-136222
-135153
-132286
-128727
-126687
-124079
-120525
-118215
-114902
-107339
-102701
-99799
-95733
-94286
-91243
-87586
-86734
-78425
-77587
-74875
-73472
-65953
-61239
-58468
-55718
-54982
-51568
-49853
-46244
-44499
-39640
-31733
-23560
-7994
3803
5978
6345
17472
20398
20736
21121
25250
25495
33793
40842
40901
41600
42513
43500
44380
53044
54405
57704
58199
59299
66424
67527
69318
75473
80682
81747
90287
97451
98767
100782
102644
105244
110954
113985
118928
125806
131642
136572
137635
139706
140561
149409
150216
151333
153664
164599
172931
173447
174090
178752
180031
181232
182549
186118
190826
204610
204695
208476
218719
221757
224395
233495
238954
239604
240040
242107
242236
250309
252849
257207
261347
273121
273717
280236
283040
283122
290739
309309
309369
313055
318066
323316
323570
323893
335190
336020
341425
343344
348286
352779
355016
355310
365026
365797
367640
371570
373106
375293
381851
383285
386816
390979
398688
405065
413201
416769
417958
419186
423411
425468
430382
435162
439813
445132
449336
455773
460845
463755
465295
465567
467325
469300
483035
489925
493925
498790
499658
503373
504713
508211
511811
518772
521213
523933
527118
527834
528716
530131
532358
532988
541697
541927
547435
550302
550814
554610
558165
560179
562493
562971
563885
567494
572539
577743
580119
585589
586288
588272
590043
594016
602284
608145
609212
609534
613509
613582
622336
624885
632957
636346
637452
644728
647287
648780
652331
652858
658284
660582
661154
665615
665782
667473
670885
677807
681054
683743
689225
699660
702183
705835
706298
715560
718126
721382
734574
739055
740308
742622
749562
753139
762329
769802
775366
775566
778122
778727
784417
785898
801512
801730
802353
813402
815203
816761
821062
824262
824429
826017
830018
833097
835293
837521
849580
854146
854163
855938
857066
861411
869211
877241
878470
890502
890976
892661
894581
899090
912189
913312
913436
914239
914311
919561
921042
925590
928203
932416
935084
935085
937363
939977
943574
944194
961509
971492
977328
987294
989677
991409
994161
995115
995182
996776
999144
1001315
1004246
1011667
1016348
1017859
1018389
1020083
1022491
1023475
1024472
1028072
1033844
1044914
1055017
1060934
1064753
1068088
1071473
1071994
1072598
1077885
1081668
1095303
1101730
1119858
1125992
1126251
1128586
1141978
1151753
1173179
1173861
1179603
1181540
1182128
1184339
1189006
1192585
1206830
1216518
1225818
1228531
1236224
1238496
1240081
1247038
1247322
1256312
1267629
1270528
1272392
1284918
1286692
1302163
1308648
1310489
1310548
1313865
1315721
1316671
1328944
1329023
1332685
1341486
1345236
1346585
1349067
1350344
1352881
1353288
1354404
1358857
1363864
1365203
1365409
1371360
1371851
1384905
1389461
1395175
1396882
1397415
1401168
1403194
1404194
1411610
1416054
1420329
1421191
1424412
1426611
1431863
1432242
1432887
1433670
1435181
1435974
1444158
1444718
1451240
1451328
1467542
1469054
1469221
1471558
1480958
1482725
1495201
1497022
1497179
1512224
1517135
1517253
1517933
1520970
1524143
1527038
1528792
1529341
1529896
1542189
1542533
1548110
1551307
1560956
1562834
1569990
1577497
1579341
1586759
1587451
1591836
1595981
1610295
1611267
1612536
1617694
1629142
1642311
1645274
1646115
1646118
1648925
1651658
1657338
1666581
1668566
1671803
1674812
1687585
1700974
1706190
1715167
1715211
1719201
1719368
1720046
1727741
1738181
1738199
1742089
1746366
1750121
1753906
1766713
1767560
1768367
1778852
1786495
1800176
1800895
1802591
1813435
1817305
1824160
1824846
1832004
1832748
1838259
1839174
1841917
1847897
1850627
1852185
1856619
1858999
1859932
1862476
1863898
1876272
1891066
1892960
1894750
1895042
1899577
1904899
1916287
1919096
1925665
1929824
1946089
1951309
1959861
1963836
1966730
1972189
1977036
1986274
1991537
1994836
1997090
1999338
