-1995028
-1992930
-1992282
-1987144
-1986256
-1986192
-1985986
-1975874
-1972743
-1972414
-1971979
-1965669
-1962169
-1948696
-1942517
-1941392
-1940902
-1937819
-1936030
-1931014
-1929290
-1928181
-1927578
-1922088
-1920882
-1918068
-1916796
-1902735
-1896034
-1890166
-1887235
-1886922
-1885997
-1882807
-1880532
-1870838
-1868076
-1857441
-1853313
-1850968
-1847437
-1846328
-1843321
-1833208
-1831111
-1829472
-1828086
-1823130
-1819795
-1816394
-1813902
-1809190
-1804328
-1803274
-1797714
-1795807
-1795536
-1791242
-1788169
-1772981
-1767890
-1757272
-1748830
-1743893
-1742092
-1739104
-1729443
-1729235
-1723808
-1720502
-1719958
-1704051
-1701938
-1701170
-1698883
-1675990
-1671517
-1670773
-1669859
-1667209
-1656565
-1654001
-1653509
-1649706
-1635605
-1633941
-1632795
-1628054
-1626519
-1624153
-1618765
-1616169
-1611367
-1608493
-1606579
-1597923
-1597438
-1592615
-1589334
-1587894
-1575984
-1575922
-1571782
-1569479
-1567579
-1564454
-1564033
-1561126
-1557491
-1551950
-1550388
-1547727
-1542261
-1537537
-1536233
-1535039
-1532335
-1530827
-1528520
-1525847
-1519448
-1508356
-1505495
-1494917
-1493728
-1480530
-1474377
-1473680
-1470670
-1467856
-1456448
-1445897
-1440069
-1435072
-1431679
-1430675
-1429029
-1424236
-1423438
-1415026
-1403656
-1401681
-1397506
-1396366
-1395348
-1394328
-1388037
-1386602
-1385844
-1382857
-1378223
-1370638
-1367287
-1366063
-1364278
-1350364
-1350277
-1349063
-1348493
-1341169
-1338542
-1332825
-1331938
-1329767
-1328957
-1327049
-1321299
-1316754
-1311980
-1310773
-1301865
-1297475
-1296096
-1287133
-1282388
-1281008
-1278795
-1276518
-1275475
-1267305
-1265718
-1264283
-1260967
-1259970
-1244447
-1243097
-1240338
-1238959
-1237691
-1219984
-1219299
-1216428
-1213231
-1204967
-1204064
-1203723
-1201518
-1195326
-1191709
-1187802
-1186494
-1185575
-1182447
-1177070
-1171109
-1159935
-1158753
-1143964
-1143020
-1135765
-1129078
-1124352
-1123774
-1123538
-1121474
-1107670
-1105316
-1097910
-1096953
-1094196
-1087150
-1078675
-1075769
-1075005
-1072521
-1065654
-1064606
-1059387
-1059353
-1056584
-1052942
-1047921
-1047716
-1044271
-1042669
-1042562
-1035238
-1034978
-1031276
-1028373
-1027744
-1027075
-1026228
-1023860
-1017576
-1006075
-1002040
-990837
-989369
-988744
-988470
-985849
-978916
-976489
-976448
-972606
-971801
-970791
-968166
-966884
-962119
-957999
-957449
-957241
-954275
-952191
-950525
-942722
-939495
-932068
-929567
-926661
-918336
-913481
-911942
-908887
-904262
-898195
-893378
-876217
-872999
-870763
-868269
-856060
-851114
-843059
-840369
-834890
-830804
-820799
-820397
-811681
-811557
-808692
-801279
-801108
-797193
-796837
-796244
-792605
-785166
-783862
-758617
-758199
-753063
-751913
-750546
-745233
-734538
-731590
-722842
-720085
-718465
-718393
-716956
-714217
-708731
-700509
-692731
-691098
-681490
-677376
-676565
-674226
-674008
-668818
-657759
-655836
-654485
-653345
-640320
-638979
-633111
-631851
-630244
-629054
-621389
-620576
-620373
-618708
-615150
-614340
-613364
-607288
-603583
-600056
-599218
-593000
-592852
-592197
-591771
-591544
-589857
-587704
-587189
-582442
-581131
-576372
-564546
-563587
-558354
-553934
-553498
-550223
-549641
-548902
-548353
-546353
-530121
-520361
-518430
-512725
-507192
-496733
-491049
-473900
-473839
-467091
-462784
-459377
-459273
-458806
-455270
-446470
-445070
-443714
-438136
-436124
-435155
-432381
-428090
-427700
-426940
-426325
-422032
-412856
-409929
-406233
-405849
-403688
-393284
-390849
-387050
-385282
-379475
-373091
-372626
-371507
-370200
-368384
-366445
-353966
-350819
-339147
-328770
-314666
-308763
-306637
-301713
-290511
-287252
-285377
-281540
-276267
-271651
-266745
-261375
-259205
-257205
-256526
-252656
-241445
-240048
-236438
-233359
-233097
-226403
-225488
-222478
-222207
-214034
-201398
-197728
-194612
-190973
-190665
-190565
-180367
-148302
-142534
-137523
-136377
-131829
-123154
-116084
-111309
-109388
-107439
-102658
-100899
-100027
-99227
-98667
-94854
-93083
-91093
-88636
-81943
-80939
-80016
-75786
-61130
-53631
-50890
-48983
-47814
-47282
-45831
-42557
-38468
-38001
-31377
-30016
-27824
-23418
-21529
-20582
-11810
-8756
-6320
-4362
-3342
2720
5230
5733
6098
18139
18283
23741
32654
42404
43103
46549
47660
48936
50928
54446
54590
54961
56772
56832
62166
68821
74016
75133
76438
79311
80025
82703
85234
86907
87836
90864
92096
100929
103538
105670
105979
112663
117497
118416
118915
120660
126431
126557
126706
133053
135381
140706
142527
149403
152683
154589
154743
155566
160565
167580
176461
177441
178932
185414
190116
193746
198689
200448
201712
205998
210277
218960
219574
252563
253368
255439
258571
264565
269723
270907
273062
275584
277605
285230
290620
291880
296289
298398
298734
306609
315570
327218
330719
334224
345506
353175
353321
364351
366796
370147
373396
382357
384044
385069
387530
398070
400301
401599
402521
408813
412692
417027
421743
426437
430011
432064
432139
436920
442372
443863
452786
456837
459429
460697
463312
464121
465785
472880
477169
477289
486261
491427
495682
503604
504532
508442
512595
526801
527036
536367
537151
541468
548742
550704
553924
554003
556921
563551
565833
573693
583011
587945
593286
593389
594891
600652
601984
606750
607736
611606
620127
622477
623271
630267
633879
634106
638313
638980
639582
640159
655260
657011
658897
659931
665180
672675
673928
683634
685494
692105
708468
718607
719136
723954
727096
729980
731868
739323
743805
748626
754802
756761
759906
764544
766961
776788
778138
778290
785938
786961
790996
792181
795469
796651
797382
799956
801111
802656
802705
803826
804346
804445
805258
813313
817318
818086
822076
825337
835048
838954
849833
850650
857633
863600
867288
870729
872354
873158
873964
880479
884348
895844
897712
900191
901760
905674
906824
910245
915516
918083
921969
925493
928502
929729
931238
932976
937062
939061
946462
951825
954912
957426
960301
961210
962181
964007
964048
964825
966939
967928
970133
972037
975127
978561
991057
992038
994718
1003859
1004564
1006805
1010712
1012334
1020180
1024491
1025046
1036996
1044905
1053081
1063120
1074541
1080880
1085956
1087638
1087977
1090475
1097915
1106681
1109314
1111848
1119640
1121220
1127929
1130756
1135781
1136074
1136174
1140995
1144415
1144817
1146823
1148223
1148747
1151821
1156033
1159759
1167699
1169669
1170636
1173390
1183744
1184742
1192446
1200351
1204137
1207274
1210723
1211068
1216120
1223059
1224690
1224940
1230292
1230589
1233609
1240344
1247996
1248362
1248584
1249117
1254576
1265945
1273547
1278241
1282877
1286467
1288615
1294955
1297730
1300248
1301425
1301690
1302898
1306018
1308549
1326342
1326453
1338357
1342201
1344473
1345938
1355220
1357967
1360864
1365393
1366701
1371656
1384203
1386143
1388345
1395210
1398344
1398669
1418625
1419558
1420325
1426548
1427041
1428723
1435267
1439542
1440814
1440956
1442817
1442995
1443585
1444143
1444554
1452198
1452552
1456994
1463805
1468200
1474797
1478076
1485045
1488206
1502060
1502385
1504894
1505967
1511924
1514615
1514785
1515953
1517635
1530800
1536731
1538306
1544194
1549582
1550483
1552945
1553262
1555712
1558289
1558423
1562815
1573439
1573448
1573638
1573703
1579600
1582493
1585507
1591042
1592276
1602178
1602380
1603244
1603861
1608833
1609523
1614619
1621143
1624126
1635402
1647860
1650444
1665107
1666638
1668069
1669677
1673633
1673847
1676641
1683324
1687221
1688016
1689840
1690188
1691620
1691673
1694010
1694106
1698063
1708570
1711833
1712905
1717772
1719822
1719980
1720192
1721920
1728280
1743549
1746454
1747318
1752592
1756336
1756661
1760898
1771347
1771491
1773819
1778431
1783347
1804146
1810466
1815535
1818605
1821385
1833778
1843467
1847231
1848969
1849913
1854195
1854263
1858496
1868534
1868640
1868914
1873162
1873866
1874392
1876865
1883859
1884776
1888129
1889047
1889223
1900408
1904672
1906873
1907836
1923557
1926328
1928150
1928584
1934965
1941722
1946513
1947408
1949736
1963002
1971498
1973851
1974592
1982345
1990042
1990224
1992288
1999482
