-1987108
-1983797
-1982222
-1973907
-1970479
-1968558
-1964629
-1959970
-1958728
-1941914
-1940880
-1936989
-1934382
-1934318
-1930903
-1930734
-1929525
-1927008
-1925028
-1922616
-1907016
-1901853
-1896554
-1896266
-1890868
-1887314
-1881004
-1880873
-1878055
-1875612
-1874786
-1870287
-1860473
-1859852
-1858988
-1857290
-1856514
-1856412
-1855741
-1849672
-1846064
-1845855
-1845364
-1843057
-1836705
-1834739
-1829954
-1819563
-1816751
-1809254
-1808963
-1805648
-1803558
-1802483
-1796217
-1794668
-1791749
-1789876
-1789236
-1787623
-1785671
-1782161
-1776965
-1776861
-1771166
-1768633
-1767342
-1766815
-1765533
-1763202
-1761543
-1759389
-1758780
-1758416
-1755973
-1753089
-1753041
-1749525
-1743572
-1742864
-1729896
-1729486
-1725641
-1725635
-1725531
-1720102
-1716833
-1716056
-1702624
-1698381
-1694028
-1692985
-1686864
-1683575
-1678385
-1677965
-1676987
-1673744
-1671843
-1668073
-1665536
-1665089
-1660538
-1658775
-1648445
-1640627
-1633385
-1628706
-1623018
-1619080
-1618134
-1617385
-1616564
-1614042
-1608274
-1607482
-1607457
-1607371
-1606670
-1600265
-1590560
-1590263
-1589676
-1589534
-1587450
-1579761
-1575100
-1564384
-1564074
-1562453
-1562378
-1551206
-1547362
-1542193
-1541949
-1540275
-1539722
-1539118
-1530090
-1515889
-1515192
-1514826
-1512812
-1508315
-1504952
-1501770
-1500792
-1499710
-1495502
-1492927
-1488677
-1485488
-1472895
-1463549
-1459847
-1455149
-1444564
-1439775
-1433090
-1431014
-1424742
-1422691
-1420379
-1414283
-1413499
-1412663
-1405608
-1402755
-1399552
-1399011
-1397099
-1384488
-1383222
-1372528
-1369862
-1358850
-1354791
-1343145
-1342439
-1341179
-1336345
-1328062
-1326379
-1321039
-1305664
-1298879
-1293360
-1288471
-1287773
-1287350
-1281669
-1278260
-1275987
-1274380
-1272428
-1258266
-1249341
-1243782
-1240168
-1239897
-1239772
-1230583
-1226355
-1226131
-1225841
-1224948
-1224768
-1223530
-1221683
-1218751
-1218355
-1215034
-1213223
-1208697
-1207042
-1206938
-1195726
-1195003
-1194175
-1187111
-1183365
-1177090
-1176932
-1176634
-1176614
-1176005
-1161419
-1158994
-1154551
-1150759
-1145001
-1142553
-1135399
-1129600
-1128185
-1123858
-1111150
-1110955
-1094999
-1091047
-1087645
-1069683
-1063860
-1062539
-1061276
-1058118
-1056449
-1049783
-1028109
-1026006
-1024933
-1019589
-1017744
-1016219
-1013288
-1009649
-1005944
-1005379
-1005015
-995898
-990775
-984561
-982722
-981546
-976001
-962968
-954413
-950584
-948472
-946095
-941111
-935236
-934780
-929611
-928209
-923559
-917552
-917102
-909464
-899380
-898238
-895056
-894145
-891856
-888872
-885692
-884444
-882494
-881846
-875098
-872495
-870566
-868074
-867635
-866628
-862896
-861786
-856634
-852636
-849864
-849749
-843624
-843524
-832025
-831890
-822854
-822168
-817817
-815966
-809803
-804792
-804149
-798116
-786909
-786080
-785445
-783795
-782675
-779614
-778607
-766491
-764842
-756147
-755387
-747411
-747025
-744610
-739910
-731534
-724115
-723660
-722944
-721745
-714109
-713617
-710274
-705464
-688257
-686093
-664818
-660038
-651998
-651269
-647877
-644768
-640333
-639143
-635612
-632545
-631422
-628558
-626890
-618775
-618154
-617187
-612118
-606849
-604290
-591409
-587501
-587149
-584016
-582253
-582100
-580150
-578007
-575679
-573959
-571872
-571376
-570033
-570002
-569653
-569010
-568998
-565684
-564418
-546507
-544380
-543796
-537615
-537433
-535546
-529932
-516475
-508758
-508354
-497204
-488257
-473396
-458819
-453268
-452219
-447233
-444411
-427307
-423810
-423608
-420198
-403985
-403579
-397801
-389935
-389373
-381649
-376765
-376522
-374217
-363083
-360610
-356424
-353941
-352949
-352797
-349649
-346154
-330396
-327639
-327164
-317121
-316542
-313533
-309158
-306165
-305114
-302414
-298248
-277444
-275928
-270059
-261286
-261216
-256002
-251280
-246825
-244597
-241779
-229425
-226634
-225710
-224001
-219359
-210595
-209250
-208381
-192946
-186371
-184884
-183764
-177400
-174842
-174674
-160273
-141548
-141527
-133427
-128447
-127998
-124247
-119226
-119054
-111111
-110953
-108302
-108212
-107541
-106205
-101417
-100682
-95331
-86638
-71612
-63156
-51075
-47860
-23506
-21757
-16594
-16573
-13574
-12045
-10124
-7576
-6989
-4417
11561
16500
23698
27863
28684
29072
32496
36062
37021
38541
50770
51084
54527
58402
66198
72515
72730
77206
84356
85421
91405
92330
106715
109050
125025
138208
143590
149809
152433
160602
163047
163549
165845
168938
175152
176665
178654
184525
184981
186879
189988
190872
192834
193270
194597
197222
198751
201414
203796
209114
213545
216768
232191
245905
251737
251925
255409
265938
270039
279590
279605
287831
287918
295156
295808
297390
298451
298960
301615
317874
331870
333617
333906
335974
338288
340689
344233
347539
348643
350957
352520
353342
357180
359271
365338
367605
370100
371015
372861
376547
378379
379642
379744
393502
393829
394029
395092
405949
436913
438963
441730
444676
452302
452801
461035
465535
466615
471386
471511
472995
476699
481139
487070
487411
488863
492908
495392
499624
503672
505533
507067
507834
527626
531705
540165
545472
554647
555844
559642
564004
564677
567240
572153
574784
589707
591948
594120
594401
603386
604642
605167
605283
605344
613341
618733
621411
626853
630690
630773
630861
636257
655656
657625
671634
675545
676863
677410
680342
680953
683508
684107
687453
704112
710964
714384
715848
720417
725685
726671
729898
730446
736541
738445
745137
748649
750547
753268
753871
754463
756485
759947
760067
764127
766297
766853
768345
780005
782072
784119
786861
787439
792007
803386
804419
805629
807961
812305
815454
822086
826915
831489
835668
836081
851163
852268
852371
863918
868363
869106
869251
872643
876334
883887
884242
896892
898515
899521
899790
904081
907005
907976
910785
913391
920236
934193
935052
935641
941549
945762
948116
949975
953126
954619
956972
959557
964528
967606
970039
976046
978321
983635
992280
1001973
1004006
1010781
1012973
1021702
1022724
1026161
1033986
1040389
1041313
1043250
1048741
1049007
1049014
1050475
1051500
1051737
1057061
1058376
1075056
1079903
1084208
1089879
1094459
1113960
1114291
1124757
1124885
1130963
1132426
1141559
1149291
1154220
1168961
1169681
1171275
1176887
1181110
1187531
1192450
1197640
1198868
1199943
1202410
1203645
1212757
1224446
1228004
1242423
1246596
1254454
1257486
1257863
1258693
1258722
1259854
1261117
1261925
1264256
1265203
1269152
1272791
1273521
1277543
1279357
1286505
1287992
1292518
1294380
1295827
1296561
1298035
1299410
1304461
1306695
1308308
1312380
1313444
1316066
1317572
1323194
1324644
1327391
1329034
1332164
1333504
1335850
1339271
1352144
1352429
1363619
1373266
1375911
1376705
1377135
1381256
1383437
1387666
1392521
1392527
1392661
1396115
1400575
1404069
1406635
1406719
1423270
1423328
1423721
1427939
1432306
1437697
1444899
1449766
1451137
1455014
1456614
1460696
1466750
1467779
1469910
1470871
1471500
1477203
1479729
1480495
1494704
1497597
1497972
1498505
1501286
1506036
1507099
1510933
1512973
1533703
1536896
1538193
1541336
1543525
1546213
1549636
1553566
1554321
1554387
1558952
1560841
1561853
1563960
1565742
1571431
1571542
1576566
1577149
1580997
1582557
1585249
1588514
1588696
1596812
1597586
1599360
1606134
1607421
1609579
1617721
1618494
1621013
1622992
1624430
1624731
1625827
1630023
1630089
1632818
1636164
1638736
1639967
1640965
1644728
1650191
1653902
1655062
1665108
1668160
1668875
1670568
1681164
1682968
1684770
1691548
1692582
1700691
1707000
1707849
1709735
1718329
1721491
1722281
1728291
1730770
1731318
1734640
1740034
1745712
1751807
1753918
1754832
1756833
1758336
1766126
1767764
1768453
1768973
1769933
1772431
1774102
1774609
1782163
1786944
1787298
1792105
1794618
1795354
1800580
1801425
1802701
1805192
1805521
1805832
1816284
1818403
1819085
1822886
1824998
1826452
1826848
1828236
1834471
1837537
1841104
1846779
1848760
1853598
1854211
1862578
1862992
1864212
1874523
1878643
1886079
1887750
1893062
1899764
1900885
1902309
1904689
1906474
1918989
1924519
1925394
1928878
1938786
1939639
1947053
1949277
1954896
1963590
1968195
1981739
1982605
1991915
1999639
