-1998342
-1997939
-1993012
-1987267
-1985354
-1984880
-1984310
-1982974
-1980928
-1979736
-1978393
-1972527
-1968396
-1962379
-1951560
-1944421
-1942564
-1939529
-1939215
-1934137
-1931430
-1927986
-1926096
-1921388
-1917821
-1916524
-1914929
-1914056
-1913505
-1911680
-1909746
-1908535
-1907155
-1906778
-1898102
-1896341
-1894327
-1890579
-1890019
-1877438
-1871456
-1856798
-1855561
-1854170
-1853376
-1852921
-1850192
-1847403
-1846510
-1843578
-1840886
-1839994
-1828090
-1827192
-1825274
-1825033
-1823074
-1814117
-1802776
-1793191
-1793025
-1791639
-1789777
-1784619
-1776579
-1769536
-1761398
-1759193
-1755878
-1752561
-1747182
-1746949
-1726844
-1723156
-1715638
-1703612
-1703319
-1698690
-1694951
-1688150
-1674859
-1673629
-1669784
-1668782
-1660603
-1656846
-1648306
-1648009
-1647640
-1646616
-1642681
-1640775
-1637951
-1637108
-1618092
-1616319
-1610167
-1610114
-1609147
-1608787
-1606766
-1595568
-1595505
-1592346
-1579834
-1576797
-1576221
-1574395
-1565428
-1561910
-1560599
-1552669
-1551419
-1550877
-1530978
-1527997
-1525806
-1524347
-1517583
-1516904
-1515424
-1511201
-1507459
-1502201
-1499590
-1491912
-1486551
-1481587
-1480778
-1475858
-1473829
-1472690
-1471905
-1449948
-1449273
-1446831
-1445730
-1443007
-1432652
-1423434
-1411878
-1409917
-1406484
-1403695
-1391542
-1371791
-1369402
-1358805
-1357467
-1347355
-1346226
-1345680
-1338075
-1332239
-1331737
-1322338
-1322119
-1311180
-1307122
-1305794
-1305369
-1304484
-1304440
-1301291
-1300661
-1296139
-1295425
-1293585
-1287467
-1284259
-1282062
-1263653
-1260206
-1250896
-1243384
-1241686
-1230724
-1227300
-1224870
-1221556
-1218891
-1211403
-1209199
-1203449
-1198280
-1192889
-1187450
-1179820
-1172561
-1157466
-1150792
-1139231
-1138571
-1133056
-1129861
-1129137
-1125699
-1117759
-1116796
-1115354
-1108193
-1096564
-1086543
-1085955
-1082129
-1066905
-1061217
-1050331
-1049542
-1035171
-1035090
-1017587
-1014543
-1010133
-1008744
-1007281
-1005318
-1005027
-1000366
-997457
-996979
-994992
-961684
-942179
-939871
-939569
-933348
-919873
-919110
-913336
-912137
-888383
-886695
-885066
-882430
-881283
-874284
-872039
-868070
-865031
-864624
-864120
-862759
-861511
-852870
-850305
-838532
-827446
-823991
-822114
-821355
-820683
-818259
-813650
-804849
-802652
-794067
-791927
-789836
-789118
-788812
-786804
-786241
-777392
-776830
-775626
-759306
-751666
-750994
-745726
-742455
-741575
-729481
-727796
-723523
-721315
-718279
-715648
-713646
-713152
-711594
-704676
-700456
-699772
-698475
-697562
-697354
-691067
-689874
-689505
-689039
-680338
-677340
-672310
-668791
-665905
-661056
-657998
-652343
-647999
-642746
-640529
-632786
-632687
-630537
-629382
-623902
-619872
-618852
-618297
-615220
-614865
-605245
-602712
-594576
-590628
-586525
-580201
-579769
-577739
-575074
-572613
-563895
-560338
-557015
-555502
-553690
-550495
-550415
-544494
-540971
-535641
-534992
-532121
-530513
-528123
-527063
-523375
-518487
-516841
-515340
-511299
-510069
-508659
-508499
-507943
-504290
-497561
-494747
-494425
-473055
-472826
-467827
-466378
-460757
-460159
-459504
-455027
-454465
-443402
-440295
-437592
-432584
-422437
-419255
-417762
-416593
-416545
-411579
-410741
-408699
-404994
-399053
-397127
-391056
-390462
-386200
-385906
-385871
-385296
-383220
-382941
-382668
-379551
-372802
-371099
-369961
-365682
-358830
-358162
-354007
-346542
-344452
-343395
-343231
-342353
-341158
-310913
-309250
-308072
-306383
-303022
-297955
-296762
-287610
-282860
-282041
-281879
-281752
-275420
-274183
-270137
-269118
-267660
-260788
-260706
-257859
-254360
-254082
-249088
-243707
-240126
-238799
-236741
-232296
-231147
-230914
-229209
-226935
-217733
-209320
-206587
-204606
-204361
-201499
-200857
-196245
-194777
-192990
-190400
-183644
-181285
-179227
-177852
-177470
-173725
-173073
-165630
-164726
-162630
-159375
-158946
-157328
-157285
-154474
-149076
-145631
-144325
-141612
-136755
-136439
-126933
-126279
-126054
-121243
-110467
-108011
-93823
-90653
-87336
-84536
-81818
-75686
-73076
-69911
-67721
-66614
-60467
-60435
-58908
-51558
-47664
-45587
-38241
-33496
-29285
-19269
-18320
-14588
-11818
649
1116
6164
6726
12387
14174
15082
16918
34578
36951
42529
42879
54863
55435
58934
60075
62010
64559
65138
71983
72776
76832
78770
82404
84174
89311
94727
96383
98658
100858
103980
107094
109036
111976
116563
117217
120398
132409
138069
139888
142227
142970
146413
152591
160495
167520
168831
174266
174353
176965
184624
185733
191647
194425
198454
199448
214148
215121
224927
227474
230233
238687
238914
242227
243492
245562
246665
247211
249445
255672
263193
267709
270387
272037
273047
273582
273683
277684
288297
297521
299145
300031
310491
313610
315389
316322
318586
324100
327496
329363
331914
334466
334824
335262
337211
341472
346476
357727
358415
359773
364849
364862
372613
373402
382634
387547
394904
396665
401496
410609
414830
417060
418334
422846
427812
429462
429935
433298
434044
439807
441461
446957
451186
456606
463234
468392
471176
474348
475175
475986
477328
477585
478429
490772
494400
509774
511883
519601
521497
522341
526557
531204
533581
538155
546121
546308
554882
557663
562036
564611
567793
571072
573893
576423
576617
577368
582538
588291
589909
591328
592662
595553
596417
596498
596629
600307
602024
602365
604891
607296
608103
608635
619061
619859
623741
626401
629678
636818
640055
643796
646312
653364
654416
658181
670499
674448
674499
676137
676789
678431
687920
688040
689261
690080
703962
704722
706270
707771
711403
719113
720890
727945
728452
732726
733073
741767
741781
744952
745065
748116
759092
775253
779660
781367
781560
781861
783166
786668
788841
792402
794069
795051
799163
800382
801309
802702
803259
803512
804751
809443
815331
816577
817224
818891
825106
830066
832597
833314
834087
843134
845225
847001
849106
850260
857150
867775
872958
876214
889497
896601
901017
902408
902736
908548
919825
920556
928717
928945
932359
936479
937859
941295
944808
956601
958477
965568
972142
977760
982397
986596
998988
1004866
1006741
1011661
1012347
1012489
1018795
1019818
1026159
1029594
1039258
1041519
1043741
1060661
1069848
1070627
1074141
1087158
1088805
1094971
1097380
1098028
1099642
1100487
1100764
1107555
1110771
1111245
1124278
1127641
1139061
1141823
1142797
1146183
1154817
1165385
1171010
1174966
1175731
1180004
1180283
1180415
1181202
1182566
1191639
1199990
1200379
1201829
1203735
1204522
1204893
1205746
1210257
1218021
1222754
1225248
1236668
1238443
1239526
1240512
1253775
1258615
1261065
1263490
1272969
1274097
1274438
1275128
1281049
1288387
1302768
1308760
1313542
1321108
1326828
1328159
1331267
1335816
1336773
1341477
1346396
1349915
1351452
1353553
1353849
1356164
1358081
1369750
1370636
1372633
1392761
1396195
1396808
1397604
1397636
1397819
1400366
1403383
1403426
1405010
1415628
1417012
1418135
1419708
1424871
1434266
1439572
1441210
1452878
1455630
1456397
1458864
1465962
1467857
1484783
1488095
1494237
1494407
1494907
1507016
1507527
1509959
1510782
1524194
1529676
1535233
1541858
1544368
1546767
1546816
1554787
1557802
1560612
1572131
1575027
1576610
1577661
1582468
1598005
1605200
1608521
1618543
1622426
1623645
1626041
1626239
1626814
1630816
1635301
1644515
1656836
1660641
1662167
1662260
1669687
1670357
1672924
1675505
1676718
1682671
1687893
1689446
1695736
1698241
1706460
1708932
1713131
1717912
1719885
1724119
1724574
1728556
1732759
1736735
1744102
1754187
1758822
1759106
1759801
1760329
1761012
1770333
1771563
1778233
1781491
1789468
1790607
1790872
1792198
1794492
1794598
1800288
1805145
1805423
1828204
1832031
1835325
1841745
1842202
1843317
1845247
1852179
1853577
1858542
1863294
1865836
1867707
1868513
1871115
1872747
1875796
1881593
1895315
1896569
1897478
1906475
1909668
1910960
1913590
1913967
1917387
1918342
1930200
1930645
1942786
1943239
1943627
1944185
1947126
1947221
1949228
1952548
1961143
1966525
1969826
1974423
1976220
1986258
1989258
1996614
