-1996472
-1993302
-1983922
-1983881
-1981531
-1981198
-1975990
-1971539
-1971332
-1963526
-1963222
-1958034
-1956611
-1949134
-1948262
-1942003
-1941667
-1934765
-1932911
-1929888
-1926166
-1921604
-1917941
-1914339
-1909719
-1908610
-1905237
-1903894
-1898506
-1889268
-1885377
-1881618
-1875865
-1868537
-1865396
-1863602
-1862271
-1860454
-1857111
-1854327
-1853014
-1847895
-1840316
-1840163
-1836424
-1833656
-1833037
-1831747
-1827648
-1817330
-1810947
-1809558
-1804597
-1798586
-1791305
-1785745
-1784119
-1783461
-1782681
-1782366
-1773602
-1768533
-1762983
-1749683
-1742470
-1742382
-1734734
-1730843
-1728340
-1719414
-1718561
-1715833
-1711048
-1707742
-1707002
-1704340
-1682978
-1679298
-1675509
-1674635
-1673151
-1672733
-1668797
-1667662
-1667280
-1666587
-1666172
-1663216
-1661050
-1659995
-1658353
-1657726
-1657499
-1657003
-1655634
-1649852
-1647958
-1643306
-1641561
-1639741
-1636790
-1632095
-1621981
-1620302
-1615174
-1606826
-1604832
-1601481
-1601050
-1598559
-1595352
-1593699
-1591259
-1583136
-1580264
-1579743
-1575398
-1574490
-1574435
-1574394
-1572282
-1566117
-1563322
-1560352
-1558220
-1556909
-1549063
-1539684
-1539172
-1533996
-1531947
-1529647
-1527871
-1519731
-1511126
-1508014
-1497073
-1496091
-1483797
-1478489
-1474148
-1474063
-1468673
-1462362
-1453934
-1452996
-1441950
-1439891
-1438488
-1436860
-1421829
-1412307
-1411153
-1405208
-1398159
-1398092
-1397835
-1393700
-1386219
-1385872
-1381656
-1379480
-1377371
-1376167
-1375693
-1369686
-1365581
-1364736
-1362351
-1362245
-1360419
-1356529
-1355706
-1352107
-1348831
-1342419
-1337954
-1332389
-1329148
-1318595
-1317399
-1310509
-1302192
-1301083
-1297002
-1294310
-1292569
-1290989
-1290986
-1290723
-1284297
-1282705
-1279614
-1279441
-1277530
-1273575
-1268297
-1265015
-1263753
-1257344
-1250194
-1244323
-1239220
-1236607
-1233634
-1231885
-1228620
-1228255
-1223816
-1223528
-1222251
-1220903
-1208616
-1205785
-1199493
-1195733
-1193291
-1193046
-1190349
-1189166
-1188283
-1178278
-1178187
-1174686
-1171100
-1167472
-1166050
-1158618
-1156806
-1156452
-1156351
-1142309
-1136542
-1132109
-1131351
-1128418
-1120443
-1100761
-1097197
-1092371
-1086219
-1077157
-1076108
-1075672
-1068476
-1067955
-1053403
-1046380
-1038397
-1036873
-1036431
-1035850
-1032006
-1031871
-1029312
-1025339
-1017043
-1013860
-1001454
-995382
-993941
-988869
-984106
-979480
-978808
-958015
-952349
-951326
-948839
-939197
-934762
-931028
-926166
-922528
-920338
-918286
-915877
-910514
-909096
-908212
-904386
-901398
-894358
-885845
-880866
-872729
-871952
-870602
-870192
-861088
-859604
-858340
-857818
-849587
-843669
-840551
-833062
-831487
-830158
-826233
-824634
-817775
-810238
-808502
-794172
-792502
-789381
-789223
-787921
-786590
-782801
-780515
-770001
-765845
-758020
-756023
-752751
-745710
-741708
-740835
-737883
-734974
-734240
-733285
-732063
-729609
-728830
-727607
-725003
-723831
-721408
-720598
-719001
-712677
-705843
-700798
-700764
-691843
-687304
-686474
-686123
-680892
-674236
-674122
-669827
-661617
-661126
-656384
-650939
-650737
-649546
-646304
-643715
-638746
-637111
-633010
-627206
-625862
-595033
-593943
-592864
-589469
-585649
-582428
-570733
-556970
-554486
-532868
-531404
-525269
-514786
-514423
-513043
-505910
-499744
-499601
-497139
-495760
-490561
-489427
-482968
-480695
-478946
-477697
-477641
-476924
-476335
-467754
-466498
-451956
-450711
-442370
-440728
-439073
-433625
-427058
-420933
-420904
-419403
-418052
-417523
-417494
-416598
-393092
-383304
-383129
-375837
-369599
-355660
-353713
-345412
-340189
-331855
-326816
-324015
-323866
-322203
-321925
-320842
-320241
-318930
-315260
-314186
-311659
-305600
-304132
-299580
-297898
-292212
-292030
-287661
-282800
-275030
-271305
-266933
-265403
-260681
-257712
-252084
-250706
-248815
-247551
-242232
-237423
-229503
-229470
-226944
-220924
-220850
-212229
-211584
-211174
-209615
-206318
-195760
-193691
-192018
-191886
-190400
-187861
-177189
-176173
-162689
-161970
-146544
-145582
-145121
-138566
-135151
-131471
-127104
-126772
-124459
-115249
-115177
-98768
-92785
-86023
-83112
-80264
-78331
-74502
-72735
-71586
-69985
-68619
-63939
-59525
-57218
-53600
-49449
-48654
-39870
-38428
-27578
-25464
-13928
-3541
6198
11512
12771
13121
15883
28979
32391
35524
36862
40691
49805
57939
67311
68474
79399
80241
83428
86360
94564
101852
102382
114523
122912
124045
124432
127849
128175
129161
134479
141400
141771
142412
151747
153533
157166
161840
162078
166219
172628
172745
173160
177004
177323
178574
180144
182396
182622
186312
194957
196373
196825
197673
206824
224914
228043
236968
248563
250483
251783
258772
262627
268023
270109
275035
279394
283996
291496
292704
298075
298949
309772
314071
315739
315947
317250
318701
320743
321242
322779
324345
324519
325714
330174
332440
333460
337814
340760
341189
343827
344208
344779
344974
356421
364859
371709
376260
378949
379225
382560
396707
396996
398620
400006
400625
408750
409140
416122
417713
419727
424360
427338
436114
440179
454723
459961
460508
461023
461229
468424
473810
474898
475242
482986
494834
496318
497446
497466
503018
505481
508863
509952
510929
514760
516433
518283
521159
522876
524813
527744
536576
536609
544518
548611
549521
551932
560024
563749
568481
575354
581168
583222
589980
592989
596779
602615
605079
607483
608483
612431
612814
614782
614873
621556
623326
624661
627372
629062
636992
640746
644670
644700
662178
663010
663460
664035
665406
670993
673227
673933
682901
683919
690627
694572
703921
707515
716408
724590
730088
734687
741334
741807
753170
773296
774053
775031
786253
790149
791094
791379
798806
802358
803810
805088
814573
814951
819314
821626
823007
828686
831216
833254
845733
852894
853220
858431
859637
872644
884841
889060
895679
896811
908049
910679
912298
914118
924253
924598
930894
937226
941546
947885
952289
953361
962292
962590
965540
966032
970739
972369
985787
988232
988551
991170
996560
998035
1004103
1007549
1008342
1010506
1010915
1019364
1023208
1025442
1026374
1036408
1039204
1040745
1045374
1049703
1050820
1054403
1056263
1059771
1060731
1064769
1069717
1075971
1079604
1087084
1090137
1090571
1093831
1094635
1099918
1102162
1106018
1108131
1109812
1121247
1133584
1136873
1146460
1150658
1152446
1154644
1156044
1157461
1162117
1169918
1176662
1179356
1183739
1198233
1202170
1207291
1209601
1213062
1221736
1224565
1225320
1229684
1234168
1242309
1244540
1251684
1254315
1262694
1264159
1276641
1284206
1288331
1291188
1293262
1297201
1298935
1299556
1307266
1308657
1312624
1318489
1318809
1323487
1329045
1330128
1332804
1342026
1345568
1349069
1360827
1366997
1372008
1375714
1377649
1378588
1379349
1381920
1388445
1388803
1389744
1397951
1398256
1398835
1405143
1405463
1408102
1411295
1414022
1416876
1419232
1421368
1423981
1425908
1438562
1442251
1443116
1445938
1450544
1450789
1451193
1451836
1458266
1462648
1462890
1466919
1466984
1467681
1474028
1474389
1474430
1481558
1485478
1490020
1492443
1493301
1495368
1497425
1501619
1504834
1506632
1507877
1510971
1520533
1521810
1528667
1536254
1540079
1541112
1543699
1546016
1557977
1566576
1567298
1574898
1575421
1583350
1583737
1585001
1586826
1587180
1587725
1588517
1591928
1596084
1600399
1610162
1610511
1619825
1621968
1623954
1625499
1633780
1635691
1636058
1637894
1641425
1642773
1653633
1657348
1657558
1661949
1666287
1668886
1672122
1672805
1675539
1679055
1684045
1690109
1691631
1695627
1696410
1705033
1719173
1721533
1725675
1729602
1729830
1732055
1735320
1743503
1745124
1746089
1749074
1749571
1750562
1758882
1761310
1765710
1770298
1774006
1776098
1781843
1782013
1787236
1795236
1805445
1823695
1824136
1827530
1835371
1835378
1839849
1846775
1848877
1851540
1853015
1853027
1863845
1865454
1866351
1878727
1878842
1881999
1884230
1886054
1888779
1894393
1897521
1899450
1899579
1901058
1913190
1913411
1915656
1916502
1919775
1919813
1924959
1927033
1929481
1934318
1939587
1949720
1954579
1961104
1961174
1961339
1969614
1973159
1976984
1989116
1994429
