-1996979
-1996919
-1995292
-1992763
-1989657
-1981158
-1971355
-1969520
-1966303
-1963659
-1958120
-1955203
-1954092
-1952493
-1950009
-1947463
-1946527
-1935555
-1931985
-1931421
-1929792
-1928407
-1925751
-1925291
-1906269
-1892498
-1886836
-1884164
-1884124
-1882425
-1876752
-1876124
-1874021
-1870253
-1859056
-1856789
-1853924
-1853805
-1852001
-1837293
-1831732
-1822593
-1820687
-1820527
-1819592
-1788768
-1787674
-1778750
-1777937
-1771119
-1769582
-1761028
-1757999
-1757011
-1755658
-1753370
-1751156
-1742359
-1740097
-1734574
-1730694
-1723970
-1722705
-1719704
-1716683
-1715637
-1706868
-1703030
-1696550
-1692140
-1691691
-1685524
-1678019
-1676610
-1675085
-1672782
-1672639
-1670353
-1667982
-1666817
-1665325
-1664129
-1658420
-1652671
-1650959
-1646021
-1643434
-1639410
-1635893
-1632694
-1632206
-1632069
-1629271
-1627746
-1621635
-1620018
-1615709
-1607287
-1603560
-1603234
-1602891
-1602825
-1602006
-1600705
-1599032
-1598516
-1597746
-1597408
-1597202
-1594569
-1593727
-1584207
-1583911
-1576029
-1567680
-1565082
-1556711
-1554045
-1548196
-1531062
-1523661
-1523422
-1519481
-1518353
-1508584
-1504300
-1498063
-1496782
-1489489
-1488390
-1471927
-1467656
-1467573
-1463521
-1463452
-1463340
-1460824
-1459780
-1452987
-1450957
-1440278
-1436542
-1434636
-1430987
-1419811
-1418401
-1416220
-1413626
-1412647
-1408116
-1404096
-1403692
-1402048
-1400442
-1397075
-1394928
-1392621
-1383247
-1374361
-1371194
-1360888
-1358848
-1357119
-1356959
-1354486
-1353946
-1347760
-1347265
-1341751
-1339053
-1331859
-1330251
-1329385
-1321849
-1321412
-1321351
-1319655
-1318722
-1318432
-1314744
-1312680
-1307799
-1304339
-1303032
-1301665
-1291833
-1286540
-1285420
-1282582
-1278303
-1276388
-1272422
-1271821
-1265145
-1261539
-1261517
-1261019
-1259294
-1249295
-1244592
-1241182
-1229946
-1225834
-1223978
-1223266
-1217276
-1214745
-1211164
-1209522
-1207175
-1202612
-1200866
-1194696
-1193103
-1189745
-1185083
-1184845
-1182753
-1180852
-1180757
-1174110
-1162495
-1160888
-1151931
-1145157
-1144435
-1140772
-1135776
-1131264
-1128742
-1124757
-1124363
-1119093
-1118531
-1116631
-1107435
-1102576
-1097932
-1097162
-1086931
-1071004
-1070704
-1066830
-1059237
-1058001
-1047907
-1047705
-1046791
-1034522
-1031822
-1031415
-1018816
-1015566
-1015040
-1009664
-1008708
-1007168
-1001110
-1000158
-998387
-997874
-995503
-995097
-993963
-989669
-989246
-988850
-983650
-976225
-968409
-967683
-966240
-965729
-955796
-955624
-953157
-953063
-952440
-938743
-932422
-930212
-925511
-924656
-921265
-920772
-918862
-912081
-909605
-902536
-900104
-900060
-899204
-888738
-879029
-873858
-866226
-859397
-855228
-853682
-837117
-832258
-829180
-824356
-809290
-794803
-775442
-772880
-765746
-760679
-759840
-759474
-750331
-746857
-746642
-745571
-732061
-723943
-714766
-698668
-694807
-694486
-693696
-680098
-676697
-675368
-675027
-669213
-665109
-661530
-659473
-658361
-653934
-651390
-647926
-645089
-635795
-634770
-634623
-618612
-617836
-614411
-613529
-608702
-607897
-606220
-591035
-588950
-579844
-565684
-564292
-563604
-559554
-559478
-557741
-552854
-552239
-544926
-540057
-529982
-528216
-527743
-516736
-514927
-507704
-502254
-500056
-495392
-487410
-484395
-483505
-480771
-474085
-469359
-468647
-467941
-465810
-465154
-461020
-455185
-455004
-452845
-452792
-451297
-449165
-448082
-443909
-436709
-433285
-425228
-423539
-411335
-409973
-409593
-392731
-390986
-387605
-382370
-381960
-380685
-378398
-376965
-374073
-373701
-368482
-367799
-361048
-359523
-358475
-357584
-350547
-348754
-343244
-341584
-330364
-321191
-319237
-316675
-311167
-301746
-294484
-282120
-278461
-278156
-273392
-269701
-263402
-258721
-256454
-253861
-251228
-247663
-247252
-244859
-242653
-232449
-228240
-225138
-221605
-219905
-216812
-212886
-211668
-203127
-201001
-199726
-197722
-185380
-184226
-183353
-177366
-167354
-166566
-163240
-161862
-160599
-157408
-154940
-149754
-141242
-135929
-135714
-135511
-130881
-130260
-123967
-123918
-116932
-116408
-112109
-104647
-102415
-95087
-94201
-89179
-81880
-81334
-75670
-70370
-68373
-64662
-61797
-53213
-47012
-39438
-38716
-31987
-28023
-26082
-20694
-20244
-15740
-12841
-10904
-8217
-7670
-3747
-2986
-1006
-678
6850
7892
13524
16070
18119
23383
25362
27546
28681
31340
32766
44530
53335
58483
73317
74259
81072
84054
85151
99704
108595
110673
112330
112772
118100
123816
126433
132699
133401
138412
145352
146992
155855
158816
168138
168226
176178
179113
179699
188178
188391
191114
192394
192803
205545
212398
212649
215345
232869
246039
253735
254239
258879
259762
261125
262557
274932
283505
287267
291385
292497
292684
293449
295106
295613
299530
300316
304100
310782
315765
320184
323420
323585
323685
324019
324270
325600
329516
331279
334720
336556
338259
339613
344500
349278
353860
358072
359159
368418
368921
369084
370936
384583
387964
389857
389958
390823
393290
401136
401158
403633
404909
414986
424999
433821
438235
439579
448317
458442
464173
467890
468169
468916
475472
500301
507061
522583
527529
530034
533698
540146
542810
551749
551784
553473
558322
565786
566242
573805
574035
574244
578075
583580
589566
592885
600076
601114
607475
618772
627998
629516
630572
631627
634481
639411
652932
655829
656461
666420
666828
669117
676692
680360
680563
681073
681750
684068
685127
695220
695272
697191
722565
726041
726664
729034
732492
734238
736296
736949
754514
766816
766991
769320
772282
772389
777955
779866
783270
786067
788084
790063
791723
791767
793748
810477
811046
815340
823026
825149
837895
841637
847396
849808
851688
862110
877175
878036
878740
881062
890437
891373
892783
894462
895313
896216
899438
902907
908982
910441
912424
913362
914934
917885
919134
922094
922167
922529
923227
924143
926934
928783
931640
938788
938807
940084
944016
949742
955377
957859
959256
963893
964319
969143
975470
976610
976860
978095
989209
989537
990395
991350
998007
1001734
1003655
1011133
1017026
1017231
1021080
1023817
1027986
1028465
1032141
1033258
1039880
1041445
1049622
1054173
1064472
1075093
1076311
1079365
1079544
1086762
1089422
1090706
1103258
1107615
1111443
1118001
1122191
1124040
1131579
1138921
1141604
1143368
1150292
1150535
1157997
1162151
1166418
1168778
1172243
1173269
1174480
1177716
1178694
1178979
1179286
1180141
1190713
1199960
1201541
1209704
1215165
1216500
1216759
1223769
1224675
1240125
1244898
1245397
1256144
1262140
1265399
1266079
1268195
1268549
1268780
1272402
1273258
1274477
1275150
1279487
1279812
1284236
1285314
1287678
1288207
1295619
1300775
1302267
1303523
1305748
1310322
1320907
1324485
1330809
1331730
1332012
1332534
1332851
1338941
1341401
1343877
1347644
1355363
1357640
1361771
1364504
1367010
1367943
1369231
1377593
1382271
1383930
1384509
1385201
1394360
1395296
1396583
1397415
1397726
1407945
1410926
1422176
1425353
1426922
1433538
1437602
1441907
1445252
1446708
1450050
1450054
1452798
1457148
1459603
1460569
1463253
1468376
1469714
1472815
1479561
1480682
1486478
1488125
1492514
1497736
1502054
1505692
1520362
1523278
1526284
1529039
1533262
1534792
1540911
1543058
1544575
1545062
1548450
1550701
1562387
1563718
1574281
1576972
1584104
1585958
1590330
1591740
1593567
1593853
1593854
1598144
1598953
1617460
1619797
1624230
1625279
1625318
1632094
1634858
1636470
1638282
1641031
1648281
1648955
1657559
1662339
1668720
1669321
1671838
1679674
1684612
1686502
1691967
1695952
1698387
1699069
1707752
1715677
1716202
1723099
1723985
1728536
1742056
1746986
1747233
1749173
1749646
1749984
1754215
1757326
1759382
1764035
1766142
1766994
1773024
1775009
1777766
1780979
1786005
1795605
1801461
1810163
1811888
1827463
1828635
1829108
1831774
1839993
1844475
1848921
1849000
1855754
1856905
1857081
1858747
1858985
1860072
1860818
1862489
1866556
1871409
1876759
1884701
1886565
1888310
1890360
1893168
1893422
1897372
1898212
1903009
1906824
1924708
1926334
1931072
1939074
1943925
1946955
1948884
1950206
1961867
1965544
1966128
1972027
1975027
1978935
1993761
1995708
