-1998055
-1992792
-1991806
-1989381
-1985888
-1983537
-1982070
-1972323
-1972300
-1972016
-1971973
-1964373
-1963183
-1961616
-1960134
-1958981
-1957173
-1945315
-1944078
-1941087
-1939993
-1936925
-1921740
-1920367
-1914425
-1907846
-1906963
-1904313
-1903218
-1896434
-1895459
-1883841
-1883091
-1878499
-1876882
-1876219
-1866122
-1865198
-1864688
-1858093
-1858036
-1848616
-1847535
-1839311
-1838118
-1834412
-1833881
-1830594
-1824132
-1814163
-1809772
-1808540
-1802696
-1791952
-1790443
-1788069
-1786521
-1785766
-1784020
-1777580
-1768736
-1764775
-1761490
-1761046
-1757709
-1756296
-1755183
-1751864
-1749816
-1739489
-1739265
-1736983
-1732593
-1731995
-1730431
-1715882
-1712472
-1704629
-1665252
-1664960
-1664685
-1664412
-1659357
-1657815
-1655846
-1655113
-1651816
-1650308
-1644525
-1637833
-1630541
-1622254
-1621757
-1620349
-1613276
-1613164
-1609522
-1608744
-1603210
-1596149
-1595799
-1582392
-1580711
-1573786
-1573626
-1572027
-1569337
-1568880
-1566463
-1566062
-1566013
-1549912
-1528344
-1524660
-1513564
-1512013
-1508953
-1508694
-1506690
-1501934
-1494608
-1482652
-1481828
-1481554
-1480080
-1476044
-1475900
-1471940
-1467989
-1463638
-1457042
-1452567
-1449121
-1447874
-1446847
-1440371
-1433232
-1430928
-1424428
-1424114
-1420430
-1418207
-1408922
-1407499
-1407037
-1404214
-1387545
-1383892
-1382389
-1381371
-1376893
-1375186
-1370452
-1364369
-1364141
-1364069
-1361176
-1350841
-1345447
-1344997
-1342174
-1333289
-1330178
-1330038
-1327933
-1327902
-1322324
-1317825
-1308456
-1306221
-1300651
-1298198
-1297822
-1293973
-1292036
-1291832
-1285521
-1282892
-1278269
-1273925
-1267635
-1266672
-1264604
-1251100
-1249375
-1243400
-1242852
-1232437
-1230593
-1227456
-1227016
-1226374
-1222959
-1221906
-1220639
-1216489
-1215115
-1212497
-1205949
-1205463
-1204070
-1200422
-1199294
-1194755
-1194480
-1193013
-1185001
-1182780
-1174375
-1162917
-1161723
-1157322
-1154444
-1147317
-1142775
-1133307
-1132432
-1129422
-1124358
-1121559
-1120628
-1114425
-1113886
-1113150
-1110828
-1098834
-1097657
-1097002
-1094117
-1092734
-1091979
-1090913
-1086208
-1084978
-1084309
-1081744
-1080385
-1078567
-1078330
-1074130
-1070228
-1066362
-1066089
-1058767
-1057917
-1049564
-1049366
-1025494
-1025270
-1002226
-1000748
-998290
-989538
-981295
-975768
-972664
-972463
-970822
-970683
-968043
-967197
-964268
-960587
-953751
-951712
-944135
-942768
-932569
-931411
-930416
-928692
-919412
-911660
-910303
-905164
-904153
-903759
-902179
-899801
-899465
-893038
-891270
-875466
-874974
-874956
-873579
-869490
-867570
-862716
-857552
-852160
-845491
-845281
-841282
-839903
-813004
-812452
-807391
-804298
-803340
-801972
-800753
-795037
-794015
-792568
-790353
-788486
-785620
-777119
-772791
-769844
-765102
-758591
-750288
-749986
-745496
-742927
-742537
-738150
-732939
-730843
-725591
-725276
-715833
-712954
-711206
-678892
-675914
-674158
-672289
-661086
-658410
-656430
-652880
-652031
-647928
-641401
-636907
-631745
-627860
-625975
-622214
-622099
-619685
-613229
-610219
-603661
-602319
-592464
-591415
-575743
-572764
-568065
-562477
-556929
-554961
-547319
-539789
-534337
-532207
-532027
-531438
-521077
-509517
-507080
-495095
-491577
-487227
-484069
-483358
-483191
-481274
-478509
-477307
-470096
-469789
-462115
-459137
-455537
-454053
-452959
-449508
-446166
-435097
-432338
-432325
-428828
-426887
-425486
-424645
-423500
-423277
-415897
-414352
-413957
-412005
-408712
-400927
-400755
-400505
-396565
-392436
-391737
-387980
-386663
-385382
-381441
-380877
-379698
-374181
-373926
-365521
-364952
-362463
-361922
-359454
-356944
-354273
-350573
-349861
-346715
-337028
-334404
-323500
-321682
-321557
-320814
-319425
-317565
-317533
-315126
-313041
-311899
-301082
-298336
-293403
-291370
-288727
-288705
-279827
-278967
-277812
-275132
-262160
-256223
-252353
-252083
-250561
-250372
-241024
-237997
-237892
-236622
-224474
-223361
-206710
-204001
-200957
-195044
-186532
-183893
-181208
-177536
-175722
-175579
-174627
-170659
-169701
-166816
-159925
-159576
-157507
-153450
-148114
-142078
-126173
-120764
-117151
-116809
-109253
-106728
-104513
-103289
-103234
-98835
-98584
-95797
-89757
-86540
-83834
-83628
-80488
-79858
-77697
-68378
-57118
-52736
-51772
-48025
-44845
-44567
-34492
-33521
-31145
-26896
-21991
-14494
-3274
5594
12957
26241
28677
42387
45756
50380
59000
64307
67263
71796
77595
85968
92749
96402
103223
103267
103505
106955
108207
113371
117067
122028
124699
128930
130171
130637
137286
141181
141556
152279
154581
160474
160846
161656
163221
166916
168037
168048
171402
173304
175773
184350
190059
190445
191442
193258
194529
204865
210004
211417
213758
213771
220757
223971
225201
225709
228958
228992
230472
231426
231880
238043
252405
260525
261049
262551
263233
263365
265175
265707
266151
266727
266868
269810
275282
284460
288014
292336
294007
297243
307989
328295
328900
334843
342380
351694
361629
364223
372302
373889
377340
383400
384046
385870
392900
395094
400299
402272
402313
409086
409552
419529
420954
424116
428819
434849
436250
439481
441625
441790
445307
445767
448306
450572
451606
457334
459190
462568
468884
469191
469309
471211
482306
485947
485990
492457
493564
498241
499409
501535
506010
507233
535367
538052
539681
541687
557463
566725
567302
568212
571356
574651
575802
584031
587611
609643
616221
625147
626757
627432
628254
628272
628452
630331
631007
632419
635583
640171
641325
646143
647483
649626
651607
656151
657996
666629
670374
679679
681520
690617
693829
694282
695035
697084
698612
702565
703686
714271
718134
719002
721381
722182
723513
725096
728979
729080
729235
743163
745721
759703
760724
762177
767761
768627
776934
782358
786828
787730
794917
801733
805911
808718
809696
811517
815127
823287
824480
826707
833780
835133
839217
841342
844022
844171
847086
854391
854435
869226
875215
878159
880097
889665
892448
894451
898018
912302
913945
920073
920236
921431
928907
930718
933938
934751
951542
961043
964685
969288
977065
983172
983941
988786
991241
1002144
1006238
1009750
1011556
1015580
1021717
1032302
1033287
1034843
1042508
1043388
1043966
1046234
1046598
1046713
1055295
1057422
1060132
1063196
1065575
1074399
1074672
1079200
1079367
1085911
1089613
1090664
1092344
1092833
1093868
1098530
1101870
1106401
1112156
1114009
1116967
1123505
1125919
1127290
1140274
1142642
1151530
1154986
1165938
1170684
1173037
1177541
1179226
1180097
1188013
1193789
1194213
1197160
1200565
1207418
1212453
1215382
1216663
1216886
1217721
1218505
1225843
1229927
1229950
1230350
1230609
1234753
1242966
1253609
1257873
1258305
1259159
1263838
1264441
1264927
1272965
1275637
1276221
1278075
1279667
1280194
1289249
1297083
1301287
1301362
1302517
1303657
1303972
1307940
1309534
1319436
1320039
1322017
1324940
1325480
1330389
1332711
1334591
1335765
1338302
1345678
1351126
1351249
1352149
1354432
1355084
1356596
1358357
1359615
1373572
1375365
1377914
1385930
1387608
1395614
1401514
1404062
1404565
1405569
1407713
1413721
1413752
1415714
1417076
1417180
1417894
1424663
1451155
1456783
1464205
1470387
1474570
1480204
1480729
1483260
1487753
1488882
1492575
1494031
1499554
1500859
1501987
1507068
1512512
1512625
1512727
1513136
1515433
1519880
1527518
1527939
1529657
1535817
1537829
1542676
1563066
1566304
1568531
1582108
1582313
1589300
1608165
1609305
1615744
1628511
1628986
1638187
1644621
1650792
1651626
1652405
1653926
1662315
1663130
1663200
1673534
1677905
1685614
1686732
1692299
1722125
1723501
1726999
1728293
1728371
1731670
1739370
1740969
1741167
1743637
1745911
1751108
1752721
1759083
1762687
1775837
1785927
1788023
1788460
1791355
1794645
1796445
1803552
1803684
1803857
1808915
1811220
1818174
1829549
1829835
1832107
1835188
1837568
1838174
1839855
1840701
1850576
1856451
1858718
1865888
1870746
1873738
1876561
1887376
1894510
1895101
1895661
1897416
1919139
1929673
1934329
1935451
1935616
1936140
1944143
1947752
1951431
1952550
1958133
1959706
1960040
1965316
1965360
1967135
1973620
1994911
1997743
1999344
