-1998221
-1997043
-1992931
-1988457
-1986320
-1985413
-1982337
-1966589
-1964039
-1963601
-1960678
-1957382
-1954135
-1948987
-1947520
-1941699
-1933441
-1932500
-1927385
-1917200
-1913863
-1912699
-1910694
-1904849
-1902788
-1900842
-1900354
-1899811
-1893461
-1882974
-1882339
-1879850
-1879745
-1866942
-1864870
-1862901
-1862434
-1862262
-1861131
-1860659
-1856038
-1854978
-1853213
-1846447
-1840454
-1836794
-1836780
-1834841
-1834310
-1833907
-1829998
-1828986
-1824646
-1824123
-1814301
-1807929
-1805412
-1805212
-1785300
-1779509
-1778483
-1778220
-1778130
-1776316
-1774244
-1768920
-1768361
-1767125
-1761456
-1758470
-1754396
-1749303
-1746804
-1742104
-1741492
-1734099
-1733953
-1722850
-1713102
-1711794
-1703762
-1700665
-1688961
-1687316
-1685092
-1683135
-1680232
-1674710
-1672931
-1669834
-1668170
-1650545
-1647624
-1645316
-1643514
-1637649
-1636212
-1630142
-1629739
-1626433
-1622913
-1614828
-1613632
-1609233
-1607927
-1600330
-1600087
-1599461
-1592128
-1591751
-1587958
-1585708
-1582369
-1570856
-1570765
-1566370
-1564963
-1564209
-1561355
-1561224
-1560710
-1555361
-1549019
-1545895
-1544154
-1543569
-1527572
-1525057
-1523694
-1523421
-1523315
-1521510
-1518624
-1516817
-1504247
-1503352
-1502027
-1485041
-1478299
-1477241
-1474576
-1466180
-1464751
-1463049
-1461220
-1461049
-1451209
-1445817
-1433553
-1433545
-1432377
-1429549
-1426900
-1425898
-1421274
-1416725
-1410059
-1405010
-1396774
-1396722
-1380344
-1379763
-1379534
-1376256
-1367207
-1365767
-1358399
-1353531
-1351277
-1351202
-1348860
-1345342
-1335208
-1327757
-1326521
-1323824
-1320854
-1316992
-1315053
-1313896
-1310847
-1305891
-1302556
-1299816
-1299763
-1295826
-1294702
-1274924
-1272132
-1270880
-1269623
-1242981
-1234824
-1234430
-1234294
-1232977
-1232127
-1231833
-1231790
-1231659
-1220873
-1213550
-1212246
-1208166
-1207371
-1207369
-1207366
-1201116
-1196241
-1192354
-1190963
-1189281
-1179466
-1172221
-1171335
-1167163
-1164222
-1163223
-1156514
-1156242
-1147121
-1143024
-1139345
-1123156
-1117478
-1105755
-1082034
-1075136
-1073759
-1067861
-1062745
-1051263
-1045631
-1044820
-1032474
-1029055
-1022801
-1022719
-1017542
-1011976
-1010168
-1007214
-1002804
-1000496
-999438
-995952
-994597
-991981
-988332
-980759
-978054
-973854
-969797
-967393
-963736
-961688
-953430
-952669
-946803
-940485
-939312
-935567
-926167
-922596
-922356
-916787
-911374
-909404
-907962
-899300
-899194
-897349
-892864
-889864
-889107
-888014
-884295
-883971
-880150
-865754
-865146
-857664
-855623
-854758
-853580
-852859
-851010
-848420
-841291
-840373
-839168
-835253
-831214
-819741
-814372
-813149
-800880
-799899
-796057
-794643
-791513
-779484
-775023
-774342
-762361
-761039
-751910
-749601
-748580
-747283
-745394
-744194
-741085
-740445
-732511
-723949
-717401
-714332
-708686
-696843
-685025
-684395
-673538
-670182
-657733
-652117
-650466
-641125
-638225
-637552
-634404
-631139
-630240
-627049
-621092
-606603
-603994
-601699
-600287
-598835
-596712
-594296
-594024
-588909
-584891
-584415
-582286
-579068
-575818
-575055
-573434
-549672
-541175
-539566
-538948
-538076
-536957
-520884
-519826
-518933
-518865
-518048
-512074
-508618
-502545
-497778
-492722
-492196
-490706
-490270
-487963
-481295
-474362
-473513
-465110
-450934
-447455
-433366
-426212
-411209
-404045
-394926
-390479
-371769
-366620
-363150
-359011
-353905
-345754
-343715
-335971
-335485
-331445
-327463
-321739
-307152
-306253
-304308
-302148
-301546
-297669
-289160
-285010
-277903
-265235
-263548
-262012
-260706
-255558
-249882
-248696
-242294
-236248
-235111
-234692
-234559
-232467
-231994
-229661
-229249
-228843
-228178
-228064
-222759
-215661
-207639
-198658
-193366
-188843
-186789
-186649
-185426
-183973
-178173
-164829
-156017
-154710
-143301
-140563
-139449
-132205
-128384
-126006
-121941
-117932
-117585
-114725
-108819
-104172
-101433
-101048
-96655
-82766
-82104
-75548
-73703
-72270
-66949
-64160
-63730
-63654
-60839
-58680
-55064
-55041
-49330
-44964
-44260
-37178
-36464
-35132
-28979
-27706
-24677
-24329
-23857
-19702
-11588
-5253
3265
5408
7053
7124
19478
20778
28440
37770
48387
48792
54546
58152
61958
63809
72710
73760
76557
78522
82545
89564
92067
95915
97404
102355
112670
118594
132715
146396
149463
150510
154089
159585
164878
175446
179699
183239
184858
185049
192250
198044
201269
206691
210909
220779
225711
229728
230484
233391
240077
251336
252324
252934
260722
266918
269009
269546
270190
273145
276135
284108
292363
298708
307078
308376
308388
309105
317204
322681
330385
330457
331827
332401
337208
350793
356146
361014
363244
363453
363796
367293
368795
369743
376324
376782
377875
379169
382918
383609
384528
388876
389378
394754
396755
398877
403128
403318
407411
416100
418388
419589
422369
425396
432539
434345
437214
437714
444138
445272
448706
450430
455818
458127
458819
459899
465419
468013
484413
486488
486537
489733
497174
498561
502706
502979
504467
505793
523531
527989
528755
529728
530544
537503
551477
556669
557002
559063
561225
564382
571885
571959
575764
586262
591380
592678
594474
596105
601486
602194
607204
608855
612383
620577
621492
627192
631711
632132
634413
639968
642910
646894
652882
655290
665920
666973
667056
667291
668622
671487
674530
674637
675384
684425
698894
702972
703280
704193
709286
709999
713811
713949
725757
738985
753165
754332
760964
764797
769066
771305
771433
772234
781364
784099
786816
790362
796747
802067
808972
820848
825032
827839
831550
839838
849390
852927
867722
873544
874921
881584
881725
888855
894290
902915
914767
918657
921493
923697
924464
927723
927776
932427
935033
935975
936168
943096
944999
948182
953749
955712
960166
963735
966068
971662
976428
998005
1000777
1001121
1004532
1005663
1010792
1010819
1019120
1022740
1034682
1035654
1036230
1040645
1046651
1047038
1049241
1058736
1059238
1065740
1076694
1081033
1081455
1083346
1085677
1091261
1093658
1100723
1118516
1122004
1124100
1133515
1147377
1147403
1147645
1149490
1152007
1155767
1163142
1166248
1166988
1167040
1167319
1174350
1176079
1178846
1180581
1181067
1182080
1182712
1184876
1187088
1187860
1189532
1190564
1194072
1197925
1198976
1210067
1211000
1215200
1216350
1221419
1221633
1222118
1222609
1225482
1233663
1236064
1237319
1240252
1243447
1254200
1254807
1254828
1254984
1260054
1260446
1265540
1268584
1270643
1272008
1273098
1278284
1281703
1289376
1290511
1298354
1301026
1302150
1305414
1309812
1319680
1329739
1339436
1339878
1341726
1341940
1346293
1346299
1349016
1350046
1352093
1353025
1353943
1356236
1357288
1363933
1364072
1364693
1367622
1368967
1371278
1371667
1372568
1374545
1374638
1378683
1382567
1383979
1386096
1392134
1403001
1416322
1421956
1427871
1435805
1440227
1441872
1446804
1454746
1455439
1457098
1462924
1469334
1469426
1469940
1470673
1475140
1476046
1477234
1485786
1489715
1489891
1491588
1504280
1513113
1515539
1521779
1522495
1524497
1530499
1531784
1532591
1533694
1535495
1542160
1552676
1557199
1560822
1561623
1573960
1573981
1576933
1582319
1582391
1582868
1586178
1586431
1592862
1593425
1596667
1599324
1600455
1606799
1607103
1607635
1612825
1617925
1621169
1622580
1627382
1633456
1636865
1638140
1638539
1647046
1654279
1654611
1661486
1669070
1670720
1673518
1675383
1676803
1677043
1677761
1679415
1680977
1686614
1688095
1688119
1690480
1691495
1695983
1696520
1700245
1703623
1704144
1709728
1712880
1717240
1719238
1723609
1725740
1730058
1745848
1749654
1749829
1760305
1760432
1762648
1763659
1768334
1770431
1770659
1773458
1778467
1785398
1789951
1790071
1790791
1793958
1807990
1810482
1810680
1812058
1813196
1814395
1818630
1819451
1824317
1829201
1834778
1841153
1843155
1845254
1847355
1848263
1851302
1855473
1857446
1858763
1868340
1870463
1873022
1876149
1876272
1884127
1884164
1886508
1891674
1893052
1893904
1896806
1899195
1899808
1907197
1908060
1909072
1910004
1910324
1916363
1921578
1924484
1941002
1943564
1946023
1947974
1954163
1955145
1966899
1974836
1977196
1978099
1981830
1987823
1992600
1995310
