-1997751
-1995436
-1993183
-1991994
-1985623
-1983606
-1976900
-1976549
-1969894
-1964158
-1961767
-1956905
-1956347
-1950388
-1949749
-1943549
-1943194
-1938975
-1935202
-1934105
-1931511
-1930701
-1926869
-1926693
-1916633
-1916210
-1915747
-1915547
-1906913
-1906480
-1902183
-1897918
-1894654
-1892425
-1878890
-1869846
-1868797
-1862758
-1858360
-1855468
-1851351
-1849690
-1847663
-1844549
-1833649
-1826011
-1824783
-1817671
-1812760
-1812147
-1811769
-1811541
-1810917
-1808235
-1804547
-1800110
-1799371
-1795805
-1794776
-1790422
-1783193
-1782678
-1777741
-1776870
-1768619
-1764112
-1756863
-1755460
-1748525
-1740332
-1722222
-1721491
-1713107
-1712648
-1707449
-1706381
-1705110
-1704981
-1691738
-1690591
-1684069
-1681469
-1680914
-1673275
-1669010
-1666289
-1665572
-1660672
-1659118
-1655878
-1654539
-1653392
-1653277
-1646789
-1642961
-1636901
-1635371
-1631083
-1616285
-1606282
-1600535
-1595542
-1594837
-1588266
-1586736
-1582061
-1580906
-1577106
-1569586
-1560977
-1560499
-1558921
-1557295
-1550654
-1540210
-1534723
-1533449
-1529520
-1527201
-1526318
-1525469
-1524681
-1519665
-1514346
-1503937
-1499736
-1490527
-1490028
-1476019
-1475541
-1467126
-1465953
-1458933
-1457986
-1457286
-1455428
-1453710
-1449042
-1446181
-1445946
-1438512
-1429994
-1424468
-1423199
-1422911
-1411182
-1402894
-1401595
-1400414
-1397303
-1396779
-1392738
-1388162
-1386228
-1383804
-1383271
-1382024
-1367732
-1353148
-1336471
-1333421
-1333129
-1332192
-1326687
-1323856
-1322425
-1321204
-1317067
-1309815
-1305011
-1302333
-1301995
-1299533
-1291923
-1291357
-1289632
-1287169
-1278134
-1269741
-1264288
-1261752
-1259993
-1259044
-1251648
-1250441
-1236597
-1236370
-1234784
-1230859
-1227528
-1226768
-1219887
-1215477
-1212540
-1210365
-1208462
-1207268
-1207130
-1205799
-1205788
-1204879
-1204061
-1202989
-1202740
-1199894
-1189070
-1187411
-1183471
-1177383
-1174319
-1171931
-1164367
-1164071
-1163065
-1158174
-1150723
-1142775
-1142622
-1141987
-1137681
-1126964
-1124779
-1121941
-1110453
-1106659
-1104204
-1103696
-1101014
-1098343
-1093180
-1092593
-1083316
-1080439
-1078296
-1073339
-1065832
-1063699
-1062944
-1056610
-1055245
-1051567
-1051492
-1050518
-1042333
-1042255
-1037254
-1033611
-1032790
-1030331
-1030322
-1027311
-1026615
-1025665
-1023162
-1021709
-1020444
-1009947
-1007782
-1006342
-999660
-999505
-994770
-992201
-988921
-987654
-977333
-976768
-970665
-967638
-965538
-964320
-953246
-947553
-945765
-939044
-932330
-930059
-920499
-918022
-914642
-903528
-899026
-891453
-889843
-888867
-888512
-888411
-870261
-869241
-866682
-859934
-859158
-848914
-842796
-842584
-842105
-837881
-822376
-803735
-802692
-801618
-799857
-796210
-796171
-793134
-792529
-792243
-791771
-789026
-788845
-782383
-779485
-771212
-767349
-762593
-762501
-755907
-749379
-749101
-744411
-730022
-729119
-723553
-721913
-720362
-711037
-700400
-699994
-696789
-696294
-694146
-691315
-688373
-683682
-669063
-668004
-667685
-659956
-659586
-655634
-653138
-653010
-648033
-646567
-641615
-634168
-633697
-627398
-626242
-616906
-616870
-614651
-614584
-611168
-610248
-609507
-603636
-603487
-593819
-581019
-577378
-573886
-570210
-570060
-567366
-566824
-566142
-565988
-561238
-557830
-557304
-548466
-541791
-536068
-535509
-533690
-532849
-529532
-529353
-528460
-527955
-522879
-517101
-506529
-505209
-500376
-497018
-487989
-485191
-482503
-481272
-475877
-470325
-468520
-467584
-466776
-461103
-451389
-451114
-441399
-439211
-433342
-431590
-429383
-427228
-424898
-424675
-423230
-422174
-420526
-405643
-405227
-403728
-392104
-387477
-376871
-376465
-368774
-367493
-367087
-366030
-365098
-358184
-355727
-349340
-347834
-347620
-341396
-338048
-337299
-334462
-325981
-325051
-319748
-316810
-315403
-296080
-291504
-283939
-274425
-272378
-270493
-252634
-252099
-250116
-249933
-246078
-245357
-241966
-241884
-239524
-229115
-222421
-211890
-209518
-208146
-195574
-194070
-183453
-176415
-175405
-175033
-172798
-170421
-168243
-163155
-161994
-161498
-160006
-157688
-153431
-152401
-136896
-135513
-134267
-131764
-131487
-130621
-118531
-118033
-116163
-115661
-115626
-113963
-113843
-109324
-108922
-102615
-102471
-96740
-93519
-91613
-79710
-77831
-75906
-57833
-48427
-46594
-37565
-34846
-21405
-9841
-7777
-5049
-3527
4228
5815
7531
8532
19738
27956
35790
37193
40250
44295
46292
48085
53300
58943
63338
64570
67842
70265
79013
79299
83058
83787
89097
89176
92102
103661
104857
108932
110038
118241
120259
121215
127873
131129
141510
142217
158448
163481
168875
172751
173886
177109
181418
182271
185545
186342
187446
189739
198554
201422
202632
212269
213257
222193
227927
228133
228342
232198
235085
237335
240594
249242
256736
256828
259228
263236
272609
276802
282566
283702
286067
289480
300595
307693
315269
320661
323708
325349
329973
330345
339186
342082
347571
349339
351145
355083
362630
364507
376830
377093
383858
388340
388675
390361
394280
396821
397535
399056
400876
402718
402912
419593
420044
422799
428847
429310
429493
431320
438871
439529
441381
444393
445202
445700
447350
451254
453077
469303
475907
476076
476116
479131
479323
483202
485025
493459
515910
527165
528108
538698
538764
541254
553482
557621
565462
566646
572188
582772
584473
586468
586505
595197
595855
599403
605770
607165
607279
607467
609741
610806
627824
636871
638578
639016
642667
650058
650851
657379
661556
661920
667475
672506
673447
675307
681308
682049
686834
693955
700064
702562
702731
703279
706337
710488
711950
728587
729582
734537
743429
748056
754049
766827
768900
770132
777402
779919
785176
787284
799866
801854
802076
807015
812868
821109
825298
826997
831962
839473
840489
844265
846968
851119
853371
854949
867491
867631
867833
868125
870046
892618
907446
907980
909636
910334
910845
919365
924172
928581
932158
935222
952912
957635
959308
965155
967895
971796
973553
977776
977777
985683
996746
997571
1001651
1018887
1020130
1021020
1023821
1026851
1027098
1029338
1032162
1034171
1035923
1042017
1048311
1057278
1058716
1059039
1065787
1068454
1070390
1072766
1073493
1081301
1081464
1098427
1099096
1101195
1103516
1103522
1110762
1116256
1118981
1120219
1123992
1133060
1135104
1135393
1139867
1141280
1149722
1156787
1161310
1162391
1163813
1164943
1166495
1167953
1170129
1173435
1176629
1184718
1185507
1189485
1189738
1195017
1195652
1205195
1207648
1209943
1214443
1221081
1221949
1222094
1223633
1227198
1231169
1235817
1235894
1238673
1245351
1249450
1252112
1255585
1257779
1259020
1259191
1259872
1264921
1269233
1276719
1284077
1290068
1291782
1294813
1295126
1300888
1302676
1305921
1308881
1322587
1324477
1324817
1326527
1336728
1343978
1350170
1355035
1359632
1359658
1360448
1360877
1370121
1370245
1371130
1380880
1393618
1395435
1396222
1396694
1398886
1400340
1400793
1402130
1405033
1409325
1412343
1417363
1418047
1419492
1421769
1422393
1444499
1446426
1448097
1452221
1454874
1456422
1459872
1463937
1477215
1478514
1479083
1484665
1496326
1497760
1498827
1499405
1506002
1515796
1522609
1526513
1529450
1532219
1535268
1539149
1540443
1548165
1550118
1554468
1556954
1557869
1565181
1565546
1570497
1582241
1582817
1593044
1598307
1599305
1604488
1607258
1610215
1615443
1616996
1619016
1628377
1631391
1632508
1641595
1646602
1652875
1654784
1657897
1660313
1666174
1668319
1668690
1671424
1680216
1680698
1682786
1683153
1683972
1687545
1693426
1697671
1698026
1705294
1711741
1721658
1722117
1723945
1725900
1730013
1731516
1737911
1739049
1746040
1752035
1763563
1765519
1768459
1773351
1778674
1779635
1779906
1784787
1787389
1803379
1804258
1804872
1805256
1811223
1812698
1815362
1816941
1817017
1817410
1821763
1821985
1822334
1824229
1826204
1830094
1834296
1836636
1846713
1853903
1856642
1858932
1863810
1868910
1871712
1872987
1875729
1882590
1887672
1890978
1891580
1896806
1897044
1898249
1902800
1902848
1906065
1907222
1912258
1916686
1919093
1921360
1927343
1935567
1936603
1938143
1939400
1943504
1948105
1966017
1967218
1980133
1991288
1993198
1993272
1998463
