-1996773
-1996186
-1993833
-1989326
-1982844
-1979191
-1973932
-1962478
-1960819
-1956098
-1954754
-1944000
-1937783
-1936084
-1935127
-1927899
-1926742
-1926462
-1923502
-1920670
-1917124
-1915785
-1915101
-1912811
-1905745
-1903972
-1899592
-1886786
-1881799
-1871493
-1865554
-1861909
-1854308
-1853842
-1851612
-1848103
-1844782
-1844133
-1843936
-1843893
-1841082
-1840896
-1837802
-1833449
-1831070
-1825333
-1823115
-1804235
-1800744
-1800268
-1798709
-1796322
-1789850
-1781528
-1779283
-1776632
-1758011
-1756303
-1755870
-1750384
-1744971
-1743062
-1743049
-1742991
-1742183
-1741419
-1738333
-1732186
-1727442
-1724115
-1723455
-1721723
-1720306
-1716658
-1713240
-1713207
-1708645
-1706324
-1706217
-1704351
-1702496
-1691097
-1687042
-1671395
-1664821
-1658846
-1652951
-1639933
-1639371
-1629617
-1624273
-1615563
-1615459
-1612357
-1612280
-1596224
-1595330
-1586694
-1579529
-1579001
-1571009
-1570559
-1565912
-1557746
-1550224
-1542962
-1542145
-1541616
-1540312
-1539659
-1539432
-1535224
-1535071
-1529293
-1524105
-1516567
-1515780
-1509207
-1508216
-1505163
-1502141
-1501599
-1495561
-1492138
-1484888
-1481225
-1480988
-1480306
-1479898
-1477393
-1477175
-1466713
-1465450
-1465228
-1459928
-1458587
-1458447
-1453936
-1445246
-1441730
-1440896
-1438060
-1430686
-1421724
-1421080
-1421054
-1411013
-1403560
-1402732
-1402229
-1400862
-1398793
-1393940
-1388534
-1370341
-1366771
-1366473
-1362705
-1359063
-1357649
-1356042
-1353565
-1348101
-1343251
-1342925
-1341748
-1341189
-1336983
-1336243
-1335150
-1328504
-1319848
-1316698
-1311741
-1300904
-1300194
-1297483
-1289544
-1285633
-1285384
-1282506
-1280721
-1276051
-1276043
-1274734
-1273872
-1273473
-1270436
-1269167
-1265314
-1263856
-1248738
-1244243
-1240423
-1240338
-1234667
-1230173
-1225451
-1219620
-1218474
-1205646
-1204860
-1204116
-1203352
-1199608
-1198085
-1195881
-1192794
-1186829
-1177624
-1175083
-1168679
-1168124
-1166714
-1160170
-1154560
-1146776
-1146215
-1144955
-1144761
-1141420
-1135058
-1132426
-1130482
-1127334
-1123382
-1116749
-1115365
-1109145
-1108846
-1107602
-1107252
-1099115
-1097665
-1096706
-1095347
-1088492
-1088372
-1077960
-1076994
-1075072
-1073790
-1070369
-1068791
-1064382
-1060517
-1057247
-1054568
-1054462
-1050376
-1047711
-1046618
-1039388
-1029310
-1027487
-1006114
-1005981
-996859
-993865
-991032
-990354
-987873
-986125
-977287
-971719
-970351
-962996
-961965
-960766
-960603
-960081
-958429
-958075
-951649
-948709
-946478
-943759
-937561
-935482
-921922
-916183
-915678
-914226
-910900
-898865
-897304
-891185
-888902
-885568
-883979
-866652
-855261
-848097
-845826
-845014
-839555
-836711
-832908
-828990
-823546
-822093
-816025
-815535
-813304
-808365
-805705
-800111
-791884
-779903
-771271
-763939
-757902
-755160
-748973
-748903
-743828
-736695
-736116
-734463
-734149
-730361
-729859
-727059
-726957
-726826
-726791
-724180
-723276
-707175
-706853
-705586
-679263
-675712
-675352
-672122
-662962
-660778
-659525
-659199
-655588
-654919
-649221
-644225
-642164
-638650
-637088
-637037
-631612
-625978
-621447
-615781
-612604
-609828
-598274
-595619
-593916
-590685
-579647
-575729
-570441
-568777
-567642
-564305
-558375
-552035
-548735
-548064
-545767
-543325
-536313
-534616
-521877
-520061
-514890
-511061
-510468
-505577
-501470
-496226
-489319
-487395
-484490
-479843
-477051
-477047
-476204
-476067
-473201
-470301
-469510
-465252
-457899
-457560
-451043
-443281
-442531
-441750
-439678
-431510
-431065
-426512
-422293
-420983
-420130
-412203
-409085
-407464
-405589
-403622
-402215
-397182
-396879
-394324
-392037
-386660
-385198
-384005
-383903
-381711
-375367
-368706
-366854
-365585
-364742
-363705
-362764
-360853
-357469
-352571
-345525
-343320
-336139
-335169
-332147
-331763
-331752
-328694
-326953
-324189
-322962
-317459
-306583
-301163
-300796
-297936
-294781
-286713
-284910
-278769
-274923
-265353
-264684
-257660
-252899
-252856
-251902
-248813
-248453
-243768
-243368
-242879
-239235
-237882
-232955
-232794
-232503
-231938
-227935
-227677
-227243
-226077
-224764
-223924
-217257
-215437
-212094
-211817
-195186
-194990
-190999
-185919
-182970
-167093
-163643
-160502
-150794
-149716
-147461
-144085
-143451
-141759
-135760
-131464
-130025
-122228
-121077
-120911
-115925
-115818
-109225
-103008
-94492
-94428
-88210
-85306
-79997
-79647
-79540
-71166
-62662
-61623
-60258
-59304
-57342
-53696
-51959
-44612
-26964
-21537
-19005
-16214
-14209
-8212
-4177
-2489
768
4593
7110
11516
13322
20246
28437
30076
34346
38798
39939
42038
42426
43757
46173
47522
49283
50010
51073
52165
52339
57980
59325
59612
59729
64684
72291
75125
79712
81009
82575
84947
96099
97203
98366
102815
104875
109731
117991
118147
118653
119989
122639
131652
135507
136707
139406
141560
147189
149878
151906
157741
165416
165686
167209
168354
173653
176353
177119
179535
180429
183914
186601
190317
194364
198188
206540
207203
211813
216405
227880
228125
231281
232403
233373
239457
244136
246580
249130
253708
269198
273491
285410
290925
299343
301899
303589
309160
310167
310671
314626
317563
317948
323030
323850
326626
332114
336038
336899
338919
339833
340757
344395
348439
350951
360220
367695
370208
377335
380341
381303
382801
383509
384802
388162
395933
400069
405710
414056
418767
420071
446661
457545
458782
461399
464907
475335
481899
495515
496005
496382
496630
511173
512719
517042
518304
527843
530415
532788
544959
553943
558952
560229
562774
565286
566232
567338
568098
568108
570419
572406
575064
587281
589244
602198
606711
608956
618582
628306
633768
637978
638888
644847
648003
651160
653964
654133
655393
658091
659010
663220
666800
674398
675160
683444
686562
686691
693068
702689
702916
704027
704558
712128
716938
720874
724531
729550
731986
742563
752826
767278
772407
783818
787031
789722
794540
802788
805815
805880
806810
807992
809171
817348
829644
831137
831501
842860
844257
847619
855223
860947
862113
865804
867806
870392
880895
881576
885471
890448
910193
915470
915791
916633
924305
937081
939175
946873
947616
952239
953897
955066
957764
958722
959730
965399
967793
972762
975148
983251
983253
984877
985182
989362
992074
998512
999781
1004120
1010104
1010924
1016594
1019145
1024051
1026559
1033348
1035942
1042448
1042617
1045542
1050689
1052721
1053202
1057909
1069648
1072497
1073749
1080426
1087079
1089402
1090888
1092466
1098466
1105829
1118851
1122409
1130733
1152801
1166568
1170428
1172723
1177030
1180063
1188511
1193766
1205702
1210072
1210652
1213287
1213499
1215468
1215522
1225313
1228116
1229816
1241862
1246791
1248641
1249425
1250696
1263496
1270662
1272627
1285429
1287154
1288802
1289226
1289480
1290171
1293770
1298634
1298744
1299788
1304194
1308746
1309683
1311902
1313937
1314975
1327337
1333222
1333306
1343465
1348526
1351548
1351862
1353943
1358279
1366120
1371484
1372411
1386378
1388371
1393952
1397286
1399746
1403105
1404560
1410047
1415171
1428263
1429763
1430292
1432514
1441182
1448304
1449700
1451838
1459312
1460119
1467867
1472712
1484047
1495242
1498556
1500922
1505897
1506590
1509331
1512459
1514168
1518656
1523293
1525837
1531258
1534017
1549504
1550214
1555506
1556032
1557318
1560254
1561394
1570806
1576294
1578056
1586342
1590933
1595931
1605653
1610297
1610404
1621541
1623024
1624611
1633344
1633637
1639490
1643889
1648624
1650936
1662121
1676222
1684968
1694096
1697324
1704481
1711390
1713010
1713603
1716486
1727343
1728645
1732433
1735500
1737107
1744868
1747248
1752843
1760366
1765004
1778698
1782829
1783322
1787045
1789152
1789582
1790656
1791452
1795620
1798664
1800539
1802697
1809126
1819896
1824046
1826550
1828132
1836234
1844532
1849651
1854585
1855468
1856045
1859942
1861595
1863703
1868870
1869263
1871054
1871445
1879569
1880198
1883541
1884430
1887601
1896610
1897540
1902846
1905832
1906084
1906456
1913629
1914554
1916607
1917360
1920086
1925186
1927307
1927961
1933955
1934726
1938154
1939361
1939816
1940808
1944031
1945868
1947074
1952057
1954204
1959867
1963618
1967722
1976208
1982553
1992407
