-1999515
-1983704
-1980666
-1979365
-1973830
-1965001
-1964302
-1963810
-1962380
-1953371
-1950571
-1945524
-1943832
-1940087
-1933370
-1928224
-1924547
-1919248
-1909848
-1906545
-1901601
-1898907
-1892884
-1891864
-1891606
-1891051
-1886367
-1882416
-1876008
-1875399
-1872500
-1870408
-1869508
-1864374
-1863602
-1858914
-1856327
-1855312
-1848530
-1847358
-1846535
-1841062
-1838225
-1834685
-1834636
-1826955
-1825067
-1822350
-1822028
-1816902
-1815580
-1814944
-1810046
-1806603
-1804678
-1798759
-1790747
-1782770
-1778299
-1774568
-1773723
-1772912
-1771036
-1762909
-1759865
-1758379
-1756800
-1753528
-1748308
-1744408
-1744399
-1741383
-1733252
-1728155
-1724355
-1716091
-1714131
-1713333
-1711850
-1697756
-1697352
-1697169
-1695648
-1679476
-1675718
-1672266
-1670981
-1665758
-1645626
-1642990
-1639409
-1632798
-1632241
-1624545
-1623979
-1611842
-1606344
-1595619
-1587063
-1580328
-1575869
-1573922
-1573129
-1571265
-1564259
-1563100
-1555134
-1551444
-1543383
-1541416
-1526468
-1521837
-1515954
-1513138
-1512402
-1511656
-1508244
-1506535
-1506108
-1495649
-1494895
-1494185
-1492013
-1484024
-1482000
-1481890
-1481559
-1475570
-1473309
-1471034
-1468196
-1464616
-1461396
-1456127
-1453859
-1442395
-1440384
-1435422
-1416419
-1411312
-1410137
-1409880
-1408117
-1404847
-1400914
-1398680
-1393288
-1392442
-1390337
-1388075
-1382788
-1380859
-1378596
-1378062
-1370540
-1370244
-1368307
-1366108
-1361596
-1354357
-1352753
-1351357
-1349246
-1346299
-1345588
-1343035
-1337826
-1334342
-1324486
-1319842
-1300215
-1299483
-1296992
-1284937
-1277719
-1270918
-1268888
-1260997
-1252059
-1248058
-1247076
-1243260
-1242942
-1239364
-1231295
-1230030
-1227762
-1225123
-1217354
-1215770
-1214138
-1213769
-1211279
-1210242
-1199212
-1198840
-1198122
-1194962
-1194427
-1194081
-1187069
-1185783
-1184079
-1182950
-1178827
-1178641
-1177508
-1176125
-1171478
-1167556
-1164014
-1162369
-1160244
-1154260
-1151827
-1147704
-1127602
-1126290
-1118107
-1117192
-1106954
-1096308
-1095604
-1093194
-1092952
-1086710
-1082827
-1078770
-1070792
-1067764
-1059076
-1055539
-1049597
-1046778
-1045326
-1044358
-1039425
-1035898
-1027332
-1025297
-1024577
-1008980
-1008149
-1007304
-1002542
-1001119
-995597
-994868
-984265
-980700
-967708
-965934
-965405
-962953
-948357
-943421
-940313
-934513
-926070
-921529
-920539
-916936
-915857
-910736
-906182
-905799
-899763
-898049
-896518
-893725
-891908
-890984
-890730
-888456
-883082
-875230
-875158
-869732
-867723
-867617
-866767
-864313
-863500
-860694
-859579
-856399
-847366
-846313
-846162
-845421
-838849
-825172
-822428
-820381
-814990
-814440
-806295
-799854
-796029
-789660
-783538
-783342
-775724
-773239
-772828
-771128
-770402
-760074
-759276
-757684
-751963
-749628
-749001
-744611
-743780
-742386
-730814
-726192
-713020
-712671
-711322
-710113
-706836
-703915
-700895
-699914
-698893
-687876
-685533
-679873
-676364
-668978
-668281
-665191
-663455
-663244
-656972
-652996
-647529
-636655
-635725
-632939
-629368
-629266
-625670
-619219
-614683
-613870
-611910
-610087
-606288
-597237
-596410
-582038
-581757
-577813
-570572
-565856
-563623
-561806
-554134
-548649
-547072
-545837
-545082
-541837
-540708
-539715
-535068
-531643
-530388
-529265
-524862
-520358
-517533
-511107
-506322
-498345
-494927
-491040
-489235
-487886
-464897
-461951
-458395
-458092
-457679
-455067
-452910
-451866
-450333
-440227
-438674
-434925
-423921
-422446
-413334
-400460
-396828
-396215
-395008
-393936
-390834
-387418
-383084
-381749
-376933
-373621
-370342
-366581
-364364
-357432
-347199
-340547
-336219
-330933
-320456
-314777
-313915
-312851
-308120
-303418
-303304
-299516
-281620
-277289
-275428
-273967
-273122
-272765
-271738
-264848
-264105
-263918
-261567
-256196
-252907
-248783
-245459
-243842
-239157
-233330
-230650
-230100
-225068
-224274
-219724
-218782
-210712
-209236
-204461
-200660
-199358
-194660
-192780
-191133
-185840
-185174
-176222
-175673
-174504
-165010
-162396
-159021
-154996
-148071
-146814
-142164
-135610
-129028
-127720
-121084
-115578
-115508
-114675
-113284
-91870
-89804
-89152
-84130
-82049
-81707
-81086
-79702
-73229
-72058
-65189
-51870
-46269
-37572
-29371
-23695
-21950
-20275
-19686
-19154
-8544
-4429
-3517
1555
5000
5508
7495
9497
10811
11015
11965
18365
21833
28302
29506
30325
31465
58290
58427
66700
68490
72375
73267
75289
84412
85468
93863
95727
96341
98939
99524
102875
103237
113909
115428
124180
125653
135350
147220
149921
152225
152753
157326
164780
176230
178313
179673
189549
195336
199201
206773
208001
208035
210789
212123
228159
228171
228288
229398
236232
241923
242353
243189
247231
257671
267283
270708
283783
286440
304013
306995
309057
309885
310664
313963
314996
318095
321314
325527
325724
325759
326323
326520
328680
329442
332787
334412
335545
339731
340674
353270
359110
359551
360622
379146
380924
381325
385405
389510
390033
398396
404040
417925
425546
427704
428470
432197
434769
440547
440915
449641
449642
450877
450946
462003
463701
466377
470578
472848
477806
477856
479526
484458
492216
492579
499531
503091
505661
507393
525912
531568
534151
540948
549422
551576
553720
555266
556777
557866
559127
577105
583205
584453
586898
595111
596464
600208
601176
601762
607198
607960
613085
617694
618611
620595
624385
627947
628650
632129
637752
645312
652561
662957
673420
675467
678480
678910
686377
686699
691309
691551
692948
693531
696646
727387
730580
738730
743488
743543
747743
757208
760614
760696
762173
763374
766245
769291
773506
773987
775103
775463
778873
779708
783815
787193
793307
795883
800686
800896
802025
803842
805407
805720
809207
827919
828283
828546
832491
833476
836084
836807
842250
845741
846607
849831
849968
851753
853803
855521
875061
879320
880048
886129
891543
892037
897328
919317
923776
930649
932053
943541
950762
957899
962477
968794
974284
976569
983323
984714
985676
985971
988344
990056
991313
996248
1000273
1006033
1007446
1012137
1020444
1024043
1035829
1039133
1048862
1056251
1056416
1058351
1060436
1063411
1063581
1075885
1077695
1079063
1092960
1095020
1096123
1097445
1099199
1111764
1113953
1116509
1126121
1128823
1133884
1135268
1141649
1143901
1150006
1154292
1159017
1167118
1170001
1171738
1174141
1184368
1185502
1198233
1200957
1209063
1213538
1215627
1226422
1231463
1240182
1240830
1241071
1243212
1246743
1249083
1255294
1262730
1262753
1272051
1273519
1276223
1283681
1285027
1287998
1291651
1304160
1307977
1314614
1316068
1316075
1323160
1341961
1348982
1349398
1350379
1356426
1357791
1360465
1364453
1364500
1364836
1365210
1377876
1381571
1383391
1384839
1385074
1389494
1389934
1391111
1400908
1402716
1406178
1410330
1411789
1413589
1414232
1415893
1419603
1423545
1432249
1436175
1438896
1441826
1443492
1447299
1449695
1452497
1459393
1463466
1464795
1465023
1470889
1471814
1475323
1482163
1482360
1483468
1488376
1493090
1501240
1502275
1504676
1507773
1514516
1515654
1521006
1530044
1534706
1541091
1541101
1547091
1563039
1563063
1570189
1575735
1581131
1587246
1588906
1595983
1598949
1600194
1602219
1602426
1605906
1606466
1614273
1618579
1621503
1621706
1622710
1626587
1627349
1635903
1642300
1642572
1644153
1650321
1650599
1651967
1653787
1658238
1661472
1669295
1670776
1671870
1673861
1683683
1692120
1692234
1692245
1696214
1699708
1704005
1706626
1710442
1711298
1712182
1714661
1716599
1718747
1719837
1720469
1721568
1728230
1745579
1748363
1748790
1750659
1750840
1751483
1754902
1760419
1761547
1776715
1785438
1785480
1787713
1797562
1798451
1800629
1801480
1801608
1801762
1804729
1807722
1808862
1809232
1817587
1819170
1824118
1825916
1831798
1849484
1856509
1862761
1866484
1867735
1867749
1869312
1871354
1875467
1876078
1877153
1881618
1882762
1886557
1889091
1890839
1892580
1896188
1898585
1900767
1901732
1902462
1908502
1909734
1915887
1918351
1919940
1921413
1927949
1935564
1937932
1946236
1954736
1959426
1965406
1966429
1966441
1968924
1971231
1972957
1973027
1979690
1985980
1993117
1994214
1997965
1999127
