-1994888
-1993482
-1988932
-1987988
-1987769
-1987160
-1987147
-1981849
-1980958
-1980853
-1970871
-1966161
-1964246
-1961683
-1961321
-1961127
-1958110
-1957156
-1938784
-1933707
-1927340
-1920979
-1911755
-1905994
-1904637
-1903510
-1903108
-1899747
-1897833
-1892895
-1892236
-1888572
-1883811
-1872532
-1869768
-1867469
-1867306
-1861554
-1857882
-1854152
-1853782
-1849916
-1841081
-1837129
-1834189
-1834182
-1830956
-1828606
-1826323
-1826246
-1820951
-1818224
-1815350
-1811545
-1811161
-1807232
-1799977
-1798303
-1797508
-1797117
-1792654
-1791602
-1789145
-1786330
-1782712
-1781757
-1778599
-1777781
-1775749
-1774232
-1773306
-1773093
-1769649
-1764990
-1762338
-1755512
-1750784
-1744727
-1737713
-1726386
-1719951
-1717392
-1708543
-1698271
-1694309
-1693615
-1687633
-1686947
-1685838
-1684823
-1681775
-1673168
-1671625
-1665779
-1661798
-1660137
-1657546
-1655589
-1654056
-1650346
-1643866
-1642084
-1633960
-1632948
-1630012
-1624355
-1624309
-1622890
-1621701
-1620807
-1619796
-1617730
-1613276
-1608509
-1602508
-1602199
-1600854
-1599488
-1598705
-1598590
-1598450
-1587207
-1586904
-1586150
-1583217
-1582698
-1576494
-1576194
-1569714
-1561212
-1559230
-1558454
-1550189
-1544933
-1542234
-1540789
-1536703
-1532753
-1530272
-1522833
-1522072
-1517973
-1509013
-1507510
-1503478
-1500269
-1499134
-1498869
-1497983
-1497907
-1490856
-1490585
-1480004
-1465996
-1461873
-1461431
-1455027
-1450568
-1449254
-1439564
-1439430
-1438479
-1435113
-1428576
-1417644
-1402743
-1394278
-1392813
-1387819
-1385727
-1385278
-1381634
-1381479
-1370956
-1360578
-1355242
-1353015
-1350895
-1343398
-1337994
-1337878
-1336824
-1331810
-1326744
-1324760
-1297732
-1296464
-1296185
-1293100
-1288012
-1286811
-1284314
-1283608
-1282847
-1278900
-1266601
-1266245
-1265039
-1264104
-1263828
-1262915
-1254831
-1252477
-1244825
-1244455
-1242087
-1236817
-1228020
-1227781
-1227470
-1226064
-1221596
-1221254
-1218283
-1217682
-1207823
-1204863
-1201821
-1194386
-1192674
-1189145
-1184956
-1184829
-1184494
-1176076
-1165913
-1164734
-1164550
-1162013
-1156334
-1152701
-1151820
-1148534
-1147201
-1141459
-1119981
-1118824
-1118392
-1111862
-1093389
-1092761
-1092331
-1090553
-1086262
-1081379
-1075177
-1069875
-1065943
-1063834
-1063587
-1063298
-1063280
-1055778
-1051623
-1050247
-1049739
-1049288
-1043205
-1041045
-1037885
-1034961
-1034804
-1026393
-1025452
-1023943
-1016722
-1012505
-1012137
-1011346
-1011141
-1005080
-999205
-998811
-998146
-996491
-992721
-990411
-989072
-986721
-985808
-985008
-984440
-983192
-982060
-981959
-979423
-968730
-961157
-960792
-960524
-959558
-959394
-958305
-956403
-955937
-955690
-951029
-947592
-945494
-939121
-925225
-913601
-912224
-907574
-905530
-886225
-885508
-882465
-873200
-861498
-854386
-851504
-848281
-841982
-831647
-831535
-827369
-818328
-816577
-811265
-800923
-799688
-795585
-795104
-793991
-792319
-790813
-789341
-787310
-784828
-773278
-765093
-760890
-759115
-756258
-753433
-750731
-747949
-740885
-734360
-734055
-731865
-730802
-728693
-722428
-720621
-719202
-705642
-698435
-697871
-694375
-689821
-688495
-665954
-661110
-659513
-656502
-656295
-655953
-652339
-640737
-640641
-636348
-635591
-631693
-630417
-624833
-624155
-612974
-610863
-608211
-602824
-594352
-593622
-592170
-590832
-584823
-579188
-571878
-571412
-570711
-570270
-565966
-565560
-562995
-562823
-557648
-556901
-555027
-554503
-550286
-545609
-542706
-540969
-540071
-535166
-526606
-520646
-515943
-513319
-512835
-512612
-508261
-503781
-502666
-500992
-496851
-495745
-487193
-485318
-480291
-470817
-462611
-462117
-458625
-456660
-455145
-448952
-445455
-445312
-438551
-438323
-428498
-427368
-425290
-423394
-415427
-405704
-400841
-399765
-399480
-396110
-394869
-384780
-381022
-370683
-361228
-358395
-350170
-336351
-335245
-327088
-321139
-320691
-318459
-316277
-311723
-305423
-301595
-295367
-291831
-285775
-282860
-279693
-273388
-272452
-264324
-261107
-260272
-259530
-256986
-253685
-250103
-244011
-243568
-240057
-231069
-230371
-213357
-212755
-209374
-207995
-207011
-204330
-200150
-197015
-192549
-179522
-178483
-177689
-160023
-158791
-144413
-143326
-139253
-137882
-136131
-124838
-124767
-124473
-122852
-120557
-118410
-116480
-116440
-108655
-108497
-99047
-98016
-95246
-84229
-81238
-77291
-66288
-48028
-47608
-42553
-40281
-35695
-31360
-23503
-21393
-18849
-12542
-11862
6046
6999
8560
12329
12539
18259
18405
27709
28624
29031
34079
36986
42313
48082
49814
50620
52090
60531
65119
66943
70903
72543
76021
83120
93349
94997
96240
97313
98770
108756
110156
110217
115382
115634
121488
122692
125138
130698
132345
139937
141503
144542
149141
157432
157471
158827
160561
163861
165372
166009
173344
173416
176090
183131
184302
206265
208406
209660
213918
215399
219898
221556
229489
231760
233625
238047
243584
245216
247919
248809
250509
251186
251782
252528
253285
253771
255926
261431
264804
266286
274439
285903
293860
297398
301563
303795
306109
309746
312294
321128
326834
326907
333238
356521
359838
360371
365895
366587
369280
372678
378269
388873
392769
395844
396016
396165
398119
398524
403972
405211
405640
412688
412915
414999
417899
430535
433650
445701
448921
450332
450929
456144
459985
461928
463194
475549
477475
479266
485047
486088
488860
498581
498583
505829
514003
516003
516760
523626
524726
524829
526487
536911
538244
538336
546257
547792
549675
556186
559184
560809
568050
575657
576788
576995
578502
587941
602814
603610
603635
606189
608565
620745
621104
628122
631938
632911
637693
646757
647295
649860
652580
657824
659238
660405
677339
681608
681643
682846
685884
693103
701812
708531
711473
719057
741036
751154
751770
754837
758716
763847
767137
767983
768257
772479
774742
780021
781875
784937
788962
795634
796776
807486
813729
820298
821858
835279
835677
841403
846143
850487
851357
851874
853815
855235
855385
857005
860795
870813
870971
874129
879549
880554
883958
888007
889866
893416
895225
896666
900820
901688
911684
916332
918558
920000
921165
921682
934819
946668
953187
953348
954213
955388
958904
959952
960121
972715
979666
981622
983914
984184
984908
986943
989417
989828
990301
999317
1004541
1009162
1020123
1020503
1021660
1023397
1023426
1023509
1025730
1029154
1032094
1036893
1042356
1044870
1048069
1056987
1058286
1063030
1063973
1066583
1073212
1073794
1078835
1089086
1090542
1093824
1094447
1101799
1104254
1112787
1113782
1115655
1116793
1130914
1131576
1135169
1145369
1146293
1151237
1151254
1160229
1168343
1179690
1183302
1187253
1190893
1195973
1196021
1219150
1224222
1226264
1227631
1232598
1233083
1240148
1241142
1246567
1257854
1262372
1265196
1277105
1277702
1282400
1287303
1290561
1296724
1304223
1309825
1317528
1328723
1330394
1333456
1333723
1336006
1337556
1339264
1341045
1346550
1348039
1358082
1364704
1365692
1369015
1381838
1383759
1389950
1391854
1401860
1403930
1404671
1406856
1408496
1408549
1413769
1420247
1422102
1422895
1425648
1426434
1427509
1430113
1433792
1441126
1441639
1444089
1448967
1454013
1458966
1459409
1461215
1461322
1462431
1463199
1466060
1471031
1474805
1475164
1489283
1490773
1505572
1506241
1514894
1516500
1520561
1522380
1522727
1528185
1542175
1551509
1554036
1559796
1561164
1564990
1567329
1573446
1573475
1574009
1574899
1575499
1583872
1584864
1585624
1585719
1591207
1599481
1604052
1618868
1634569
1635735
1640178
1646994
1658629
1661733
1673317
1674824
1675639
1682502
1693778
1695035
1701190
1702388
1708667
1719231
1724885
1736476
1743472
1757675
1759734
1759864
1762239
1768910
1774042
1774756
1777516
1779747
1780697
1784196
1785639
1788266
1792231
1792776
1793509
1797149
1801065
1803987
1804305
1806015
1806526
1808778
1811779
1812547
1812862
1816516
1818147
1819582
1827215
1871070
1883449
1886179
1891549
1900284
1905138
1905458
1905759
1909269
1910087
1911125
1917783
1921320
1923831
1924363
1929496
1929527
1930620
1931363
1934706
1939506
1941037
1941732
1946107
1958979
1959607
1961228
1967023
1967263
1973517
1977240
1980707
1989946
