-1999618
-1998116
-1993052
-1985894
-1974914
-1970467
-1966922
-1964521
-1961908
-1947509
-1947379
-1944949
-1940476
-1930084
-1929394
-1924860
-1924445
-1924420
-1924348
-1923751
-1917419
-1914063
-1907388
-1907135
-1905388
-1891270
-1891026
-1879455
-1872882
-1865255
-1865038
-1863523
-1863095
-1857909
-1850480
-1845339
-1840876
-1839709
-1839183
-1832086
-1830315
-1819916
-1816816
-1813386
-1812524
-1811741
-1809788
-1806001
-1805378
-1802770
-1797031
-1796060
-1794240
-1792883
-1792567
-1785668
-1781218
-1779844
-1769417
-1767376
-1756548
-1755042
-1751557
-1748961
-1733419
-1733199
-1728075
-1725848
-1725365
-1721779
-1720344
-1707985
-1706085
-1701281
-1696482
-1685951
-1683300
-1676896
-1671104
-1665233
-1664743
-1663994
-1656728
-1651070
-1640289
-1639150
-1636984
-1636468
-1630196
-1622631
-1622265
-1621574
-1612305
-1609245
-1608329
-1594138
-1588481
-1579669
-1572691
-1571992
-1570300
-1567587
-1567519
-1560791
-1558201
-1553050
-1551388
-1547494
-1533676
-1533090
-1531429
-1530392
-1530215
-1526502
-1524256
-1523747
-1514625
-1511810
-1511075
-1506832
-1505269
-1489160
-1486346
-1480924
-1480222
-1477275
-1466815
-1466756
-1466128
-1464927
-1463431
-1426356
-1426214
-1418853
-1416579
-1404640
-1395917
-1390469
-1389271
-1373059
-1370584
-1370370
-1369492
-1364794
-1360709
-1357405
-1350605
-1350273
-1347287
-1344016
-1339826
-1337948
-1330070
-1329159
-1321536
-1319495
-1318637
-1316678
-1309181
-1308131
-1307832
-1305966
-1305298
-1295916
-1294200
-1288622
-1281061
-1280070
-1279225
-1278534
-1272719
-1269767
-1268043
-1264100
-1260889
-1252881
-1250607
-1249076
-1242079
-1239239
-1231640
-1227423
-1222367
-1214753
-1213581
-1211398
-1209311
-1202474
-1190563
-1188252
-1179497
-1164376
-1155438
-1151144
-1143908
-1142735
-1139835
-1137032
-1135165
-1130259
-1125383
-1115849
-1109954
-1107290
-1105178
-1100297
-1099151
-1096914
-1083978
-1070368
-1063009
-1062913
-1058879
-1057518
-1053052
-1052409
-1051698
-1050028
-1044198
-1040910
-1038973
-1036064
-1030695
-1029262
-1026311
-1014339
-1000334
-994354
-990692
-985599
-984587
-983957
-979656
-974877
-974367
-968113
-966835
-966684
-963173
-958968
-957038
-956727
-952598
-948465
-947035
-944844
-940805
-939193
-937629
-935630
-930559
-926995
-919292
-916029
-915641
-912381
-902844
-901501
-900784
-895297
-893546
-893369
-889187
-889101
-886021
-876534
-875542
-874305
-871354
-870317
-870176
-869872
-868579
-867858
-865208
-864438
-861600
-860442
-855491
-854759
-851564
-844907
-844810
-843271
-840430
-837496
-835709
-831195
-826016
-824277
-818580
-817438
-816109
-811163
-810306
-809645
-805650
-798257
-797932
-793199
-792983
-792309
-790279
-789899
-786456
-778673
-776292
-765097
-764995
-759080
-750400
-746331
-741180
-740570
-739906
-735088
-732441
-727540
-725572
-717203
-714207
-712712
-709817
-707979
-700322
-699564
-697657
-695556
-687551
-687372
-683499
-681865
-679941
-668572
-666401
-648624
-646975
-645458
-644093
-642760
-641145
-639400
-639335
-636564
-628322
-619408
-606292
-600719
-595663
-589759
-588120
-585763
-585372
-578027
-576805
-560813
-558473
-555337
-553716
-553167
-551623
-544867
-535013
-533391
-530802
-530424
-528345
-525973
-518966
-515917
-515540
-515349
-511323
-507985
-506554
-500929
-493091
-490456
-475716
-473225
-462075
-461842
-461207
-448055
-444198
-438692
-437963
-437250
-436511
-436039
-434783
-432469
-432183
-428759
-420945
-418863
-416099
-413076
-409738
-405557
-398422
-394715
-392297
-386770
-384847
-377925
-376691
-374177
-370291
-365376
-363091
-360918
-355472
-348208
-346405
-342678
-341306
-337088
-330723
-326730
-319160
-318389
-315346
-307054
-301095
-297329
-295148
-286903
-279659
-269729
-262456
-262270
-249337
-245590
-245377
-241701
-223904
-223858
-223433
-221799
-221533
-214581
-214087
-212578
-205885
-205700
-203636
-202043
-201668
-196648
-195416
-190560
-187558
-175083
-173090
-173043
-168375
-167810
-167186
-163826
-161468
-156351
-154789
-149120
-147172
-133936
-133272
-132385
-132059
-131774
-128647
-123947
-118895
-115108
-113910
-106131
-93292
-90493
-89363
-85009
-83247
-77786
-71039
-66753
-65861
-63988
-59835
-56255
-52056
-52021
-51927
-47205
-45305
-42808
-42285
-40076
-40053
-32453
-31272
-21881
-17171
-14923
-14091
-7919
-6395
-3545
-2632
4151
5361
7198
29977
30379
35201
35401
39153
39265
40779
52025
52818
61670
68281
68762
75483
82566
85716
90975
100497
104291
106790
110099
112647
119507
119515
121030
121163
123098
126158
126402
128467
137039
147980
170396
176441
176546
181470
185375
188178
188708
195937
199264
203019
207838
209793
211141
214368
216742
217988
218639
221098
224565
224962
231996
234292
237098
247012
250323
255223
256823
262947
275100
276161
278472
278658
279429
286256
287229
295725
300989
313486
316757
318035
319399
320694
321091
326367
328753
331889
334375
334530
336458
339409
343075
348086
355871
361247
367741
376895
380303
385993
388198
391531
394536
396774
402487
403260
404680
408963
412079
421196
421455
424539
425540
429515
431419
435394
445511
470692
471891
472448
473518
474809
476106
484707
489932
490594
496371
498606
501723
512213
513792
515505
524787
526749
528628
529654
539651
542682
549627
552333
557349
572516
575897
578329
587651
588655
589104
589391
589429
590332
596645
599135
607143
624296
625739
629428
633259
638541
661401
662737
662825
663502
664562
664622
666080
667746
669772
670208
671532
673187
677708
679906
684469
687537
688888
692161
696112
696987
700564
708593
709176
710667
714686
720081
725134
727683
730824
732167
736045
737232
737843
741944
742094
749179
755870
758362
758509
759671
770223
772362
786061
787313
790563
795197
806762
814102
818032
820368
820568
820584
824146
826127
838449
841830
847359
862814
875488
876336
877442
883881
887545
894510
899343
909937
934521
937192
938529
939714
942936
943283
944183
948230
949571
952052
958150
960396
962184
967450
967987
970654
974642
977319
979192
997651
997747
1001862
1003371
1004102
1009140
1009916
1023222
1027817
1032617
1033994
1042671
1045520
1055843
1056577
1064359
1065232
1077208
1077789
1082836
1085997
1089374
1091817
1099324
1101592
1107308
1118847
1120295
1120570
1124770
1125229
1128320
1136852
1139880
1151101
1154288
1155147
1158153
1158506
1161678
1165022
1171076
1173044
1194787
1194989
1197836
1198932
1207293
1209716
1210080
1215300
1215907
1221308
1222853
1233074
1235473
1238363
1244129
1244702
1251836
1252380
1255159
1255482
1258453
1267285
1280774
1280792
1283452
1285077
1287457
1301631
1303783
1322080
1330431
1341824
1341909
1352777
1354233
1354670
1356015
1358631
1364038
1374195
1376576
1382011
1382185
1386744
1391866
1397636
1407254
1407388
1408071
1408971
1409032
1414538
1416191
1417038
1425108
1428515
1433998
1434318
1439769
1450832
1453194
1457784
1462455
1468114
1471050
1471442
1473203
1476122
1482509
1488891
1492145
1492661
1497521
1498539
1501798
1503910
1505507
1512726
1514120
1514969
1516452
1516690
1522219
1525022
1525577
1526013
1527250
1528871
1530711
1533178
1535350
1544040
1544624
1558127
1566547
1571423
1574773
1576888
1578872
1579964
1583071
1583825
1586618
1587212
1588274
1591358
1592393
1609737
1611462
1620403
1623353
1626334
1631410
1631622
1633295
1637485
1639997
1640281
1641031
1642677
1642927
1645645
1649846
1650126
1660530
1664359
1664627
1670661
1677884
1684839
1686081
1689778
1693887
1696441
1699521
1705858
1706683
1710063
1716549
1719583
1719806
1726486
1731734
1734300
1740745
1741152
1744284
1751116
1753452
1757296
1758406
1762491
1765729
1767057
1767819
1769952
1770592
1771870
1776682
1777362
1783643
1783722
1785795
1790710
1802474
1807065
1810483
1815713
1816083
1820330
1824339
1824860
1833279
1839441
1839535
1853308
1861251
1864333
1865091
1865223
1866849
1875642
1877531
1877792
1878336
1879138
1879597
1880557
1882124
1883705
1886103
1892015
1893843
1900780
1905123
1909382
1910123
1915004
1920943
1931640
1931686
1943050
1950332
1950437
1953858
1956536
1958669
1962387
1967960
1969657
1975051
1984531
1986176
1992213
1997951
