-1994604
-1993705
-1993394
-1987074
-1981418
-1980971
-1979076
-1976963
-1968958
-1964209
-1963950
-1957248
-1952950
-1952458
-1951956
-1941516
-1932887
-1930948
-1928833
-1925538
-1925335
-1913722
-1909838
-1908443
-1904238
-1903969
-1890046
-1889366
-1888658
-1886218
-1885201
-1881658
-1875913
-1869028
-1860690
-1854872
-1854044
-1851334
-1847156
-1842258
-1841662
-1839229
-1835151
-1831910
-1825768
-1822212
-1820930
-1818445
-1817372
-1805227
-1799810
-1793493
-1788845
-1788435
-1787438
-1786256
-1785094
-1783462
-1780035
-1772223
-1768720
-1767427
-1764472
-1759223
-1758312
-1758114
-1744046
-1733319
-1731797
-1731677
-1725652
-1719738
-1717816
-1714049
-1713621
-1713543
-1705436
-1698417
-1693629
-1693087
-1687202
-1680368
-1678109
-1675343
-1674554
-1672515
-1670744
-1670011
-1650466
-1636020
-1635995
-1632681
-1631359
-1630369
-1621291
-1618498
-1617898
-1615050
-1611261
-1604848
-1600382
-1599827
-1596738
-1594424
-1591290
-1583202
-1567759
-1567137
-1559596
-1558340
-1555050
-1549433
-1547813
-1544365
-1541032
-1539259
-1531155
-1530861
-1528784
-1524016
-1520648
-1516525
-1512506
-1511320
-1510845
-1510629
-1505912
-1499849
-1497739
-1494891
-1492302
-1485297
-1481123
-1470263
-1466591
-1458505
-1455204
-1443671
-1441747
-1440533
-1434769
-1434261
-1433673
-1429592
-1429103
-1421391
-1420913
-1416131
-1415342
-1401001
-1389214
-1387782
-1387328
-1387322
-1384117
-1377538
-1376656
-1374245
-1372771
-1363272
-1360013
-1358636
-1355593
-1343845
-1343663
-1343010
-1342030
-1335630
-1335370
-1320106
-1319243
-1297082
-1294518
-1291671
-1289379
-1286551
-1282190
-1281914
-1281074
-1279067
-1273052
-1270849
-1266714
-1266129
-1263328
-1261624
-1257740
-1253760
-1253124
-1250873
-1246938
-1246115
-1244133
-1239623
-1239572
-1231187
-1222405
-1221272
-1220556
-1219990
-1217305
-1211494
-1210109
-1204881
-1193811
-1193355
-1193340
-1177238
-1168446
-1168335
-1168316
-1165024
-1156887
-1156418
-1152991
-1140697
-1134440
-1133432
-1125233
-1116338
-1108896
-1103811
-1100219
-1098818
-1084023
-1074665
-1071772
-1062275
-1051095
-1039851
-1031909
-1030549
-1029775
-1026506
-1026321
-1025922
-1024597
-1022261
-1019324
-1017127
-1011437
-1007936
-1007925
-1004260
-998361
-998333
-994509
-988760
-988698
-988410
-983463
-973747
-971874
-960424
-959596
-959294
-952216
-949180
-948006
-945014
-935555
-933154
-928930
-926741
-918233
-916878
-912956
-904252
-903515
-899129
-897562
-891819
-891505
-889659
-887692
-884335
-877695
-876628
-876441
-871809
-869973
-863633
-862216
-861844
-860669
-859631
-854280
-853759
-849923
-849717
-847157
-840361
-828772
-826232
-823414
-820367
-818880
-818402
-815510
-811619
-807183
-806894
-798886
-798386
-797307
-796889
-791525
-788911
-781636
-780764
-775459
-775311
-773122
-773074
-770883
-768145
-762939
-759131
-757951
-756070
-745274
-742161
-741508
-741105
-730619
-723664
-718897
-708431
-705422
-701597
-701331
-700630
-696688
-692441
-684593
-671940
-663436
-660191
-655961
-654658
-640870
-628183
-616859
-614844
-605717
-605479
-601537
-600658
-590768
-581408
-581012
-577277
-570003
-565755
-564882
-564435
-555319
-551567
-541704
-537419
-533687
-524788
-522136
-521508
-521506
-519552
-515459
-515263
-509783
-505926
-502660
-490688
-489001
-487099
-483436
-478239
-475808
-475129
-474801
-466406
-465075
-458354
-452892
-452222
-448271
-447052
-436052
-434170
-427440
-405996
-405632
-377817
-376668
-376378
-375021
-374311
-373885
-371999
-357844
-352922
-350991
-350221
-345623
-344324
-344320
-343145
-341342
-339324
-339042
-334343
-333533
-332366
-328084
-324293
-323000
-318805
-311021
-308683
-298436
-298042
-290248
-284369
-281151
-278328
-265475
-261006
-258317
-257219
-249621
-249570
-249121
-248568
-240428
-236690
-232751
-223622
-222624
-220141
-215926
-208602
-207347
-202226
-201531
-200746
-199414
-197704
-188034
-187021
-184009
-175360
-174367
-168362
-166433
-164434
-159840
-148440
-133230
-126636
-118747
-114223
-113561
-107803
-107342
-106171
-106077
-102473
-83446
-69265
-66179
-64205
-63095
-62382
-59432
-54968
-53724
-41962
-36568
-32689
-28040
-27002
-25496
-16872
-15516
-15353
-5933
-4124
-3237
288
1859
3346
4317
6550
8360
9708
11099
26112
34336
38908
39790
42206
54459
62032
66728
74688
75199
75610
77002
77506
80266
80981
83097
86423
88128
95007
96181
101646
108940
110170
113727
127700
133065
133604
138452
140926
145782
146183
147132
157294
162768
164687
167615
177243
181201
181856
185545
187285
197563
201318
201863
202253
203848
205124
205570
208184
209159
210198
215058
215547
220840
221285
222865
224688
229522
232231
233327
234420
239523
243302
247387
251384
251839
258444
266257
289766
289776
295037
308856
310935
311740
316058
316201
319528
320239
321831
327233
327924
329023
329417
333376
338458
339559
341347
342235
351801
352887
357398
362489
366459
367556
369281
371232
374431
375370
377193
381182
382873
383199
385513
385775
387148
392571
405053
410653
412220
416908
417098
419595
435293
435594
440735
442061
443610
449296
452403
453637
454881
476924
477046
479737
480218
480751
481134
481259
485237
491806
497096
501047
502592
508409
514071
517041
517416
518935
524088
525598
528180
543136
551025
553537
554794
569401
571108
581080
587487
597140
600220
614742
616778
616812
618532
618633
618777
619590
624743
633950
634542
644336
649832
655585
658710
668891
669464
675796
676844
676889
681118
691115
691949
693855
702566
711128
712865
721139
725960
728041
730140
740756
749139
752032
752340
753751
771465
780288
788117
788165
797802
799061
802239
825087
825128
827980
830487
832882
835919
837109
837227
847964
850550
852325
855135
855299
855800
856555
859600
864716
864734
866280
867388
867667
868433
868840
873161
888907
892309
894975
895654
901668
902966
911133
912736
919316
926505
927232
929312
936446
939530
939620
943890
948173
960438
960514
960887
972209
980463
981626
982558
984704
988585
995536
997654
999591
1004217
1005821
1007021
1007779
1010648
1014834
1015453
1020447
1022592
1025709
1028614
1029163
1031572
1036371
1039028
1043920
1048482
1050208
1050921
1051001
1052157
1053204
1053724
1064783
1071418
1071831
1073041
1079783
1083401
1089802
1099194
1107584
1108880
1110009
1114720
1123192
1127655
1142241
1143485
1145768
1146162
1146648
1155440
1157057
1161160
1163731
1165662
1168853
1169397
1174702
1187558
1194084
1211214
1213947
1220836
1223849
1226263
1231086
1236033
1237599
1239536
1239798
1242048
1244451
1250710
1254339
1255557
1260727
1262682
1271866
1277155
1279324
1283856
1285016
1299619
1306935
1313219
1314837
1317419
1318680
1324381
1330385
1339120
1339755
1348845
1358799
1360230
1366858
1370014
1371466
1373933
1378704
1378770
1380158
1386574
1393271
1394708
1394752
1396477
1410541
1410951
1415664
1418798
1422723
1424389
1425219
1430450
1430521
1433048
1434641
1435174
1435333
1438137
1444778
1445101
1450883
1452038
1457127
1462255
1462753
1463411
1463638
1468676
1469994
1477913
1482143
1485101
1491757
1497776
1501918
1506429
1506880
1508417
1508570
1515303
1519041
1520516
1526266
1531168
1533611
1534980
1536981
1540951
1550449
1553600
1558966
1570575
1574475
1574938
1575172
1586085
1593441
1594456
1596985
1599932
1601147
1601514
1601924
1603027
1603204
1603752
1603848
1604947
1622539
1636782
1645377
1646044
1655723
1656784
1661135
1661470
1676120
1681265
1683948
1694543
1705209
1709194
1709195
1713691
1716907
1724403
1724819
1725719
1726789
1732476
1738642
1739251
1741279
1742928
1746649
1747006
1749373
1749505
1761347
1764152
1767060
1767604
1767818
1768062
1770490
1774783
1784774
1788385
1790218
1793745
1795885
1798415
1798742
1804122
1815178
1818990
1831305
1831496
1837347
1837412
1840840
1843542
1848588
1853603
1856508
1867181
1870634
1875784
1878610
1883797
1890141
1893100
1895028
1897232
1900922
1903839
1907115
1910531
1910842
1911212
1911403
1917831
1928226
1933663
1938742
1946435
1947188
1947713
1949521
1951387
1951768
1955094
1960434
1963932
1971479
1973807
1975281
1975282
1976000
1976960
1979361
1982381
1994533
1999819
