-1998135
-1996418
-1991842
-1991737
-1989941
-1985170
-1984175
-1981018
-1980265
-1972874
-1972096
-1969335
-1967788
-1961889
-1960461
-1957997
-1957536
-1956823
-1950017
-1949967
-1949618
-1948471
-1942690
-1925224
-1924385
-1909185
-1906987
-1906558
-1905588
-1898085
-1882515
-1882223
-1879389
-1875827
-1875315
-1864193
-1857970
-1846937
-1845939
-1839533
-1837715
-1837442
-1824026
-1805175
-1803670
-1801087
-1800894
-1798475
-1780582
-1779560
-1778246
-1775886
-1775883
-1773909
-1767316
-1761779
-1755380
-1755017
-1752381
-1749703
-1747258
-1745570
-1743489
-1743423
-1742523
-1734421
-1733349
-1732135
-1730766
-1724035
-1721455
-1710504
-1709894
-1708750
-1704097
-1703735
-1696571
-1696228
-1691954
-1684302
-1671751
-1670944
-1670740
-1661842
-1659724
-1659234
-1658850
-1658518
-1653670
-1644606
-1639806
-1633553
-1626918
-1623493
-1621953
-1612004
-1604792
-1603879
-1603761
-1592276
-1583075
-1578841
-1576279
-1573437
-1571731
-1567291
-1561320
-1555108
-1554305
-1542180
-1527887
-1512437
-1511933
-1509756
-1509504
-1506891
-1502980
-1498852
-1496885
-1494152
-1484600
-1484199
-1479591
-1479351
-1474500
-1472481
-1469459
-1469021
-1467557
-1461883
-1457058
-1450037
-1447961
-1446967
-1445400
-1442471
-1438778
-1437697
-1436363
-1428393
-1419796
-1412157
-1412053
-1405767
-1405219
-1399104
-1398436
-1390662
-1388551
-1385372
-1383579
-1383313
-1380892
-1380437
-1374875
-1362501
-1362028
-1354250
-1338417
-1324059
-1322227
-1321488
-1320111
-1318248
-1310192
-1307658
-1306143
-1305287
-1301613
-1293265
-1293140
-1292209
-1291250
-1290098
-1288970
-1288013
-1278266
-1277029
-1270168
-1267680
-1264742
-1262552
-1261787
-1258597
-1254587
-1249221
-1248112
-1244839
-1243726
-1243497
-1238029
-1237722
-1236243
-1230112
-1229295
-1221281
-1221255
-1218618
-1212409
-1210856
-1208762
-1205389
-1202529
-1191565
-1188977
-1180010
-1177791
-1172930
-1169823
-1164449
-1164292
-1159782
-1157861
-1153294
-1133828
-1130716
-1130410
-1129747
-1129345
-1126744
-1123479
-1121421
-1119813
-1113417
-1110646
-1107257
-1095237
-1093802
-1090689
-1088470
-1088016
-1086279
-1075518
-1075341
-1070665
-1066254
-1046682
-1027387
-1024141
-1012183
-1003207
-1003148
-1002113
-997685
-997307
-997236
-995290
-992956
-991125
-990427
-986941
-984141
-981507
-974094
-972269
-967580
-967393
-967144
-960663
-957033
-956966
-956722
-956400
-954398
-954244
-951378
-948317
-945404
-943757
-934366
-933874
-925011
-920649
-912929
-910662
-908874
-905897
-905640
-900503
-900095
-889264
-889197
-871126
-858594
-854759
-853421
-853303
-851169
-850908
-845421
-838351
-838053
-815365
-806373
-804769
-800969
-798486
-796143
-782692
-781922
-780532
-775063
-774171
-766496
-764207
-763825
-763121
-756328
-750149
-747977
-741565
-741047
-738063
-737670
-734011
-724920
-721271
-716647
-707181
-706922
-705388
-702364
-696109
-689483
-684644
-682448
-679479
-674752
-671403
-668083
-668059
-666660
-662203
-657992
-649734
-646907
-646132
-644271
-640673
-639778
-634129
-627758
-624604
-618125
-610365
-604255
-602006
-601600
-599603
-599267
-598551
-598156
-595028
-587584
-585629
-583734
-581762
-580824
-578427
-578350
-577113
-572607
-569185
-568720
-558092
-557782
-555834
-554511
-554389
-552717
-547607
-547437
-544163
-531617
-529670
-527811
-525600
-521038
-500917
-498747
-497612
-492104
-490407
-488827
-487908
-480852
-477671
-477187
-475606
-470381
-467914
-467098
-464831
-458116
-456389
-449454
-449282
-445854
-444545
-443407
-440965
-440080
-425274
-423954
-413306
-411846
-409749
-405739
-405518
-404784
-401468
-401156
-400887
-399688
-382761
-370250
-369602
-367474
-365681
-358406
-357865
-356651
-354978
-354648
-354425
-350773
-350330
-344658
-340001
-337628
-337509
-335418
-331072
-330598
-330556
-329105
-325323
-322344
-314368
-313490
-313043
-312548
-306043
-299563
-292585
-290330
-285495
-282125
-276811
-275371
-273853
-273082
-267259
-252921
-251918
-240129
-236874
-235516
-227874
-227478
-226474
-222423
-222119
-221655
-221580
-215198
-214732
-214185
-208624
-191460
-191001
-190964
-181004
-179581
-179199
-173396
-170487
-166898
-165675
-163067
-155522
-155279
-152766
-151145
-150448
-145910
-143581
-143306
-141435
-140969
-140919
-138116
-137374
-137175
-135265
-118870
-99698
-93214
-87595
-86329
-82675
-74067
-69221
-69159
-64812
-55478
-53719
-43341
-15358
-13149
-5295
-2620
242
4367
4554
6490
9613
11133
12041
15685
29869
32386
38201
45288
49556
53506
58497
63816
65889
67473
72393
74589
76728
77739
78875
79292
81935
83134
84171
89016
89614
92661
93063
93675
99233
104230
106810
107761
109044
109662
111632
126113
126648
132107
146271
149760
149764
152885
157749
162348
162830
166619
175801
182758
184381
190583
191687
204227
209015
222926
227694
229895
230776
233193
234140
238336
238910
240363
240894
243855
245222
258293
263162
273523
277357
278039
282808
286004
297044
301688
303956
307746
308351
308900
309322
310900
313822
319200
326613
333717
334849
336577
341684
342776
343085
343827
345184
345520
348685
359218
359927
360336
363556
364910
366418
367531
368906
377666
378197
379073
388789
401218
401904
402257
403301
403562
403573
406021
412931
414710
416642
427268
429799
432550
435720
439021
445254
447160
458060
462208
463002
471105
471497
479936
490148
495168
498056
501092
508294
511075
516565
517646
524485
527106
531234
535206
536194
537111
538474
540676
541908
548999
550509
553092
560027
561755
567248
568418
569299
581712
582940
611841
612831
618168
629805
630688
636009
647133
647321
648373
650382
651436
664736
671488
671833
683678
686638
688097
694166
695018
708144
713131
713592
713759
719599
723500
724183
724204
735632
738332
740616
741598
745510
751235
754848
760513
765690
770870
772477
772803
779233
780376
780999
781984
782167
782423
788232
792636
794052
802269
804597
813244
816324
822254
828289
836070
836414
842730
854594
862221
863476
864900
866221
872286
872766
875765
898909
900654
904223
905526
906893
911867
911977
912289
916392
916445
919416
920328
924848
926769
926976
933088
936255
940305
941001
943405
954805
957023
959817
960344
970252
978641
980400
981860
983539
1001066
1009067
1018977
1019240
1023153
1033126
1034924
1039284
1048816
1049368
1060083
1061056
1069241
1072248
1072604
1075548
1090383
1090485
1091010
1091693
1093196
1108659
1113649
1120477
1121021
1122349
1122445
1127360
1128902
1140225
1142986
1144626
1148373
1151263
1157344
1158749
1159531
1173508
1174421
1175299
1175935
1177348
1181584
1186667
1187956
1193938
1195725
1198955
1211507
1213176
1214610
1214669
1223237
1223331
1230484
1230722
1231738
1236202
1238097
1240649
1248517
1248677
1250563
1250811
1251635
1252704
1257565
1260053
1263060
1264183
1268131
1275320
1280362
1281950
1282946
1285041
1289161
1290620
1292000
1294343
1295865
1297463
1299043
1308017
1309505
1316523
1318064
1321026
1323687
1324684
1326526
1340476
1344068
1344996
1349954
1360073
1360756
1373990
1375763
1383893
1384390
1395225
1404878
1408822
1409751
1410055
1413870
1422272
1425911
1426125
1427133
1433549
1433622
1435757
1443061
1444265
1445605
1447559
1448935
1454233
1457763
1458035
1458790
1483627
1483763
1483795
1491780
1497252
1500589
1500643
1504765
1508058
1509072
1511455
1519401
1521836
1528050
1528202
1530701
1537634
1541560
1543553
1548452
1549276
1549914
1571514
1580876
1581460
1585094
1588130
1591389
1594079
1595645
1599409
1615818
1621400
1628986
1629470
1630951
1631797
1636190
1639955
1640416
1648444
1654995
1658737
1658776
1660570
1668813
1668901
1669788
1676198
1685117
1696537
1699564
1702655
1702775
1711599
1712807
1716821
1719828
1723208
1725068
1725154
1725857
1730819
1733231
1734150
1743754
1751407
1753194
1754034
1757920
1759283
1764620
1766731
1768651
1774545
1777358
1783973
1794668
1796228
1808254
1808493
1834009
1842338
1843536
1846907
1851915
1855129
1870612
1872881
1881239
1884200
1900126
1905947
1906991
1911374
1912530
1915850
1916623
1918177
1919591
1927164
1933828
1934472
1938672
1943386
1961490
1982559
1982865
1985301
1986657
1998985
1999093
