-1994619
-1988482
-1978824
-1977419
-1971869
-1968583
-1965475
-1961560
-1950434
-1945621
-1942395
-1941958
-1940851
-1935786
-1935658
-1934320
-1929914
-1925566
-1920735
-1916571
-1914923
-1910374
-1905624
-1904511
-1904032
-1899728
-1894878
-1894308
-1893503
-1889181
-1884223
-1882203
-1879212
-1878719
-1875144
-1873152
-1871799
-1865745
-1864418
-1862565
-1854169
-1850300
-1849620
-1848451
-1841699
-1833542
-1832618
-1825442
-1817030
-1809641
-1798770
-1788255
-1787643
-1786685
-1775985
-1775345
-1774372
-1772902
-1772231
-1767056
-1760035
-1750242
-1749522
-1749476
-1745976
-1737614
-1735898
-1735557
-1734163
-1731249
-1730620
-1727115
-1719572
-1716350
-1714115
-1705525
-1695779
-1692054
-1688957
-1687538
-1685781
-1675356
-1668109
-1662357
-1662090
-1659651
-1658952
-1656607
-1653814
-1652867
-1641711
-1637623
-1636799
-1629117
-1627624
-1627082
-1624924
-1623364
-1622497
-1611784
-1611525
-1604993
-1601510
-1600973
-1591948
-1590415
-1580317
-1578631
-1571758
-1571729
-1564867
-1562275
-1560778
-1557151
-1555848
-1552618
-1550667
-1548544
-1546662
-1541710
-1540617
-1539111
-1529773
-1528914
-1527264
-1525234
-1524930
-1524396
-1521437
-1516639
-1516479
-1514782
-1510576
-1504640
-1504194
-1500599
-1491811
-1490044
-1488127
-1486598
-1485196
-1484736
-1476013
-1473253
-1472378
-1466386
-1466083
-1459507
-1445164
-1443382
-1440687
-1436642
-1436014
-1434688
-1428971
-1425071
-1413765
-1408923
-1407005
-1405529
-1400667
-1397968
-1397903
-1396709
-1383766
-1381343
-1380871
-1375558
-1367785
-1366972
-1366337
-1362611
-1360536
-1358011
-1357769
-1353872
-1346494
-1345982
-1341484
-1337698
-1335172
-1326180
-1321380
-1320448
-1319449
-1319177
-1306864
-1300392
-1299351
-1297132
-1295243
-1291192
-1291087
-1288141
-1285588
-1282635
-1281288
-1280368
-1274053
-1272246
-1262718
-1260420
-1254607
-1244252
-1235746
-1234476
-1221167
-1219731
-1219385
-1213104
-1195247
-1194927
-1193942
-1190360
-1189737
-1181305
-1179015
-1167334
-1164316
-1163098
-1162328
-1159393
-1156765
-1155594
-1154574
-1151030
-1150399
-1149440
-1149038
-1148949
-1148680
-1146772
-1146258
-1141861
-1141503
-1139609
-1137785
-1137362
-1126063
-1124078
-1122238
-1122210
-1120796
-1116419
-1105188
-1102407
-1097484
-1092879
-1085897
-1080752
-1076229
-1075549
-1073982
-1066034
-1064899
-1061957
-1057628
-1051131
-1050101
-1048132
-1047953
-1044612
-1040810
-1038243
-1036833
-1036192
-1034856
-1034362
-1032123
-1030007
-1025584
-1023696
-1017165
-1011858
-1009963
-1009112
-999019
-997864
-997372
-989487
-988197
-988003
-986512
-982691
-980785
-979095
-978959
-976090
-975545
-974440
-968901
-968703
-967252
-966637
-966268
-963578
-962027
-955869
-953617
-950224
-948800
-938174
-936452
-931426
-929449
-922571
-921041
-917223
-906820
-900662
-887126
-881954
-880888
-876996
-872618
-872420
-871474
-867887
-867637
-864958
-863770
-863056
-855966
-849471
-849297
-846049
-844013
-842333
-835689
-831101
-830067
-828232
-820485
-817612
-815897
-815693
-803271
-803047
-799756
-798593
-786360
-782538
-767707
-764381
-762574
-760969
-760204
-756735
-750384
-748210
-748176
-746843
-743159
-733548
-733540
-725185
-722863
-722027
-710215
-706226
-705499
-704271
-697003
-695925
-693599
-679795
-674602
-674475
-669509
-666398
-664266
-662810
-661971
-661926
-652003
-648390
-635244
-634243
-629003
-628939
-624447
-621270
-619288
-617015
-611023
-608975
-603897
-598027
-593340
-591686
-588464
-585316
-580615
-580472
-579808
-577234
-577147
-576714
-576216
-569589
-555275
-552792
-548869
-544637
-542520
-538699
-538420
-524780
-513294
-502071
-500625
-494476
-474868
-474685
-474039
-471908
-471578
-470214
-469538
-468935
-468343
-465602
-457360
-445871
-443285
-441317
-439383
-428837
-419324
-415644
-414646
-410292
-405243
-400358
-398939
-389371
-385983
-384522
-378402
-377208
-374223
-353103
-353076
-337761
-337054
-334568
-332033
-330985
-320051
-319683
-312176
-311025
-309202
-307213
-306338
-305546
-304258
-300878
-299225
-298798
-289298
-289091
-283022
-277807
-276361
-260367
-258013
-251987
-249787
-248822
-233056
-221427
-220258
-218387
-201411
-198839
-197971
-197608
-196673
-193064
-191732
-188435
-185030
-184035
-183044
-178268
-174492
-173965
-173467
-172884
-172686
-167748
-150676
-145621
-145207
-142082
-141483
-139957
-128871
-125316
-122942
-110657
-106715
-100968
-93269
-92848
-80697
-68640
-67826
-66095
-62959
-54306
-49797
-48061
-46230
-45943
-37665
-25796
-25440
-21448
-15920
-12276
-6012
24
1754
4560
6630
7160
8912
18735
26169
26240
28294
29026
32400
43616
52231
53267
63715
64086
66373
66742
85077
85163
100817
101483
110642
112266
117344
117698
121115
123587
124842
125245
133702
138206
147923
148626
155447
158059
159799
160285
161222
161754
165682
170600
170708
179451
185940
185962
187264
189514
193960
203413
207599
208044
209823
216565
222741
226291
243439
243585
250239
254759
257838
262674
265050
267714
270854
271105
272526
282509
289644
294348
298482
301302
303584
309309
312887
319659
329902
346092
349892
351624
351718
357733
367964
368788
378480
381923
391097
395492
397052
409246
409482
410633
412209
416631
417446
423708
431826
434896
439941
445919
449502
453488
455828
457678
457802
461144
461300
461900
467210
467523
471215
479298
490000
499726
504536
512850
514618
517905
518090
526602
527424
528055
534571
534730
538189
545012
547029
548017
550394
550918
552798
553320
555617
556099
557951
566737
567460
575931
580269
589653
590421
593387
605822
609645
625411
626611
627482
636407
636457
641927
643852
652684
656246
658684
662654
666288
670545
684749
687550
687646
688838
697214
704461
710742
721561
726349
730758
736821
740910
741924
743248
747869
750172
751404
753792
757701
763308
763682
778680
783794
784300
784924
789794
793675
794833
798367
803354
810120
816306
816503
817153
817691
821280
821747
828249
833773
842795
845009
848677
855414
858055
859669
859846
860411
860653
864492
864936
870878
871221
878023
883054
909869
911519
919193
923818
939690
941773
948828
955876
958112
958438
968602
976042
981641
982125
986777
988991
993892
995934
997907
1001922
1008960
1010578
1018554
1036530
1041621
1049275
1050120
1054674
1058212
1062452
1067189
1069434
1074344
1075314
1084749
1085978
1089208
1089903
1095900
1097555
1100652
1101519
1108459
1112449
1117819
1118812
1123185
1123988
1127555
1127962
1131654
1138692
1139302
1141242
1142204
1147129
1155616
1156053
1157169
1159004
1165277
1165695
1169971
1173282
1175364
1178608
1181236
1182327
1184832
1186111
1187716
1199057
1200185
1200634
1206224
1209796
1216106
1222707
1224426
1225640
1236405
1245104
1251191
1260757
1273033
1276191
1294346
1300480
1307924
1308062
1314597
1315380
1315689
1325363
1325452
1326561
1326783
1326812
1330481
1336292
1345127
1347085
1354212
1364468
1385771
1386145
1389957
1393148
1394015
1394810
1396289
1399033
1400254
1401498
1402533
1405287
1406211
1407720
1408644
1409580
1411676
1416712
1432939
1437146
1441394
1441921
1445081
1446229
1446328
1452581
1453490
1462316
1466388
1467884
1468962
1470846
1476150
1477503
1480371
1483554
1488003
1491700
1491892
1495002
1495312
1496317
1498132
1502644
1509078
1510455
1511974
1516426
1517929
1528269
1529696
1530524
1531108
1531881
1531898
1536161
1543073
1543495
1544162
1545719
1548692
1550066
1557194
1561346
1564139
1565916
1584409
1585309
1587607
1594292
1595679
1607783
1608487
1618724
1620958
1627753
1630519
1631093
1632910
1639908
1641061
1642047
1644434
1647428
1651996
1654845
1658617
1660819
1668157
1671628
1676727
1686561
1707782
1710100
1711836
1715316
1717286
1722733
1724123
1725281
1733207
1735610
1739845
1740371
1746059
1761816
1763928
1765201
1771346
1771436
1780426
1783038
1808332
1809260
1809681
1812820
1828180
1841685
1842186
1844483
1847543
1859323
1861129
1863031
1863563
1867534
1868354
1869456
1872887
1876518
1876977
1877733
1882085
1883964
1886986
1890223
1890763
1897189
1901803
1908370
1926109
1926385
1927202
1930224
1934028
1935053
1935136
1938299
1939115
1956209
1963287
1965534
1973561
1973794
1981051
1985025
1987837
1987896
1992199
1992612
1992823
