-1995361
-1987924
-1981307
-1969554
-1966239
-1965966
-1965562
-1948173
-1946359
-1939340
-1934907
-1929895
-1928701
-1927865
-1920238
-1917713
-1916233
-1916203
-1915380
-1910867
-1910381
-1907385
-1898021
-1896159
-1886667
-1885599
-1885440
-1884370
-1882300
-1882125
-1882022
-1878515
-1876469
-1875190
-1871634
-1869930
-1863476
-1862907
-1856526
-1856042
-1848165
-1844191
-1842713
-1841971
-1835720
-1835372
-1835108
-1828222
-1823480
-1821425
-1817276
-1814008
-1812209
-1806537
-1797585
-1793754
-1787871
-1783299
-1779796
-1777605
-1776246
-1771001
-1765961
-1765759
-1755597
-1753105
-1751047
-1747683
-1746846
-1746055
-1742888
-1739604
-1735259
-1730955
-1730072
-1722218
-1717941
-1715860
-1715698
-1710190
-1707223
-1705919
-1700889
-1699220
-1697775
-1697131
-1696629
-1692851
-1688897
-1687919
-1679139
-1678188
-1671830
-1671755
-1670347
-1665551
-1660601
-1659829
-1658057
-1653027
-1646215
-1645091
-1643193
-1641619
-1640498
-1634624
-1622795
-1622623
-1618124
-1616546
-1614099
-1604697
-1600653
-1599995
-1599376
-1597680
-1596435
-1593596
-1585762
-1583834
-1580320
-1566183
-1562401
-1560965
-1555695
-1552845
-1551314
-1541110
-1533578
-1530853
-1530663
-1529767
-1528305
-1528261
-1527015
-1525647
-1523157
-1513767
-1507880
-1507246
-1497703
-1493149
-1488723
-1477890
-1476275
-1471992
-1469201
-1468878
-1460991
-1460270
-1459986
-1457407
-1453985
-1450079
-1440130
-1436707
-1415548
-1409387
-1404175
-1397129
-1393766
-1387066
-1386383
-1382823
-1375009
-1374861
-1368420
-1363398
-1362010
-1359530
-1352872
-1347884
-1347377
-1343842
-1343636
-1338730
-1334268
-1333604
-1330106
-1328943
-1325237
-1317982
-1314045
-1312567
-1310215
-1306070
-1303459
-1298602
-1295562
-1294752
-1293026
-1292892
-1290617
-1279752
-1278807
-1273967
-1265590
-1261142
-1252636
-1252319
-1245136
-1243831
-1241349
-1238978
-1238792
-1237151
-1231938
-1231417
-1229640
-1227637
-1219738
-1219258
-1213525
-1207671
-1207381
-1207243
-1207106
-1205918
-1205060
-1201226
-1200995
-1197703
-1196820
-1194896
-1193034
-1186061
-1183573
-1182099
-1180134
-1169514
-1167547
-1167253
-1165874
-1158446
-1158370
-1158178
-1154487
-1153598
-1146181
-1145991
-1138677
-1135510
-1134511
-1128411
-1125834
-1116665
-1103126
-1102687
-1097783
-1094955
-1093236
-1091344
-1089352
-1088961
-1084898
-1084661
-1080308
-1080187
-1075192
-1074577
-1066790
-1066649
-1062436
-1060537
-1056201
-1054737
-1050240
-1045081
-1039183
-1038783
-1030446
-1023029
-1019252
-1004087
-1002966
-1002504
-991822
-986603
-983374
-979944
-962273
-962078
-958494
-956839
-956366
-951783
-947783
-944793
-936385
-930105
-916673
-913579
-910507
-909035
-908009
-902454
-899017
-896380
-883416
-881836
-881310
-875910
-875765
-873021
-872803
-871382
-869850
-869205
-852256
-841885
-838539
-829445
-825882
-824664
-816737
-814540
-811809
-804255
-803993
-797682
-789870
-786318
-777023
-765824
-765391
-757787
-756222
-754786
-748847
-746413
-744494
-734163
-727838
-723571
-707661
-705571
-702057
-697941
-693372
-689845
-689073
-688609
-684579
-682993
-677454
-676001
-674452
-667389
-660766
-649331
-648706
-648360
-647229
-647222
-644315
-636044
-632403
-629665
-627009
-605964
-603731
-601389
-582080
-575461
-573450
-567012
-564620
-564203
-560204
-556338
-555998
-548336
-543617
-536189
-534054
-532305
-529458
-519615
-513090
-510242
-506527
-505659
-488657
-484902
-483283
-476304
-471020
-468986
-463974
-460091
-459819
-459593
-456240
-445654
-433178
-427530
-424639
-422852
-421013
-415522
-415423
-411003
-409817
-407092
-406668
-404363
-404221
-398720
-397648
-379559
-374966
-374016
-373092
-372023
-367554
-367132
-363024
-353206
-343695
-339134
-337476
-335078
-334354
-329946
-324689
-321038
-318468
-318175
-310601
-308725
-291968
-283288
-279789
-274195
-273485
-271472
-263174
-261329
-252753
-240428
-239326
-236947
-236853
-233503
-230348
-229752
-229186
-222814
-213981
-213582
-207622
-204840
-200395
-181959
-180130
-174237
-173109
-165179
-163905
-162850
-161628
-158801
-157098
-152800
-150642
-145745
-142615
-139970
-139389
-135489
-132225
-132116
-130351
-128892
-120045
-120009
-116206
-112110
-108935
-107694
-106773
-104705
-97318
-93414
-92533
-92290
-89523
-86179
-85301
-77827
-75065
-75046
-69923
-62807
-53765
-47179
-35030
-34268
-33393
-28233
-26626
-25295
-23091
-14207
-9945
-9776
-3388
-2910
5917
7683
10076
16324
17950
19490
30542
30761
30793
33793
36331
40753
46774
51387
52589
55116
59761
61041
61864
70723
70991
72894
74664
84943
87842
92015
96332
97609
101881
102677
104939
111785
120470
121208
130310
130443
133696
135188
135388
156499
157823
158711
161701
162461
166699
167123
180344
181446
184869
194946
196428
203018
207084
215576
224572
225165
228770
229672
236726
236901
236941
244061
244258
246389
248602
249662
253660
254161
255829
257124
257391
262686
264385
269017
273422
282552
282732
283850
290927
292551
292891
298819
303026
303552
308115
312177
314836
316295
317793
321277
323803
324062
324434
330839
336827
338959
339366
342039
344536
345177
345204
350536
356846
359180
363602
363656
370836
371142
372243
374062
380384
387515
399061
400350
408195
409804
419540
422179
424756
427784
441305
443989
451168
463427
463885
464346
468886
476043
480590
489393
491635
492068
498200
506329
511053
511695
516500
517646
519028
519402
521054
523166
525229
528066
533605
535421
536249
538814
546282
546409
549518
555521
562959
566353
567187
574812
578042
579368
582529
583478
585776
587796
588698
594418
599861
613288
626788
632192
634004
639387
640328
640469
642122
642720
644131
656836
663522
666021
669913
673608
673758
674302
689872
690234
710723
715139
718316
725309
729581
730487
733743
744544
754728
757463
761105
764877
765762
772530
774558
774740
775212
777697
784525
784923
785654
790426
804073
805568
808553
815483
816562
818976
819169
826170
834222
837016
841452
843698
849016
849196
864181
864835
871539
875198
879090
890765
892380
892667
895987
897476
901533
902896
906145
906691
907983
914387
914664
919920
920766
932164
934155
938721
939680
960359
968870
975054
976043
976578
983569
989970
994966
996786
1016955
1018106
1018524
1019990
1022830
1024997
1027292
1031172
1036885
1037326
1051601
1055764
1056494
1058805
1067735
1083058
1084718
1086182
1092218
1102769
1103066
1108850
1109675
1134569
1145863
1146966
1152675
1154079
1161641
1165174
1165916
1168285
1176533
1187614
1195674
1196878
1200488
1201997
1208985
1212950
1214189
1218193
1219234
1220804
1223913
1226245
1231201
1234813
1235998
1239822
1246969
1250741
1254774
1258141
1262091
1267791
1277499
1280415
1285080
1296345
1300951
1305266
1306636
1313920
1316331
1317899
1320067
1320628
1326919
1330598
1346005
1348024
1350739
1352957
1357286
1358047
1367334
1372355
1379205
1381161
1392703
1394936
1396436
1403823
1404653
1405146
1411339
1414239
1416939
1421136
1421387
1431495
1431711
1434879
1438245
1440327
1440494
1440564
1440581
1440960
1443630
1445895
1453196
1456609
1461390
1465807
1477619
1478760
1481580
1481819
1483648
1485011
1490966
1491153
1494780
1496418
1499244
1499304
1499503
1500371
1506392
1513122
1513259
1513422
1517854
1518081
1519742
1522724
1524261
1530243
1533886
1549826
1553018
1554388
1555526
1563566
1567055
1567697
1568076
1572638
1579434
1581564
1584495
1599716
1600606
1613290
1617421
1619982
1623362
1639432
1643304
1645414
1656976
1657564
1663981
1667461
1673183
1675944
1679451
1684610
1685110
1690152
1692496
1694535
1696380
1700782
1703727
1710294
1713538
1713557
1719270
1721878
1724696
1726270
1729769
1730260
1739220
1741637
1741697
1743824
1747439
1748915
1748924
1755196
1760894
1764977
1766819
1773755
1783625
1784500
1787150
1790767
1792798
1796381
1810606
1812241
1813217
1814083
1818460
1822454
1833470
1833856
1837293
1846037
1853139
1853182
1854600
1856087
1859012
1859533
1861488
1874922
1886579
1889036
1889993
1895985
1900028
1902117
1902327
1904831
1908426
1911593
1916294
1919305
1925031
1941489
1942164
1944573
1948527
1949423
1950822
1953927
1958821
1978641
1979373
1982798
1989303
1993910
1994184
1996887
