-1988050
-1967981
-1965450
-1964770
-1962877
-1960258
-1957092
-1950030
-1945424
-1941205
-1931206
-1929946
-1928062
-1912964
-1909060
-1908379
-1905027
-1901401
-1888913
-1884683
-1882310
-1869938
-1862318
-1853366
-1851267
-1850506
-1847807
-1845746
-1845401
-1841447
-1840956
-1840343
-1839551
-1830541
-1829346
-1820060
-1819276
-1818096
-1816361
-1813376
-1805335
-1803077
-1791176
-1786801
-1779376
-1777911
-1769994
-1769666
-1768206
-1763735
-1761615
-1761091
-1759121
-1758471
-1756741
-1755756
-1754991
-1754715
-1750679
-1748083
-1745721
-1743763
-1738245
-1730294
-1729118
-1716274
-1713085
-1710407
-1706648
-1703231
-1699262
-1697940
-1693040
-1688904
-1682047
-1681506
-1672138
-1670720
-1662175
-1659987
-1659927
-1659809
-1658902
-1653834
-1651293
-1646264
-1638525
-1634127
-1631469
-1630815
-1627719
-1626659
-1621410
-1620156
-1616011
-1608570
-1604105
-1603457
-1602731
-1601764
-1595485
-1595026
-1594009
-1591974
-1589262
-1589133
-1582198
-1581427
-1580376
-1579927
-1566985
-1548946
-1544920
-1536166
-1531757
-1528873
-1524229
-1524170
-1523858
-1520229
-1515814
-1515106
-1507787
-1506048
-1504082
-1498745
-1496150
-1488742
-1486333
-1484069
-1482614
-1479950
-1475846
-1474804
-1474642
-1467551
-1461346
-1454735
-1454530
-1448868
-1443978
-1440100
-1439509
-1438920
-1431376
-1422631
-1422421
-1413881
-1410878
-1402372
-1390378
-1388884
-1386398
-1382699
-1381661
-1375880
-1367537
-1362411
-1351856
-1349741
-1346900
-1344084
-1341184
-1331285
-1331163
-1330652
-1327836
-1326767
-1319050
-1315859
-1315019
-1313974
-1312447
-1308279
-1305221
-1299223
-1295509
-1285417
-1280126
-1276651
-1275309
-1274492
-1273088
-1270962
-1269675
-1260259
-1258854
-1257063
-1256928
-1251479
-1250518
-1245255
-1241347
-1238942
-1238005
-1231133
-1230868
-1228208
-1226889
-1225373
-1213390
-1213201
-1211917
-1211643
-1209835
-1203346
-1197234
-1193321
-1188062
-1183535
-1182192
-1179061
-1167470
-1162273
-1159988
-1156413
-1144920
-1142057
-1136172
-1134319
-1123741
-1119732
-1119101
-1116960
-1103787
-1098318
-1097614
-1097089
-1093313
-1086342
-1081731
-1071408
-1069774
-1066847
-1066660
-1064046
-1060831
-1054675
-1052994
-1050453
-1045965
-1044321
-1043101
-1042169
-1041278
-1040202
-1034112
-1029748
-1027695
-1019269
-1016953
-1013380
-1006700
-1001448
-996253
-993787
-991824
-988418
-983168
-979102
-978910
-978636
-971919
-965171
-960032
-956344
-944154
-932679
-928400
-922768
-920285
-909957
-907908
-906291
-906288
-905957
-901677
-893385
-891696
-890495
-890110
-888886
-879085
-869205
-859180
-851787
-849096
-835701
-825390
-818856
-810887
-809732
-808273
-779564
-778462
-766951
-765818
-765421
-765194
-761144
-759930
-757404
-755397
-746049
-745822
-736994
-732238
-728370
-727862
-727038
-722453
-721818
-719247
-718729
-714226
-712331
-709506
-703059
-702245
-700596
-689466
-688583
-684159
-673683
-673135
-651347
-643057
-641543
-637940
-633519
-628683
-628525
-627370
-622716
-619173
-617830
-614330
-613152
-610248
-608834
-607214
-602829
-599780
-596662
-592468
-585905
-579015
-577440
-575840
-573544
-571518
-570961
-566471
-565394
-559672
-559213
-558955
-552214
-549584
-547356
-545589
-543418
-537743
-536931
-536021
-534686
-534321
-530166
-528144
-519438
-519227
-519139
-517617
-514629
-504800
-504079
-495461
-494934
-494842
-483823
-482969
-482942
-482137
-481124
-480481
-470717
-466345
-465871
-459648
-455712
-449590
-448685
-447513
-444756
-442881
-442451
-433023
-427466
-424935
-423430
-419660
-417538
-412432
-411627
-410480
-409890
-408408
-405686
-405328
-399142
-393811
-393805
-391441
-388665
-388288
-382287
-375003
-359923
-358321
-350484
-342090
-332404
-332012
-331672
-327936
-325991
-320345
-319148
-318675
-318292
-318148
-307975
-307723
-306386
-296368
-284312
-283316
-283271
-277177
-276028
-265943
-262595
-249548
-244818
-244031
-237832
-233268
-232193
-228707
-228632
-220029
-207339
-203605
-199527
-196483
-193063
-191158
-190338
-187898
-184290
-183951
-181288
-176576
-175401
-174985
-166940
-162379
-161522
-160401
-160303
-156819
-155186
-153159
-149551
-141992
-140366
-139200
-131164
-130562
-126312
-118985
-104591
-102429
-100091
-98022
-97153
-96126
-91145
-87712
-76678
-74292
-73764
-66522
-66179
-53028
-42907
-42774
-37033
-36972
-33744
-29295
-23992
-21275
-10721
-10448
-8523
-3755
-3106
615
21716
22210
27197
41052
45688
47042
47352
50968
53510
57346
59240
61653
64713
73182
86910
89422
91261
92395
98464
98583
101295
110596
113094
113466
114452
121284
126001
126800
134646
141399
147490
150413
150561
156355
157379
164532
177517
182763
183136
190675
191357
192194
193088
200324
201717
217861
224942
226522
228021
240653
241485
242291
246171
246799
256545
261705
271843
271941
274275
277185
281290
282743
284912
286650
288641
293096
293735
294633
296226
302197
304368
305297
305888
315981
317833
320213
322267
332192
337126
343315
345485
352061
355262
356896
363230
366916
378926
381641
381891
383168
389293
395422
401879
413980
419239
419261
420681
426683
433991
444998
448958
452466
458285
458767
463480
463544
466096
472235
473486
473691
481429
481904
482170
482388
489720
491743
498520
502123
507857
508262
511327
514740
514964
522919
528926
529717
530282
532742
535164
544284
544755
550161
565741
566197
575490
577863
588735
589323
593706
596717
599847
601772
602048
602117
603560
607596
608268
608516
609068
610291
612525
612856
614855
615061
619424
622201
631853
632046
638479
647140
649800
650588
655336
656304
677818
681690
699044
704359
704671
705822
716700
722216
734515
734560
743165
747799
749774
750840
756664
765425
766889
771529
774445
780201
791322
792019
794541
801909
802417
806295
807402
809611
814172
829977
830116
831245
835894
842921
851835
852979
858274
865105
865329
865844
867453
869503
876017
876484
877284
877948
879259
885372
885928
886207
895005
899675
904253
906815
912087
912724
913590
915776
921731
926784
927654
929017
933147
939231
940037
941351
942920
943684
948666
949508
950026
950576
950917
959990
965677
966012
967134
968987
972304
978450
981518
984028
987797
988358
988515
991659
1005710
1006769
1011478
1011987
1012945
1015640
1015947
1017641
1023558
1024295
1031581
1034019
1039686
1041018
1042766
1050346
1050946
1055523
1057858
1065475
1070067
1071242
1076485
1093470
1098169
1099408
1115336
1116900
1118905
1121913
1124481
1124603
1125060
1125212
1126253
1130998
1132540
1133217
1138475
1142376
1143748
1155085
1157360
1170133
1171112
1178518
1194742
1198535
1199356
1200659
1223344
1225851
1228233
1229114
1233663
1237030
1240441
1242431
1252523
1261301
1266294
1266792
1268769
1269693
1270502
1275358
1281460
1283045
1296358
1296520
1298602
1299823
1301340
1303903
1307872
1314416
1316647
1316688
1317574
1328051
1328187
1328718
1329151
1329611
1330811
1332657
1334986
1342678
1343218
1345330
1347043
1359113
1359237
1359480
1364537
1369802
1377369
1381894
1389550
1392678
1394251
1396891
1409217
1409632
1413908
1418282
1419124
1428172
1439194
1451896
1454402
1465278
1476295
1481308
1482638
1485378
1487761
1488068
1499023
1500471
1500885
1502113
1502854
1508370
1510137
1511348
1512118
1515188
1516396
1516927
1517564
1519146
1520748
1526900
1535927
1541001
1543927
1548076
1548193
1549393
1551858
1562001
1562253
1568530
1574621
1579951
1583939
1604671
1606155
1608610
1609037
1611711
1613878
1622115
1627340
1630362
1631561
1634526
1636276
1639294
1642753
1651390
1652380
1654140
1658520
1662135
1663954
1666271
1675195
1676477
1677898
1680456
1682768
1683759
1684936
1686361
1686680
1688398
1692033
1697268
1697328
1697344
1704812
1704861
1706028
1707805
1707875
1709846
1720274
1724933
1738311
1749534
1750127
1751477
1753337
1753367
1753775
1754265
1757689
1760379
1763320
1769511
1775226
1781343
1790954
1800574
1801113
1802450
1817538
1833097
1836018
1849341
1854419
1863876
1869376
1870716
1891083
1891196
1894284
1896744
1899012
1901584
1902575
1922720
1922854
1924737
1925888
1927521
1930483
1932053
1932859
1933988
1940803
1940812
1945741
1949445
1955178
1964193
1967288
1986771
1989951
