-1998279
-1988430
-1986451
-1983298
-1980745
-1979932
-1972047
-1965990
-1959315
-1945091
-1944415
-1940522
-1936764
-1927288
-1926935
-1925823
-1923654
-1917504
-1917169
-1914774
-1910352
-1909250
-1907938
-1891593
-1886154
-1885852
-1883543
-1882891
-1880844
-1879142
-1876894
-1871140
-1867922
-1862186
-1861601
-1849861
-1845034
-1843693
-1842208
-1828949
-1816009
-1802715
-1802267
-1801669
-1800058
-1797800
-1788244
-1787220
-1781007
-1780831
-1768417
-1755296
-1747145
-1735191
-1733129
-1727697
-1722544
-1721715
-1719439
-1716186
-1713545
-1712851
-1710479
-1706962
-1683524
-1678364
-1663600
-1661449
-1661292
-1657293
-1650540
-1650124
-1644634
-1643629
-1640646
-1636593
-1632801
-1611946
-1609439
-1608011
-1602489
-1602171
-1593316
-1591693
-1587807
-1586562
-1578635
-1578564
-1578472
-1575974
-1567422
-1566735
-1566418
-1566232
-1565805
-1555994
-1538606
-1538150
-1531357
-1530732
-1530426
-1527299
-1526970
-1522816
-1517922
-1510619
-1507128
-1503210
-1497094
-1480572
-1473331
-1470437
-1470151
-1467483
-1463559
-1454413
-1453991
-1450080
-1446777
-1446226
-1440051
-1436124
-1431618
-1430893
-1424237
-1422693
-1421224
-1417650
-1416474
-1416203
-1416151
-1403418
-1392445
-1386761
-1386356
-1375792
-1370638
-1370503
-1368861
-1367771
-1367354
-1358325
-1357799
-1353900
-1342400
-1334438
-1334429
-1332236
-1331310
-1328641
-1319865
-1314185
-1312948
-1312074
-1306349
-1304433
-1300175
-1299281
-1297807
-1296920
-1295723
-1286941
-1286175
-1280009
-1275899
-1275073
-1273599
-1268533
-1261912
-1241784
-1241588
-1237733
-1237690
-1234783
-1231143
-1224499
-1223437
-1213661
-1211726
-1208562
-1196219
-1192627
-1186044
-1185992
-1182219
-1180262
-1178336
-1170561
-1168009
-1166729
-1162493
-1158270
-1156041
-1155195
-1153469
-1151365
-1144271
-1142801
-1138676
-1138619
-1137196
-1134594
-1130654
-1130539
-1129675
-1129426
-1126511
-1121709
-1121411
-1115676
-1112840
-1109308
-1109130
-1098785
-1097797
-1096480
-1096289
-1090675
-1084520
-1083213
-1079218
-1078139
-1078080
-1074698
-1068645
-1066306
-1061763
-1060303
-1055882
-1047456
-1043490
-1038926
-1038339
-1036983
-1030465
-1018191
-1018043
-1011298
-1007968
-1006491
-1004525
-994896
-991166
-988825
-987925
-985933
-985116
-979685
-967246
-966239
-963523
-963063
-958669
-948199
-947205
-946850
-945025
-943610
-943451
-939934
-936872
-923919
-923603
-923502
-923073
-921956
-919011
-913035
-912499
-907056
-906768
-905499
-904158
-903016
-893191
-890251
-885765
-883659
-871074
-867194
-862454
-862102
-858028
-851746
-845032
-838017
-833447
-826076
-812090
-797042
-793790
-789767
-786758
-784580
-775629
-774877
-774215
-768806
-765862
-761982
-756042
-754987
-748451
-742229
-735665
-732811
-731768
-726323
-725256
-721031
-718613
-710711
-701833
-700723
-697084
-694903
-691409
-689702
-684516
-683020
-682860
-677871
-673261
-671431
-670891
-667556
-663968
-658220
-651940
-645081
-644742
-641682
-638468
-637601
-635612
-623626
-619682
-615905
-611827
-608666
-608420
-607324
-605186
-604680
-598841
-596961
-595491
-594164
-593657
-593635
-592831
-592268
-586311
-585051
-583817
-570181
-570017
-569324
-564532
-552554
-541948
-532783
-531601
-531110
-527862
-526089
-522878
-521287
-515992
-512666
-511499
-500409
-496464
-494732
-493780
-491924
-491053
-485504
-484087
-476897
-474192
-474021
-472916
-472038
-470519
-465409
-453496
-452132
-449730
-447757
-443866
-433535
-427756
-424566
-419911
-416033
-405627
-400725
-399836
-399809
-395606
-394108
-392749
-387810
-377273
-365395
-359785
-354439
-352761
-351491
-350266
-343095
-335876
-330971
-319533
-319391
-318157
-313790
-312409
-306312
-294700
-293517
-289378
-289231
-285547
-284843
-275265
-272150
-268692
-266185
-263497
-262463
-261864
-260703
-259895
-259404
-254862
-251926
-247625
-242850
-237273
-236644
-231195
-228893
-226148
-219694
-215948
-213255
-200999
-199096
-199042
-196031
-190356
-189775
-183775
-183380
-182894
-171040
-169261
-166737
-159076
-155683
-150407
-149159
-145167
-144081
-142539
-128043
-127266
-113193
-112552
-106532
-102578
-102245
-101163
-93853
-92681
-80044
-67636
-64753
-59964
-56704
-50031
-43892
-43437
-36913
-27955
-26590
-23552
-20967
-17530
-16890
-9233
-2951
4515
6988
9880
10299
11621
13427
15174
21106
24897
27285
32145
32986
56835
60146
62229
65072
73805
74809
81892
85369
86926
91017
91528
101773
109230
109870
118127
123629
132721
133522
135529
136629
143585
144991
145291
155624
157688
164602
170261
172528
176237
176999
190203
194740
202357
204163
210573
213515
215165
216046
218189
222999
224938
226467
226521
229093
229596
237395
240674
243571
248038
249579
266060
266124
268404
270922
271716
273471
274031
275277
276153
281674
283599
294571
303613
316756
317267
318348
319089
319442
322367
339708
341005
341567
347168
348666
348962
351130
355107
357353
369611
373516
377994
381729
382784
384086
385579
392789
394530
400015
401944
406186
414725
416815
420185
424140
430180
433802
434043
436257
436516
445949
454062
455340
456195
459148
462272
479153
481337
487428
492593
494656
496812
498848
506237
506690
507320
507909
514566
519284
524283
527130
527828
529379
533173
533578
534269
547428
547572
548363
552214
556483
561498
562751
565079
566577
571991
574108
574652
576152
576356
576685
579139
580161
582128
582634
587594
590417
591985
593764
595424
596056
596084
597079
614691
615688
621802
622115
622452
625143
626806
639772
647022
652120
654420
661570
664891
668573
668991
675696
679147
680717
692505
694293
695548
698040
706018
708459
711834
712666
714943
717874
720432
722825
723162
736178
746320
746354
755159
756382
759850
760770
763621
770248
772358
776793
790576
794856
802260
803649
805834
808713
809764
812118
814440
821942
828168
830761
833443
836012
837226
839341
841857
845421
850735
865445
866600
872533
875689
880485
888531
888566
891500
898711
900345
902145
909398
910279
921233
927696
930324
932891
937807
941755
942832
956561
962813
964005
966238
969019
971210
974198
974599
977574
980500
985322
987374
990815
992088
995973
1001065
1002736
1003813
1004240
1015135
1016101
1016866
1022377
1022538
1027999
1031736
1034453
1036957
1037549
1050635
1051310
1052002
1052779
1052964
1055041
1056015
1059655
1063232
1068699
1069065
1069529
1078889
1082652
1086811
1096620
1100015
1106524
1107508
1108037
1108046
1115366
1115464
1121373
1123232
1125046
1135691
1136288
1140649
1145063
1146335
1154303
1154734
1155163
1157834
1161097
1165234
1171885
1172859
1175154
1190256
1195053
1198180
1202193
1211104
1214636
1221905
1225724
1228196
1258799
1263814
1264408
1265855
1268573
1280490
1289309
1302240
1303687
1309548
1310583
1331774
1342354
1342783
1344895
1347330
1351608
1352813
1355258
1358243
1362918
1370604
1371480
1378136
1380819
1381532
1386110
1387958
1391815
1392670
1393363
1395450
1398487
1399535
1401200
1403359
1407206
1409819
1410080
1410447
1422465
1431336
1436391
1437156
1443558
1452843
1458899
1464657
1465580
1467107
1467628
1470891
1471476
1471841
1472298
1473113
1473640
1474378
1474509
1476452
1477624
1484609
1497797
1499534
1500980
1513693
1527313
1527718
1529498
1532156
1532463
1534562
1536806
1542637
1544640
1552034
1553041
1556723
1559079
1559454
1560389
1563992
1578891
1579760
1580813
1583983
1586008
1593012
1602794
1607349
1619483
1620517
1621589
1622932
1633807
1642536
1647591
1648303
1648313
1651411
1653201
1677589
1681429
1683133
1687180
1696602
1697508
1699870
1700640
1701523
1705133
1705788
1709765
1714183
1715015
1716694
1716710
1716951
1718843
1725271
1737693
1739983
1741903
1742056
1743067
1748117
1755086
1755892
1761037
1766020
1769040
1775849
1780087
1781652
1782155
1787335
1797331
1806787
1810537
1819117
1820641
1829647
1843119
1850512
1851809
1856820
1862480
1864680
1870758
1871074
1876800
1883827
1887971
1892126
1892242
1907494
1910539
1912525
1923137
1933715
1939694
1945327
1950056
1951067
1951673
1955473
1962225
1966865
1967859
1970546
1971498
1977968
1978362
1982344
1985276
1986009
1987618
1987679
1988802
1991440
1993234
1993612
1994551
