-1998749
-1998347
-1993388
-1992051
-1991709
-1987439
-1980590
-1979564
-1954581
-1953977
-1953710
-1953068
-1949236
-1940358
-1937681
-1931208
-1928636
-1926753
-1926727
-1925923
-1924724
-1916132
-1899597
-1895700
-1893838
-1892503
-1891056
-1885994
-1879324
-1879238
-1877430
-1871618
-1868410
-1864288
-1856765
-1854114
-1845959
-1834753
-1834035
-1828246
-1827589
-1827114
-1822104
-1820017
-1810582
-1810390
-1810184
-1809068
-1804520
-1801060
-1798607
-1797935
-1789967
-1788911
-1779450
-1776451
-1776117
-1769176
-1767606
-1764849
-1758189
-1748299
-1747743
-1745464
-1733950
-1720582
-1718306
-1713534
-1706938
-1705215
-1702141
-1699576
-1695236
-1683116
-1671728
-1667255
-1667190
-1665372
-1657949
-1655929
-1655297
-1646365
-1642905
-1641462
-1639394
-1625541
-1623045
-1620225
-1616727
-1613094
-1612964
-1606279
-1604045
-1599198
-1578730
-1577583
-1568013
-1561002
-1553504
-1551266
-1549225
-1543478
-1540730
-1534582
-1527763
-1524553
-1523188
-1522786
-1521656
-1519082
-1518916
-1518576
-1512681
-1497829
-1494582
-1490723
-1489780
-1488305
-1487139
-1486853
-1478932
-1474449
-1470158
-1469400
-1460428
-1457499
-1456129
-1453602
-1442905
-1433903
-1432376
-1431247
-1428911
-1428184
-1425602
-1425306
-1423976
-1423511
-1421073
-1416046
-1415251
-1414654
-1412510
-1407599
-1405310
-1397829
-1395341
-1394998
-1390480
-1375454
-1375069
-1370189
-1367505
-1361379
-1357184
-1356968
-1356222
-1351345
-1350180
-1350020
-1348480
-1343925
-1342442
-1340024
-1335939
-1335674
-1331101
-1329801
-1329023
-1325915
-1324402
-1301668
-1299532
-1298470
-1292144
-1290637
-1288221
-1284236
-1276035
-1271540
-1269300
-1255048
-1245515
-1244677
-1244521
-1243497
-1241528
-1235744
-1226646
-1221602
-1215928
-1215908
-1212772
-1211215
-1208713
-1204281
-1204274
-1203903
-1193524
-1189255
-1188447
-1183756
-1181293
-1180670
-1162189
-1158808
-1146069
-1136874
-1134147
-1129283
-1122949
-1120453
-1119512
-1118788
-1113102
-1111257
-1107065
-1099448
-1097921
-1092420
-1083218
-1080353
-1078165
-1076733
-1067977
-1064485
-1060855
-1057849
-1055815
-1055177
-1049196
-1046180
-1044159
-1041883
-1034351
-1033339
-1030521
-1029458
-1023989
-1019845
-1018666
-1014554
-1014417
-1010167
-1001371
-993543
-988556
-988341
-983962
-978963
-977662
-975869
-975589
-972213
-961119
-959007
-955871
-950609
-950549
-948772
-942952
-927425
-926540
-922042
-921795
-916810
-910774
-907894
-907206
-906431
-906308
-899547
-897551
-897135
-892157
-888820
-884957
-883721
-879961
-877083
-864319
-860262
-857230
-855527
-851377
-848161
-847306
-845802
-839702
-837310
-833631
-832187
-831128
-827093
-824321
-820117
-805885
-803891
-793268
-792674
-781836
-776828
-773121
-772712
-771173
-769952
-768232
-767533
-766989
-751640
-749047
-748334
-740296
-737194
-731876
-729105
-727369
-726085
-710730
-706118
-699359
-696395
-696180
-695908
-690622
-685927
-676113
-672627
-669736
-662088
-659499
-651744
-647683
-644845
-639216
-632739
-618067
-615871
-610760
-606586
-605319
-600753
-599253
-588612
-586510
-572957
-553606
-545969
-543649
-542758
-539339
-531709
-523709
-521387
-521132
-518107
-515120
-512884
-503033
-502442
-497808
-494971
-493318
-485125
-484477
-478717
-474667
-466522
-461959
-459625
-457123
-455412
-447119
-444394
-443019
-441347
-440533
-433070
-427975
-420313
-417832
-416669
-412409
-411022
-409425
-400254
-399115
-397165
-387846
-383493
-374483
-370614
-365560
-360063
-349103
-338898
-338207
-337450
-336993
-326808
-323564
-321638
-314442
-310216
-302964
-295419
-287418
-286316
-285524
-285451
-271687
-264326
-262430
-261873
-261466
-256326
-255795
-255579
-249358
-248639
-248066
-239194
-236402
-221364
-216572
-213464
-210981
-205977
-202339
-198286
-197648
-196493
-193145
-191663
-190177
-187797
-176980
-176077
-171797
-170431
-169716
-166271
-164749
-142809
-137822
-133235
-126249
-122660
-110596
-107169
-107121
-104601
-95831
-94275
-94119
-91614
-88858
-87831
-83555
-75532
-71731
-69068
-67156
-50783
-47431
-37694
-34690
-31945
-27092
-19528
-16432
-12899
-12557
-11133
-6178
-3995
6179
6630
7310
8217
9771
13516
14144
16353
17443
24094
26962
27245
29580
31827
32527
32991
33725
36162
37034
41147
42086
42303
44374
49390
49848
55155
56865
64713
72617
77965
78305
87113
90389
92796
100075
102556
102619
110855
112873
122041
125089
141452
144182
146573
147370
159703
160968
162405
185990
188201
194605
195898
199187
201038
204529
206170
209943
211830
216641
218961
219120
220783
227095
227097
227463
228473
228720
230334
235720
236947
271653
275445
279575
283332
283574
283850
284910
290897
293541
299457
302098
305868
307379
307773
308218
310410
312716
320721
321641
326193
333446
337240
338611
340865
344139
345513
351061
351220
351942
361504
368243
369373
371546
372540
377594
377692
379204
396032
402444
402617
404965
407138
410579
412331
416517
418292
418854
425739
427489
429161
432998
435494
445921
451996
458911
460307
460501
468462
470158
472573
472948
478130
486112
486516
489952
503477
510553
511227
513809
516297
516625
531024
532476
532956
532981
535183
538743
548657
548901
552595
553734
556650
558827
561619
568625
576409
577796
580412
582631
587386
592917
599708
603141
614960
619264
621812
624067
624297
625085
625103
629229
634933
637935
643817
644776
648175
648588
668201
672031
678837
686385
698720
705778
706135
707798
708177
710414
714392
714730
716409
717763
720868
726902
727814
728310
731051
732154
732272
733384
740209
744666
754808
764274
771330
773665
774618
779263
780046
784253
785267
793320
794013
797452
797965
798424
804458
806784
808771
809824
810848
814884
818291
820220
820422
823768
825408
832942
833363
837051
840706
851909
852165
855394
863475
865180
871229
878030
878831
885033
885256
885893
886861
887313
887918
888718
890113
894455
895334
896482
906601
916274
917128
920014
921719
921834
925945
927340
931283
931485
931563
933514
935241
939670
940971
942180
947383
955878
958697
960832
965991
969202
969847
974066
974530
985917
987082
990660
992565
1000834
1007201
1012185
1012265
1014191
1014268
1020370
1025041
1025474
1026984
1032685
1036068
1050279
1050793
1054807
1055533
1055819
1060716
1065383
1068453
1074816
1075087
1080597
1082413
1083925
1084035
1085709
1089505
1096751
1097904
1104202
1105943
1108819
1108919
1109833
1115559
1115672
1125356
1128377
1139212
1139275
1143672
1144597
1147626
1149958
1151546
1151569
1157061
1165453
1165469
1169062
1173630
1177389
1179335
1181842
1185273
1187310
1190587
1191408
1191895
1192147
1192376
1193193
1194672
1198825
1207035
1211992
1218521
1219309
1243268
1247723
1247841
1258653
1263826
1264986
1267432
1271061
1274315
1281805
1293892
1294021
1297053
1302633
1302827
1305628
1311572
1315664
1315682
1320906
1321952
1332337
1333392
1333512
1334047
1334047
1334086
1344187
1344578
1348842
1349317
1350593
1351589
1366327
1371906
1375963
1382395
1382479
1383414
1390504
1395834
1399216
1402561
1407341
1408844
1410875
1414227
1414421
1418158
1427269
1429754
1432633
1436212
1439058
1443441
1450619
1452759
1456320
1458879
1461043
1464646
1465070
1479703
1486568
1491944
1494153
1505945
1506516
1513241
1513646
1514405
1518407
1520894
1522146
1522630
1522679
1564060
1566651
1585569
1586046
1587285
1597695
1604936
1607081
1617896
1620057
1621652
1622264
1624706
1631894
1636468
1636631
1638697
1639757
1645102
1646317
1648173
1653120
1657804
1664803
1670947
1673855
1674792
1680673
1683646
1687256
1688116
1693891
1702435
1706618
1708624
1711485
1713320
1713441
1717030
1736625
1737778
1754384
1762351
1766020
1772302
1772617
1773592
1775108
1780869
1782387
1787220
1790161
1791476
1794085
1799946
1806760
1808513
1818610
1819928
1823861
1835360
1839662
1842014
1848286
1852447
1854777
1861954
1865376
1870064
1870231
1882930
1883884
1884349
1885460
1890741
1892975
1901689
1916435
1920602
1926440
1926975
1931987
1936049
1939213
1943421
1945431
1945954
1955039
1962319
1964010
1964028
1968381
1969042
1977376
1983024
1985499
1987305
1994864
1996317
1997203
1998152
