-1993387
-1992557
-1990463
-1986551
-1985792
-1974525
-1972587
-1950130
-1948388
-1942233
-1938535
-1932398
-1925692
-1922218
-1915953
-1911337
-1903072
-1899640
-1891343
-1889189
-1888027
-1886644
-1883712
-1883551
-1882574
-1878319
-1877641
-1867592
-1861199
-1859882
-1854532
-1849334
-1841642
-1822537
-1816935
-1811884
-1801536
-1801328
-1797806
-1790124
-1786858
-1782080
-1781515
-1779818
-1778638
-1777199
-1776643
-1770841
-1765534
-1763628
-1752443
-1750664
-1750487
-1747085
-1744552
-1740580
-1738785
-1738053
-1737430
-1737355
-1729710
-1727369
-1724015
-1721731
-1720888
-1717563
-1716875
-1716061
-1715531
-1715063
-1711844
-1705823
-1705412
-1695959
-1691022
-1691009
-1688841
-1688829
-1674761
-1674573
-1671496
-1669108
-1668928
-1656444
-1653387
-1650664
-1650472
-1646837
-1635156
-1633309
-1629426
-1627439
-1625385
-1619455
-1612091
-1611920
-1603793
-1594782
-1592767
-1586905
-1586862
-1585636
-1585539
-1580620
-1575621
-1571116
-1570668
-1563185
-1553439
-1550853
-1549348
-1533701
-1532366
-1532272
-1531294
-1526873
-1523675
-1523540
-1520492
-1516969
-1515834
-1512095
-1510801
-1508361
-1501223
-1495993
-1495334
-1487412
-1484701
-1481630
-1476226
-1475592
-1474885
-1474345
-1468212
-1463504
-1461517
-1458785
-1455127
-1454519
-1450486
-1426903
-1426397
-1425336
-1423202
-1416241
-1408766
-1408421
-1406335
-1406102
-1398083
-1396007
-1394921
-1394760
-1392836
-1389009
-1378788
-1377206
-1377160
-1373229
-1366285
-1359881
-1358260
-1355619
-1355418
-1355147
-1349787
-1348694
-1348189
-1336418
-1334284
-1330996
-1327913
-1322486
-1315926
-1314993
-1309995
-1302683
-1302223
-1297679
-1295058
-1287764
-1287567
-1277118
-1274946
-1274478
-1268568
-1266450
-1263835
-1261839
-1261822
-1254795
-1253919
-1253624
-1252396
-1243019
-1239407
-1238009
-1236898
-1236396
-1229183
-1228952
-1227167
-1204909
-1203779
-1203520
-1194696
-1193670
-1191400
-1179821
-1171298
-1169903
-1162669
-1157198
-1156946
-1156655
-1155033
-1152869
-1152041
-1138241
-1138020
-1134527
-1128212
-1125362
-1125156
-1116753
-1115619
-1115060
-1112154
-1109286
-1107719
-1107470
-1104091
-1102296
-1100773
-1100363
-1095746
-1093265
-1090526
-1090096
-1084152
-1078963
-1077819
-1076822
-1070641
-1070237
-1066923
-1063909
-1063020
-1060645
-1058842
-1056688
-1050044
-1048947
-1048450
-1044715
-1038205
-1033371
-1028873
-1026363
-1014685
-1011489
-1011333
-1008580
-998306
-996189
-990512
-987677
-979134
-974931
-974640
-972667
-966912
-966109
-960180
-959015
-958471
-953866
-953099
-952070
-951858
-948813
-938330
-931482
-931175
-926262
-924629
-923380
-919436
-914398
-906632
-901856
-901349
-896822
-888364
-886190
-868873
-865616
-855510
-851612
-846650
-837688
-834336
-827498
-818584
-816465
-803936
-803366
-794483
-790309
-785253
-777742
-774597
-770523
-759062
-754320
-753184
-749354
-745690
-741240
-739408
-735502
-723823
-723671
-716240
-713743
-709489
-706176
-704317
-695827
-683298
-682217
-674262
-669194
-663446
-657135
-653819
-653088
-650907
-650577
-648268
-646625
-643746
-641817
-627354
-625715
-620962
-619093
-612794
-611746
-608372
-607080
-601954
-601077
-595105
-586025
-584212
-583357
-580810
-576427
-573726
-573268
-572412
-555253
-553063
-548615
-546324
-545477
-543466
-539457
-536081
-533762
-530448
-529838
-528095
-523551
-522704
-521687
-519437
-519165
-517488
-515942
-514554
-510910
-506696
-504487
-503285
-480025
-478851
-467103
-462068
-460848
-458411
-457097
-452305
-438585
-434058
-432330
-432319
-426890
-426682
-418736
-413953
-411835
-408684
-408615
-408606
-407237
-404798
-403557
-398775
-395239
-394616
-389870
-389154
-385197
-381084
-377559
-371156
-361978
-361726
-361601
-356161
-343031
-342995
-338664
-335373
-331496
-329666
-329333
-328931
-328295
-321861
-319528
-318892
-317393
-314546
-312736
-303087
-300244
-295689
-290398
-278822
-277664
-274741
-273153
-273027
-272529
-271616
-270463
-269867
-256453
-254722
-249083
-243968
-243170
-241553
-234463
-234007
-231945
-227360
-225929
-222291
-219247
-218574
-203397
-202522
-200494
-199488
-195533
-192193
-190598
-177551
-175407
-172371
-170075
-165526
-161236
-156689
-154459
-152231
-150024
-146035
-145847
-145337
-144943
-135693
-132737
-127910
-117286
-106853
-98212
-96791
-86597
-84029
-78772
-77464
-76543
-75826
-65329
-62504
-62111
-60763
-55796
-53864
-46178
-45053
-42429
-36903
-31115
-28708
-23567
-21617
-21285
-10708
-10565
-8793
-8743
-8325
-6493
209
5783
6026
11640
11672
15139
17370
17386
18959
21681
24551
32433
34916
37445
37547
37753
40191
46415
47097
49562
53347
53887
63556
67166
71587
72445
74795
75201
87385
94027
95895
104278
104935
104945
107777
111886
119888
125488
126963
131395
131529
142066
142305
143602
144134
149230
151251
152146
158390
161281
162039
163142
166988
175369
181280
195136
204658
206939
208075
210527
211570
215064
216105
217719
225382
227338
233849
235456
238127
238636
239683
246517
247215
252641
259161
272141
274364
276061
283472
286297
287805
289566
291309
295830
303301
305486
314829
316105
317193
319556
324413
326486
326737
328950
331495
334460
340868
344587
344891
349881
350827
354011
362960
363261
372116
379701
387780
395115
398782
408592
410166
416128
421634
424215
426216
432364
433190
445740
447324
450350
456132
457429
468925
471950
482904
485703
488996
489386
495262
495875
498648
500978
504653
505832
517188
518007
518275
524841
526463
526946
529265
541129
542836
544325
549249
551778
552684
552703
556894
561887
566462
568377
577209
587141
588040
603701
608770
612716
614850
624827
634300
636364
649263
660059
663324
666339
692586
700759
702907
709464
709795
711655
712627
712780
716144
716542
721186
721201
733819
745225
760077
764423
768445
772119
773831
777264
788305
792802
796242
805391
808308
811202
811637
812058
816592
818339
818358
825361
830482
855191
856614
860812
863850
864009
871888
872068
873000
875536
883743
886344
889161
891155
896430
908422
912964
921216
923512
923676
924152
924574
926995
928119
928855
929867
930979
934126
934201
939352
939452
951815
956449
960847
961143
968147
975622
978660
990609
997021
999988
1005715
1008911
1014519
1020662
1022155
1030312
1034760
1039346
1042193
1042344
1042837
1044582
1047114
1048035
1049703
1049761
1055586
1062250
1062272
1062910
1070178
1072310
1075706
1075745
1078959
1088694
1099074
1107713
1108515
1110625
1113625
1117956
1123192
1124528
1125392
1125462
1127601
1130778
1130985
1149652
1156224
1165278
1179814
1181108
1181576
1188711
1189395
1192597
1193247
1195111
1196029
1199059
1201572
1202259
1212434
1213578
1214668
1223383
1234186
1240452
1248058
1258271
1258680
1260911
1268376
1275750
1277962
1284023
1284181
1286907
1288391
1289226
1292927
1295764
1298080
1298638
1298666
1299589
1300024
1305268
1305539
1306871
1317294
1317856
1320109
1321146
1321472
1324847
1325653
1326148
1329894
1331774
1335766
1337444
1341207
1343439
1346975
1349564
1350711
1355130
1360519
1362810
1374299
1375294
1389198
1394410
1406016
1407336
1414226
1416267
1427898
1428767
1439684
1441671
1446335
1448017
1454250
1457777
1460812
1466490
1491210
1499212
1504758
1505982
1509673
1539093
1544143
1556049
1565433
1568228
1568677
1569162
1571972
1573330
1573724
1577674
1580905
1583181
1588020
1589420
1591809
1595123
1600213
1606706
1614316
1614828
1615325
1620676
1620795
1629621
1631639
1645246
1646491
1648781
1651424
1657939
1659473
1672379
1677874
1678341
1679084
1679663
1681778
1689845
1690018
1694893
1708665
1717891
1721057
1721595
1726068
1727298
1737837
1742992
1745011
1754028
1754558
1762590
1765024
1767407
1780431
1791610
1792688
1798662
1805489
1806572
1808728
1812526
1812659
1812923
1818227
1832087
1832095
1836937
1838055
1839588
1852178
1856329
1857336
1860662
1861030
1862874
1870036
1870746
1873506
1874867
1878403
1885030
1889040
1891286
1892511
1892515
1892640
1896241
1900797
1906093
1909617
1918861
1919369
1922210
1923371
1933761
1934517
1941484
1943774
1946732
1947798
1950905
1951194
1952702
1954353
1963650
1965650
1969351
1971177
1978666
1980436
1980963
1986186
1987659
1991168
