-1996431
-1995622
-1992880
-1989648
-1984118
-1977308
-1975328
-1974502
-1960317
-1959044
-1955619
-1939177
-1936270
-1934650
-1934385
-1933937
-1933525
-1924517
-1921202
-1912266
-1909262
-1908588
-1907506
-1892750
-1877228
-1876240
-1872654
-1871506
-1868688
-1861953
-1855690
-1855054
-1852313
-1844980
-1844498
-1839305
-1831402
-1829011
-1827622
-1824854
-1823809
-1821600
-1816107
-1801605
-1800508
-1793730
-1782093
-1778315
-1773764
-1771008
-1769054
-1768442
-1766274
-1765820
-1757896
-1753164
-1751231
-1748096
-1748028
-1747002
-1745565
-1744773
-1741382
-1740051
-1739612
-1731609
-1731586
-1731335
-1726083
-1725495
-1712435
-1701760
-1699820
-1699367
-1696690
-1686834
-1682563
-1675519
-1672511
-1670817
-1666835
-1661988
-1659228
-1655971
-1649731
-1645876
-1645849
-1645453
-1644296
-1632377
-1631389
-1631235
-1618239
-1614237
-1607591
-1603503
-1600724
-1592241
-1583118
-1571624
-1570603
-1568424
-1564407
-1561987
-1556537
-1544384
-1542864
-1541396
-1528174
-1526749
-1519371
-1518876
-1518271
-1517749
-1516617
-1512054
-1507818
-1506060
-1505302
-1502277
-1498641
-1497228
-1493033
-1489373
-1488227
-1485976
-1471217
-1470193
-1469935
-1465700
-1460815
-1457264
-1456712
-1452879
-1442167
-1440338
-1438198
-1432656
-1429611
-1426272
-1421149
-1408836
-1407918
-1400038
-1397990
-1397593
-1391688
-1391049
-1390036
-1388231
-1386927
-1386153
-1383652
-1370203
-1366646
-1364234
-1362984
-1357426
-1354424
-1343942
-1334778
-1324238
-1309084
-1306862
-1304341
-1300050
-1287203
-1278500
-1278400
-1273954
-1270186
-1265511
-1262999
-1262235
-1259201
-1254255
-1253998
-1247167
-1246142
-1244937
-1242505
-1238674
-1236402
-1236035
-1234796
-1229694
-1219965
-1210803
-1208039
-1205703
-1200173
-1196281
-1191598
-1191364
-1184952
-1184337
-1178982
-1175645
-1174782
-1169746
-1165929
-1161274
-1158231
-1156525
-1154065
-1153596
-1146457
-1144233
-1142705
-1142096
-1125774
-1123962
-1122720
-1117311
-1116079
-1102633
-1099350
-1098545
-1087937
-1086992
-1083174
-1083028
-1079549
-1077368
-1075402
-1061350
-1057365
-1056134
-1052207
-1051765
-1051609
-1040187
-1039555
-1036716
-1035833
-1035783
-1034858
-1032517
-1019342
-1010346
-1005170
-1000562
-995530
-986416
-979132
-972881
-971829
-968870
-963167
-957241
-953951
-936064
-918722
-912287
-908916
-906592
-902502
-899343
-888936
-887864
-884170
-880373
-877655
-874570
-873236
-871051
-865651
-852926
-848776
-846257
-846060
-845773
-845698
-840134
-831643
-830126
-826835
-822988
-822671
-817522
-815224
-813686
-807434
-805402
-799232
-789682
-788025
-787250
-781089
-774414
-774200
-766593
-760889
-760690
-758888
-758087
-756910
-756230
-751638
-750597
-738409
-737921
-724456
-719828
-711361
-711236
-710927
-707910
-705823
-695833
-684754
-683499
-678305
-665134
-664112
-660407
-658712
-653155
-651815
-642953
-642430
-642047
-638013
-632183
-624774
-623975
-623429
-622500
-620367
-613564
-613328
-611203
-600463
-596172
-594584
-593984
-588105
-584493
-583929
-583633
-582421
-580631
-576985
-563724
-562627
-552363
-549027
-545688
-544665
-536440
-536058
-535098
-524204
-517715
-513915
-509543
-507763
-498793
-496582
-485768
-482782
-482607
-481652
-473909
-472120
-467877
-464148
-456941
-446932
-445019
-444434
-443365
-440849
-431304
-427166
-426960
-425778
-421225
-421193
-419384
-419313
-417681
-412143
-408215
-403922
-401973
-395919
-392706
-388240
-387245
-372180
-370469
-370078
-368745
-355616
-355612
-354294
-353601
-348919
-344305
-342936
-337089
-333448
-326213
-326023
-325042
-321878
-320068
-312957
-308299
-307385
-300246
-294863
-276576
-274765
-266512
-260707
-250348
-247918
-244009
-242529
-241030
-236942
-222071
-218907
-215175
-206875
-206067
-203896
-198305
-185586
-182234
-181859
-181117
-178551
-160145
-155421
-149956
-149372
-148845
-145041
-140312
-138761
-136172
-132877
-125454
-124975
-120458
-114054
-112801
-109226
-107732
-103623
-103342
-101189
-100111
-91972
-91940
-87980
-82365
-79218
-77744
-74761
-68861
-65521
-64212
-61849
-50106
-49410
-41868
-36958
-35294
-26235
-21174
-18935
-15169
-11004
-9208
-3735
-2209
41
5846
11694
15668
16129
16525
36408
41461
43054
43216
43993
48282
49241
51546
52736
57798
69957
72122
77125
77279
79795
85497
88169
90073
91420
94695
101188
102773
112458
112520
115831
116467
119217
119522
128619
136423
138135
139565
140758
143766
143833
147773
148286
148775
151610
153508
161803
163457
167987
169733
189178
189385
192703
196996
202365
205990
209522
211086
212077
212086
214771
217590
217856
220977
221854
227994
230787
245241
263129
266823
271443
271667
276741
279145
280696
281437
286479
293124
294148
311233
311849
317498
319586
324826
325725
329262
329519
330252
334578
335588
339960
343162
345224
347529
347867
349423
352990
357349
364680
375749
380752
381821
382329
383236
385914
386969
393291
395252
397956
401478
403763
403861
410273
418390
420366
423726
431015
432982
438199
439258
446293
450840
453193
457121
457280
457988
458190
458809
460341
466054
473624
479749
482597
484946
488203
489161
492404
497197
511469
513569
514292
517234
521730
534564
535250
537766
546978
557281
558071
573968
577472
578323
581541
588509
593866
595692
599668
602205
605672
608511
611644
614709
622623
630825
636873
637761
637991
638126
638863
643370
643750
648994
659336
672293
673647
676403
677474
688439
691166
692022
693155
696583
703154
704193
704735
710448
714726
723202
726416
730681
744690
747286
748581
752803
757608
765752
774779
775402
777197
778825
779226
780584
785818
787634
787987
790389
792960
802371
802413
808532
810811
816807
818880
819563
830642
832823
836365
838306
840951
843109
855781
856333
856426
865130
866424
867758
871661
875510
878881
880223
880279
899268
900969
901961
911933
926781
933622
939972
944819
945397
946190
948569
951855
957929
961939
963626
966944
974642
978644
978932
986967
987670
989720
990513
995017
997650
1003367
1008100
1011099
1012536
1014353
1014833
1019502
1022682
1023080
1025500
1025677
1026651
1041775
1047861
1049150
1049741
1052897
1054032
1055734
1056370
1064571
1070237
1084129
1084777
1086101
1086651
1086875
1088024
1091789
1095663
1095981
1096339
1096941
1097455
1097474
1106826
1119358
1122352
1127528
1130773
1139646
1145134
1145145
1147704
1148689
1150030
1150242
1157254
1158266
1158340
1169819
1172586
1174856
1175515
1177645
1184670
1185864
1185964
1187658
1190719
1192214
1194703
1196045
1209004
1212640
1213460
1216773
1232496
1234366
1234832
1236581
1243811
1260596
1270606
1270661
1283664
1292238
1294169
1310759
1313328
1314643
1319473
1322044
1323193
1330936
1340720
1344986
1345446
1354837
1359396
1359799
1362786
1363442
1363696
1364368
1372491
1378179
1378766
1388665
1402182
1412017
1412307
1412467
1414218
1414756
1418550
1419129
1419239
1421614
1422286
1424415
1425687
1435785
1436634
1437919
1450234
1452797
1454033
1465093
1467584
1468348
1470371
1473002
1474199
1476217
1483846
1484829
1484847
1492325
1493221
1493406
1499942
1505762
1508783
1508862
1511056
1517313
1517786
1517846
1524279
1529653
1536411
1542489
1548972
1551451
1553465
1553685
1564934
1564962
1570217
1572617
1577497
1584554
1597356
1599326
1601014
1601534
1601645
1607488
1609860
1615039
1615701
1616571
1619176
1632613
1633361
1633725
1638682
1645082
1654052
1655457
1663135
1665420
1665667
1667178
1668145
1671354
1684948
1689276
1691139
1691218
1695646
1698293
1700166
1710097
1726857
1729095
1729994
1731693
1733579
1734463
1749495
1760019
1768159
1773926
1774221
1775010
1779115
1779470
1781570
1783845
1784268
1784293
1792749
1805516
1806136
1810234
1819861
1820228
1824071
1824459
1827697
1829652
1830395
1839756
1841193
1842701
1843420
1843535
1849357
1851385
1872034
1872765
1873130
1873570
1875377
1877682
1877827
1878359
1883268
1884599
1887577
1888714
1893228
1894272
1899492
1900552
1915744
1916008
1917550
1923824
1936592
1936764
1940847
1944771
1949937
1953719
1957447
1959126
1960579
1961921
1965816
1967150
1967513
1970710
1971928
1980562
1981104
1981710
1982882
1983462
1987132
1995033
1997825
