-1982805
-1981793
-1977696
-1971760
-1958317
-1957650
-1951865
-1951613
-1943955
-1940756
-1938322
-1933940
-1919935
-1918220
-1913649
-1895480
-1891521
-1886322
-1879985
-1878887
-1855596
-1846669
-1841284
-1836123
-1831791
-1809704
-1808430
-1802810
-1801827
-1800315
-1798154
-1797582
-1796182
-1786415
-1783930
-1778927
-1777813
-1776458
-1775429
-1769057
-1766606
-1766360
-1762515
-1762405
-1761322
-1759886
-1757557
-1756960
-1756793
-1755930
-1743580
-1740980
-1734022
-1728988
-1727475
-1725008
-1712259
-1707843
-1701365
-1699274
-1697120
-1692832
-1691082
-1688753
-1685792
-1679928
-1678608
-1669686
-1669492
-1668765
-1667177
-1666318
-1665967
-1664693
-1661799
-1660623
-1649964
-1646394
-1643784
-1642598
-1634240
-1633742
-1631905
-1625506
-1619541
-1617948
-1614565
-1614355
-1612748
-1612590
-1605065
-1604947
-1599326
-1594721
-1594626
-1589810
-1582927
-1582672
-1580524
-1579293
-1571760
-1564788
-1562159
-1553497
-1552208
-1552038
-1545952
-1545031
-1544725
-1543430
-1542663
-1541861
-1540032
-1537304
-1537147
-1535792
-1534285
-1533406
-1532283
-1531097
-1530390
-1529262
-1527022
-1525076
-1523041
-1520411
-1513274
-1502880
-1499705
-1496274
-1491388
-1484967
-1472184
-1469823
-1465761
-1460922
-1459489
-1456420
-1435369
-1434767
-1433031
-1432283
-1425861
-1423672
-1417859
-1407617
-1405000
-1403804
-1401628
-1398659
-1387108
-1370836
-1370584
-1370316
-1370015
-1368994
-1367147
-1366933
-1366707
-1359084
-1358287
-1351451
-1350453
-1346078
-1345516
-1342583
-1334499
-1331397
-1326077
-1323782
-1321183
-1316128
-1313872
-1309067
-1307174
-1306450
-1297433
-1297130
-1295771
-1283103
-1281158
-1281117
-1281063
-1280214
-1269331
-1265917
-1259440
-1254909
-1253973
-1244842
-1244127
-1242499
-1240428
-1237000
-1236342
-1227284
-1217650
-1216146
-1208319
-1207632
-1205475
-1205397
-1202728
-1189706
-1184482
-1180518
-1171509
-1169950
-1167649
-1167091
-1165623
-1165413
-1165078
-1164027
-1162339
-1150039
-1149152
-1144082
-1132522
-1130295
-1128703
-1121106
-1120041
-1118836
-1117293
-1107295
-1096355
-1093690
-1092623
-1088292
-1086590
-1084871
-1083744
-1082650
-1073769
-1070978
-1065500
-1064053
-1059572
-1052238
-1039290
-1038668
-1035537
-1035266
-1034273
-1028237
-1026140
-1026002
-1025930
-1021142
-1019220
-1015292
-1007521
-998191
-995643
-995089
-993302
-992649
-991708
-987521
-985791
-978706
-976437
-974441
-969168
-968590
-968135
-963581
-962840
-952544
-942518
-936226
-931721
-923799
-907967
-897799
-896349
-894161
-893053
-891371
-885560
-881608
-877819
-875181
-870553
-867491
-864715
-849475
-847626
-836147
-827823
-823727
-821996
-820220
-798771
-798495
-796582
-793097
-787995
-785711
-778194
-775504
-775076
-765911
-758329
-754884
-751845
-751622
-743549
-742929
-738226
-731526
-727536
-718499
-717542
-711201
-706924
-699570
-698447
-684943
-684230
-675120
-666899
-659694
-657185
-649897
-639076
-638653
-638361
-635220
-632851
-616970
-610720
-607563
-599901
-597486
-595305
-592236
-584971
-582293
-581923
-574950
-572823
-572726
-570787
-561664
-554843
-549656
-547653
-545389
-539637
-539281
-537020
-534794
-533222
-531510
-524574
-512420
-509059
-498082
-495327
-486521
-480169
-479340
-475562
-472332
-465997
-464177
-462606
-461563
-459330
-459007
-452401
-450939
-450349
-441344
-440229
-426059
-422851
-421939
-421934
-415163
-411629
-407383
-394524
-391337
-388848
-388588
-382762
-371670
-370257
-367699
-365960
-362453
-352465
-352365
-350363
-349100
-339255
-330109
-322878
-315346
-309989
-305819
-291757
-287559
-285916
-277474
-276432
-272004
-271268
-267917
-266697
-252389
-251892
-247066
-245832
-243851
-237977
-235663
-232359
-227632
-225299
-220997
-219023
-218057
-215275
-209509
-209024
-204816
-196518
-189490
-177988
-177645
-172136
-165828
-164755
-164484
-163109
-161385
-160265
-156478
-154364
-154123
-149932
-145798
-139807
-131709
-127338
-123839
-117825
-100114
-99262
-91463
-91354
-90465
-86191
-85032
-84023
-83728
-77261
-72440
-71856
-65554
-65182
-64604
-60052
-57485
-57280
-44107
-39693
-32954
-29689
-23737
-21157
-17526
-16559
-13144
-12888
-10018
-8793
-7728
-1674
15513
21781
24928
29227
32276
37552
45923
51725
59969
61763
65149
67068
70508
74883
78672
85607
86345
91800
105817
107219
111842
115449
117229
124400
126220
132574
133856
134304
141709
149682
152156
156629
157844
162879
171068
177297
178486
193297
193395
195039
207122
207420
207582
208157
215974
220196
225964
239026
242447
247450
248129
266370
268725
281182
285657
285828
285910
287068
289265
296380
297236
300661
305828
306219
309543
314362
322576
323319
333477
335246
337631
349907
350526
353357
356170
363125
364542
365534
367677
368305
373989
374272
375141
377453
381725
382183
384230
386752
388097
392531
394803
395910
396420
401538
407708
413136
415167
416213
417666
418598
421775
437023
443811
444875
449725
461196
462783
469031
474904
476179
481608
484806
499101
502397
504841
506865
507616
508240
521906
524052
524258
525253
526257
528332
530105
535622
536553
537467
540293
543921
547387
548526
549035
551149
553076
563273
564934
577303
577462
581473
589741
593973
599178
606963
608007
609148
609587
614110
616560
616788
626536
626625
631685
632177
638839
641304
641668
647419
648204
648628
651721
658125
662681
663787
670522
681464
682236
682341
682373
687078
696179
696903
701019
710343
711063
713731
716523
720537
726553
727324
733786
734656
740527
741115
744856
745263
749862
757219
763663
765972
771125
777182
784855
788106
788119
795610
796199
798804
798966
803875
808488
819701
821125
824951
825127
829466
834885
836838
843073
849267
851363
851750
853640
857797
858016
858513
859253
860731
861036
863856
864178
869569
873204
875551
877286
882108
882290
882819
883048
891732
895703
898585
916665
922580
926514
946737
955215
959884
960228
966156
967784
969514
972566
973195
975034
982610
990079
996500
1000590
1000670
1006178
1011605
1012957
1015532
1018155
1020033
1022029
1022551
1022623
1026232
1027349
1031128
1032306
1033486
1035742
1037161
1048196
1052708
1055144
1061390
1068086
1072856
1074017
1074328
1079261
1081736
1083178
1086979
1090527
1094603
1095155
1095312
1109512
1109824
1109824
1113337
1116171
1124820
1127629
1127714
1129124
1130178
1143646
1149309
1154621
1155247
1156226
1159152
1159471
1187092
1192222
1196017
1196408
1197765
1200171
1213739
1213824
1215868
1218924
1220858
1222628
1224330
1227750
1228843
1232869
1232974
1236849
1237335
1238726
1239774
1243250
1248968
1252462
1256974
1258060
1259321
1260010
1272783
1276557
1279796
1283810
1287916
1290866
1291011
1293777
1297654
1297772
1300043
1309360
1312219
1313972
1319214
1324204
1326370
1328114
1330920
1332946
1336263
1340360
1343784
1346180
1347077
1353824
1359554
1367417
1370496
1372689
1374368
1376126
1376851
1380845
1382999
1389029
1389630
1394916
1396677
1401932
1402854
1407036
1410056
1411942
1420166
1420839
1438067
1469943
1471667
1480623
1481163
1481356
1487038
1487599
1490536
1493890
1499923
1500177
1503449
1504658
1504766
1506634
1509197
1511494
1511660
1514370
1518674
1518823
1520088
1525025
1526769
1530334
1531827
1535070
1539694
1545547
1546916
1548086
1562282
1562330
1565191
1573632
1585495
1601781
1605114
1610022
1610902
1617060
1621725
1628316
1631508
1632317
1633388
1636326
1639382
1642054
1654328
1658173
1659159
1662260
1664219
1668443
1676053
1684126
1686016
1687606
1688990
1690456
1716376
1718080
1723440
1726345
1727553
1728727
1741033
1741334
1741777
1753662
1753899
1755470
1756131
1758911
1759377
1760090
1762367
1764738
1768395
1769670
1772499
1777682
1778102
1778452
1778927
1779620
1780132
1781840
1784231
1788852
1791513
1793975
1794403
1794924
1798844
1800845
1803901
1811573
1811972
1813310
1815855
1819233
1825870
1833417
1838481
1839388
1841026
1850450
1851913
1857646
1868213
1874886
1876688
1880582
1885963
1891681
1899256
1903864
1905762
1906758
1906868
1907812
1911709
1916586
1918839
1927884
1941744
1942472
1947280
1948625
1957872
1959472
1960387
1971035
1974254
1974554
1979663
1980567
1992859
1993844
1995500
1995890
