-1978300
-1974362
-1971763
-1962665
-1960314
-1957673
-1956211
-1952127
-1949770
-1945645
-1945482
-1944905
-1928091
-1925761
-1923082
-1913559
-1912717
-1908405
-1905067
-1904691
-1902804
-1897320
-1895273
-1890880
-1889577
-1885783
-1882709
-1880973
-1869443
-1864840
-1853304
-1850208
-1846373
-1836825
-1832705
-1832477
-1831508
-1825555
-1819060
-1815201
-1814303
-1801954
-1800142
-1798844
-1795811
-1793762
-1783299
-1779654
-1771890
-1763392
-1761183
-1752031
-1750614
-1747692
-1743607
-1734120
-1726811
-1723988
-1711462
-1701832
-1699315
-1694795
-1691751
-1691077
-1688330
-1687099
-1674757
-1672749
-1663639
-1653710
-1650679
-1643269
-1641857
-1641444
-1641444
-1634546
-1627468
-1624131
-1623518
-1618990
-1617849
-1617394
-1614375
-1610434
-1606719
-1594237
-1593201
-1593123
-1592934
-1590056
-1587562
-1584442
-1582435
-1581918
-1576649
-1575874
-1575709
-1575590
-1571781
-1570167
-1563743
-1560015
-1557738
-1556819
-1555075
-1551134
-1544367
-1542751
-1540003
-1539244
-1537528
-1534386
-1533792
-1526052
-1520972
-1515261
-1513700
-1502960
-1502679
-1501524
-1495060
-1493848
-1491266
-1479198
-1473486
-1470255
-1462087
-1457312
-1454185
-1454143
-1448920
-1446213
-1443355
-1443245
-1443006
-1441608
-1440072
-1439685
-1436630
-1432333
-1431900
-1411386
-1411116
-1410203
-1404503
-1403565
-1390256
-1386497
-1381734
-1381478
-1373779
-1371587
-1367895
-1359918
-1343037
-1341642
-1338598
-1334410
-1330075
-1325986
-1324405
-1319741
-1317443
-1313908
-1305279
-1304492
-1298745
-1297091
-1290944
-1286691
-1283325
-1282364
-1279198
-1278759
-1274120
-1272751
-1268599
-1268504
-1262035
-1261388
-1257719
-1253722
-1252177
-1250306
-1241384
-1238565
-1231702
-1229563
-1226154
-1223438
-1222613
-1216862
-1202289
-1198609
-1195668
-1191520
-1190191
-1187462
-1183527
-1176478
-1175789
-1173563
-1165779
-1162625
-1156968
-1149176
-1148937
-1148671
-1138681
-1131286
-1129525
-1127876
-1126098
-1122329
-1117428
-1116838
-1115386
-1108518
-1107551
-1106375
-1105717
-1099966
-1098869
-1098545
-1096840
-1093047
-1092679
-1088234
-1086228
-1085329
-1077309
-1068300
-1062685
-1060085
-1059775
-1054136
-1052493
-1051895
-1049415
-1047933
-1045068
-1042396
-1036660
-1030459
-1025228
-1023416
-1017702
-1017142
-1010982
-1007017
-1001149
-999108
-994116
-990352
-987147
-980195
-973888
-973017
-967522
-961465
-949200
-948280
-947001
-945984
-944425
-929906
-922651
-919831
-914581
-911053
-909819
-906465
-903203
-902255
-901658
-898191
-893332
-886230
-884956
-884846
-881924
-879620
-874797
-859623
-854415
-854231
-851509
-846006
-831832
-829940
-827012
-819653
-816436
-813518
-805347
-804272
-794268
-789088
-787022
-784162
-782737
-780895
-780879
-780724
-772690
-766970
-753224
-749790
-742043
-736873
-735326
-722287
-717168
-716261
-709737
-693832
-688177
-687481
-686586
-681015
-678311
-678018
-677051
-670942
-670640
-667708
-663265
-654803
-654581
-647376
-640732
-631045
-630036
-625912
-625282
-624231
-624153
-622885
-619225
-618551
-618526
-611660
-610510
-608297
-603826
-603770
-602396
-597503
-586946
-586755
-585999
-579808
-572529
-560851
-548871
-548451
-531836
-530525
-524698
-522331
-520178
-517719
-517521
-508986
-506592
-504106
-499127
-498519
-494350
-492161
-491022
-487000
-481705
-476032
-470717
-468876
-466625
-463361
-462295
-456525
-454895
-449544
-434134
-432311
-431701
-430874
-426297
-423993
-420025
-419906
-416743
-414750
-413811
-401477
-397843
-396400
-393620
-389348
-377072
-374511
-366176
-364322
-361217
-361190
-356958
-355269
-345825
-321064
-320247
-320237
-305726
-302572
-297837
-296316
-295185
-286820
-281841
-274906
-272937
-270380
-270200
-270148
-265812
-263891
-262481
-245130
-243353
-233464
-232067
-230029
-229536
-227062
-224456
-220274
-220049
-217556
-214628
-213272
-212795
-206615
-203393
-194703
-194377
-194169
-182679
-182531
-180778
-178733
-178676
-177312
-171245
-170598
-160877
-158616
-157605
-154572
-151469
-147139
-146028
-144089
-141404
-136887
-126284
-125666
-121830
-120951
-115599
-113179
-110603
-102689
-101518
-86716
-86307
-84691
-76612
-74786
-70617
-63641
-61020
-59248
-46718
-44691
-43285
-42799
-39428
-4999
-171
417
2115
3987
7737
9294
14390
29826
33674
37481
40467
43241
47170
51248
52470
55420
58091
59719
65145
73198
73782
73788
77429
78939
79034
81525
84663
87000
93551
96834
100402
106508
110581
110753
113276
116823
120397
127395
129468
133791
136603
145028
147763
151595
151758
156213
160473
165333
168893
171254
171346
177418
177684
181647
184034
184814
186416
196584
201250
204936
208576
219844
221300
222844
226857
228714
230775
232989
238723
239452
247557
256376
262496
265415
266418
270748
271139
274607
277427
279308
280989
282569
287867
290981
291482
303928
305597
308110
308760
309182
316599
318877
324167
342042
349844
350481
352375
355902
360791
362959
368840
379766
380865
381652
388683
389321
392497
393784
402266
403162
409312
413408
414759
415808
420752
424284
433524
438055
445667
449277
455869
459147
466214
468841
472633
472784
477467
478714
480245
482281
484473
486221
487012
487892
497214
499889
501774
502499
507434
517336
520172
521635
522632
525065
530204
533344
538458
540006
542212
546728
547384
548061
549494
555545
559323
573328
575637
583117
587003
590624
590698
591977
604502
604581
606080
606109
606730
610456
611270
616623
619636
621668
626867
631029
634188
638150
642753
644200
646691
650303
654466
654478
656738
667650
669356
679849
680783
680787
687450
690887
697063
703820
712375
718261
720187
727684
731448
731557
735458
739045
740316
741118
743815
747845
753637
759534
767021
769329
769351
775889
778876
794331
794793
797078
802298
806358
818215
819446
823096
826935
827152
828699
829248
829727
830747
833853
835209
837088
840366
841588
842740
842953
845927
849395
855540
861376
865673
866488
869505
874399
875929
878518
879116
893559
895640
906659
908403
912510
912523
920891
922196
923813
930651
941804
943744
947584
951024
953807
958175
972237
978844
995403
995776
1001084
1003552
1003863
1004628
1008230
1009958
1010057
1010230
1010685
1012826
1013801
1015284
1033725
1033812
1036527
1041140
1042779
1042987
1049817
1057042
1063290
1064601
1064945
1069859
1071919
1074875
1076377
1079319
1083242
1084229
1090653
1091919
1094230
1095241
1098432
1098850
1102189
1106322
1116538
1119430
1122877
1127211
1130518
1130952
1135461
1141088
1150904
1153526
1159977
1162911
1167267
1172089
1176874
1179242
1184307
1189591
1201897
1203462
1208330
1208432
1212313
1213412
1214578
1216200
1217051
1217971
1225868
1227060
1234027
1235774
1244227
1245786
1256838
1265105
1265519
1272137
1274693
1276920
1277219
1285300
1286184
1287077
1289031
1290887
1294338
1300144
1301571
1315580
1317705
1322014
1334890
1337149
1337761
1341205
1345017
1345374
1353940
1355273
1355620
1358127
1367594
1391314
1394159
1394460
1394907
1396341
1398874
1399495
1401510
1408477
1408480
1409861
1410389
1410433
1416244
1417335
1431930
1451476
1454894
1460354
1462386
1465076
1471788
1478848
1479565
1481516
1482933
1490727
1491934
1492957
1494372
1495404
1499499
1503284
1503610
1511424
1512802
1515715
1516723
1519440
1522458
1525492
1525665
1530517
1535022
1535389
1535411
1550724
1557278
1558743
1567157
1576115
1576334
1588114
1591486
1596360
1598463
1599202
1604081
1626880
1635767
1640449
1642943
1643456
1647463
1647692
1650804
1651882
1663028
1666148
1667091
1672063
1682387
1682884
1684664
1688273
1697341
1698326
1703443
1706825
1720076
1736846
1739002
1742701
1752515
1754214
1758631
1759438
1764066
1770090
1779667
1782359
1784231
1804997
1805671
1807365
1812831
1813264
1813470
1816783
1817339
1830032
1830269
1830733
1841870
1844262
1844778
1846304
1847925
1849790
1853990
1855025
1856225
1857181
1862364
1871855
1872113
1872355
1874555
1876161
1876186
1881362
1891116
1895040
1895494
1898135
1903664
1910684
1921864
1922964
1927019
1929112
1940250
1941695
1959369
1960824
1967508
1969573
1969801
1970244
1976958
1977000
1984601
1985648
1987542
1991483
1991583
1991872
1992109
1995726
1998370
