-1992092
-1988137
-1979648
-1978895
-1978007
-1977938
-1976748
-1969708
-1963380
-1961539
-1960469
-1957305
-1954944
-1953150
-1952186
-1950660
-1946551
-1944721
-1943958
-1936993
-1925378
-1925109
-1916193
-1915170
-1914905
-1911068
-1910881
-1897324
-1895621
-1895619
-1887980
-1885684
-1880133
-1864715
-1853784
-1853173
-1846511
-1825460
-1823778
-1817440
-1816191
-1812381
-1809348
-1808455
-1807461
-1800648
-1796762
-1796650
-1794128
-1791775
-1790749
-1781389
-1779259
-1772214
-1767689
-1757187
-1755789
-1755137
-1747561
-1746436
-1742084
-1739562
-1729237
-1727323
-1723338
-1719190
-1713859
-1712950
-1708954
-1707569
-1707238
-1695517
-1695368
-1693247
-1662257
-1661869
-1651555
-1649224
-1648365
-1637411
-1635325
-1633376
-1631535
-1625648
-1618175
-1617624
-1617572
-1617156
-1614523
-1614508
-1607726
-1607390
-1605359
-1603437
-1601075
-1599006
-1597501
-1595799
-1592286
-1577937
-1575585
-1572905
-1570193
-1569753
-1566819
-1559792
-1559070
-1559032
-1547781
-1541833
-1539557
-1521296
-1519935
-1514042
-1513833
-1507328
-1494543
-1492464
-1490925
-1484091
-1483522
-1482465
-1482007
-1474779
-1460669
-1456830
-1441174
-1436059
-1433457
-1432831
-1420791
-1420697
-1418938
-1418550
-1417825
-1406392
-1405001
-1403808
-1393844
-1393651
-1387532
-1372620
-1371496
-1361218
-1359680
-1359168
-1357741
-1356599
-1352720
-1350982
-1344647
-1331844
-1328869
-1325140
-1323199
-1316105
-1314953
-1309869
-1309262
-1305931
-1301543
-1298802
-1294050
-1294002
-1290140
-1287417
-1272669
-1271356
-1268922
-1268002
-1267919
-1261057
-1259158
-1257198
-1256515
-1255805
-1246089
-1239016
-1235873
-1235324
-1234381
-1232332
-1229305
-1228690
-1223848
-1218042
-1217706
-1217352
-1201045
-1200159
-1200047
-1193244
-1192990
-1191995
-1189796
-1188040
-1171352
-1169916
-1167542
-1165564
-1161336
-1157158
-1146541
-1143234
-1141039
-1140934
-1140903
-1140394
-1138588
-1136595
-1127961
-1124575
-1123391
-1118241
-1116641
-1110419
-1099249
-1093585
-1091018
-1090440
-1089246
-1086241
-1082390
-1078322
-1075050
-1068404
-1068284
-1067166
-1063711
-1060268
-1044190
-1039312
-1034497
-1030612
-1029663
-1029006
-1027337
-1022333
-1012597
-1011191
-1009017
-1006916
-1005796
-1004815
-1000850
-999969
-988178
-980120
-978833
-978018
-976279
-965058
-962071
-961104
-955972
-944424
-944141
-936875
-930185
-929740
-929551
-926852
-925447
-921504
-921434
-916028
-914596
-909358
-907139
-906335
-905961
-893810
-889453
-883468
-882482
-880526
-878148
-873448
-872579
-867791
-867325
-865551
-863331
-857019
-846209
-844553
-835188
-830545
-828572
-826180
-820481
-811637
-809293
-804370
-803377
-800791
-798929
-793837
-792378
-790353
-788755
-774346
-772042
-770806
-763875
-763077
-762265
-751383
-740400
-731371
-730019
-729978
-728470
-727717
-725827
-723004
-719817
-717309
-714350
-709501
-705556
-703019
-700009
-699154
-698145
-696686
-693137
-673222
-672901
-671360
-670808
-656863
-645816
-638347
-630579
-629365
-624364
-620764
-614236
-611720
-608522
-607969
-597071
-594616
-594608
-590833
-590748
-584374
-578125
-569997
-569207
-565947
-564548
-564295
-559073
-558787
-557045
-555000
-553599
-545728
-538693
-532015
-525359
-522743
-508157
-504638
-502795
-500713
-498509
-497136
-495555
-493922
-492726
-482294
-478729
-475690
-473589
-454060
-453723
-452729
-450627
-446221
-442198
-431473
-431347
-425620
-417649
-413678
-412754
-407724
-406211
-406043
-403652
-400592
-392611
-385190
-381022
-379605
-369021
-366024
-365987
-364510
-360364
-356760
-353240
-342804
-339287
-338714
-337888
-327977
-325154
-323618
-322846
-322253
-321019
-317380
-315965
-302345
-295589
-293323
-293016
-292812
-291675
-283142
-282161
-282050
-268013
-267917
-265454
-262824
-260761
-240992
-235160
-226728
-225483
-219314
-213788
-204517
-202635
-198461
-197661
-197001
-196809
-194761
-191932
-188333
-182376
-176155
-171737
-168481
-165587
-157145
-156044
-150636
-149925
-148447
-147627
-142831
-136378
-133380
-128532
-123131
-121940
-116073
-109029
-105238
-98664
-97664
-95151
-81104
-77269
-71584
-70023
-68189
-59328
-55534
-53214
-48887
-46786
-46062
-39385
-39233
-29606
-20644
-19981
-16902
-9584
-7805
-5658
-4950
-3075
-3021
862
1334
1674
4807
10986
12723
20702
22761
23300
37764
39724
46762
47008
53151
56812
68646
69333
72081
76582
79837
82649
85526
86656
94931
96188
101437
102046
113460
114298
116089
116415
116909
122190
122445
124296
126984
134273
136550
141291
144163
146238
178526
187563
187822
189685
196235
198373
198395
205113
207861
210046
211085
213857
219826
223612
224609
227152
240388
241742
242217
246949
247099
252957
253928
257014
267523
271534
277293
282347
282364
286512
289178
289689
304070
307623
319397
320470
322182
322630
333010
343521
344567
347889
352364
363157
363967
365335
367079
368093
374094
380887
383879
383937
391510
395561
397557
405200
410549
416447
423516
424083
434315
437311
438945
447390
449858
451351
451741
454312
455852
457576
461391
465083
471348
476340
477654
478585
478740
480637
483193
485025
493610
503260
508061
510610
515612
519242
521200
529996
530936
532486
539233
541684
546835
552800
556295
560545
568625
569223
570473
570581
577117
579043
580360
584402
593859
597410
603028
608460
609934
610225
612503
622333
629335
634609
638395
638526
639351
640203
640478
645800
656629
668683
670911
671348
672379
672827
675139
678729
687761
687963
689148
697886
699391
703002
705611
712898
719101
719181
725661
729349
733451
734017
734226
734673
736564
741129
742582
743459
743788
749457
753448
754392
756268
760465
765162
765903
770035
776564
780757
782192
783235
785584
788224
791070
792256
795473
795843
797584
804106
804852
809970
811106
813469
813835
815085
818674
819927
820112
829592
829647
832655
851142
853519
856765
857800
861128
876721
881263
882431
883636
887889
891734
896269
901109
909722
917158
920899
922410
924111
929471
934990
935772
938801
942901
946481
946829
950989
951701
952814
954675
957954
959288
968922
973360
978791
986179
1005490
1012123
1015151
1015911
1016728
1018476
1027685
1036551
1036964
1038037
1043094
1052505
1056561
1063975
1068641
1068800
1072197
1073124
1075055
1075254
1077845
1084561
1099657
1110310
1116059
1129373
1138828
1148341
1156140
1159345
1161549
1162570
1162642
1172842
1173509
1180608
1181289
1190883
1191457
1196449
1197886
1204907
1206373
1207574
1210855
1212486
1216820
1226379
1233832
1237606
1238141
1239135
1243559
1251939
1253074
1262069
1262376
1274234
1280442
1281263
1281566
1291753
1292279
1304440
1308986
1311268
1312937
1314693
1318103
1321211
1322132
1324338
1326186
1327492
1330175
1334350
1341336
1342208
1343114
1344003
1348599
1352223
1354125
1355736
1358120
1364394
1374743
1374944
1375345
1378910
1379299
1384243
1386713
1387523
1395133
1395468
1397878
1407586
1410467
1420483
1423678
1423759
1426217
1431220
1431431
1432301
1432627
1437916
1448335
1451884
1453086
1465985
1466854
1468420
1477548
1479316
1480156
1481273
1481768
1483654
1487153
1488917
1496238
1496321
1499677
1502114
1503575
1504078
1510598
1515145
1515206
1517412
1522254
1524726
1531817
1533610
1537696
1538720
1538908
1544215
1548542
1555790
1557980
1558849
1570058
1572890
1574349
1577356
1580704
1580894
1584713
1588925
1602218
1602581
1603334
1616949
1623118
1624081
1626750
1631959
1658381
1660722
1665342
1690260
1695922
1696436
1702583
1703792
1707567
1709157
1709642
1710077
1714141
1715043
1716038
1726557
1736290
1736663
1737957
1739784
1745365
1745514
1747918
1749688
1749838
1754555
1754894
1756586
1761611
1765180
1772840
1773874
1777079
1779594
1782145
1784063
1787149
1790020
1790766
1799551
1800022
1811498
1812183
1814466
1816759
1817896
1822754
1828958
1833663
1835186
1838189
1854719
1860715
1873517
1883228
1884762
1888449
1890900
1893153
1898524
1910950
1917233
1917961
1920031
1920333
1922556
1925867
1930875
1936075
1938034
1938161
1949676
1950040
1950877
1952410
1954833
1959252
1959936
1961114
1963521
1964023
1967682
1968260
1970268
1970760
1977478
1981768
1989163
1991458
1993298
1993479
