-1996397
-1996194
-1988549
-1987881
-1984096
-1983542
-1977423
-1976885
-1963264
-1958079
-1954945
-1948705
-1947616
-1946101
-1940225
-1939773
-1933734
-1928370
-1918313
-1918257
-1915865
-1906351
-1905520
-1897225
-1892905
-1892249
-1888534
-1886909
-1880430
-1877125
-1873968
-1872219
-1871809
-1867452
-1865892
-1863265
-1861073
-1859588
-1856353
-1855625
-1853375
-1853212
-1850724
-1849303
-1845690
-1836721
-1835302
-1830705
-1830704
-1829513
-1822169
-1820627
-1816509
-1812124
-1809734
-1809577
-1804649
-1793266
-1791644
-1791353
-1785501
-1782008
-1775579
-1771241
-1768329
-1762609
-1756710
-1750443
-1727105
-1724040
-1721484
-1718651
-1716183
-1715152
-1714521
-1710331
-1706918
-1701479
-1700927
-1699144
-1694015
-1689801
-1689437
-1687673
-1684843
-1675824
-1668231
-1662973
-1659628
-1658089
-1654354
-1654116
-1651720
-1645902
-1645641
-1640624
-1638413
-1637144
-1631631
-1626532
-1625519
-1622992
-1614778
-1611284
-1610579
-1608264
-1605715
-1596714
-1592156
-1590298
-1588016
-1581806
-1578339
-1575732
-1572288
-1571373
-1569785
-1569053
-1561429
-1559641
-1558444
-1557045
-1551241
-1547756
-1537576
-1537340
-1536685
-1529748
-1525268
-1515098
-1514778
-1510222
-1508685
-1505711
-1502287
-1494068
-1492095
-1487837
-1486540
-1480569
-1479049
-1471320
-1467365
-1461057
-1460634
-1457832
-1454876
-1447938
-1447109
-1442841
-1432892
-1430564
-1430094
-1426966
-1421818
-1417811
-1417515
-1415050
-1410128
-1403363
-1399091
-1395935
-1394899
-1392889
-1392016
-1388792
-1388483
-1382936
-1378249
-1372385
-1369368
-1366977
-1365385
-1361489
-1351123
-1345243
-1342159
-1335588
-1330207
-1324014
-1323142
-1310801
-1309849
-1307605
-1303987
-1299611
-1299319
-1298538
-1295913
-1292762
-1292621
-1290607
-1287202
-1279787
-1265773
-1260668
-1251967
-1247800
-1242230
-1240622
-1224852
-1215671
-1208713
-1208429
-1208283
-1208098
-1203313
-1201042
-1199754
-1199329
-1187692
-1186789
-1185910
-1184561
-1184351
-1182908
-1179573
-1179556
-1175884
-1171817
-1170853
-1168401
-1167889
-1165942
-1162408
-1149466
-1146779
-1145418
-1144046
-1141901
-1141228
-1135872
-1132451
-1122477
-1121888
-1108698
-1107521
-1103898
-1096056
-1092782
-1089758
-1086904
-1085289
-1084033
-1076153
-1069183
-1065775
-1062284
-1060971
-1056678
-1053096
-1040431
-1035852
-1016450
-1005819
-995838
-995537
-984897
-978818
-970715
-960208
-955955
-955214
-946275
-944662
-941391
-928119
-924988
-924127
-923265
-916724
-914724
-904330
-903413
-902378
-885057
-884445
-883884
-877425
-873450
-869997
-867953
-867752
-866679
-859085
-859060
-852645
-848438
-845149
-843748
-841031
-830846
-828712
-826970
-812266
-808939
-800187
-797201
-783803
-772987
-771498
-767767
-756829
-754599
-753279
-750717
-748894
-728313
-725067
-715622
-705398
-702819
-694066
-693466
-685756
-681461
-679292
-678575
-674291
-662049
-658529
-655905
-651047
-649103
-638420
-638200
-630483
-627683
-627518
-622372
-615868
-609719
-608597
-592145
-590567
-586622
-579896
-579235
-570802
-570378
-566122
-565427
-562854
-561709
-554061
-532965
-529825
-513439
-512395
-511190
-509569
-509135
-507558
-495433
-492442
-490626
-489626
-485065
-484372
-480744
-479525
-479201
-477136
-476744
-476112
-472996
-472643
-466364
-453540
-450394
-446555
-444987
-437297
-428908
-428444
-426792
-426249
-423784
-423083
-422543
-395823
-395702
-388219
-381071
-372488
-365554
-364116
-364024
-361664
-359319
-353257
-346592
-344599
-342007
-339629
-336430
-336289
-325286
-313897
-312734
-310852
-309757
-304430
-297950
-290135
-288623
-283693
-277292
-273039
-269542
-268439
-268102
-266389
-264901
-261441
-259640
-257877
-256794
-255340
-250668
-246286
-243296
-242438
-242040
-229706
-228950
-226575
-225397
-218913
-218521
-218375
-214348
-212162
-209575
-204374
-200956
-198748
-194136
-191334
-191024
-186806
-186619
-185542
-183688
-182729
-173110
-166826
-164413
-163635
-162377
-160476
-160405
-153068
-152981
-137924
-135498
-125725
-122297
-121589
-119187
-118184
-117919
-115519
-103237
-102461
-99095
-91905
-87415
-81853
-77864
-72976
-69836
-67013
-60810
-52360
-50626
-48791
-48511
-38127
-34055
-25878
-25613
-19613
-19331
-18284
-9860
-8319
-7502
-592
3180
3521
4193
5670
20514
28262
33905
40863
42361
43418
45607
54369
58513
65627
67886
68502
70579
76140
82463
83492
84138
88948
89805
91754
95107
96566
99510
105583
106756
106877
107968
113101
113630
114039
122705
124721
127069
127804
130322
135606
140044
141987
155196
157997
159700
168213
168250
181095
182797
183233
183988
185674
196614
203535
207244
210750
212864
226190
238479
238703
245100
245886
246578
261381
265201
270507
273976
275612
276453
282406
286250
289655
293705
294193
296060
297551
297731
301630
304495
312093
321019
321503
328598
330598
331222
340190
342771
345956
346091
347411
356232
356572
357598
360065
362956
362959
372730
374745
379310
382145
383491
386114
387035
391772
398429
399354
402811
403237
414572
420508
426670
428508
436708
440915
444389
447874
456237
462299
463167
463883
465103
471090
475656
475747
478728
479308
479536
482080
484452
489003
490555
492119
495470
501915
504694
505058
513232
519145
531397
532359
538308
543847
559979
565923
574300
577692
581699
593832
598576
602240
618909
620062
625941
628020
628280
634159
641428
642935
647938
649602
651248
652720
653076
653651
658419
660930
667712
672237
675789
680465
681511
682781
686041
687926
691006
696831
708492
709282
710024
719715
721610
723178
729183
731454
733683
737344
742826
744444
749415
749983
752118
756065
757990
763573
764974
770483
772752
773701
774938
777077
799576
803616
807681
808463
809035
809504
811953
812796
813198
821909
822344
823710
827218
833253
834172
834795
836348
845080
845276
845660
846342
847574
851088
852163
855427
862402
864567
869028
873327
876041
878555
880073
881955
887236
890263
890572
890922
898152
915337
915655
915797
916677
918313
918987
927874
936464
937034
941250
946134
948839
957305
961698
965394
970852
971555
972328
973791
979429
981813
982807
987452
988191
989121
993603
998470
1001219
1014056
1014681
1017996
1018155
1020729
1033710
1037694
1041568
1049104
1054342
1054870
1056701
1059183
1060318
1066808
1066871
1070293
1072373
1078216
1081812
1088122
1093439
1096906
1101408
1105994
1106387
1114109
1119170
1119656
1122676
1124309
1124554
1126502
1129156
1129389
1131732
1133002
1135470
1135510
1137181
1152342
1153395
1157232
1158374
1162728
1163063
1163372
1169044
1173117
1192740
1194613
1195176
1217518
1225725
1227743
1236490
1237105
1244284
1250588
1251307
1253044
1254580
1257457
1261113
1272181
1273406
1282168
1282259
1286073
1287709
1288781
1291121
1293880
1293956
1296319
1299697
1299731
1302191
1306867
1307401
1310169
1313650
1314534
1341963
1342346
1343299
1350628
1350787
1352238
1356283
1359126
1363137
1367808
1376249
1381840
1382412
1383065
1387845
1388694
1393497
1398938
1399688
1401492
1405781
1407010
1416398
1422504
1426727
1433772
1434699
1434852
1440901
1446047
1449744
1453370
1453754
1455438
1455721
1459226
1460140
1467789
1468044
1476080
1478730
1480517
1482531
1484611
1484850
1488101
1495436
1496933
1504984
1506598
1511661
1512343
1525258
1531532
1534356
1539715
1541634
1541743
1545775
1552240
1555836
1560520
1560579
1561714
1562992
1567646
1576189
1584798
1585352
1587962
1593269
1594475
1599143
1600631
1602781
1605582
1612853
1617336
1620161
1621792
1628350
1628833
1629872
1632078
1632445
1632501
1634485
1638842
1642323
1648847
1655841
1662133
1665572
1666518
1676550
1677124
1681279
1683807
1684221
1685719
1699356
1699431
1707536
1715025
1718565
1719440
1723851
1732367
1739277
1741632
1743404
1743703
1744918
1755940
1759640
1769093
1776624
1779060
1791686
1795842
1802737
1807252
1808805
1813425
1819479
1819610
1827302
1834299
1848980
1850302
1856989
1862250
1864248
1864572
1866914
1874300
1881878
1884207
1890502
1897027
1906722
1907439
1909117
1909698
1911854
1913022
1922698
1924393
1928253
1931101
1939605
1960605
1961238
1965759
1968453
1968735
1978445
1983070
1983442
1984876
1994613
1995997
