-1999211
-1998108
-1997465
-1996233
-1995654
-1987824
-1981933
-1980997
-1979191
-1966313
-1965697
-1955245
-1955189
-1946774
-1945036
-1943623
-1940985
-1935656
-1934639
-1932961
-1925052
-1920581
-1919223
-1917766
-1916197
-1914504
-1911929
-1908110
-1902749
-1897375
-1892804
-1888002
-1886435
-1883794
-1879125
-1870870
-1866473
-1863433
-1842197
-1840956
-1839768
-1839233
-1838186
-1836951
-1836040
-1835794
-1835209
-1833438
-1831797
-1831148
-1819839
-1819185
-1818864
-1805205
-1797394
-1796912
-1789591
-1789323
-1788387
-1785052
-1784529
-1780752
-1776702
-1771997
-1770724
-1766050
-1765683
-1764948
-1764391
-1756906
-1733401
-1731787
-1729991
-1722120
-1707401
-1707208
-1704799
-1703410
-1700317
-1698278
-1697842
-1696837
-1695073
-1694471
-1682077
-1677516
-1674830
-1673807
-1672405
-1668707
-1668024
-1661178
-1640044
-1637902
-1630675
-1630287
-1627831
-1625794
-1624983
-1624072
-1608657
-1607274
-1606178
-1595448
-1593667
-1591927
-1590529
-1589826
-1588008
-1586039
-1578288
-1577067
-1561697
-1558907
-1552469
-1547709
-1544917
-1541576
-1538445
-1522930
-1514381
-1511286
-1508167
-1507738
-1505403
-1505255
-1488366
-1484475
-1483322
-1482893
-1462870
-1452583
-1449977
-1442614
-1441194
-1432240
-1431509
-1430131
-1428428
-1427397
-1417412
-1417255
-1413819
-1409859
-1407782
-1390729
-1387086
-1386933
-1386565
-1378764
-1372536
-1363551
-1360488
-1360359
-1360003
-1356156
-1354714
-1352811
-1349282
-1336768
-1331018
-1325753
-1324839
-1322276
-1319386
-1319155
-1314049
-1310931
-1309398
-1298319
-1296014
-1294993
-1293577
-1287352
-1271062
-1253812
-1249934
-1249171
-1243906
-1243558
-1238650
-1225331
-1217926
-1214387
-1212881
-1209784
-1209669
-1208391
-1203869
-1201362
-1192785
-1179758
-1164287
-1163349
-1162875
-1161533
-1160480
-1160314
-1160028
-1156084
-1150246
-1144439
-1140980
-1137400
-1116862
-1115244
-1101003
-1088563
-1083770
-1080890
-1078140
-1075405
-1075082
-1073782
-1069352
-1066805
-1059341
-1058533
-1051973
-1044055
-1042208
-1035806
-1034035
-1032280
-1029437
-1028362
-1026378
-1025393
-1024124
-1009648
-1002867
-1001419
-997472
-986651
-986619
-982002
-981938
-979975
-970725
-965132
-961466
-961409
-958469
-953918
-950869
-947506
-940004
-929267
-923291
-922728
-918434
-907571
-904475
-893615
-885930
-884334
-883154
-880482
-879289
-877607
-872171
-864710
-859655
-850581
-845856
-845621
-844615
-843523
-842574
-842466
-841406
-840497
-840089
-835225
-832129
-831022
-826076
-821310
-820959
-805065
-803681
-798300
-793106
-790614
-787078
-781395
-775022
-766051
-759191
-755627
-754265
-751591
-751537
-748807
-748100
-746950
-738340
-738264
-737048
-735025
-733758
-732903
-724438
-711241
-709323
-707709
-706722
-704512
-700579
-697439
-693692
-693646
-690650
-690459
-683086
-674507
-671408
-668272
-662876
-657699
-648124
-642858
-626764
-626467
-626382
-621390
-620041
-617223
-614903
-612596
-599684
-596318
-595826
-594806
-594554
-589158
-585859
-584136
-581998
-577903
-574500
-573447
-571492
-567979
-565333
-565111
-564504
-563892
-551513
-550132
-549314
-543470
-541406
-540586
-540098
-539952
-539275
-539126
-533080
-532772
-527117
-519190
-518763
-514427
-514228
-512111
-510291
-508795
-503223
-494771
-494166
-493041
-490507
-482054
-480315
-473394
-466731
-460112
-449833
-444722
-443725
-442146
-441047
-433672
-422846
-422223
-410192
-408613
-407723
-404882
-400428
-396671
-392947
-385827
-384315
-372912
-366392
-354067
-347726
-341981
-340124
-336193
-331002
-320432
-317840
-302331
-300422
-281436
-281412
-272063
-271822
-270485
-265352
-261310
-261073
-251312
-251243
-248369
-228684
-223481
-221771
-219291
-217237
-208725
-206933
-193732
-186476
-186322
-184259
-183039
-182877
-181344
-180008
-178371
-177820
-177195
-169437
-168518
-165183
-156276
-152103
-150893
-149578
-147066
-146844
-141956
-137493
-135219
-134543
-127689
-127452
-127279
-112802
-106215
-98471
-94453
-85747
-74838
-74272
-73682
-73488
-68410
-67675
-56142
-50882
-46085
-37000
-32632
-31062
-30967
-23737
-23229
-22068
-19854
-15630
-15254
-9488
-8648
-8199
-2111
13721
32582
33823
38047
41844
47717
49308
54082
61940
63985
65573
66542
74249
78094
81091
83151
97686
98809
99144
111465
112524
113819
114814
118934
128940
131095
131762
132704
135024
137617
143744
151267
156083
158813
160095
161066
161304
166051
167159
175933
177272
182073
189603
203268
204384
208952
219881
220366
222576
222785
225591
230881
232560
235039
244639
246300
253729
264163
268568
271053
273094
275542
275625
280674
282231
286548
287344
290747
294116
301052
307951
310380
311277
313460
313833
319310
324849
327100
333269
338796
339542
343784
344642
346450
347091
349212
356603
358318
365808
365904
368379
382806
396010
399689
401777
404279
414186
419251
422857
430579
432473
434592
435779
440641
458543
460708
463795
469873
470806
479072
481627
482631
486327
492363
495202
495555
495585
502181
504878
506650
510544
511376
516907
520195
525012
527890
533209
535251
538724
540155
545242
551155
551885
554743
556789
561592
562256
569681
572225
574499
577036
579388
581484
581522
582094
582746
582821
582834
591798
593875
593898
607818
608129
609108
615491
617589
617869
621428
628937
632609
635675
637208
640243
652843
654801
661018
663846
664534
669618
670200
681048
689787
705808
707670
709942
715905
716627
718876
723757
731873
739302
741962
747814
747826
749778
750740
761859
767001
768468
768657
778628
779427
781733
782374
786305
789215
789266
790293
792867
796271
797514
797865
801116
801126
803756
804808
805872
810620
810726
811447
815262
820295
828675
830863
831012
841050
855319
855704
856867
856876
858179
878677
880849
882062
885115
885593
885695
889777
892665
893418
895978
899356
903393
907045
909079
909579
914465
919575
920183
924686
928549
929975
930307
930441
940085
957121
965112
973942
976047
976676
979669
980079
982638
987806
989577
991946
992386
1004410
1014226
1014317
1017853
1023575
1038075
1041198
1042326
1047801
1048766
1059250
1059630
1061265
1071909
1074356
1076766
1078411
1080357
1081125
1082924
1085627
1088886
1091434
1092636
1102339
1103562
1103750
1105957
1106282
1109163
1114831
1120936
1136285
1139775
1139893
1144882
1145603
1148485
1149979
1155187
1161480
1162723
1163236
1163856
1165393
1165946
1169353
1169722
1177981
1183022
1184480
1200936
1204891
1210314
1214324
1216242
1221539
1222347
1230556
1234479
1240796
1249244
1250526
1263292
1264160
1265004
1277296
1283662
1284923
1288438
1290338
1291764
1296245
1298912
1306001
1314471
1318081
1318358
1318580
1323441
1324923
1327791
1345097
1348574
1348723
1348930
1350953
1351106
1355972
1362106
1362963
1369119
1373644
1379344
1390067
1391504
1392852
1403054
1403309
1403662
1409873
1413150
1413299
1419521
1421603
1426214
1428831
1431864
1434198
1441195
1447698
1450996
1455050
1466258
1471014
1472291
1472319
1478061
1478551
1485196
1488688
1497720
1499847
1505238
1508168
1510031
1513039
1520861
1526881
1527152
1528164
1528752
1534524
1535487
1543984
1544986
1545169
1545373
1550588
1553948
1556902
1566698
1569466
1572736
1574064
1574844
1575265
1580300
1584612
1584712
1587820
1590059
1593096
1596194
1597519
1597635
1597717
1599506
1607170
1607802
1608082
1610034
1614486
1615032
1620917
1625031
1627259
1629932
1647756
1653022
1655427
1660582
1665822
1666831
1670048
1671258
1671559
1673898
1675444
1678751
1678963
1685816
1686561
1690815
1699228
1700096
1704435
1716157
1722214
1729557
1743663
1747886
1750145
1754585
1756833
1758782
1764854
1767558
1771664
1774577
1779452
1779504
1781231
1786049
1789786
1791608
1805114
1806315
1807707
1807901
1808578
1809268
1814332
1817629
1820266
1825231
1826327
1829262
1830120
1830598
1832442
1834122
1838583
1855053
1859264
1860574
1861711
1863080
1876623
1876844
1880500
1882485
1882866
1890394
1891806
1892563
1896680
1902087
1906772
1908595
1921437
1932115
1932420
1936189
1943153
1944105
1947385
1950584
1952418
1954603
1954760
1956589
1958637
1962353
1966210
1973167
1976758
1977746
1978217
1980566
1982904
1989194
1997721
