-1994762
-1982356
-1981654
-1978671
-1976430
-1975518
-1970569
-1959648
-1945181
-1938794
-1932583
-1925095
-1918017
-1913743
-1911775
-1911619
-1906156
-1902680
-1897517
-1894448
-1893892
-1889535
-1871645
-1870480
-1857900
-1847867
-1843485
-1840886
-1840671
-1839078
-1838821
-1838358
-1837758
-1833656
-1827476
-1820314
-1817878
-1801896
-1799247
-1781630
-1780048
-1776394
-1771768
-1771117
-1770614
-1769638
-1764682
-1744880
-1744520
-1743455
-1739012
-1738691
-1737528
-1734568
-1734396
-1733152
-1726784
-1722555
-1714954
-1711864
-1695258
-1693320
-1692583
-1689998
-1688060
-1683304
-1682792
-1675994
-1668861
-1667383
-1663565
-1663185
-1657447
-1655296
-1654407
-1627896
-1625287
-1615520
-1612082
-1604297
-1599504
-1598698
-1595589
-1591805
-1589779
-1589373
-1586608
-1583568
-1570570
-1568363
-1567227
-1564446
-1563091
-1559369
-1552466
-1544655
-1544020
-1543697
-1542862
-1536688
-1523715
-1518761
-1517302
-1508724
-1503304
-1498947
-1497577
-1494116
-1485974
-1476487
-1473422
-1472913
-1470287
-1470243
-1469453
-1455437
-1453012
-1444863
-1439564
-1438012
-1435645
-1435440
-1433544
-1426833
-1423470
-1423318
-1422990
-1414944
-1414693
-1405959
-1389335
-1385759
-1385409
-1381657
-1376889
-1374384
-1372374
-1370610
-1370105
-1366308
-1359272
-1358898
-1356748
-1347489
-1347110
-1342254
-1340787
-1337367
-1335772
-1334692
-1332307
-1330508
-1326529
-1319991
-1316504
-1307932
-1306968
-1306323
-1291896
-1288528
-1287546
-1286380
-1277502
-1271507
-1266884
-1265895
-1263714
-1254646
-1245063
-1240039
-1232613
-1231170
-1223560
-1216276
-1215359
-1210839
-1208174
-1203759
-1189594
-1171900
-1170600
-1169500
-1169345
-1165637
-1156809
-1155105
-1152644
-1151100
-1149186
-1145392
-1145109
-1140709
-1138959
-1137221
-1133048
-1129450
-1128503
-1128015
-1125454
-1122989
-1116382
-1106399
-1103021
-1101646
-1095446
-1093185
-1092156
-1086396
-1074252
-1073978
-1068052
-1062359
-1060349
-1057524
-1044332
-1042705
-1040506
-1037218
-1032374
-1022714
-1020421
-1005276
-1003375
-1002863
-1002395
-1002368
-999797
-992397
-989184
-987449
-974101
-968998
-968389
-964657
-959393
-955447
-950326
-943521
-940781
-927617
-924506
-922879
-921767
-916724
-915588
-915392
-912143
-909366
-898247
-890999
-881577
-876475
-874418
-866294
-865523
-857064
-853259
-848477
-845448
-838172
-837157
-832109
-828503
-827752
-821905
-819038
-817434
-816983
-811694
-811580
-810422
-803906
-802951
-799280
-793705
-788443
-780952
-779108
-778591
-775658
-774486
-772719
-771006
-770755
-770198
-766014
-757718
-756772
-754872
-752774
-750610
-743221
-742667
-735331
-732280
-725030
-721071
-720008
-716992
-715670
-704425
-700189
-699103
-686074
-671886
-670242
-669671
-669056
-663695
-655001
-654721
-652467
-648787
-646449
-645914
-644596
-643386
-643007
-634829
-632755
-627401
-626248
-614545
-609741
-608607
-596809
-594775
-592031
-589210
-584366
-574165
-572548
-567543
-563985
-562920
-555045
-551150
-549328
-544147
-531863
-528487
-520574
-519964
-510502
-508739
-507285
-497724
-492639
-491598
-488670
-484538
-481958
-480667
-472205
-471953
-466954
-463476
-462279
-462262
-458156
-454440
-450827
-439797
-438096
-432989
-429975
-428931
-424886
-424347
-423419
-416997
-409385
-403403
-393169
-392178
-385330
-383821
-383205
-382684
-377540
-369012
-364577
-364506
-363302
-355147
-354860
-350867
-341952
-337502
-335771
-333883
-332726
-319248
-316652
-312958
-310175
-309027
-297620
-287497
-286243
-280132
-277545
-276494
-275615
-274329
-272381
-271914
-266118
-249396
-247008
-246290
-243177
-235065
-231986
-228030
-227103
-227049
-226408
-224501
-223146
-221713
-220086
-205161
-204084
-192142
-187968
-187667
-186402
-177632
-173402
-168424
-165809
-164476
-163955
-158336
-156646
-150207
-147376
-143280
-140577
-140259
-133352
-128667
-116287
-112228
-111451
-109687
-109136
-99083
-96977
-94150
-91778
-88076
-84052
-83817
-75806
-73737
-71506
-68939
-63408
-58082
-49778
-47556
-46668
-46270
-46237
-43060
-42312
-38513
-35911
-20923
-16926
-14760
-10447
-9912
-8906
1398
1501
3433
13620
22699
35796
47627
52495
54072
54278
56677
58543
59310
59833
69937
71143
73679
78172
79454
80801
85903
87748
88648
91965
92823
101282
102553
103967
108236
108266
111101
113833
122130
135828
138183
149313
155981
157739
163634
168888
169909
169985
176422
176877
180004
182160
183920
185003
190101
192773
192873
194257
196823
197588
198131
199432
203643
208769
212004
214412
220743
226217
228251
228881
231553
232168
244500
249794
252190
260125
261555
262133
264277
278763
279652
284097
287948
290023
294656
300727
301983
303129
305104
309162
314051
322476
322754
323121
324583
338136
346599
348567
353317
360066
363473
367001
368325
368917
369564
372656
376095
376118
377238
381917
384210
384860
385250
387661
396532
406411
409508
410735
413795
415676
418931
420425
422034
426282
428886
436500
438644
441450
441456
442657
445970
450175
453501
460109
460681
461495
464267
466524
469169
472679
483743
500583
500891
504892
505597
506563
511570
516084
519250
531739
531886
540359
551827
552440
555194
555998
560683
560904
562177
567993
573478
575330
579652
586809
588126
595035
595219
603837
604280
609447
612536
614270
615143
624150
631798
639457
640337
650007
654626
660109
662798
665026
667229
670954
676300
676478
676821
687782
687812
688165
693366
698553
699535
701602
711262
714580
733643
738223
742901
760387
761812
771997
777403
778068
779199
780671
781367
781804
782928
784811
784819
785189
785502
792618
792942
795247
796005
796692
797378
798950
809434
812318
823986
835289
835344
842955
844660
850850
852442
863819
864822
864887
866838
867772
873212
879458
888553
895906
902713
902815
906494
912086
914311
914910
918940
923055
923824
930033
946425
948409
949309
950740
952212
960379
965236
968225
984038
987171
1005356
1012249
1021207
1022799
1025577
1027222
1028049
1032372
1032789
1037786
1053942
1058735
1082438
1084783
1085413
1086518
1088743
1093172
1093795
1096418
1097748
1099117
1099133
1099577
1102372
1105509
1113728
1113756
1126805
1127536
1134901
1139287
1141035
1145300
1152512
1161807
1165115
1172414
1191284
1192064
1197337
1198720
1210535
1219072
1227930
1228742
1232932
1239016
1241019
1242575
1243295
1245982
1246328
1253540
1259706
1264189
1265758
1272200
1273970
1275648
1281160
1291369
1295671
1297428
1297805
1304948
1305038
1305057
1310922
1314310
1314805
1317801
1325919
1331035
1333292
1334658
1339469
1352896
1358585
1359775
1360415
1361172
1361747
1375422
1378298
1379269
1380461
1380844
1384103
1385155
1389641
1392352
1400086
1406983
1419692
1419852
1424923
1426829
1427602
1433250
1435241
1435453
1437561
1438154
1444607
1446301
1447477
1447870
1449249
1450808
1454249
1455393
1457612
1457969
1458997
1459674
1463874
1467666
1468397
1468843
1469787
1469998
1478894
1482936
1487643
1500137
1504661
1506737
1508388
1508707
1511552
1515939
1520339
1522134
1522176
1528193
1532433
1532449
1547199
1551628
1555596
1558100
1561404
1564780
1573118
1574215
1580791
1585791
1591515
1591671
1592251
1592292
1597398
1600521
1604281
1609414
1609465
1612472
1612780
1614081
1621962
1626133
1627151
1627630
1631963
1639569
1647416
1647596
1649108
1655031
1655035
1660972
1661053
1662993
1668154
1668551
1681360
1684805
1689742
1690357
1692058
1694056
1694258
1705361
1707660
1713419
1713901
1714378
1714654
1723728
1734186
1736570
1739784
1743471
1744851
1746202
1750541
1758963
1763825
1772800
1773053
1782780
1786909
1796696
1798767
1799592
1801281
1803694
1803705
1805238
1806529
1807546
1809986
1814831
1817099
1817217
1818226
1822279
1822769
1825334
1826626
1827236
1840089
1843616
1845676
1845824
1846005
1846901
1851472
1854660
1859834
1860405
1864098
1868574
1869637
1880924
1885960
1888449
1889941
1895498
1900840
1910144
1911499
1912127
1914071
1915476
1916266
1920366
1935495
1939404
1940432
1943040
1944749
1946436
1947846
1952599
1961190
1962414
1962520
1965626
1965993
1967289
1967479
1968617
1969051
1972434
1976103
1979262
1986406
1991013
1995137
1999659
