-1995435
-1988018
-1987133
-1979449
-1965881
-1960305
-1957669
-1956829
-1954333
-1950517
-1950360
-1945054
-1942758
-1941040
-1939109
-1934593
-1932000
-1930951
-1927413
-1919802
-1915636
-1915478
-1914684
-1913026
-1909472
-1900079
-1900073
-1892978
-1888700
-1887266
-1879577
-1877757
-1876044
-1874985
-1869152
-1866528
-1860013
-1854659
-1850458
-1850192
-1847020
-1846717
-1845507
-1838872
-1826478
-1824365
-1823189
-1822704
-1812644
-1811439
-1808581
-1802039
-1792197
-1790389
-1786909
-1776771
-1774807
-1774032
-1770921
-1770561
-1768787
-1767259
-1765782
-1762916
-1757716
-1757436
-1753740
-1749193
-1733442
-1729275
-1724949
-1724128
-1720360
-1711333
-1702600
-1701158
-1695712
-1692521
-1691463
-1688224
-1685974
-1681756
-1680036
-1678907
-1677674
-1674960
-1669599
-1662641
-1656896
-1653140
-1651582
-1651066
-1650954
-1644110
-1621771
-1618632
-1618457
-1615152
-1612857
-1610504
-1601019
-1586648
-1579553
-1573334
-1569759
-1567034
-1566181
-1563460
-1561872
-1555243
-1546395
-1541257
-1541100
-1528532
-1524487
-1520108
-1519232
-1516522
-1514974
-1508254
-1501577
-1491778
-1486078
-1483211
-1482278
-1478478
-1478104
-1475669
-1473875
-1473378
-1472355
-1471817
-1471702
-1471404
-1464509
-1460550
-1458466
-1457980
-1451289
-1445894
-1438201
-1437662
-1432762
-1431826
-1431448
-1425531
-1424163
-1415567
-1403615
-1402360
-1393793
-1387605
-1385917
-1380971
-1380718
-1375829
-1371803
-1361119
-1355714
-1350121
-1346494
-1340845
-1328760
-1327146
-1324708
-1324600
-1324296
-1322664
-1320420
-1319720
-1312825
-1311794
-1310310
-1299592
-1298612
-1296364
-1290973
-1290529
-1286808
-1281967
-1269838
-1268977
-1261581
-1261097
-1258815
-1255412
-1248246
-1246748
-1246531
-1245536
-1243894
-1241479
-1227431
-1222895
-1216568
-1208220
-1204366
-1203060
-1201662
-1199684
-1197350
-1194117
-1189372
-1187035
-1185407
-1184445
-1184200
-1182361
-1181223
-1180495
-1175143
-1174533
-1173631
-1173431
-1171104
-1169300
-1168594
-1166688
-1163709
-1163479
-1158106
-1152597
-1151334
-1144656
-1142653
-1131952
-1130298
-1123288
-1120215
-1110401
-1110214
-1096123
-1095456
-1094653
-1093270
-1089093
-1088622
-1082341
-1078493
-1078141
-1076681
-1066742
-1055251
-1052005
-1050000
-1049250
-1046257
-1043940
-1043883
-1041149
-1040338
-1038828
-1038122
-1037097
-1035889
-1035135
-1032652
-1031734
-1022395
-1021252
-1018895
-1017091
-1015193
-1012097
-1011504
-1008704
-1007367
-1007185
-1004914
-1002002
-997627
-992429
-973759
-967686
-963364
-960757
-957447
-957101
-954641
-952388
-951738
-941942
-936447
-933894
-933014
-932617
-929233
-928193
-925645
-924228
-923125
-923091
-921675
-914483
-913867
-910509
-906575
-894419
-889640
-888792
-878186
-877685
-869810
-859497
-857732
-853841
-847885
-846634
-845102
-843176
-830345
-823962
-816890
-813405
-809871
-809213
-801757
-798303
-794613
-778023
-776779
-774433
-767699
-752464
-751086
-745742
-725134
-722610
-706548
-705496
-700311
-696962
-695110
-685145
-682297
-679717
-679563
-675785
-667619
-666428
-661662
-661355
-660810
-660215
-657504
-656686
-656319
-655282
-649279
-648646
-647946
-644661
-643561
-643283
-641867
-641367
-639630
-634380
-630288
-630024
-627405
-623284
-623027
-621041
-620402
-616747
-616231
-610803
-610191
-608844
-607357
-605160
-601422
-597973
-594421
-594302
-587076
-585749
-583041
-582764
-582631
-582611
-581674
-580614
-571605
-562580
-557958
-556755
-555502
-555362
-553957
-553484
-552416
-551734
-545789
-545602
-537082
-535537
-533589
-532703
-528294
-527557
-526905
-519403
-519345
-514155
-513026
-510881
-508529
-504921
-500874
-496735
-490466
-489516
-484117
-477599
-476792
-474959
-473737
-466714
-466021
-465275
-464778
-462460
-459606
-458721
-458321
-450834
-449687
-447298
-445795
-441226
-427635
-426105
-420842
-410617
-406119
-404377
-404217
-402591
-397388
-389169
-387898
-387135
-385092
-380549
-368764
-355923
-354236
-353163
-351033
-349271
-349012
-345506
-341686
-339209
-334492
-331909
-327816
-322565
-321767
-318017
-317189
-315276
-306029
-302943
-296313
-280569
-277120
-271426
-260463
-255880
-253564
-240501
-240204
-234425
-222407
-220387
-217073
-216292
-208552
-208270
-201691
-201444
-199654
-198709
-195635
-195598
-192184
-188985
-184387
-177908
-175210
-175048
-172741
-168442
-167042
-162461
-158817
-156342
-154725
-152122
-149758
-149678
-144687
-128795
-128195
-119822
-113694
-112459
-110027
-107978
-107873
-98833
-94634
-93064
-85242
-81803
-80756
-80247
-78470
-76855
-65358
-58901
-49294
-47777
-40192
-13201
-8358
-2908
-2766
12087
22088
22495
22653
28744
32835
34736
38760
41618
48596
55371
65415
67593
69400
71183
88005
88618
92325
98137
100227
100438
101821
102529
110040
112532
118769
121042
128740
131863
134549
147632
156124
156623
164080
177685
185728
188044
204018
205944
216019
217702
222758
232777
234677
238976
239609
242035
244355
258035
261385
282396
283196
295327
297022
298907
303877
315423
321174
330751
331896
337060
349782
358267
360625
377117
378916
378959
380467
384027
384956
385507
385760
390980
394858
396252
397421
401741
404333
407064
408447
411002
411740
412274
414440
422195
430658
431316
432059
432869
434232
438146
439394
442004
448235
451684
454366
458362
468664
471202
471884
503652
508244
516195
519638
522572
524640
536948
539222
542407
544071
549872
551262
556899
563425
567060
567334
567571
568734
576286
578661
590309
594667
596745
598696
600038
605051
612068
625181
625693
633917
638332
640793
643210
648365
649036
661179
677754
682499
687133
689923
693148
699403
701350
704278
709415
717443
728011
737442
742025
743491
754245
763806
770413
778613
779440
793493
796035
803873
806143
810883
814469
816394
821253
822367
823362
828487
840312
842719
844251
848251
857016
860694
861126
864768
865419
872871
875680
878577
879629
892194
899789
909760
911025
911148
912596
915036
924050
928017
930352
939843
946487
947616
949710
950291
951283
952609
958333
962361
964767
965016
966592
976388
996006
996717
1002712
1003652
1004467
1020581
1023131
1025301
1026239
1026436
1026638
1027390
1028748
1034912
1040155
1044777
1048484
1054536
1067649
1068513
1068915
1071612
1071895
1074449
1079276
1082021
1082621
1087380
1089437
1090122
1094360
1097867
1101592
1102337
1105188
1114041
1132245
1134127
1138426
1143648
1147948
1150592
1160320
1162568
1164474
1164942
1167853
1170507
1189701
1197099
1200894
1214043
1216784
1219542
1220582
1227092
1227262
1228832
1229602
1233717
1242971
1243178
1251303
1253182
1257963
1262362
1270348
1270348
1279243
1279788
1282204
1283910
1285506
1286820
1291932
1292816
1296023
1302307
1302659
1304056
1319014
1321604
1322915
1329629
1334130
1335718
1336272
1336370
1337103
1353384
1353535
1356913
1358067
1358332
1364497
1365008
1371783
1380000
1385259
1388070
1388301
1390037
1390208
1398146
1400814
1418631
1428135
1442010
1443516
1443602
1445930
1449062
1452300
1469670
1477522
1477536
1493414
1494366
1495384
1498165
1503942
1509574
1511673
1514007
1518275
1518999
1522497
1522881
1533320
1534942
1538016
1542476
1550592
1553761
1554081
1558327
1560997
1561472
1563454
1570776
1598542
1602236
1606544
1610228
1613355
1619303
1621337
1631466
1634788
1636443
1642934
1642982
1646265
1646978
1649881
1650697
1655730
1664242
1665956
1667516
1671824
1672169
1674303
1675714
1676654
1681293
1688262
1692073
1695800
1696848
1702495
1703446
1706703
1710164
1712465
1713842
1715534
1715880
1716608
1720052
1724823
1724969
1725887
1726180
1728351
1730860
1733187
1736821
1740983
1741473
1745821
1749420
1750793
1756348
1759075
1761616
1764117
1764259
1768406
1770842
1773167
1774596
1776721
1787766
1791187
1797021
1798997
1802757
1807548
1809810
1810397
1813431
1819520
1827524
1832059
1833498
1833820
1833870
1836120
1838009
1838726
1845828
1848654
1849485
1854583
1855715
1859570
1861695
1864097
1868664
1870751
1874332
1881099
1882426
1886362
1889849
1901687
1902334
1912662
1913210
1914309
1914932
1916324
1916394
1918003
1918055
1928773
1928830
1932527
1934314
1935144
1942958
1966885
1968056
1972647
1972885
1973556
1974912
1978898
1980106
1980497
1984798
1987380
1992179
1993510
1993650
1994759
