-1999525
-1995537
-1991506
-1989940
-1976064
-1972363
-1968494
-1967658
-1964625
-1959339
-1957494
-1956817
-1937201
-1933216
-1926920
-1916380
-1915982
-1901835
-1900355
-1896479
-1894977
-1893041
-1885051
-1884068
-1883242
-1881239
-1866268
-1862911
-1860612
-1859130
-1858694
-1856600
-1856473
-1854645
-1850437
-1843054
-1836384
-1818388
-1810176
-1808262
-1805822
-1804754
-1797303
-1793040
-1789998
-1780084
-1778094
-1773362
-1760608
-1758793
-1756365
-1754274
-1752271
-1749164
-1746335
-1746015
-1744287
-1742888
-1742389
-1742208
-1736583
-1731368
-1729407
-1716870
-1714959
-1714705
-1714259
-1712835
-1698947
-1697570
-1696024
-1695594
-1685557
-1673958
-1668730
-1662916
-1658992
-1657972
-1656074
-1655110
-1652592
-1648913
-1646378
-1641286
-1639918
-1639305
-1632442
-1630463
-1627411
-1625680
-1614035
-1610382
-1608676
-1607150
-1591244
-1590251
-1582525
-1575581
-1570593
-1567950
-1567812
-1567191
-1562200
-1555339
-1553040
-1549433
-1543389
-1541395
-1539202
-1539102
-1536799
-1530789
-1523388
-1519688
-1510400
-1509584
-1508924
-1507847
-1506757
-1504343
-1487538
-1486974
-1481468
-1480018
-1477015
-1475129
-1472346
-1465818
-1463557
-1457843
-1457107
-1453134
-1442386
-1442345
-1434634
-1432760
-1429697
-1421720
-1417347
-1402917
-1396063
-1392427
-1385593
-1385434
-1378323
-1377900
-1377613
-1376112
-1368397
-1366536
-1356240
-1356075
-1350070
-1349668
-1343481
-1333483
-1330115
-1325186
-1315378
-1314143
-1309206
-1308885
-1301318
-1300386
-1299905
-1299511
-1294225
-1292542
-1288836
-1282486
-1280131
-1274489
-1271004
-1266173
-1265749
-1261159
-1249914
-1246078
-1245319
-1242288
-1239059
-1235540
-1233541
-1217429
-1215018
-1207636
-1203774
-1203503
-1201992
-1199144
-1198113
-1198030
-1197596
-1193856
-1185226
-1177715
-1176596
-1176009
-1175204
-1171886
-1158555
-1156124
-1153785
-1147529
-1147525
-1144136
-1140355
-1139765
-1139578
-1138017
-1136547
-1133678
-1132784
-1127176
-1125326
-1120061
-1119046
-1101101
-1096688
-1095492
-1087926
-1082402
-1079183
-1077841
-1074507
-1074152
-1072710
-1072564
-1069818
-1067990
-1062131
-1059056
-1058021
-1049096
-1043117
-1030410
-1026060
-1018701
-1013154
-1007999
-1005050
-992900
-992297
-991503
-981347
-979724
-975050
-970010
-966177
-963886
-960524
-957384
-956414
-956408
-953358
-943154
-936996
-935027
-930382
-924410
-921468
-901916
-899033
-891609
-887046
-884462
-881008
-875910
-871349
-869292
-868461
-867750
-865595
-857419
-856406
-853561
-842769
-833314
-829431
-823376
-820761
-818370
-811834
-798218
-794459
-794307
-786461
-783994
-783652
-774496
-771841
-771349
-770274
-769907
-769580
-765917
-759401
-758523
-748393
-748156
-746890
-745137
-744937
-742672
-742467
-731373
-730300
-723856
-721599
-714524
-711811
-710897
-710486
-701049
-697002
-692648
-690992
-685130
-683382
-682931
-676775
-674568
-671983
-671915
-661755
-653072
-653008
-647392
-643374
-642374
-641194
-640064
-636688
-633251
-628651
-627994
-627789
-623224
-612851
-608220
-606459
-605413
-603019
-601970
-595500
-595246
-591524
-585497
-583601
-575882
-570107
-552815
-549765
-539480
-525618
-523995
-523888
-523510
-520734
-513746
-511297
-509469
-507782
-500803
-490193
-466747
-458804
-455832
-452104
-442192
-416566
-414552
-410476
-409540
-407331
-403832
-401946
-395788
-387433
-386439
-385873
-373251
-364289
-361105
-359894
-358920
-357503
-354554
-349188
-348803
-343924
-341151
-328476
-327935
-326679
-320780
-315058
-311003
-302729
-301952
-298168
-293496
-287649
-276272
-272820
-271245
-271185
-270588
-268489
-263632
-257788
-251091
-249723
-249573
-243781
-241095
-240578
-240478
-237540
-237486
-234391
-232265
-227454
-221873
-213910
-204333
-198143
-193622
-181494
-178618
-176230
-175357
-172587
-163179
-161087
-159703
-159369
-151215
-148316
-142090
-131832
-130505
-126591
-125917
-122136
-114944
-113973
-110012
-109029
-107488
-102433
-94908
-93328
-91865
-91175
-91134
-84903
-78192
-74462
-71075
-68612
-66119
-60369
-59955
-58031
-56386
-35504
-32458
-23617
-20438
-18889
-17969
-17622
-10152
-8646
-4089
-1455
4012
9862
14035
15149
18888
19279
20143
31408
33021
37207
38485
41977
51594
53840
56468
59906
63080
72459
82608
83336
84260
85415
88633
90470
92702
92781
96031
98397
100547
117302
121084
121580
123067
123387
126367
126559
130025
133186
137141
146331
151018
152688
153919
160261
160598
162708
163584
176633
179881
179999
181178
182533
183997
195521
208409
209112
211663
216229
221381
223975
230919
231224
237631
240481
241103
241184
243013
245531
254034
255259
256089
259786
262230
266945
266979
267692
270438
273745
277818
283366
289837
299668
309987
314566
322130
323496
328522
331423
340571
341827
346810
367108
370623
375730
376459
377644
386668
387322
388555
388595
397471
405188
405831
409048
413754
414885
415862
418927
421788
433634
433673
435012
440462
440657
442342
444520
451367
461865
462123
465308
468465
470239
478942
479341
480023
491261
491289
497992
502322
503124
507351
510160
519115
525426
526014
529765
530783
540601
544101
545380
546813
551199
553282
554738
555361
560975
564595
584810
585260
588187
592329
596188
597581
605674
609389
610295
610888
614234
615452
615468
616404
621826
627992
628097
632842
635418
636722
638096
638723
641995
647454
656479
658558
660441
666469
671608
674086
677400
688649
690346
692086
692506
699493
716230
718390
718549
723976
726375
738815
741424
741504
741521
743177
750283
762724
763313
763479
764041
786708
789101
789926
791488
791489
794190
802201
807853
813747
818142
818984
823341
829481
832137
839261
851420
852561
857844
859062
859652
865157
865463
875283
877076
878146
880814
886597
890438
894066
897789
901297
904662
908392
919006
930265
930655
950213
950588
951967
957257
957350
959545
960110
960273
967232
969460
971781
983684
985013
987936
993121
999161
999941
1000842
1006624
1007057
1013207
1016674
1019479
1023114
1023480
1025663
1027879
1030119
1030318
1033808
1034759
1041497
1044213
1044522
1045595
1052129
1058787
1058876
1067589
1073958
1080892
1084599
1086070
1094390
1104206
1105292
1107907
1108549
1117414
1117911
1125613
1126564
1128342
1130271
1131633
1140169
1140619
1148622
1153665
1159281
1160631
1160864
1161413
1174479
1176489
1176908
1180693
1186848
1189640
1194423
1195605
1195985
1197455
1198780
1202362
1203325
1212018
1215518
1220896
1222656
1223601
1227921
1235902
1236169
1237371
1245773
1246048
1247039
1248619
1253897
1258254
1259430
1262549
1266145
1271721
1274754
1275740
1278034
1280719
1283855
1286927
1288829
1291045
1293783
1305220
1306611
1315269
1319650
1323585
1326753
1327170
1334171
1335164
1338097
1352361
1354743
1354851
1364567
1370578
1373855
1379437
1383798
1387844
1394984
1395113
1395128
1404670
1410413
1410716
1411685
1417385
1425274
1426343
1431022
1431437
1431538
1438928
1440398
1447906
1448886
1451290
1454248
1454787
1460187
1465256
1466923
1472998
1475302
1477068
1477580
1486045
1490536
1492370
1496934
1497195
1509394
1510182
1510679
1513950
1513973
1528394
1531350
1531609
1536020
1536033
1538819
1545527
1545530
1549291
1556921
1558677
1560422
1561939
1563286
1566485
1570520
1577151
1582246
1583099
1584807
1587528
1589299
1592269
1594326
1594610
1594813
1597401
1602216
1605251
1607475
1611022
1613883
1614666
1620474
1622568
1647183
1650392
1650862
1657968
1662012
1667125
1668796
1674544
1676391
1676520
1676639
1681667
1682196
1682549
1686342
1686825
1697584
1698122
1702186
1716821
1717566
1718097
1718813
1720522
1721912
1723185
1724245
1725243
1727933
1729206
1733800
1734424
1741605
1745055
1755618
1757587
1757677
1758360
1760923
1761136
1764581
1765640
1784413
1796382
1796603
1805585
1810771
1813470
1816667
1821201
1821755
1823170
1825311
1832846
1833492
1835522
1835993
1837517
1844524
1845599
1847817
1849564
1849869
1862294
1863267
1873153
1875536
1876555
1879913
1886025
1891936
1907597
1907703
1909846
1914847
1915483
1916196
1920357
1920374
1925046
1930566
1931446
1943645
1946162
1946303
1948935
1952999
1960596
1970255
1976004
1976971
1981808
1982420
1985852
