-1995921
-1992430
-1992158
-1988172
-1984271
-1978219
-1972603
-1963857
-1961259
-1953588
-1952672
-1952575
-1948492
-1942724
-1941841
-1936503
-1933516
-1927245
-1925749
-1925560
-1917294
-1915776
-1912725
-1903620
-1896673
-1896666
-1895413
-1883752
-1881652
-1881063
-1875660
-1872139
-1870857
-1867569
-1867228
-1865568
-1865177
-1850023
-1825495
-1822740
-1820962
-1819764
-1812545
-1811449
-1810510
-1800634
-1800107
-1794159
-1788221
-1783788
-1780127
-1774243
-1769008
-1768005
-1767764
-1761622
-1754604
-1744363
-1741511
-1734994
-1730175
-1729505
-1728739
-1727641
-1726298
-1725124
-1717785
-1711981
-1706368
-1705798
-1696397
-1694925
-1693285
-1691181
-1690656
-1685096
-1678608
-1675574
-1674503
-1670870
-1670530
-1668630
-1668214
-1666093
-1663741
-1649824
-1644724
-1643088
-1642241
-1637138
-1629054
-1627613
-1626988
-1626945
-1623558
-1622936
-1621819
-1621115
-1615954
-1611664
-1610891
-1607946
-1596530
-1596007
-1593500
-1577093
-1568969
-1568276
-1565742
-1565622
-1560770
-1560255
-1555331
-1550319
-1545528
-1522204
-1520955
-1505387
-1503687
-1491983
-1491084
-1488761
-1488504
-1488316
-1487016
-1486807
-1481811
-1481220
-1478966
-1477778
-1472824
-1470643
-1457799
-1454549
-1454100
-1452559
-1450250
-1449204
-1427217
-1424726
-1417687
-1414881
-1407107
-1396331
-1395597
-1393656
-1386095
-1382588
-1380894
-1373461
-1367652
-1365338
-1364644
-1351259
-1348386
-1346632
-1344614
-1344581
-1335784
-1333507
-1316314
-1315120
-1315034
-1314587
-1311892
-1310198
-1309612
-1307061
-1302777
-1302614
-1293894
-1292072
-1287543
-1284787
-1284561
-1278680
-1272470
-1269087
-1249220
-1246906
-1244556
-1242152
-1234923
-1234870
-1229303
-1228704
-1220778
-1218826
-1217563
-1212647
-1207351
-1206136
-1200079
-1197562
-1194465
-1192784
-1185341
-1181294
-1172113
-1169070
-1165151
-1152033
-1148065
-1141609
-1133002
-1128303
-1126398
-1123950
-1122214
-1119752
-1118304
-1098479
-1091152
-1090830
-1089604
-1085712
-1083976
-1083456
-1082847
-1082322
-1079117
-1076793
-1070954
-1069603
-1065629
-1058891
-1058357
-1056479
-1056015
-1055543
-1054609
-1054254
-1049099
-1048765
-1047985
-1037290
-1036565
-1030006
-1025855
-1022277
-1015739
-1007868
-1005142
-994637
-990626
-984814
-977087
-973983
-973951
-971630
-971510
-969115
-960939
-958000
-950845
-948756
-938884
-932593
-929739
-925038
-924342
-924191
-922175
-922168
-921429
-914907
-909987
-905285
-894011
-886780
-883566
-881172
-879551
-872844
-868708
-864149
-861801
-852290
-845324
-836256
-831101
-825726
-824308
-817377
-813283
-809347
-808154
-791983
-790588
-788767
-758302
-739179
-732807
-731166
-730478
-724243
-724017
-716519
-715186
-713906
-704626
-701369
-700647
-699423
-697434
-694835
-693849
-691102
-689932
-689861
-688926
-678054
-669761
-668326
-668039
-666420
-665196
-663535
-659162
-658043
-646284
-640501
-638461
-638178
-637615
-634760
-628473
-622735
-621967
-610941
-606051
-605186
-605076
-602756
-600270
-598917
-594572
-594548
-589421
-588948
-584861
-584359
-579907
-578756
-578031
-576631
-570573
-569922
-551298
-549861
-549018
-546873
-545202
-539291
-539286
-538435
-537708
-533368
-532983
-531435
-527434
-527095
-525160
-525138
-523557
-523377
-521044
-520214
-511835
-510558
-502150
-495401
-490874
-476916
-465493
-463827
-458854
-458593
-455319
-454479
-449854
-444616
-443225
-439765
-436456
-430866
-429653
-426322
-415496
-413664
-411472
-404153
-399851
-398199
-398159
-393994
-391956
-390221
-389314
-387977
-386357
-383490
-379689
-375887
-369730
-358639
-358071
-356934
-352343
-349729
-342872
-334548
-333811
-329152
-323099
-320468
-319168
-318788
-316635
-312853
-303765
-295298
-295208
-294472
-289456
-276300
-273838
-271432
-265768
-262362
-259545
-259399
-252870
-250791
-249524
-247945
-246327
-241956
-235117
-232292
-228377
-226523
-225898
-224464
-222675
-222594
-221218
-217740
-212029
-200997
-199253
-197654
-196328
-195850
-192816
-188080
-183059
-176447
-174835
-166771
-165383
-160265
-151452
-149923
-149656
-139813
-138168
-131809
-129214
-122004
-120393
-111284
-109961
-107770
-107491
-107368
-102169
-94835
-94487
-91879
-86007
-72300
-71410
-68325
-68173
-66927
-65194
-63009
-60968
-54344
-54100
-47280
-46545
-44791
-40855
-27517
-27310
-27279
-27118
-19282
-12231
-9306
-4692
1075
1432
2731
5979
6043
6960
7974
14027
14330
20121
21636
22030
26448
28813
31357
33565
34900
40794
42082
45255
52654
63103
67131
70143
77598
87428
90306
92682
110173
111329
113908
121829
128164
128759
129153
130386
141866
142071
144183
147195
152778
154047
154819
157864
161404
163981
175229
183982
191140
195485
199283
199993
202589
204724
205868
206572
220121
222289
227156
227928
228837
230319
233263
237868
250403
253471
262834
268961
270954
276248
283589
285010
290374
308127
315216
323761
327936
354524
360072
362543
365759
369705
371578
387856
389078
391568
394362
394446
394538
396891
399755
400492
400651
401318
402426
402498
405457
409494
412474
422620
423435
424905
433534
434632
442523
443357
444263
446070
446177
457442
461184
462209
465545
472140
472481
474105
478912
480605
483679
487302
495790
496241
497286
504592
504757
505432
509796
511142
534952
536104
540658
541499
544460
551662
554318
555606
556066
562664
564425
583722
591019
592216
593924
604234
606589
606660
609530
611357
618202
623575
626514
626866
643070
657457
657737
664104
664817
666374
666855
672413
673496
676694
680870
680901
687706
692235
695048
702233
708449
708610
724217
727975
728419
730520
730789
733406
733712
735759
744677
748931
749301
752399
754208
758176
758330
771672
776151
777585
791010
791800
805438
806370
812345
813168
819045
820172
833632
838186
841496
841538
846864
848414
849342
856000
858366
859202
859569
859594
860874
863479
863524
864379
872045
874469
881110
883468
886590
887044
903109
903137
903432
906940
912737
914822
924307
927161
937693
937988
939614
947322
948478
951193
953904
954970
964429
968261
970259
972289
974151
982900
983693
989209
996975
1006292
1009402
1016067
1018615
1024812
1027491
1028918
1029618
1040185
1042132
1050486
1052119
1053738
1059684
1059829
1059856
1063483
1066935
1078808
1082123
1087819
1090767
1093787
1097932
1102485
1104575
1107819
1112209
1114818
1118715
1127089
1132578
1134565
1136821
1139713
1143447
1145768
1147774
1148927
1150786
1151380
1154491
1156017
1164801
1171075
1173757
1175565
1176677
1179196
1181678
1192075
1194351
1207406
1208755
1212972
1215166
1217025
1220710
1222652
1224528
1225144
1227401
1229986
1230347
1231185
1234224
1244216
1247338
1249152
1250023
1258291
1260018
1268607
1269695
1275260
1275897
1282735
1282748
1283414
1286098
1293030
1306091
1306983
1310256
1312776
1313293
1325173
1328559
1330701
1336181
1345045
1348001
1350320
1352150
1359137
1364051
1366609
1371624
1377629
1380265
1381033
1382205
1393063
1396467
1401707
1405724
1407126
1416729
1424884
1433017
1435235
1436109
1438595
1439874
1444308
1450429
1452835
1455385
1455977
1457382
1462419
1464430
1470619
1474172
1474408
1474499
1476694
1476909
1478499
1478840
1479479
1486743
1487866
1488787
1489466
1491067
1496612
1501703
1502118
1502545
1511998
1514411
1524804
1532225
1534515
1534627
1539025
1539383
1539994
1547059
1554786
1554917
1557357
1558271
1561753
1565881
1577499
1579048
1581784
1585505
1587140
1589469
1590737
1591760
1593468
1595338
1601614
1603032
1604589
1605694
1617886
1619790
1619834
1631765
1636532
1640042
1641105
1645032
1649075
1651490
1651869
1654163
1656460
1663452
1663868
1666826
1666853
1668445
1668943
1678767
1679751
1692695
1705573
1713266
1717905
1718680
1719999
1725139
1725615
1737638
1742317
1745357
1747735
1751765
1756224
1758102
1759370
1761727
1768396
1773976
1774287
1776073
1778956
1790126
1793179
1796245
1797041
1798075
1802127
1802496
1809192
1811910
1812431
1829143
1855159
1855687
1863226
1871088
1874224
1877871
1887235
1900594
1903313
1910336
1918108
1923067
1933953
1936539
1943573
1945434
1948757
1952980
1957020
1957301
1962269
1964563
1964779
1966643
1966973
1971019
1971969
1989655
1990734
1999287
