-1998252
-1996822
-1996242
-1994514
-1993829
-1992749
-1991411
-1990538
-1987543
-1981639
-1979952
-1977636
-1973882
-1969047
-1957077
-1943285
-1942033
-1937255
-1931108
-1929278
-1926383
-1915485
-1914891
-1913922
-1912641
-1911697
-1910975
-1909215
-1903650
-1900792
-1898265
-1895505
-1890585
-1883582
-1875817
-1875683
-1851888
-1849548
-1845350
-1843240
-1837871
-1825173
-1822663
-1816008
-1815748
-1813691
-1813057
-1808679
-1806143
-1801799
-1800882
-1798127
-1794851
-1784786
-1781600
-1781280
-1775952
-1771260
-1769583
-1754480
-1750466
-1743855
-1740251
-1738516
-1736704
-1734952
-1732140
-1727947
-1717635
-1714343
-1711044
-1706342
-1702871
-1697217
-1692864
-1682687
-1675208
-1672602
-1672489
-1669486
-1663192
-1652573
-1650081
-1649097
-1644226
-1642289
-1629539
-1629449
-1626020
-1625008
-1624908
-1622219
-1614165
-1610147
-1605998
-1604769
-1604133
-1603485
-1603085
-1602256
-1597211
-1592202
-1591582
-1590871
-1578224
-1576721
-1554750
-1550732
-1549215
-1549005
-1542196
-1541977
-1538045
-1525827
-1519841
-1514523
-1514244
-1505793
-1503964
-1500967
-1496146
-1495484
-1493881
-1487244
-1486275
-1483639
-1476515
-1475561
-1471452
-1467830
-1465770
-1463907
-1463117
-1458902
-1458585
-1457959
-1447643
-1446735
-1446161
-1444687
-1442075
-1436370
-1431831
-1431520
-1426772
-1425926
-1421597
-1418184
-1415778
-1414010
-1410156
-1402013
-1399051
-1398668
-1398066
-1397451
-1390810
-1379375
-1376065
-1373076
-1359190
-1357425
-1353397
-1350984
-1350945
-1349557
-1347746
-1340702
-1325231
-1317599
-1317053
-1316842
-1308034
-1305269
-1298698
-1298136
-1286497
-1286071
-1280228
-1278554
-1276765
-1267747
-1267733
-1264803
-1256639
-1256198
-1245552
-1245461
-1243244
-1241795
-1239618
-1234725
-1234284
-1216952
-1213863
-1211789
-1207387
-1205541
-1201832
-1198976
-1195027
-1189696
-1187252
-1180711
-1167063
-1155048
-1153888
-1153222
-1146861
-1145825
-1141569
-1139245
-1134749
-1129085
-1124581
-1124431
-1115517
-1113997
-1101903
-1100783
-1099071
-1098494
-1098350
-1098051
-1097760
-1095090
-1094318
-1090380
-1084152
-1078864
-1073232
-1067613
-1067404
-1065242
-1057947
-1056974
-1052958
-1050610
-1042904
-1041682
-1041064
-1039071
-1037524
-1035165
-1030650
-1027813
-1026363
-1025608
-1025475
-1021837
-1011492
-1009756
-991252
-990115
-985384
-980754
-980734
-977351
-974295
-974129
-972217
-970685
-968733
-968193
-964231
-963927
-957221
-956243
-949718
-945794
-942878
-942694
-942214
-922331
-921358
-919347
-907174
-904101
-883467
-874455
-865629
-852855
-848137
-844543
-843988
-841992
-841210
-839425
-825672
-823940
-823494
-819435
-815297
-815028
-813262
-807410
-791691
-791104
-786094
-784442
-784263
-775860
-771560
-769125
-766034
-760190
-751700
-749125
-747924
-735676
-733125
-728590
-723368
-722546
-720372
-716027
-714321
-708787
-707549
-706854
-703835
-695576
-695100
-695002
-688540
-687234
-685434
-682967
-681127
-678403
-667672
-665903
-660833
-658279
-657589
-654791
-654087
-644670
-629646
-628284
-624072
-623110
-619400
-617641
-616435
-611516
-607690
-605411
-600458
-599121
-594412
-593567
-586159
-584705
-584461
-583860
-580781
-577825
-577704
-575507
-574034
-572375
-572328
-569297
-553850
-550231
-547175
-546519
-544936
-535367
-533036
-530028
-523982
-522295
-521957
-521562
-513936
-513338
-512981
-504476
-503506
-502144
-498720
-498406
-491207
-484811
-471089
-465335
-450807
-447030
-439585
-438374
-428076
-425902
-422061
-421808
-415645
-415379
-412186
-402125
-400587
-392955
-392759
-389308
-381037
-380449
-376153
-375600
-372444
-371023
-364844
-361297
-356988
-348944
-345921
-341639
-341144
-336517
-331981
-330093
-325663
-316878
-309191
-302752
-302143
-300440
-299703
-294565
-292026
-291500
-285178
-284795
-279935
-279750
-275892
-273246
-270631
-269351
-263663
-254453
-247815
-246354
-240044
-239802
-231414
-229745
-227230
-221400
-212228
-211306
-205225
-198320
-191481
-186454
-185653
-184599
-179413
-171955
-171946
-170356
-156363
-152524
-149616
-149189
-147107
-139955
-138312
-137105
-131593
-130430
-127172
-121376
-113138
-105810
-100900
-97882
-83830
-83073
-82623
-58579
-51643
-50346
-48663
-47477
-43101
-40382
-38226
-38187
-37687
-31909
-28976
-26420
-25167
-23406
-21600
-15981
-9311
-3387
2760
3959
13667
19082
20953
21632
39113
39273
40472
41959
49521
50206
51743
55693
66370
71227
75267
83583
85817
86801
88056
88857
94726
97773
99877
100637
102676
107683
113418
117635
120279
124992
129180
131802
132774
153572
153832
154628
162205
164114
175569
180913
183025
189665
189747
194207
196066
196972
207050
209547
215660
223079
224490
228976
243010
244999
245751
252173
256750
275482
286133
287326
288179
291665
295103
295296
295447
295886
299271
308852
311291
311551
317704
322024
322229
324903
331311
334780
338055
341903
352136
352522
353974
358291
361102
362964
363069
364980
367476
369971
378642
379824
381684
382090
387857
387999
391867
397431
400807
401892
409009
410144
412894
416082
418623
420285
426531
426879
430553
432300
433034
446464
452593
457045
457613
457666
460734
465286
465559
468654
473721
477384
483782
489003
497942
502880
507263
520180
521874
524509
530259
537942
544130
555543
558137
562515
564548
572476
575250
578699
579346
608100
608698
614547
619444
623739
628847
631997
632025
633177
634572
636025
639081
640440
642286
643788
644562
647166
660883
661763
667160
667885
671898
675259
676838
683834
684589
688225
688609
690847
692608
694034
695216
704075
705456
721767
733058
733556
735000
736536
744094
750528
756921
758549
760754
762608
772978
774887
775077
776824
778930
779919
780424
780510
781556
782353
786400
787683
789807
792228
797640
803576
814929
824969
826359
828251
830726
835179
837789
839790
848815
850126
852038
854268
871136
871711
874269
888266
890833
893712
894581
896645
897695
904011
912042
916124
916660
919797
926168
929703
931705
931941
936992
946188
954639
960274
964515
966355
971547
977858
980447
981047
981103
985684
988621
991135
993197
993874
994273
995177
1001509
1014448
1016754
1017870
1020737
1022505
1036185
1038315
1041171
1043673
1057622
1058411
1059711
1069226
1075072
1076129
1077558
1078086
1085616
1100962
1103234
1106533
1110518
1110675
1114724
1115714
1116584
1119143
1122579
1125668
1128077
1128896
1131375
1132921
1140096
1143389
1144920
1146462
1148051
1154592
1154763
1158652
1168269
1173476
1173658
1174007
1177855
1184419
1186002
1197875
1199136
1211094
1213682
1214143
1220530
1222019
1223385
1226463
1229812
1231397
1232034
1238046
1242700
1252504
1262546
1267226
1272482
1272818
1273591
1274485
1276875
1285347
1287536
1289993
1290032
1292863
1295149
1295472
1299704
1308973
1315910
1320939
1321027
1324556
1325529
1329408
1343488
1346505
1350587
1353177
1360515
1370762
1375067
1375497
1378362
1387970
1392470
1407507
1407943
1411567
1412545
1414947
1425073
1429306
1433347
1440747
1449047
1453969
1456648
1460959
1472136
1475118
1480914
1488327
1489484
1494163
1495718
1500330
1502472
1511387
1511592
1514692
1519336
1520428
1525733
1530732
1532010
1539286
1540377
1559207
1565944
1571410
1573158
1578771
1580840
1582013
1588453
1589670
1593330
1598949
1600790
1600966
1602858
1603545
1610675
1615658
1618849
1621685
1626859
1630528
1633390
1637378
1638763
1640473
1641926
1642385
1645884
1646379
1647234
1650383
1655048
1663841
1664731
1670302
1672953
1675088
1680283
1681534
1681949
1688854
1706345
1712828
1714248
1715918
1717283
1718260
1722386
1722957
1724266
1727002
1728671
1732470
1734610
1736600
1737373
1742816
1743890
1745266
1745805
1746027
1746369
1746895
1747576
1753333
1753679
1754425
1758062
1759647
1766251
1767191
1771487
1775442
1783677
1789131
1794306
1798362
1798472
1801644
1810992
1811275
1820493
1831197
1834037
1839863
1841327
1841475
1842896
1848398
1851691
1861133
1865422
1868296
1873285
1879266
1881286
1882559
1884957
1892359
1897542
1904705
1906561
1908280
1918837
1921720
1930030
1931206
1931260
1946120
1953169
1965153
1971516
1972348
1979101
1979412
1980683
1986494
1987285
1989888
1991903
1993247
1995061
1999878
