-1978091
-1974974
-1970200
-1969868
-1968219
-1957490
-1953761
-1947857
-1946904
-1942727
-1937940
-1923280
-1923193
-1918485
-1913610
-1912007
-1911955
-1911436
-1906069
-1904701
-1903100
-1901297
-1900783
-1896269
-1896002
-1893654
-1889068
-1886415
-1874626
-1868944
-1868884
-1865391
-1848542
-1845518
-1844232
-1837770
-1817380
-1816716
-1814131
-1810376
-1809544
-1803482
-1803447
-1802753
-1802510
-1800134
-1789479
-1786520
-1784520
-1778203
-1777589
-1770789
-1770329
-1768920
-1768652
-1767302
-1765472
-1760745
-1754139
-1751852
-1750568
-1746388
-1742235
-1737352
-1732665
-1730755
-1729206
-1726224
-1724220
-1723448
-1708516
-1704796
-1703738
-1702335
-1701997
-1701504
-1699830
-1698368
-1690221
-1674124
-1673170
-1662694
-1656160
-1649868
-1645078
-1644749
-1643335
-1631077
-1624826
-1623171
-1613259
-1606842
-1604740
-1603476
-1601118
-1598999
-1594149
-1593291
-1587711
-1584095
-1577409
-1576930
-1575817
-1573733
-1573115
-1572455
-1569745
-1556527
-1555192
-1553330
-1545654
-1541094
-1540515
-1539397
-1536490
-1524670
-1521328
-1514689
-1511682
-1508808
-1507789
-1506571
-1506135
-1500749
-1494471
-1493777
-1490135
-1489371
-1489337
-1486527
-1481813
-1476389
-1475521
-1469449
-1462861
-1461132
-1455475
-1454045
-1451650
-1448408
-1445988
-1445614
-1429972
-1428060
-1421866
-1420957
-1420308
-1414528
-1410384
-1408926
-1406566
-1403725
-1399927
-1399828
-1398246
-1397530
-1396154
-1395848
-1393106
-1382322
-1375688
-1370223
-1369441
-1367302
-1364204
-1358687
-1358046
-1354295
-1349011
-1344138
-1343956
-1340182
-1329562
-1325882
-1319251
-1314647
-1310859
-1310411
-1298458
-1273984
-1272592
-1272226
-1271831
-1271572
-1270462
-1268817
-1264332
-1259713
-1257562
-1256729
-1255480
-1254847
-1254551
-1244061
-1243852
-1242607
-1239257
-1238453
-1230948
-1229585
-1217187
-1213659
-1213428
-1208092
-1206582
-1203798
-1197526
-1185698
-1182754
-1181449
-1166367
-1161607
-1154774
-1152208
-1143767
-1141540
-1138075
-1133797
-1123381
-1122111
-1118225
-1101790
-1100100
-1089741
-1089166
-1088433
-1082132
-1079202
-1077401
-1076637
-1074862
-1074066
-1066764
-1065624
-1064172
-1060918
-1060343
-1058292
-1057189
-1054057
-1048870
-1047469
-1043897
-1042751
-1029246
-1029188
-1022319
-1020653
-1018948
-998008
-993069
-986798
-976328
-964481
-960974
-954156
-949979
-948302
-945230
-943779
-939483
-938533
-934115
-930099
-930056
-927573
-926934
-924880
-924038
-921854
-919765
-913314
-905286
-904309
-903095
-899459
-893869
-891001
-889192
-886658
-885792
-885574
-884098
-883251
-882414
-876491
-868993
-865797
-856054
-847152
-842060
-840480
-837846
-835372
-830635
-826988
-825904
-825858
-825178
-818992
-817172
-815226
-811691
-808538
-803258
-802288
-795930
-793289
-793085
-781561
-781475
-775118
-773794
-768494
-766644
-765159
-761804
-755217
-745854
-737565
-723413
-720555
-718458
-708626
-707808
-705449
-705343
-698775
-692500
-691506
-688601
-681868
-668938
-655304
-653626
-653422
-652447
-648607
-646433
-638294
-635018
-633861
-633817
-630280
-625458
-620624
-620023
-617424
-616238
-611505
-608562
-607579
-605623
-603445
-603344
-600770
-599510
-596747
-593900
-592244
-586306
-585420
-579338
-578654
-574906
-571010
-570829
-570479
-569041
-568538
-567504
-566184
-555696
-547673
-544827
-543450
-541607
-534865
-529854
-525993
-523672
-522938
-517901
-511983
-510311
-510091
-502733
-498669
-498079
-495062
-493440
-482948
-480527
-479920
-478902
-476102
-475227
-473656
-472175
-470313
-467555
-461515
-456279
-443734
-435013
-434764
-432984
-428638
-420514
-418589
-415687
-413623
-408096
-407523
-399163
-385381
-385205
-383379
-379738
-373862
-367475
-355548
-347071
-345236
-341141
-335854
-331129
-328431
-326838
-325276
-321766
-312063
-312008
-302296
-301534
-295969
-295644
-291604
-289555
-286348
-280410
-276684
-276651
-271417
-271179
-268161
-266738
-263288
-259864
-258251
-249519
-247457
-233516
-228317
-226136
-223178
-221475
-221169
-219541
-216849
-215777
-215135
-214160
-213655
-203848
-190732
-185349
-183067
-180264
-166764
-157335
-154594
-154030
-152624
-150499
-146381
-146284
-145770
-144123
-143959
-142739
-132485
-118603
-115540
-114864
-114727
-101687
-94474
-93901
-93143
-89168
-88663
-87455
-86919
-86550
-82059
-81840
-81298
-80977
-76230
-57923
-27158
-26608
-21491
-21348
-18660
-16473
-13965
-13842
-12433
-8750
-8307
-5729
-3376
-3144
6502
7330
18081
27026
33695
37480
37846
38672
39456
40964
49692
50606
56505
58071
63966
75931
80702
82558
84726
87458
107049
108254
111305
114246
115528
117615
127204
134611
134818
142367
146080
149014
151914
157501
158932
160220
170684
175613
179458
183367
187036
192869
193730
203292
204318
206532
207664
208287
213469
215800
230791
231517
232242
232497
235812
238928
241329
241877
243868
273349
274722
275089
277570
278040
279373
280163
280472
280671
288179
293395
295025
298795
300989
303703
308650
308779
310009
314067
314441
315910
316271
327901
330902
338844
346275
348728
365342
370934
372246
373575
381302
381687
384388
396359
402595
408280
408700
409235
410394
410796
414350
426865
428447
429170
430785
432081
438875
452282
452380
456378
458894
458912
460054
461075
461954
467304
467858
467927
468845
469639
469905
475011
478920
482086
482599
482934
487346
491875
492379
492524
494543
495233
495328
496420
497465
498869
505019
506982
516380
523180
524394
533107
539558
542061
546703
552176
553932
557152
558944
562088
562734
568777
575614
576338
577121
589304
592545
598347
604081
605885
609297
610045
610799
611157
611767
613496
614896
617409
617421
631426
633303
634389
637774
646988
664853
666290
666847
671973
676745
677348
680991
688401
690915
697895
700332
702137
704938
707102
712633
713778
751736
756532
761708
764671
767654
770891
774821
777849
797287
797724
802200
803954
815284
818810
821598
826453
836626
845486
845578
849991
850014
852064
855306
857096
857353
863226
864459
868316
871253
871966
875973
876727
878941
879187
879755
884250
886273
893601
899521
902428
904166
913753
914296
916083
919111
924681
925309
926342
935565
936146
939521
944753
947057
948356
953528
956530
956720
961402
963474
978540
990198
990888
1000008
1004060
1005375
1005777
1015725
1016278
1016713
1029465
1030557
1043291
1048196
1053977
1054998
1055556
1057160
1057504
1059071
1059647
1064983
1065690
1067064
1077883
1078878
1098686
1105100
1105966
1106815
1111537
1116323
1126676
1127913
1131026
1135066
1145564
1163779
1168267
1169920
1176268
1182070
1195637
1196491
1196525
1199112
1200316
1200658
1200798
1213528
1225128
1225216
1228749
1232500
1232832
1243354
1248853
1249100
1250832
1254511
1255197
1257836
1259200
1261925
1266301
1267732
1269040
1270619
1299485
1299559
1308021
1310440
1314593
1327441
1327521
1332387
1334586
1338681
1340488
1347016
1355756
1364097
1364404
1367553
1367692
1368260
1371693
1372065
1376661
1378836
1381043
1384807
1390215
1391743
1415913
1416952
1417605
1418955
1423135
1423829
1424089
1432016
1437579
1438561
1442007
1443719
1448976
1461128
1464658
1479663
1479976
1486721
1491212
1494768
1496187
1498847
1500315
1503254
1504050
1508634
1510416
1517198
1521307
1527059
1529513
1532057
1532701
1533939
1536375
1541494
1541581
1541695
1545499
1547768
1552147
1553956
1568250
1574118
1578498
1579681
1580711
1590108
1594408
1597106
1602566
1603351
1623308
1628666
1632238
1636739
1641974
1649397
1650293
1660397
1660472
1662412
1664042
1686611
1686931
1687397
1691962
1693706
1695691
1700566
1706645
1709205
1716512
1720590
1720693
1722794
1723384
1723902
1726592
1728326
1734466
1736288
1738686
1740081
1741530
1741918
1745653
1746543
1747678
1750359
1750730
1751372
1751402
1757924
1773678
1777631
1779049
1789062
1791394
1800440
1802154
1804671
1806041
1809512
1810853
1818657
1822017
1827815
1832351
1833973
1842125
1856548
1860760
1868791
1874278
1879455
1884397
1887642
1887682
1898869
1900451
1902027
1903376
1912184
1913972
1919166
1923680
1927164
1929224
1937233
1941894
1946568
1949852
1955572
1957328
1964589
1969625
1981848
1984927
1986050
1987038
1994901
