-1999290
-1997829
-1996204
-1987503
-1986995
-1976612
-1975071
-1963673
-1960809
-1959849
-1956696
-1956443
-1953027
-1945263
-1944672
-1940380
-1939564
-1926546
-1921711
-1921553
-1908246
-1906787
-1906723
-1903471
-1894958
-1891633
-1890870
-1887160
-1883642
-1881829
-1880674
-1877361
-1871622
-1871323
-1864969
-1861486
-1857296
-1849354
-1846406
-1843972
-1842967
-1835182
-1830478
-1828238
-1827898
-1810065
-1808920
-1804284
-1802638
-1802558
-1800318
-1795010
-1789645
-1783947
-1782334
-1778439
-1771233
-1770840
-1755486
-1751528
-1745692
-1743748
-1739573
-1733763
-1733287
-1732251
-1725789
-1718606
-1713590
-1710357
-1708757
-1705513
-1704784
-1701447
-1699402
-1698022
-1696493
-1689055
-1687938
-1682741
-1676669
-1670263
-1667443
-1664673
-1663203
-1644435
-1637790
-1636120
-1635524
-1634001
-1623062
-1612237
-1608334
-1607268
-1605724
-1601972
-1601878
-1597432
-1595572
-1591425
-1583545
-1578788
-1568742
-1558385
-1550022
-1544664
-1544335
-1542867
-1535582
-1530688
-1529601
-1522755
-1519952
-1517676
-1513142
-1506761
-1505789
-1505218
-1501307
-1499995
-1499330
-1498430
-1498347
-1495142
-1489271
-1488921
-1486449
-1486080
-1484460
-1481994
-1473269
-1472819
-1469736
-1466903
-1466767
-1461981
-1459285
-1455176
-1453764
-1453187
-1450454
-1450272
-1449405
-1448389
-1445816
-1443748
-1430525
-1426789
-1423949
-1415079
-1411203
-1408242
-1405920
-1405908
-1405789
-1403058
-1398710
-1395371
-1393117
-1393059
-1392510
-1392127
-1391291
-1388310
-1386020
-1384490
-1384391
-1382829
-1376821
-1362377
-1356719
-1355452
-1353593
-1352831
-1342901
-1339459
-1328650
-1328358
-1324029
-1322799
-1317421
-1315030
-1309869
-1307098
-1301299
-1300783
-1288358
-1278275
-1277900
-1277301
-1274604
-1269090
-1258119
-1255062
-1252344
-1244793
-1243251
-1238422
-1236354
-1236026
-1233325
-1227092
-1226611
-1221072
-1217421
-1214827
-1214295
-1211702
-1210515
-1209565
-1206208
-1205655
-1198101
-1197360
-1190394
-1184338
-1174501
-1174058
-1166954
-1165404
-1159951
-1155522
-1146309
-1142185
-1141268
-1141204
-1132318
-1125705
-1122990
-1120434
-1117515
-1115576
-1113015
-1112678
-1101356
-1098876
-1097633
-1094262
-1093807
-1092735
-1089456
-1089393
-1087675
-1083842
-1077497
-1077008
-1076205
-1072099
-1070012
-1066453
-1062836
-1052793
-1050709
-1049010
-1041281
-1038488
-1038106
-1019125
-1018630
-1017197
-1013771
-1007131
-1006318
-1000156
-998584
-994030
-991711
-984516
-981400
-981116
-980408
-979516
-978031
-977774
-974986
-969555
-964690
-964054
-957231
-952489
-949793
-946591
-945971
-945468
-944987
-940051
-937981
-937603
-931004
-931003
-928294
-924282
-922918
-916856
-915507
-913596
-906491
-903932
-902764
-900329
-899758
-898850
-893104
-892726
-884632
-883992
-870116
-863004
-856065
-855043
-853021
-850499
-847524
-840459
-838853
-838346
-836178
-834895
-824344
-821275
-819531
-819465
-817304
-812988
-807398
-805442
-802982
-802657
-800309
-799790
-795057
-785453
-783797
-783764
-783522
-780602
-776491
-776110
-774674
-772370
-771940
-771458
-766409
-753506
-750605
-748910
-742583
-736997
-734830
-726646
-709562
-707155
-704915
-704845
-701482
-697427
-691730
-691407
-684574
-683291
-683049
-680706
-680390
-675064
-667999
-666942
-663739
-661659
-656206
-654242
-653854
-650896
-650131
-634093
-628766
-626536
-621066
-617627
-615233
-615197
-599091
-597360
-591893
-582179
-580821
-575802
-573696
-571800
-571701
-566852
-563616
-559761
-558991
-558710
-557847
-554524
-551667
-549924
-531862
-531206
-530840
-528087
-524980
-524417
-523711
-523103
-516694
-516436
-515957
-513127
-509742
-508930
-508033
-499993
-490199
-485968
-474328
-474034
-471808
-470865
-470577
-469655
-454037
-453229
-445114
-440893
-440559
-439845
-437512
-435525
-427656
-425428
-423738
-421891
-417108
-414975
-414856
-413415
-407274
-404267
-398292
-397799
-391634
-385737
-382017
-376819
-372352
-367827
-367170
-357385
-354630
-353262
-352176
-351170
-346845
-342787
-342120
-341448
-341377
-334721
-327619
-318855
-307897
-304556
-292170
-288756
-286647
-275951
-265757
-256780
-255176
-253707
-251338
-251104
-246780
-244869
-236456
-230557
-217738
-217391
-216311
-215384
-200072
-194913
-188908
-184838
-184452
-181373
-180708
-179205
-177016
-173303
-172458
-166723
-150321
-144325
-142822
-139226
-138704
-137292
-133402
-128177
-127541
-123283
-123209
-115876
-114539
-91209
-90400
-83579
-83257
-77596
-69372
-63710
-57858
-55912
-53290
-52810
-52728
-47924
-45133
-42349
-42264
-34444
-29248
-27737
-22518
-14471
-8697
-8250
-8001
-7344
-1555
-335
3409
13642
16819
22725
23739
26536
31161
36917
45030
45267
54418
56640
59001
81883
82824
82955
91481
92887
95222
95676
96944
98890
101941
108953
111956
121168
126538
131585
136598
137477
140621
144518
146902
150387
156942
161260
172179
172259
172516
173131
176199
178193
181271
182628
183551
186912
188357
204410
209224
216525
218693
241387
241985
243769
247516
248119
249571
250978
257205
262599
265829
269333
269619
276569
278023
283605
285645
286180
289045
289728
293406
301586
303795
306054
307764
309689
316095
331176
332401
339303
351880
354332
360122
371631
375477
389669
390133
399844
406836
406908
410640
410886
419656
420425
420446
422359
422908
424688
437409
437773
438046
442517
444656
450284
453424
460914
463181
465648
482992
488718
494203
496550
497158
497552
500426
501561
502767
505335
517963
520831
546787
548939
555799
562817
566955
576638
579471
592558
594236
596757
600010
602839
603335
607496
611167
617333
628360
631509
639304
641998
643368
643883
652430
653307
653747
655143
655507
662439
662541
670293
674039
680220
686100
689038
690200
691227
692319
699465
703271
706976
707898
708098
714479
719746
723695
728291
728793
729409
731597
731704
731789
732928
739373
741097
741806
746362
761443
761671
770697
774457
779754
779903
781561
783702
784825
796494
806169
806664
806700
821178
823517
828568
829535
839110
840247
842208
847328
847682
854451
860443
861751
867338
868229
873349
876842
881896
882858
886511
887702
890185
898156
900843
901862
901892
902176
911464
912227
918650
927214
927955
931912
933544
934323
945422
947991
950131
954484
959838
961916
975994
976551
977658
979145
992205
1009439
1018222
1018538
1020349
1020511
1027715
1030868
1031868
1041756
1042787
1045298
1045762
1046323
1047309
1047738
1048261
1051168
1054290
1058657
1063905
1067543
1073852
1078229
1092858
1096176
1097372
1101865
1102660
1105141
1110965
1118883
1119124
1121628
1134997
1142142
1144651
1144736
1146517
1148600
1151516
1156089
1156475
1162014
1164435
1166023
1169530
1170052
1170519
1175438
1178159
1179504
1179761
1179913
1180710
1183886
1185128
1187892
1188408
1189989
1194431
1200055
1200084
1200700
1200937
1207716
1208196
1209207
1209317
1215722
1230240
1239028
1239382
1240003
1245002
1245365
1250453
1254074
1265040
1269295
1274802
1282222
1285464
1291338
1293995
1297172
1305709
1310773
1316435
1318159
1319710
1330112
1333550
1334497
1336230
1340377
1344142
1347143
1348542
1351844
1362922
1363159
1389377
1390493
1392819
1393200
1395168
1401471
1409416
1410212
1427647
1433139
1435490
1441817
1445513
1447205
1455149
1456615
1461147
1474006
1491214
1493284
1495757
1507103
1510107
1512702
1518978
1519213
1524156
1527230
1531869
1533096
1536675
1540219
1544116
1544625
1544673
1547165
1548765
1549234
1550483
1566108
1566262
1568657
1571165
1571995
1573896
1579083
1579554
1583747
1583972
1598286
1603586
1604061
1618843
1625837
1632020
1635313
1644250
1645770
1657654
1661721
1664906
1678752
1686260
1692875
1694906
1707294
1709279
1713857
1720744
1721830
1737967
1749155
1757920
1765986
1767738
1772142
1774384
1776819
1778649
1785389
1786852
1792258
1799089
1800391
1800556
1812978
1816984
1822505
1824848
1833906
1838966
1848667
1859754
1860571
1869490
1871041
1876346
1877258
1877777
1879429
1886103
1888634
1888652
1891152
1892181
1898245
1906148
1906753
1909173
1915273
1915914
1918378
1918766
1924413
1930277
1934132
1935474
1941867
1943157
1955870
1957547
1958037
1961967
1964346
1965859
1970047
1971166
1971275
1977983
1983186
1994025
