-1990773
-1990411
-1990023
-1986913
-1977313
-1954052
-1952587
-1940341
-1931645
-1926938
-1924727
-1922740
-1922445
-1918121
-1908725
-1908134
-1902039
-1900721
-1896836
-1896765
-1884096
-1882979
-1874472
-1874349
-1873626
-1872214
-1870440
-1867037
-1864726
-1858318
-1849542
-1842777
-1838398
-1835509
-1833348
-1832126
-1822451
-1810727
-1810611
-1796501
-1793374
-1791495
-1786389
-1786073
-1784867
-1779485
-1774947
-1766285
-1761637
-1756728
-1752761
-1749978
-1745617
-1745363
-1743120
-1742654
-1733402
-1733295
-1729118
-1728141
-1719067
-1718063
-1717753
-1714656
-1712951
-1712181
-1711152
-1708891
-1699352
-1692103
-1690230
-1687675
-1685195
-1678164
-1678089
-1677148
-1676421
-1670674
-1666625
-1662706
-1662258
-1661716
-1651035
-1648948
-1644933
-1638746
-1637318
-1636270
-1635086
-1627075
-1625278
-1623783
-1618843
-1616093
-1595691
-1586696
-1586273
-1573180
-1564620
-1562266
-1560108
-1550634
-1547468
-1546002
-1544676
-1544414
-1543129
-1541040
-1534190
-1533027
-1532217
-1527715
-1519073
-1518651
-1515941
-1513190
-1513006
-1507310
-1500699
-1500229
-1499183
-1485780
-1484589
-1481535
-1481023
-1473528
-1471379
-1467694
-1463280
-1463272
-1459050
-1452265
-1450484
-1440592
-1439970
-1425368
-1414534
-1412229
-1410680
-1410259
-1402356
-1392869
-1383978
-1377061
-1370048
-1368247
-1367162
-1361432
-1361308
-1359711
-1357201
-1346379
-1344751
-1333099
-1332761
-1331912
-1327899
-1322520
-1321838
-1308291
-1306033
-1305492
-1294719
-1290568
-1289242
-1283650
-1281937
-1279692
-1278578
-1276364
-1249888
-1249305
-1248799
-1248229
-1246950
-1239388
-1235820
-1228776
-1227038
-1223678
-1211769
-1209830
-1205145
-1198689
-1196877
-1190414
-1179206
-1177328
-1171132
-1161786
-1160415
-1156796
-1154119
-1150438
-1149046
-1141055
-1137660
-1136736
-1136727
-1133261
-1132660
-1131047
-1128256
-1124890
-1107167
-1107125
-1103742
-1100717
-1097768
-1096096
-1090155
-1087750
-1086528
-1083037
-1081457
-1075062
-1068767
-1061740
-1053617
-1051430
-1049911
-1046295
-1045924
-1044937
-1043396
-1038713
-1038494
-1033929
-1030992
-1030123
-1026285
-1021464
-1019399
-1017829
-1016945
-1016749
-1014924
-1013183
-1006560
-1004372
-995044
-992346
-988021
-986174
-981328
-973528
-972108
-959371
-953068
-944826
-937064
-931877
-925743
-922615
-922313
-921215
-913143
-911184
-909799
-905841
-903685
-895995
-887461
-884956
-870914
-859425
-858001
-850804
-848539
-842698
-839232
-839031
-838386
-836284
-835429
-834578
-824178
-822791
-822648
-816922
-814386
-806367
-803918
-799837
-797765
-791542
-783828
-781758
-772219
-768191
-765932
-761719
-759231
-757153
-754806
-744650
-742179
-741805
-739219
-729159
-726644
-724527
-721374
-720274
-715528
-707108
-700143
-699259
-698994
-697965
-693565
-687112
-686785
-684983
-684023
-676465
-673622
-669075
-666166
-664613
-664222
-663847
-661463
-653174
-649943
-648007
-646168
-641054
-640154
-631445
-620654
-613796
-613674
-612933
-609005
-607577
-597582
-595238
-593258
-589560
-589040
-583088
-577194
-576051
-567682
-564594
-562753
-560397
-557999
-554900
-554361
-551097
-550527
-540362
-535572
-533561
-533293
-529524
-528001
-526333
-524355
-520811
-514547
-511537
-501400
-499364
-497787
-497547
-493399
-492484
-491440
-489169
-484999
-478321
-475010
-470803
-467043
-465224
-459141
-452595
-452043
-444356
-443932
-442979
-435932
-429233
-428960
-427598
-426284
-423957
-422159
-422060
-416337
-413034
-406411
-404401
-403903
-403529
-398817
-390279
-388258
-385447
-377956
-377896
-373703
-370361
-367520
-350246
-339612
-337951
-333208
-329101
-328225
-325064
-321711
-319523
-319142
-318016
-317444
-310289
-304993
-295546
-293276
-291578
-287040
-284975
-276054
-274759
-273042
-264466
-261957
-255225
-253814
-253288
-241606
-241018
-237982
-236756
-231575
-226522
-223402
-222478
-222298
-218649
-218415
-217479
-204638
-204067
-201720
-197307
-194622
-191599
-190313
-186639
-186279
-183330
-183263
-178443
-175996
-175912
-175604
-170943
-167334
-165658
-161805
-158575
-154410
-154226
-149939
-147518
-146783
-132409
-130864
-128268
-123731
-120502
-115150
-110260
-98661
-92565
-86217
-85875
-80817
-79477
-77900
-69483
-57102
-49645
-39907
-35452
-27650
-24265
-22400
-18369
-17692
-15770
-12635
-7545
-4470
-3059
-5
5357
7260
13147
17196
17397
36873
41140
42821
43787
47664
47952
48881
54692
57617
61215
68359
70678
74291
79946
83450
85322
90274
104929
105765
111830
112743
123040
125855
130290
140802
141899
168179
168543
171521
174318
177616
182539
185669
190176
210634
211664
217265
218972
220008
221729
223080
228160
233328
234348
235399
237736
244027
247274
253927
267232
273716
281177
284407
285852
285857
289259
289454
291712
295788
310459
314585
331892
331943
356575
371686
375754
385913
386169
387739
390700
390913
391033
395146
397976
400669
401594
405000
405287
408171
411276
415420
416211
424694
428331
435184
435362
438131
439026
440476
441081
445125
445862
450848
454797
455988
456281
458491
460790
461472
463966
468927
472743
476873
476881
487937
494567
497530
503522
505859
508110
509660
511475
513279
517004
520931
540142
541292
542197
550442
553295
566046
571606
576596
578435
580782
581736
583201
583530
586120
586135
586939
588050
591872
592405
595913
599086
604196
613812
621209
624120
625006
626154
632664
634480
652543
679044
682439
686011
693180
695959
700983
704229
708886
723385
723550
724089
724878
728175
729850
729922
732521
735220
741696
750009
755730
765611
767649
769407
771375
771391
773340
773854
784808
794320
797538
798853
800474
801059
802977
815213
816664
817020
817244
817408
824488
826154
830025
830044
833799
839045
841773
848011
860374
864445
864518
866911
870777
877659
878642
888856
889204
889440
895051
902631
909244
913330
916061
916733
917588
917906
918245
919699
928211
930003
933869
934563
936654
941775
950464
961871
962676
965862
966438
975487
976651
978526
981176
982802
990738
993515
997080
1002031
1008976
1013841
1015010
1016439
1020145
1020570
1026519
1026649
1038041
1038584
1039050
1041354
1043674
1055316
1055893
1065573
1068067
1069222
1070130
1085184
1091618
1092542
1092546
1098674
1103408
1105141
1106057
1106499
1106717
1110732
1114754
1119439
1119968
1126439
1134533
1141671
1149090
1149558
1149709
1151660
1154744
1156009
1160773
1173312
1181167
1182228
1194184
1202694
1211450
1212793
1213657
1216063
1225133
1226854
1240371
1242088
1242268
1247899
1251836
1252862
1256933
1256999
1263208
1264348
1266782
1271688
1280471
1281663
1282476
1282858
1290305
1293036
1296072
1300428
1312192
1314570
1315487
1316134
1317702
1317951
1326055
1327539
1329431
1339256
1343284
1352324
1356155
1357220
1358336
1363044
1366532
1367307
1369242
1369560
1370124
1370430
1373749
1374486
1374860
1383982
1392768
1394035
1398791
1399804
1399947
1402225
1402722
1404305
1410689
1415748
1425793
1427202
1427469
1431063
1431123
1435599
1437843
1439782
1442730
1447061
1448523
1458361
1459333
1460361
1460412
1467727
1469641
1469957
1473490
1474762
1482714
1483179
1485160
1486046
1490478
1503613
1510218
1510425
1514660
1516775
1517563
1523868
1529234
1535087
1537836
1537906
1538680
1540432
1542524
1544344
1546978
1562191
1570492
1571789
1583179
1584469
1584701
1585330
1590154
1595846
1595918
1602375
1605535
1607966
1609290
1609981
1615458
1623622
1623709
1625988
1634862
1639310
1639894
1640743
1644886
1645882
1654509
1663667
1664177
1664448
1673431
1674657
1683233
1683482
1683575
1686962
1693193
1698298
1704990
1705037
1709865
1710578
1718663
1720643
1728100
1731341
1731515
1731650
1746720
1748619
1757533
1759004
1760867
1763345
1768381
1772679
1783460
1786985
1787711
1789326
1798869
1799224
1804449
1808862
1809403
1813537
1816647
1819807
1826365
1828230
1828341
1828893
1833360
1833409
1834705
1840697
1840918
1841775
1844481
1852582
1855456
1868264
1872058
1873318
1878407
1887455
1894988
1896693
1902065
1903583
1904271
1906953
1910656
1919475
1922617
1928890
1930725
1937931
1944713
1944866
1947911
1957484
1959993
1963408
1968248
1970402
1973431
1982756
1983518
1984515
1994233
1996675
