-1999468
-1999328
-1998011
-1997090
-1995043
-1986244
-1984077
-1979008
-1978804
-1975318
-1973449
-1968563
-1964183
-1953738
-1951681
-1946342
-1942631
-1940261
-1932098
-1928106
-1926398
-1925232
-1924689
-1920176
-1918771
-1915079
-1902859
-1902524
-1901798
-1898955
-1894091
-1892067
-1891690
-1888438
-1881604
-1877453
-1875315
-1873462
-1871330
-1867699
-1863762
-1858593
-1856083
-1855594
-1852456
-1850915
-1839384
-1835861
-1829869
-1828335
-1815041
-1814340
-1811222
-1807671
-1807055
-1802176
-1795533
-1788537
-1786969
-1784872
-1769154
-1768594
-1758988
-1756285
-1752925
-1751987
-1748816
-1740478
-1733059
-1725034
-1723600
-1721543
-1707702
-1703361
-1695946
-1693097
-1677631
-1677071
-1676195
-1675909
-1666423
-1666188
-1665707
-1665411
-1662566
-1650391
-1644261
-1643417
-1642490
-1640401
-1636956
-1635046
-1631176
-1626761
-1626657
-1625030
-1602083
-1596104
-1584975
-1576200
-1572148
-1570173
-1568018
-1564992
-1563449
-1562276
-1557371
-1553345
-1552604
-1544906
-1544510
-1542642
-1539663
-1538775
-1537864
-1537478
-1533760
-1533035
-1532487
-1532390
-1529166
-1526859
-1520369
-1515706
-1514342
-1512408
-1512332
-1508883
-1506656
-1499988
-1497237
-1496357
-1496092
-1481441
-1474483
-1472862
-1471280
-1466408
-1464829
-1453804
-1450140
-1442330
-1439421
-1429277
-1428186
-1422407
-1413663
-1401198
-1383740
-1378613
-1358867
-1354253
-1351804
-1348620
-1337615
-1337592
-1335960
-1331087
-1327680
-1324027
-1321657
-1318509
-1316889
-1316359
-1314388
-1302382
-1296767
-1296382
-1292681
-1290111
-1286334
-1281564
-1277733
-1276501
-1275677
-1274193
-1270861
-1267149
-1265245
-1262319
-1260895
-1254870
-1250089
-1247791
-1239929
-1237383
-1232928
-1231085
-1217270
-1214338
-1214122
-1212250
-1206109
-1195714
-1195333
-1194533
-1191551
-1191438
-1189844
-1184165
-1182372
-1169442
-1168903
-1167197
-1165839
-1152925
-1150482
-1150297
-1146154
-1143741
-1143127
-1137542
-1136107
-1133972
-1132494
-1128138
-1126521
-1124579
-1124506
-1122287
-1120455
-1116028
-1113179
-1110367
-1101517
-1096198
-1093174
-1089381
-1086909
-1086454
-1085272
-1083258
-1079104
-1066393
-1059910
-1058828
-1057178
-1053733
-1052720
-1052681
-1043394
-1027348
-1024149
-998108
-997630
-987160
-982354
-980159
-980108
-976422
-972377
-955696
-950830
-946529
-943109
-937561
-933303
-921426
-913856
-910929
-910233
-908447
-908084
-896662
-893460
-891414
-888910
-888801
-886278
-885986
-880001
-878831
-876319
-875321
-873896
-871733
-871729
-871184
-867278
-864831
-862357
-860800
-852951
-849930
-844076
-842912
-835670
-834666
-833862
-829744
-825847
-823340
-808124
-807671
-804439
-800687
-794113
-786391
-785206
-780907
-772752
-766276
-766127
-765007
-761550
-755034
-738793
-737846
-736387
-728344
-726399
-716444
-714792
-713618
-711616
-707537
-702922
-700996
-698682
-697145
-694798
-693963
-683182
-682093
-681649
-679443
-673087
-670509
-666566
-662494
-661903
-648501
-648342
-645426
-642518
-640992
-640874
-637865
-626004
-623261
-619699
-617846
-612327
-608902
-608562
-602322
-600190
-596859
-596465
-574232
-564804
-547223
-543269
-536954
-534162
-530983
-530039
-528489
-528484
-511657
-510022
-503567
-501422
-499995
-498654
-484457
-469588
-469555
-467138
-463060
-461724
-461708
-452539
-451780
-450705
-439762
-439394
-437452
-435293
-433178
-429751
-418368
-414232
-404521
-403002
-398291
-397089
-394969
-373492
-360744
-360535
-358500
-358244
-356756
-348698
-334761
-333700
-330780
-320153
-304997
-294412
-289090
-280270
-273585
-265507
-264437
-264211
-260699
-258816
-256043
-252827
-247661
-247327
-239227
-231709
-229047
-225513
-221677
-215745
-213765
-211769
-208090
-203775
-200973
-196602
-192979
-192790
-191004
-189745
-185932
-185919
-185230
-178584
-173884
-172608
-168498
-165087
-150217
-149179
-144851
-138546
-137744
-136393
-134488
-133678
-130446
-128458
-124868
-120834
-115900
-108464
-93604
-92784
-90170
-83095
-77667
-75751
-75218
-73745
-73245
-64500
-64023
-60716
-59778
-57766
-56440
-53249
-39054
-34926
-32029
-25949
-25108
-20931
-17816
-15674
-9278
-3809
-3592
-758
-590
3442
4836
7166
8821
9179
21206
22026
25275
25414
26095
29099
35968
39819
41256
48206
48255
74501
74906
80673
84381
89721
94740
95756
99731
101133
102015
107741
112941
123713
127489
133027
143421
144279
144653
145333
147821
158300
159825
160094
167512
167802
168300
169266
169443
171123
179949
185361
186565
194490
196608
199545
200436
202125
207225
216185
220732
222413
226544
241230
241487
247083
247172
247234
252792
259979
268967
270944
272589
276417
278806
281356
285637
287067
290657
296601
301784
304131
304416
312720
323532
324249
325799
335026
339813
351430
357053
364560
368083
369508
373186
379211
379930
386808
388547
393037
393132
395773
402987
409887
415741
416068
420260
421792
423621
424313
425501
426184
433541
437042
442396
444381
444419
445236
455512
464375
471298
477597
479782
484839
485715
486367
488485
494269
498796
498952
499696
503768
508979
510612
517461
517580
523814
529968
530138
540074
542860
545202
552219
563118
567014
567254
568218
577021
579032
587751
589403
595152
595552
602816
602864
613319
614104
614248
616886
619609
619630
620058
621669
627653
632875
638565
644443
650063
651074
656879
661462
665098
669616
679322
681193
685449
693103
695956
696489
696849
696893
699022
715304
718307
720172
722729
741210
745984
746224
746873
747127
749569
752573
754973
760384
762152
762284
765256
767405
774827
782392
786419
794321
794386
803333
807692
810488
813239
814685
815852
821411
826765
827251
830548
831664
831900
834405
841620
850190
851326
854953
856001
857538
857655
860152
860942
867886
868499
868618
868830
878822
882727
883081
885022
886420
888276
894182
899129
903816
905250
911404
915981
919444
919787
921385
925047
927327
927391
931455
933466
934330
935232
935399
938411
941260
943694
948967
950983
962359
966958
968376
971960
977418
979191
979379
992634
993775
994356
994366
995330
995457
996908
1005780
1010340
1017617
1018087
1019375
1019772
1022449
1022724
1026818
1028230
1030825
1032950
1034663
1036549
1038724
1045128
1052399
1052664
1056786
1057787
1059964
1066241
1073236
1075690
1076137
1076494
1077394
1080564
1081570
1090671
1098126
1100731
1104281
1104448
1105516
1113012
1114067
1122534
1125361
1126602
1130836
1135655
1141584
1144514
1153202
1156013
1156311
1158529
1159526
1175978
1179144
1187170
1199337
1202799
1202992
1205239
1208562
1213783
1215944
1220453
1222844
1224548
1224884
1225797
1228640
1230888
1231780
1246676
1249881
1250502
1252720
1252737
1258360
1258781
1280331
1282009
1285579
1294511
1303677
1309454
1312838
1321994
1326592
1327608
1328707
1331072
1332464
1332640
1334465
1341632
1344645
1359925
1362509
1368942
1380411
1380799
1389434
1392420
1392640
1393853
1397818
1400842
1403885
1404991
1406179
1410278
1410577
1412006
1413625
1414439
1415456
1418288
1419952
1426124
1427773
1446249
1449023
1450376
1454035
1455829
1456822
1461754
1464696
1473696
1488049
1492429
1493647
1499451
1500137
1501499
1501549
1502909
1505332
1507412
1512986
1518275
1519523
1529348
1543516
1544412
1547934
1548926
1548977
1556089
1558252
1568879
1571258
1580265
1585072
1590591
1593814
1603277
1603481
1605330
1606791
1608843
1608867
1611145
1611974
1613382
1617129
1624037
1625229
1629086
1630072
1633854
1637962
1647159
1647581
1652640
1656611
1661131
1665683
1671351
1671810
1679538
1681659
1686127
1692975
1693667
1702054
1703891
1708103
1716153
1717715
1718623
1719952
1720157
1722202
1726330
1736369
1741266
1747348
1748767
1751460
1754603
1764988
1768551
1768592
1773857
1777067
1777872
1789303
1790255
1795058
1795443
1798825
1801055
1804776
1813109
1816247
1817442
1823437
1840018
1843410
1844632
1850550
1855979
1878236
1879085
1890911
1897058
1910755
1910931
1911891
1912446
1915704
1920048
1925176
1925368
1935175
1935460
1941337
1945374
1948080
1949399
1951611
1953111
1954973
1957793
1965550
1967048
1968787
1974612
1976700
1978677
1980212
1984449
1987890
1988212
1989692
1994606
1995261
