-1994209
-1991310
-1990238
-1988793
-1984997
-1984489
-1978967
-1977414
-1977156
-1973290
-1972384
-1961558
-1955152
-1947760
-1940958
-1936859
-1935268
-1932210
-1926858
-1919858
-1919330
-1916367
-1912684
-1911874
-1909322
-1900119
-1896219
-1890860
-1889852
-1887280
-1881029
-1878483
-1869046
-1866315
-1863387
-1855024
-1842218
-1841060
-1838128
-1834033
-1832760
-1829777
-1827701
-1827520
-1827256
-1824689
-1822436
-1821149
-1817706
-1817662
-1814840
-1812734
-1806761
-1806646
-1801393
-1799900
-1799535
-1799322
-1791425
-1790610
-1789678
-1784311
-1779482
-1774725
-1773062
-1754246
-1754116
-1742743
-1739136
-1738736
-1735817
-1730032
-1728530
-1721685
-1718177
-1715845
-1713931
-1713315
-1711474
-1710126
-1704596
-1701992
-1700388
-1699708
-1697829
-1696773
-1695850
-1690514
-1686811
-1685085
-1680637
-1680160
-1680145
-1678818
-1678321
-1678077
-1675359
-1674446
-1673956
-1672629
-1672273
-1670457
-1662303
-1653725
-1649572
-1649269
-1644801
-1640629
-1640562
-1638455
-1637130
-1633842
-1628992
-1623263
-1620358
-1615007
-1608353
-1600840
-1599020
-1598985
-1598677
-1597794
-1595199
-1590091
-1586955
-1585337
-1578999
-1577638
-1570844
-1568503
-1558884
-1558230
-1549290
-1544577
-1540057
-1536555
-1535220
-1534530
-1532698
-1531998
-1529338
-1526303
-1517797
-1517267
-1511922
-1511162
-1503967
-1495024
-1494080
-1492329
-1489491
-1488940
-1485678
-1481825
-1468798
-1467848
-1445739
-1438719
-1435213
-1429573
-1429406
-1423993
-1423518
-1419510
-1419508
-1415495
-1411994
-1410709
-1406529
-1402839
-1393583
-1389637
-1389615
-1381879
-1376895
-1376871
-1375933
-1373386
-1372100
-1365979
-1361393
-1356021
-1354692
-1350375
-1349534
-1320590
-1320068
-1310495
-1300795
-1299513
-1298887
-1296029
-1290008
-1285560
-1281796
-1268010
-1267925
-1267066
-1266877
-1266242
-1262635
-1255908
-1254186
-1249809
-1249038
-1248075
-1246832
-1246348
-1245321
-1242902
-1240127
-1237053
-1235852
-1232239
-1225800
-1224236
-1223936
-1217773
-1217481
-1214304
-1211784
-1190659
-1188042
-1178629
-1177653
-1175924
-1174587
-1167733
-1164312
-1163612
-1162502
-1154076
-1141780
-1137078
-1131031
-1128862
-1122931
-1114150
-1113757
-1105311
-1104440
-1102566
-1101863
-1100706
-1100667
-1094529
-1093429
-1088818
-1086381
-1084638
-1080787
-1077973
-1075797
-1074322
-1072166
-1068954
-1066643
-1058328
-1058224
-1056299
-1055447
-1054517
-1054350
-1047692
-1046982
-1040571
-1035745
-1033877
-1033703
-1024403
-1020204
-1020069
-1019454
-1017553
-1015910
-1010303
-1008491
-1004997
-999129
-994707
-987806
-980372
-977962
-968533
-967445
-949122
-946176
-941183
-938444
-933802
-928332
-918283
-918270
-908793
-900453
-884785
-875037
-874722
-873785
-872261
-869305
-866881
-864787
-859154
-851446
-846764
-844326
-841278
-834840
-834008
-829778
-829315
-827228
-824213
-812883
-807408
-807399
-802736
-802686
-802425
-798782
-797300
-772346
-769629
-768087
-763035
-762116
-760795
-752560
-749299
-746417
-744147
-741185
-739247
-737730
-735263
-720257
-720252
-716084
-711164
-707870
-705708
-700125
-698862
-677259
-676667
-672884
-670759
-668564
-664315
-662313
-661330
-654026
-651798
-647191
-645722
-643356
-640392
-638168
-636187
-625122
-619094
-617651
-611059
-609380
-605915
-604634
-603778
-600463
-594735
-569126
-563667
-562413
-562330
-561834
-554107
-543172
-542633
-542110
-540983
-535583
-531214
-523709
-521417
-519228
-518393
-516979
-506660
-502711
-500419
-490991
-489232
-487654
-487158
-487059
-485619
-477053
-475392
-468250
-456810
-454762
-450768
-448217
-439918
-439364
-436051
-430641
-428587
-422883
-420195
-419923
-419360
-414233
-413047
-412203
-402667
-395588
-393424
-391589
-384792
-383185
-374946
-366945
-361775
-355283
-338306
-337123
-336978
-331827
-323297
-322659
-320191
-314425
-314198
-310095
-298070
-295132
-292334
-291577
-288659
-286999
-284408
-270871
-270132
-263340
-260840
-256679
-256395
-253633
-252538
-245394
-245351
-244591
-243688
-243231
-239683
-239361
-232185
-229038
-227587
-225264
-219456
-210141
-208547
-203258
-196414
-195417
-194744
-193711
-189744
-188754
-185146
-179534
-174708
-173107
-164176
-163749
-163182
-161483
-159674
-145802
-145615
-142023
-141577
-141330
-120805
-119975
-118804
-111829
-107049
-105561
-105551
-105236
-98067
-96142
-85130
-79489
-75570
-72483
-68038
-64153
-61944
-59737
-53953
-52600
-45476
-44190
-42411
-34812
-33458
-28341
-25803
-22520
-19736
-12004
4419
7350
12097
17540
22583
26615
30513
30964
33372
37261
42922
44404
46064
48995
49013
60491
60620
76575
87681
89721
93532
93713
93727
99142
102665
109421
115740
119032
119137
119984
121335
125096
127478
128816
130516
131774
133874
136909
138286
138596
141507
142571
147618
149716
151048
151461
152300
155098
155786
161378
162357
163761
166010
167054
178744
180406
182524
183131
191179
195234
195765
196179
202094
211651
213256
217282
220282
221956
222882
225266
228527
240697
241710
241984
242183
257513
258709
267631
272312
272554
273827
274894
283651
287176
289591
296635
297685
300494
301384
305999
314206
320175
324938
328562
330014
330870
335962
345860
357664
368191
371121
376679
379518
382220
385179
386872
390140
390157
394515
395583
398076
398077
407706
423823
429478
434285
435081
437113
441767
448105
448379
452063
453458
455972
460419
464966
466396
467789
468868
474982
478077
480950
483299
485117
488343
490941
492914
495390
497187
500522
504247
507670
509892
511791
512093
515370
521455
523309
525287
532423
534839
536115
539663
540158
541603
543387
547665
559530
560587
566134
567823
569331
575379
575591
581527
589095
593402
599563
601726
609332
610040
618764
619936
627184
635423
638336
646386
647056
667850
670278
675645
677565
678078
679488
681417
685842
690206
691996
698661
701566
708261
721701
732798
734211
737943
740071
741322
742558
743234
744400
746112
746393
751199
760259
767070
767513
773894
773895
776983
781232
781599
787171
787560
788813
797809
798268
798419
800132
801470
801799
803078
805760
809869
811684
813217
821943
826932
828655
831795
833103
845713
887704
890593
890708
893337
895818
896861
898090
898286
899289
914545
925204
942170
946934
949789
954951
965946
966974
972219
982669
983445
985574
990650
998268
1005896
1006526
1010608
1011250
1013286
1013839
1017638
1022865
1024966
1040660
1040778
1043012
1043153
1044628
1046611
1047872
1050772
1054220
1056377
1056507
1061377
1065604
1071762
1073185
1077975
1088117
1090860
1093621
1100869
1111385
1113350
1117529
1119415
1122727
1132618
1135038
1135898
1138057
1145126
1154699
1162520
1163611
1164265
1165306
1166432
1168743
1170274
1170797
1172469
1193361
1196951
1200389
1202450
1208709
1213047
1215692
1222139
1231856
1238500
1239497
1248212
1266539
1273414
1275443
1279888
1281417
1282123
1283273
1284736
1289599
1291525
1296992
1300302
1303459
1304487
1308065
1325285
1328419
1329237
1329331
1335316
1337333
1337564
1339813
1340054
1354428
1357254
1358396
1377804
1385859
1390500
1396481
1400083
1401364
1404993
1406381
1413872
1421825
1427546
1429090
1429839
1434124
1435646
1436120
1436348
1437139
1437797
1443829
1449701
1454581
1479854
1481354
1482522
1482880
1490548
1491156
1496341
1498308
1505672
1508878
1509905
1510698
1518638
1519790
1523702
1530386
1531217
1533405
1538692
1541925
1544642
1549331
1551014
1558186
1559208
1570463
1572837
1576214
1583408
1585609
1591680
1600066
1604132
1604531
1607849
1615053
1618809
1622259
1624427
1624880
1642384
1643589
1648063
1664327
1665170
1668321
1670076
1689746
1691049
1692253
1694269
1695328
1697442
1700778
1701724
1703282
1703640
1708238
1714032
1716727
1717511
1723473
1724371
1724633
1727603
1730834
1732968
1743729
1750476
1754392
1757009
1763605
1765175
1766457
1767293
1775482
1776716
1790585
1795013
1795182
1797478
1800914
1815433
1822081
1823644
1827010
1831684
1834127
1835463
1848351
1853759
1861174
1863303
1864060
1877947
1890215
1901715
1902575
1909853
1918842
1921106
1937349
1939449
1944327
1945405
1946520
1955078
1955498
1958606
1959115
1967162
1968469
1971552
1973471
1976528
1985248
1987886
1991081
1992456
1997236
1997484
