-1998675
-1996345
-1993237
-1988621
-1988323
-1987011
-1984378
-1982351
-1977824
-1970437
-1953122
-1952908
-1951432
-1950496
-1947572
-1946776
-1939548
-1934975
-1934307
-1933730
-1932783
-1931570
-1931334
-1927890
-1925628
-1918951
-1917628
-1915428
-1912544
-1908597
-1907295
-1901916
-1900093
-1899708
-1897303
-1895160
-1892528
-1892385
-1891028
-1862859
-1855892
-1852980
-1852839
-1851132
-1846104
-1843761
-1837687
-1836715
-1836096
-1830589
-1830533
-1829534
-1825855
-1816986
-1810175
-1800135
-1797938
-1796331
-1792408
-1790939
-1788988
-1783947
-1780224
-1760205
-1757722
-1756917
-1755780
-1752712
-1750153
-1748309
-1744096
-1741641
-1737827
-1732272
-1728555
-1728213
-1726358
-1722919
-1720006
-1719450
-1718714
-1718074
-1715311
-1709488
-1691641
-1683566
-1681327
-1678406
-1675578
-1668273
-1661036
-1658319
-1655482
-1655031
-1650287
-1647204
-1646183
-1643945
-1641959
-1640014
-1637439
-1635613
-1632162
-1628830
-1624071
-1620657
-1618822
-1618633
-1613307
-1606102
-1596676
-1593672
-1585416
-1578457
-1575545
-1574596
-1568413
-1562173
-1552680
-1546729
-1529982
-1519759
-1518863
-1514724
-1513081
-1507161
-1500047
-1498672
-1498515
-1495748
-1489204
-1479004
-1474808
-1473562
-1471379
-1464258
-1457650
-1447473
-1445882
-1444201
-1442092
-1440812
-1439988
-1439482
-1435326
-1435254
-1434503
-1430957
-1427897
-1423402
-1420075
-1415998
-1414439
-1400832
-1400472
-1395337
-1385579
-1383295
-1368853
-1362959
-1362335
-1360431
-1358001
-1355026
-1353160
-1352472
-1351188
-1348281
-1347781
-1346903
-1335472
-1326700
-1323847
-1311516
-1304964
-1304607
-1294271
-1293775
-1287026
-1285391
-1284777
-1273849
-1270159
-1264772
-1261649
-1261251
-1260401
-1257980
-1257544
-1253796
-1253788
-1248073
-1246035
-1246015
-1236236
-1234787
-1233946
-1232771
-1228861
-1222130
-1218562
-1212683
-1212303
-1212140
-1211552
-1210068
-1203040
-1195971
-1193300
-1193183
-1190442
-1190143
-1185527
-1182598
-1179433
-1176359
-1164394
-1162805
-1154277
-1150192
-1146879
-1142311
-1135349
-1131365
-1129797
-1125127
-1122103
-1118868
-1115993
-1112046
-1108924
-1107184
-1105891
-1092601
-1091647
-1088221
-1087234
-1080873
-1080639
-1079109
-1077915
-1076378
-1076005
-1065241
-1060556
-1060479
-1056737
-1041255
-1039184
-1030768
-1029879
-1026370
-1025527
-1020239
-1018270
-1017098
-1015369
-1015235
-1009293
-1009139
-1007228
-994170
-991242
-987896
-987847
-981736
-981328
-978449
-977635
-967981
-952051
-950195
-944763
-943447
-932310
-926406
-919261
-909890
-908607
-908340
-905808
-902723
-901972
-897579
-890059
-888968
-880062
-878973
-878691
-870539
-869588
-868131
-861248
-859485
-855174
-851429
-847983
-846751
-845480
-845138
-837091
-832223
-829258
-824146
-811507
-805710
-802563
-801869
-799611
-797439
-795743
-786951
-785461
-782826
-779362
-776357
-774996
-770067
-764745
-755438
-755064
-754689
-753746
-751315
-750396
-750256
-744629
-744606
-743691
-737104
-726784
-724560
-723823
-716772
-715090
-711369
-709055
-707606
-702622
-702025
-696356
-694856
-693828
-691957
-691807
-682354
-680079
-675326
-672870
-672586
-671097
-667981
-665524
-662642
-662526
-656429
-653434
-652829
-643959
-639973
-638329
-635523
-634842
-634713
-633670
-617413
-617252
-615182
-614524
-604203
-603513
-597054
-592799
-590454
-588239
-582151
-580189
-555152
-552105
-547752
-542017
-539242
-538986
-534790
-530432
-521471
-516079
-514493
-504587
-504348
-503330
-498911
-497891
-493075
-489864
-483434
-483426
-481679
-478166
-478044
-475401
-474376
-474093
-472610
-471980
-471601
-469557
-466636
-459531
-457686
-454588
-452821
-440209
-432252
-430659
-428547
-422150
-405243
-396742
-392964
-386620
-384749
-383261
-381089
-378676
-350734
-348032
-345884
-344456
-343050
-341308
-335756
-331249
-328283
-327694
-321646
-321466
-316240
-314476
-313658
-305009
-304229
-298119
-294588
-292854
-283398
-281855
-277022
-276435
-268516
-266478
-266026
-263052
-255060
-254604
-253227
-241563
-241445
-239091
-238005
-237172
-236202
-227293
-225856
-222568
-216657
-213934
-209483
-202685
-198427
-197332
-194533
-186344
-186219
-183771
-181020
-175208
-164614
-158408
-154862
-147654
-143939
-137471
-130218
-129775
-111554
-110397
-108479
-106586
-99368
-96305
-92867
-87687
-83090
-72063
-65345
-61355
-59653
-57592
-46781
-46040
-44748
-41179
-35814
-21931
-19956
-13621
-8876
-6278
2566
2704
3623
4582
6022
18449
21259
36230
39674
54984
62030
64414
71461
72297
76053
81940
82773
85762
88058
89113
90990
97116
101405
104719
107317
115864
119885
128686
133510
140256
167851
168706
169033
177265
177551
179003
182440
184472
187300
188750
195977
196060
196591
199391
206145
208051
214540
216867
221473
223634
224801
226033
229199
229751
233664
241754
241808
250104
251125
272711
279549
289198
290641
291430
293071
297127
300848
304952
316499
316540
327185
342019
352830
356815
358699
359336
361969
362802
373528
375633
381395
387169
390429
405069
407356
410760
417034
421437
426601
434868
439736
450239
450264
450373
462607
463257
469539
469759
475872
480157
483281
489128
493431
498933
499717
502069
503880
507138
507176
508288
511782
514245
519131
521614
526661
535756
536608
537963
539363
546903
549187
550577
551258
555773
558514
558808
559098
565192
565284
570525
573651
579056
582906
584178
590160
594435
595759
596719
613466
614474
624787
628487
629974
632436
651506
651864
652599
655299
655768
656485
656882
661128
663194
664230
665085
668091
669424
671727
673115
673636
675308
679568
680743
681796
687588
689061
690464
695658
696913
700066
702985
705691
709165
711392
713270
722421
722454
731220
740219
749708
768278
777278
779925
783936
784775
786096
789288
794971
795051
796665
798051
798446
798842
800959
804703
815320
816819
819630
820707
822322
830392
831200
834436
855482
863287
869138
870434
877995
881628
882591
883683
884997
890079
892744
892831
898794
904641
917203
921246
923850
928327
928618
930836
940473
943118
944604
957156
958914
962139
964265
968990
970320
973442
974897
984841
987079
987754
991121
995205
996044
996343
998989
1002741
1005845
1009189
1018292
1019098
1026677
1031293
1031834
1034739
1034838
1037030
1039845
1040068
1045099
1045513
1052026
1052764
1057604
1058241
1062905
1072267
1074147
1081438
1084075
1091218
1091653
1095541
1095618
1111564
1115618
1115642
1117742
1118732
1119229
1130476
1130478
1133371
1138098
1138146
1138894
1146164
1151920
1159715
1164145
1166274
1169587
1173772
1175273
1180885
1193063
1193488
1194707
1195417
1196153
1198434
1217819
1241998
1251505
1252765
1252968
1256446
1256541
1258299
1258364
1271431
1273028
1274211
1277245
1286257
1291394
1291904
1295456
1300351
1301851
1302581
1304620
1304624
1305572
1307859
1308276
1311572
1314625
1326006
1326054
1330285
1330455
1332544
1336435
1338638
1345549
1347212
1349301
1353529
1353660
1355265
1365632
1367030
1378851
1384018
1395729
1405993
1409879
1419056
1419563
1421407
1423387
1433961
1437396
1439244
1443194
1471696
1475207
1475593
1480735
1483122
1483143
1485385
1486830
1492686
1494586
1500726
1503974
1508649
1515133
1516284
1517374
1526562
1526890
1540183
1549317
1553508
1556028
1557469
1560750
1564758
1571849
1583049
1587009
1595792
1598576
1600922
1601953
1605643
1605674
1607149
1608984
1609436
1612418
1614868
1617288
1621954
1627291
1630120
1637582
1638401
1640056
1650469
1651414
1655001
1670062
1670705
1673369
1676317
1684195
1688627
1693264
1702586
1705229
1715782
1717941
1720074
1722758
1723433
1726466
1730774
1742227
1742966
1744270
1745935
1751047
1753181
1762827
1762848
1763089
1766713
1769552
1770844
1774113
1776655
1779563
1782623
1792204
1798509
1800715
1801078
1802152
1805029
1805880
1805883
1808053
1817408
1818251
1820603
1822333
1830183
1830403
1842210
1846845
1847711
1849201
1863784
1864595
1864666
1867250
1868392
1881276
1889171
1889217
1891530
1898676
1900085
1904983
1906326
1908595
1911323
1913144
1914500
1915597
1917339
1924039
1924107
1926212
1933691
1935934
1946880
1951713
1952047
1961732
1961776
1968758
1969930
1976080
1977325
1977652
1979841
1984664
1989757
1994302
1998744
