-1999496
-1998368
-1994784
-1994620
-1992889
-1989145
-1986895
-1980091
-1979388
-1976786
-1973046
-1972745
-1971466
-1964870
-1964523
-1961626
-1961477
-1960137
-1957696
-1957122
-1951952
-1944818
-1943739
-1942970
-1942675
-1940155
-1939247
-1938532
-1936391
-1936349
-1935882
-1934696
-1934465
-1929682
-1928927
-1925501
-1921342
-1921166
-1920337
-1908725
-1905863
-1903507
-1899792
-1899673
-1894261
-1892653
-1884691
-1884493
-1881880
-1870417
-1868335
-1866865
-1865358
-1864722
-1854957
-1850986
-1847416
-1844221
-1841476
-1837360
-1836690
-1836365
-1835732
-1835179
-1835014
-1834492
-1828731
-1827181
-1826160
-1822837
-1817222
-1815701
-1815486
-1796581
-1793921
-1793891
-1787395
-1786989
-1786803
-1785689
-1785590
-1784968
-1780172
-1777762
-1770890
-1769615
-1766206
-1762538
-1759102
-1758626
-1755016
-1750742
-1747790
-1738048
-1737770
-1735415
-1734680
-1732118
-1730622
-1727846
-1721623
-1721280
-1714456
-1710687
-1705701
-1703710
-1700035
-1699411
-1695226
-1689705
-1684068
-1682649
-1677774
-1665740
-1659806
-1656657
-1653274
-1647313
-1642323
-1634501
-1630194
-1621851
-1621282
-1611664
-1609076
-1601359
-1596404
-1593316
-1589735
-1588057
-1585042
-1584243
-1582278
-1576443
-1564760
-1555909
-1550781
-1549093
-1542223
-1537560
-1537365
-1532503
-1532278
-1531208
-1530029
-1529836
-1529112
-1528813
-1528298
-1522780
-1517957
-1509968
-1506640
-1506391
-1506383
-1500366
-1496062
-1492891
-1489231
-1486541
-1475959
-1475831
-1475339
-1474161
-1469017
-1467312
-1463533
-1446020
-1438734
-1437718
-1425632
-1425164
-1420576
-1399641
-1399490
-1389468
-1387029
-1386094
-1385735
-1384315
-1378985
-1371606
-1371600
-1369962
-1358402
-1355928
-1354921
-1352545
-1351556
-1350351
-1338743
-1325615
-1320311
-1319250
-1318886
-1316449
-1313586
-1308378
-1304408
-1304272
-1301543
-1297405
-1296445
-1292406
-1288934
-1284828
-1281552
-1278347
-1278218
-1277796
-1271394
-1267043
-1266610
-1253330
-1252979
-1248283
-1244501
-1233114
-1225145
-1224816
-1224756
-1217849
-1193722
-1193365
-1193089
-1192574
-1192392
-1187618
-1181872
-1180506
-1179305
-1176283
-1175477
-1168937
-1166530
-1166508
-1165765
-1161155
-1158724
-1149144
-1141159
-1130062
-1128394
-1126521
-1125491
-1121222
-1119957
-1118908
-1113834
-1110757
-1110052
-1105657
-1102387
-1093529
-1092074
-1085407
-1082993
-1077400
-1073412
-1068953
-1066604
-1060079
-1057273
-1056054
-1044488
-1017822
-1016711
-999059
-993123
-988226
-987691
-984987
-984862
-983877
-976600
-969839
-965783
-963986
-961955
-959815
-958706
-950508
-948832
-945040
-941637
-940435
-935438
-932047
-930344
-921768
-913233
-910406
-909027
-897088
-891737
-890441
-883143
-874790
-870805
-868302
-868221
-866086
-861213
-849543
-849283
-847981
-846472
-842876
-842602
-842221
-840287
-835786
-829264
-827702
-826519
-825927
-823692
-819682
-819187
-813844
-810368
-808098
-805553
-801524
-791029
-777130
-766638
-757283
-756322
-755244
-749938
-743242
-742516
-724425
-721273
-719915
-715840
-714350
-713297
-711923
-706926
-695439
-677035
-671514
-669481
-669041
-661043
-659239
-656383
-650587
-649129
-648578
-647507
-647368
-637004
-622490
-621997
-621335
-619995
-615540
-601581
-583183
-573718
-573568
-571239
-570413
-566876
-566849
-564235
-563694
-560992
-557863
-555197
-552826
-547327
-540570
-537644
-536593
-510748
-510271
-508224
-503592
-502940
-499342
-498294
-496055
-482176
-481185
-479214
-474312
-471097
-457699
-455593
-451531
-449574
-447140
-445641
-443729
-434648
-433355
-432917
-427918
-426941
-423274
-422974
-412931
-410218
-410167
-405182
-404307
-403651
-402752
-401533
-395793
-385578
-382026
-380878
-380389
-379909
-379283
-377081
-373685
-372006
-371697
-364395
-358122
-349615
-334254
-330193
-325909
-314427
-306098
-292521
-291769
-289550
-281412
-281375
-277430
-275185
-274221
-257533
-255955
-241960
-240481
-235064
-234559
-231370
-230158
-221080
-219353
-219153
-217266
-215048
-214709
-213944
-212938
-211683
-211368
-210209
-209756
-208097
-200570
-194685
-192380
-191987
-190231
-183956
-181944
-176798
-176217
-174668
-171453
-165178
-164991
-161317
-160802
-156037
-154572
-151611
-147200
-139280
-138982
-134240
-131900
-131486
-128891
-127649
-126042
-125645
-123411
-108914
-103459
-97831
-96599
-94409
-93635
-91634
-87570
-84194
-83474
-82853
-82504
-82478
-80885
-76762
-69511
-66722
-61377
-59258
-57667
-52992
-52384
-52381
-51808
-51198
-48124
-35597
-31346
-23152
-20680
-18601
4990
7680
10524
23285
28728
34007
38861
41755
50823
52079
53055
63477
66497
70713
71626
75595
76322
85101
91689
106692
107490
109840
115597
118142
121044
122412
131948
133387
133475
135053
138767
138775
141343
141713
161205
164618
174301
174594
189254
198368
207901
214099
214376
227967
230068
234285
239573
244552
247746
250105
251606
254834
273860
274355
278843
280327
283393
284226
286104
288079
288425
294345
294521
295419
297998
305203
312716
314229
314501
320266
320674
326352
329338
332297
340542
341495
345604
349583
352518
357309
366011
366440
367180
379322
384131
386899
386993
393696
410672
412241
414803
422000
422894
425407
428067
435849
437443
438194
440718
450591
454928
465891
466011
469252
471556
478456
478769
481855
490931
493685
503690
505048
507914
508719
513546
514815
519925
529589
529623
532597
533054
534295
538969
539047
547448
547886
550830
553427
554025
555214
559465
566967
569824
570471
576267
584085
598474
599130
599590
606272
608678
612452
614689
616263
616481
619602
625522
631111
635114
635630
636888
637204
637680
640427
648841
654250
663484
663589
664476
670003
671303
677138
677145
684775
694994
696241
697365
701173
708363
710576
715066
718760
721147
727652
727887
728628
731201
731352
733641
736636
737333
737396
737784
738784
740381
745337
747282
749956
750664
751035
751249
752017
755929
756290
763355
771502
773531
779326
781885
783300
783956
786973
787046
790581
792616
797087
798849
801410
803253
807454
809844
811383
813395
814344
814573
814903
819137
819876
820091
820833
829802
832446
836590
840037
841785
842116
848855
857812
865444
871512
874822
875160
876681
881346
884187
887274
889214
892308
903764
905266
906438
917684
918433
920344
929732
930065
930811
933703
944748
945733
948468
956676
958925
965055
968320
970083
973981
974846
979290
984369
990407
991365
993269
995390
1001736
1006400
1006852
1016305
1017837
1033655
1035369
1038374
1042401
1044453
1044984
1051011
1051395
1059460
1066640
1072050
1100757
1101215
1110583
1114541
1124874
1126058
1126448
1127828
1129694
1132444
1141053
1141078
1142791
1143968
1144159
1145279
1157215
1167732
1170754
1170762
1173849
1181113
1181887
1184488
1187455
1193464
1193922
1206415
1207042
1208569
1211277
1211314
1212032
1213240
1220892
1222077
1235533
1240383
1249646
1249890
1253906
1259026
1259549
1260899
1264178
1283487
1289330
1291075
1298685
1299746
1300816
1310685
1315743
1322242
1334558
1349633
1355818
1357158
1358247
1358995
1363360
1368665
1387594
1388556
1393802
1395780
1397622
1399208
1408512
1417002
1419825
1435346
1437539
1439967
1444046
1444248
1445375
1450987
1462404
1462515
1466305
1473555
1479311
1480526
1490467
1496007
1504314
1505120
1505830
1511510
1513260
1513689
1515027
1517338
1517702
1528123
1531899
1532656
1538663
1549431
1549706
1551728
1553877
1557658
1558248
1562371
1576305
1578705
1579603
1581909
1596680
1602506
1606646
1607969
1615655
1629723
1648567
1648572
1652804
1661123
1662697
1680139
1680961
1681923
1687289
1691344
1692619
1692796
1694538
1695334
1703038
1703809
1723314
1727193
1729713
1732679
1736523
1740770
1744609
1746483
1757328
1764449
1769866
1781302
1783002
1783056
1783764
1788101
1799367
1804254
1823557
1824872
1833035
1835802
1837635
1838044
1848605
1852472
1873926
1878114
1879450
1880301
1882614
1890540
1898458
1899572
1900843
1902047
1907502
1909413
1914664
1915157
1917273
1923786
1924451
1927746
1936287
1937754
1941812
1943056
1948862
1949883
1950286
1950781
1967342
1972082
1972715
1973726
1974982
1976267
1980360
1981187
1981418
1984200
1986886
1987393
1988608
1993193
1996232
