-1996061
-1989650
-1987969
-1985473
-1983054
-1981775
-1978022
-1971081
-1967214
-1966840
-1961655
-1956243
-1946086
-1942321
-1935178
-1921680
-1921479
-1921348
-1920546
-1920048
-1914177
-1911941
-1908128
-1906825
-1905779
-1899436
-1894407
-1886463
-1883999
-1881092
-1880413
-1879628
-1877123
-1871611
-1871223
-1868218
-1866273
-1857008
-1856409
-1853850
-1850792
-1847497
-1844337
-1837826
-1837063
-1835315
-1826069
-1816871
-1814171
-1807912
-1806161
-1792490
-1789341
-1787618
-1779917
-1775951
-1775420
-1766962
-1762486
-1751678
-1750766
-1743068
-1734554
-1734474
-1731594
-1731011
-1727177
-1724266
-1721264
-1720145
-1713266
-1712723
-1710372
-1703386
-1695886
-1692594
-1688217
-1686409
-1685964
-1679454
-1668066
-1659504
-1655449
-1653724
-1649363
-1646357
-1646260
-1643118
-1636154
-1634814
-1634324
-1629318
-1627837
-1611283
-1608097
-1598971
-1592795
-1591807
-1591096
-1590369
-1590028
-1589289
-1587999
-1587417
-1587230
-1587153
-1585453
-1579374
-1571083
-1568732
-1566514
-1559230
-1558944
-1557645
-1552884
-1548865
-1546847
-1546646
-1545547
-1545539
-1544419
-1544232
-1544060
-1544000
-1540744
-1532057
-1530010
-1524430
-1517535
-1515107
-1514458
-1510935
-1510779
-1510277
-1500888
-1498768
-1497170
-1495271
-1493747
-1484081
-1476305
-1472738
-1462323
-1456341
-1440106
-1433654
-1433482
-1431233
-1429949
-1429379
-1427323
-1426352
-1418239
-1416281
-1415721
-1413303
-1409732
-1406753
-1404216
-1396253
-1396149
-1394575
-1393032
-1386104
-1377374
-1371773
-1367042
-1366742
-1366508
-1363839
-1362215
-1360323
-1358879
-1355644
-1348821
-1346540
-1344582
-1344540
-1342109
-1340224
-1337665
-1334115
-1332983
-1329595
-1326003
-1324438
-1324194
-1323697
-1310190
-1300956
-1298024
-1293380
-1289257
-1286528
-1284807
-1277223
-1275406
-1270762
-1258929
-1250745
-1249968
-1248176
-1242738
-1239929
-1239091
-1238731
-1234925
-1231860
-1221618
-1214998
-1211780
-1203655
-1202289
-1202035
-1200554
-1200255
-1194519
-1192117
-1186689
-1177521
-1174663
-1171934
-1162518
-1160106
-1155455
-1148219
-1129311
-1123758
-1119452
-1114866
-1110831
-1099615
-1097092
-1091136
-1086250
-1077630
-1076074
-1072012
-1064011
-1062525
-1055896
-1049961
-1047847
-1047845
-1047579
-1035028
-1028146
-1019153
-1014467
-1014104
-1010162
-1005764
-1002424
-998880
-991076
-989788
-987468
-979206
-974169
-973452
-968623
-966384
-966332
-954331
-948640
-944685
-943365
-931883
-930973
-921611
-916279
-910587
-905042
-902763
-900112
-898978
-893165
-892396
-889382
-885612
-885270
-881330
-880162
-879470
-877007
-869332
-865706
-862796
-855856
-855726
-853669
-852338
-852286
-852199
-848586
-844316
-843789
-839144
-835536
-833068
-832948
-824833
-823778
-818147
-812230
-808143
-807121
-804943
-797556
-795089
-790953
-786135
-783459
-778339
-776915
-776065
-774690
-774227
-774155
-769838
-769689
-769188
-763924
-762272
-759643
-758753
-758523
-758137
-754956
-754165
-752178
-750404
-746614
-744597
-739514
-737757
-731661
-718942
-717890
-711867
-704318
-697335
-695916
-694246
-692761
-686443
-685270
-683904
-682966
-679116
-677447
-676551
-674699
-673012
-672817
-669508
-666998
-659948
-658213
-653824
-645585
-641411
-641354
-637922
-635417
-627421
-626127
-619077
-615452
-614880
-612264
-604351
-602892
-592360
-591626
-589628
-587810
-587124
-585819
-581053
-575772
-574697
-572029
-571958
-571211
-569056
-567766
-564863
-556613
-554534
-553135
-549964
-549297
-542894
-539995
-531347
-529370
-517903
-515661
-506111
-502719
-495545
-487537
-473672
-472305
-471597
-470600
-470458
-462108
-447396
-435016
-434367
-430498
-427519
-426557
-424732
-423095
-408198
-406051
-400520
-374785
-373843
-372447
-371513
-367909
-367815
-367696
-367577
-365254
-358722
-358051
-358010
-354397
-353094
-346992
-345235
-343311
-340756
-338221
-336939
-335550
-330708
-325142
-324181
-322432
-319731
-318665
-311813
-310166
-307264
-304404
-297333
-290567
-284018
-263828
-260667
-255134
-248476
-235891
-227962
-226776
-223669
-222068
-207662
-206473
-204945
-201075
-201063
-200928
-197923
-196726
-193681
-189760
-185668
-185023
-183623
-180429
-180121
-172670
-171203
-170296
-168981
-160473
-153919
-152608
-151326
-150877
-139778
-139452
-126852
-119843
-117172
-106045
-105789
-102342
-101804
-101722
-91994
-91937
-91092
-87547
-86800
-85481
-81852
-79355
-78351
-76469
-76233
-48014
-41431
-32091
-30151
-27555
-26525
-25600
-23735
-14810
-10341
77
2026
2035
2722
7570
10094
23126
23893
29602
37552
38072
39426
55420
59860
62393
65610
67176
75833
86279
90939
111836
114873
117965
119389
121727
128880
132425
138593
146389
155317
155637
156551
156748
156774
157219
163466
172117
175440
176750
183572
187790
188801
190227
190922
194210
194684
197516
210963
213253
218039
218954
222721
226122
226376
230961
231643
242190
246620
258015
261227
263324
266910
269019
272683
276391
277247
277801
280583
281201
281958
287795
291040
299731
306928
311131
313726
317505
321487
322943
324904
326910
331291
333772
335464
336359
338432
345645
345943
359684
360737
361234
370676
372013
376432
384831
386807
389542
392833
393737
395300
411871
424196
424932
426775
426946
427226
431361
435475
438001
453449
457492
463627
469390
478949
483842
483886
489384
495955
499939
504671
509324
509978
517888
518181
518459
522909
528893
531012
534326
540509
550556
552567
558894
564173
567802
569428
571240
572655
574591
583532
586857
600799
602555
605110
608722
614048
619066
620217
620480
637760
649076
652474
656418
659918
662833
671113
672667
675359
675695
677975
681911
688234
692484
696415
696504
699126
700311
708228
719122
726205
728023
751237
754992
755058
760124
761314
764649
767833
772464
779302
783828
783931
784613
788042
795451
798232
803614
806185
809559
816193
822536
823762
824490
827042
830616
830873
840160
842636
851365
852096
852335
855242
856439
861208
864968
865599
866742
869661
891999
896541
896998
898350
904252
908796
913967
916637
918154
923246
925189
926465
933623
943020
946253
949844
950431
954269
955428
960478
961036
962822
963964
966230
967549
968877
974060
976054
979274
984828
987114
990486
990793
991114
991887
994117
998296
1006208
1006559
1009960
1017075
1020949
1026216
1030948
1032584
1032799
1034342
1040469
1041729
1048273
1051548
1066436
1069772
1070700
1074605
1078530
1088033
1091790
1092457
1094450
1097366
1103247
1103318
1108835
1109753
1110964
1119265
1120168
1122788
1123136
1125331
1134762
1135510
1144439
1157388
1163235
1163644
1165839
1167877
1170352
1179643
1184453
1187572
1189716
1191194
1196819
1203100
1203188
1203749
1205615
1209636
1210695
1215943
1223597
1230645
1231791
1232058
1236227
1236276
1245426
1253106
1259078
1259192
1259856
1260014
1261367
1269481
1275005
1276599
1276985
1284269
1284830
1286477
1292923
1295466
1309109
1310324
1315090
1315241
1316421
1316775
1317793
1329882
1342047
1347490
1349814
1351238
1361996
1364817
1367385
1371886
1373116
1377482
1395728
1396344
1399166
1399206
1408795
1417137
1419326
1419419
1426336
1428382
1438132
1439213
1439420
1441369
1460524
1470365
1470401
1472294
1472341
1472921
1477478
1480097
1483756
1488261
1492305
1498178
1500719
1505706
1505708
1506075
1507331
1512362
1515392
1516927
1521953
1525146
1525336
1525548
1526664
1544216
1546577
1546745
1548906
1553775
1559811
1576912
1583666
1585024
1585441
1587557
1599561
1601996
1602376
1603754
1606083
1610993
1612694
1618435
1627127
1629530
1630605
1632813
1636444
1637142
1638477
1649440
1654683
1655393
1659693
1667507
1672523
1679318
1693245
1700164
1704037
1705324
1706890
1711022
1717600
1724322
1727121
1727947
1739219
1741688
1744608
1745449
1746956
1754127
1756002
1779558
1780773
1781892
1796637
1797698
1800882
1802372
1805772
1810121
1822414
1835042
1839945
1840007
1842321
1844087
1847718
1853098
1855815
1859081
1859223
1867652
1869170
1885296
1890393
1894369
1911791
1912071
1917627
1919102
1935348
1938182
1939018
1945384
1950411
1952955
1957871
1960214
1961958
1963210
1963380
1967921
1972512
1972559
1974944
1978075
1979221
1982207
1984394
1987430
1988080
1997828
1998390
