-1998809
-1998119
-1996011
-1995925
-1995529
-1995136
-1994663
-1992211
-1983111
-1981315
-1979523
-1979096
-1977124
-1973448
-1972844
-1971330
-1962040
-1954309
-1951608
-1942557
-1935142
-1933518
-1927236
-1917564
-1914054
-1910340
-1908255
-1907256
-1896270
-1885392
-1875729
-1875016
-1868337
-1863858
-1857818
-1848116
-1845439
-1844511
-1841718
-1840374
-1837814
-1825217
-1824915
-1824211
-1819181
-1818947
-1818782
-1813788
-1811434
-1808813
-1808155
-1802285
-1801996
-1798624
-1796574
-1785107
-1777936
-1776231
-1772391
-1772154
-1764783
-1764013
-1759217
-1754728
-1754504
-1740985
-1736718
-1733365
-1724944
-1723303
-1720963
-1716966
-1713859
-1712077
-1707525
-1700742
-1691648
-1685491
-1684970
-1683818
-1683655
-1676122
-1675790
-1675166
-1673520
-1658154
-1655548
-1637551
-1635335
-1635118
-1631581
-1627057
-1624170
-1617453
-1612781
-1609269
-1606546
-1605870
-1599201
-1597316
-1594689
-1590289
-1587549
-1575733
-1573059
-1570623
-1566632
-1563769
-1563216
-1557260
-1553264
-1553126
-1553102
-1552652
-1544050
-1543566
-1539589
-1539064
-1538090
-1529053
-1528476
-1521013
-1514418
-1512173
-1511532
-1509270
-1506084
-1505525
-1500700
-1492091
-1491657
-1491170
-1486246
-1483469
-1482946
-1482915
-1471414
-1470126
-1463385
-1462890
-1458722
-1457599
-1455094
-1431009
-1428290
-1427849
-1411066
-1405894
-1405464
-1404446
-1398667
-1397745
-1397662
-1395069
-1394694
-1391908
-1387581
-1385472
-1384486
-1382576
-1380660
-1377828
-1375220
-1374263
-1370349
-1364958
-1363007
-1362531
-1355080
-1353879
-1348216
-1347385
-1344787
-1341952
-1322938
-1315620
-1309411
-1301818
-1297084
-1290233
-1282479
-1278956
-1260641
-1257683
-1255871
-1255086
-1251829
-1250760
-1245505
-1244834
-1241991
-1239245
-1238919
-1236863
-1233797
-1230796
-1226613
-1223139
-1203332
-1201987
-1197910
-1182382
-1179984
-1177535
-1175355
-1173490
-1173023
-1171389
-1171281
-1166428
-1165241
-1160239
-1159814
-1156412
-1143763
-1141182
-1140934
-1123410
-1122184
-1119459
-1119027
-1117914
-1107766
-1101382
-1095748
-1095682
-1091481
-1090406
-1085101
-1083123
-1081893
-1063407
-1051574
-1044822
-1044330
-1037428
-1028625
-1027572
-1026963
-1019091
-1017946
-1017665
-1016959
-1011488
-1008198
-1000276
-991106
-980961
-974659
-971712
-966084
-960519
-959359
-958631
-953708
-950877
-949897
-944489
-936100
-931039
-927361
-925462
-917593
-911208
-900905
-900291
-900002
-895135
-892198
-890704
-889423
-887165
-884646
-878578
-869706
-865038
-863474
-857597
-857329
-850292
-849036
-845404
-844995
-841568
-840523
-834403
-829192
-826125
-824029
-822237
-819228
-808611
-803998
-798566
-797517
-796721
-794194
-791677
-791056
-788303
-786344
-786095
-785110
-774127
-768741
-759827
-752072
-746913
-728192
-727468
-720156
-713124
-711900
-711692
-710823
-710350
-704974
-701881
-701327
-694353
-693202
-691464
-690612
-689310
-689207
-686622
-683571
-683426
-678529
-678326
-672727
-672272
-670738
-669334
-665307
-664236
-662544
-645438
-634422
-626995
-623771
-623305
-622533
-619988
-617580
-613953
-612567
-608124
-607746
-598550
-597934
-591337
-588394
-585512
-585027
-583028
-582140
-579123
-577686
-576305
-573867
-570590
-564347
-563612
-562199
-561635
-556596
-553209
-545473
-542468
-542127
-536286
-534974
-529820
-527975
-527552
-523950
-523285
-522736
-515844
-514741
-504373
-499723
-494177
-493891
-490052
-488743
-486583
-483953
-472190
-469048
-464168
-455145
-452975
-448721
-444289
-442638
-438738
-436015
-434629
-431506
-426236
-421124
-418636
-413550
-393778
-392335
-389565
-388800
-388106
-387663
-384264
-384213
-378251
-377945
-377605
-369389
-369206
-364069
-359565
-356601
-352996
-352261
-350805
-343867
-341998
-339949
-336675
-331790
-329803
-329593
-328658
-326386
-314827
-313130
-312693
-305557
-304199
-295141
-291761
-283098
-278082
-275552
-274082
-271326
-269929
-265974
-263312
-261891
-257654
-254325
-247424
-239829
-239098
-236938
-236426
-234645
-227036
-219051
-215166
-213688
-213136
-206112
-202086
-201137
-199827
-192701
-190111
-184143
-170184
-167883
-163308
-162213
-155136
-153419
-148523
-145352
-142965
-138110
-133643
-129960
-115206
-111462
-93898
-92556
-88620
-87713
-87687
-85556
-85173
-71585
-71367
-69915
-65476
-62651
-61588
-60520
-60028
-54417
-53812
-42327
-41809
-34532
-33777
-32431
-27338
-27232
-23560
-16681
-16012
-9823
-8632
-8345
-8100
-2872
-1398
-1142
-905
-201
211
4148
8468
13970
16134
17573
25159
26000
26555
27896
31677
34297
41955
43509
51875
53383
56128
57110
58184
62755
74391
75147
76008
83544
87908
91863
94681
100275
100594
103754
110950
111626
114344
115582
115795
116407
138200
138626
141160
144702
147620
148970
152232
157136
162890
166911
167436
168369
170314
171229
176938
178688
179688
182930
185262
188241
188366
188645
191303
192341
194461
197375
197538
197812
200208
200603
201761
202329
212868
219632
231033
232756
235296
236239
237741
239109
244910
248346
248534
257944
259884
263042
265643
268727
270337
274801
276949
277393
283213
287196
289615
295555
304974
311644
311773
323669
326776
328363
338171
340663
347405
347692
348062
354410
354781
355915
356033
366860
369709
382121
383042
386706
389604
391186
392618
393357
396900
399627
413080
416339
417130
423516
427143
427265
428319
431056
435002
438596
443445
444576
469219
470342
478750
483640
488603
499466
502562
504376
504445
514916
517136
520429
521692
522126
529147
534764
542262
547897
550752
550922
551117
553500
563221
563621
565050
569854
574162
577851
584684
600400
600817
602342
608172
612613
612616
614837
615742
619493
622851
623235
627234
635122
636898
640209
643875
645349
648069
657160
676021
676192
677199
704509
708070
714184
716661
716704
717285
723343
725735
729532
734468
737659
740137
745497
745791
747289
747759
749884
764988
766316
769029
769432
773409
782207
786037
789101
792094
794365
797755
798692
799612
805284
807184
813565
814679
816528
818193
818380
818383
820589
822255
828013
830025
831888
832015
833200
837427
838194
850346
851373
852004
857475
870429
875848
879435
889558
891812
894438
897083
898830
906015
917921
927753
932099
933134
937398
938865
940596
946577
949016
955898
959732
964976
965936
968757
978941
983254
990760
993571
1001562
1007690
1010630
1014423
1014607
1017656
1019850
1022237
1023386
1025573
1029309
1038675
1041155
1043102
1043421
1049821
1051894
1055446
1063712
1068581
1068783
1069245
1070759
1079641
1081512
1096683
1107361
1115391
1125448
1129649
1130731
1136487
1137863
1138467
1149146
1152299
1157402
1169853
1172195
1174135
1174689
1176135
1178779
1188992
1190913
1195304
1196042
1197411
1198306
1203787
1206593
1221588
1221946
1241199
1244685
1258355
1258624
1261343
1261716
1267386
1269355
1270354
1271684
1276540
1277803
1279394
1280566
1282488
1294674
1295653
1298323
1299271
1302124
1317306
1318191
1325498
1338868
1339091
1349490
1355067
1359990
1378804
1379545
1383386
1387046
1388262
1389853
1391853
1393016
1394763
1394891
1397413
1399020
1403219
1404281
1407791
1409589
1425736
1425928
1434546
1436748
1437292
1449744
1450922
1459188
1469292
1478698
1480046
1480859
1483594
1491253
1492179
1502224
1502877
1511013
1519263
1524680
1526893
1533712
1533865
1533956
1553275
1558861
1570935
1577435
1585358
1590074
1593941
1597887
1599504
1603526
1604830
1605386
1605743
1618541
1621390
1627208
1633499
1638843
1640123
1655924
1657868
1658493
1667712
1669959
1673395
1674960
1686092
1706894
1706945
1710267
1714203
1715571
1715722
1719316
1723884
1740645
1744673
1752114
1755978
1758326
1762904
1773540
1774871
1776127
1776191
1780914
1781309
1787809
1789495
1794693
1797495
1801954
1802540
1813136
1813349
1819303
1828023
1829879
1837663
1838032
1842753
1848395
1848913
1853240
1857552
1861903
1864637
1865680
1865777
1872798
1873369
1876943
1877592
1880253
1888162
1890141
1892658
1906444
1919612
1921386
1922171
1923773
1925277
1932495
1932819
1934065
1936204
1937169
1944820
1945182
1958298
1958866
1961487
1962033
1965571
1966659
1967181
1970653
1975189
1975340
1985688
