-1998280
-1990116
-1989508
-1986368
-1985725
-1974993
-1972296
-1972283
-1962275
-1959498
-1959215
-1958138
-1948423
-1947219
-1944164
-1941298
-1935108
-1931743
-1930881
-1925959
-1925517
-1925057
-1920688
-1916057
-1910459
-1910412
-1908122
-1908071
-1901548
-1900244
-1899940
-1888580
-1884767
-1870075
-1862476
-1860347
-1849052
-1844692
-1839745
-1838216
-1826940
-1822288
-1822076
-1815069
-1814976
-1808479
-1805010
-1798080
-1796153
-1791454
-1791170
-1790892
-1785414
-1785232
-1785053
-1782145
-1778858
-1778595
-1776660
-1763637
-1760943
-1758328
-1751252
-1747640
-1742348
-1730764
-1728604
-1728112
-1724179
-1709198
-1704138
-1693148
-1691862
-1684870
-1683256
-1671895
-1667192
-1661431
-1657571
-1656602
-1653647
-1651138
-1650524
-1648174
-1631503
-1624764
-1619700
-1615924
-1607779
-1607757
-1599420
-1596336
-1593404
-1591624
-1590703
-1589852
-1586762
-1584425
-1580125
-1576054
-1569505
-1562433
-1554591
-1547830
-1547032
-1547022
-1542005
-1532709
-1531452
-1530286
-1524105
-1521568
-1520987
-1513566
-1508073
-1505103
-1500666
-1499522
-1499416
-1499379
-1498113
-1493943
-1493263
-1491568
-1479647
-1477533
-1475270
-1471645
-1468528
-1464604
-1463033
-1456563
-1455105
-1454951
-1454849
-1453411
-1449931
-1446269
-1444504
-1434773
-1432588
-1423934
-1421567
-1418026
-1411970
-1400182
-1389750
-1382140
-1381312
-1380276
-1379701
-1371807
-1371612
-1371230
-1365155
-1360288
-1355007
-1354680
-1353968
-1353051
-1353005
-1350993
-1348883
-1345266
-1344029
-1339722
-1337712
-1336686
-1334748
-1334451
-1317564
-1316962
-1311935
-1291055
-1285747
-1282969
-1282299
-1280987
-1269961
-1266425
-1261844
-1261583
-1258764
-1258437
-1258209
-1257808
-1256400
-1255973
-1255815
-1254020
-1250142
-1247789
-1246470
-1244933
-1240448
-1234792
-1234312
-1233548
-1229922
-1229278
-1222776
-1213281
-1212384
-1206420
-1203400
-1202239
-1189280
-1188653
-1188615
-1188179
-1172734
-1162846
-1160709
-1155797
-1145271
-1130247
-1129888
-1126600
-1123073
-1122897
-1114623
-1113312
-1112824
-1106299
-1103427
-1102945
-1091045
-1079014
-1073618
-1072568
-1058912
-1055655
-1050474
-1045607
-1044720
-1044195
-1036622
-1035931
-1033393
-1032739
-1024341
-1024236
-1023481
-1019673
-1018059
-1015195
-1008291
-1006768
-998932
-995524
-992529
-991680
-990339
-986337
-978664
-971616
-971157
-969901
-966092
-962097
-958957
-957055
-955005
-946811
-945765
-939051
-931167
-920735
-920083
-919405
-916189
-909623
-904587
-901276
-900289
-894127
-892061
-890530
-888975
-884337
-876276
-870042
-867794
-864853
-861345
-860018
-854844
-851546
-845562
-832320
-831160
-830187
-826527
-817166
-812886
-810559
-809465
-806423
-803105
-797966
-797658
-794094
-792420
-786650
-785197
-781444
-779045
-775188
-774321
-774145
-765399
-762670
-759542
-749944
-749942
-745433
-741046
-735199
-733116
-731193
-730869
-729101
-728614
-725309
-720946
-718371
-716422
-715284
-707894
-704773
-702304
-702221
-698728
-695381
-690225
-689055
-687312
-667660
-665037
-662558
-656337
-653391
-649508
-640730
-637233
-634127
-627363
-624499
-623823
-622788
-618517
-618077
-612055
-610120
-605400
-600439
-599703
-597262
-591297
-589888
-581289
-577095
-576628
-573671
-573065
-567911
-565551
-564970
-564808
-552711
-546765
-543117
-538276
-537726
-535425
-534431
-532644
-532589
-532140
-531341
-531131
-524283
-521749
-520506
-512733
-511166
-504242
-501328
-501006
-485288
-481318
-481216
-480417
-478791
-478532
-476892
-476445
-473489
-444607
-439254
-432624
-432155
-423688
-419184
-416121
-413815
-406809
-402097
-392445
-389943
-388835
-386209
-377417
-374328
-365690
-361719
-355579
-353909
-353487
-351926
-347034
-346510
-340087
-340010
-339129
-337439
-335556
-333002
-330570
-324463
-318672
-314057
-313611
-311910
-311044
-308393
-306076
-296319
-289185
-288408
-287737
-285032
-281400
-278523
-274059
-271386
-255690
-253194
-243800
-238802
-230195
-225950
-224005
-222931
-218759
-215963
-214909
-197476
-188751
-186206
-182485
-182150
-177499
-176887
-170028
-164860
-161019
-158347
-157410
-148545
-147418
-144260
-137257
-127188
-126344
-125196
-124570
-116271
-112978
-108115
-104539
-103782
-103694
-101262
-96205
-91196
-88667
-81345
-71900
-69867
-59226
-52097
-50617
-50606
-50310
-47007
-46029
-46021
-38395
-38215
-35889
-34652
-32301
-7151
-2417
4403
16151
19502
24089
33350
33933
37062
40531
48336
51261
52266
53122
55026
55363
58338
59440
71047
85282
87735
88805
89893
93236
97400
97584
97881
103383
106635
118639
126178
126625
129494
136719
143127
147277
151321
155731
164651
166342
168140
174117
182913
183633
184397
192884
195156
196990
198920
199449
208737
208762
209171
212607
215265
223083
223468
226002
243358
244667
248380
254520
255396
256923
257045
258399
259737
267961
271458
273380
275635
280746
287889
288959
292159
301236
304102
305264
305468
305923
306235
311219
313028
314284
318889
318954
319023
321986
323133
323260
325073
331684
339149
349056
354021
354568
366808
372430
372485
375714
382371
382373
382761
390933
395809
397901
398489
401759
405635
411020
411786
428823
430126
433361
439584
444454
445670
446396
450015
459964
479098
484101
489792
492295
499157
502321
504964
507724
509374
510300
510461
512731
512815
514134
515775
519777
521108
524634
525098
530833
541788
543053
551867
552160
554987
556698
563005
590005
594044
595675
595678
596640
599113
603162
603308
603892
605964
606378
608609
612201
618774
622960
623319
624008
627414
627604
636282
645906
646082
646750
648066
649770
656976
660576
663609
664442
675467
675808
677796
679640
681064
682274
686990
700627
703679
704873
708205
709365
711670
711865
712969
720255
726381
731813
733006
735085
743470
745523
745782
746132
746238
746531
749398
753220
760151
762317
762594
765721
767296
775832
781036
783627
784994
786965
798332
799087
804140
804751
807073
812848
826417
835445
835631
836460
836712
857868
859052
862715
865651
866399
870904
873170
877600
886172
886589
889537
891318
898713
910974
915239
915512
920327
936648
938286
941924
951239
952567
953477
974967
985193
988242
996149
996780
997208
997310
999345
1002839
1003441
1006654
1012238
1013199
1018171
1024860
1029992
1033804
1037839
1045678
1052580
1053892
1058911
1066798
1069081
1072142
1076245
1078617
1081299
1092355
1092984
1093795
1097795
1102337
1105506
1105783
1106714
1108615
1110723
1113776
1116613
1123222
1126794
1134671
1140104
1141843
1150572
1156896
1158569
1158785
1170885
1181543
1185696
1190997
1197292
1204331
1207541
1217106
1221782
1222362
1222558
1225301
1229926
1234288
1237249
1238551
1244980
1245249
1271273
1272192
1274697
1275534
1280865
1281036
1296225
1301296
1304562
1308166
1309423
1310347
1322324
1324741
1326621
1330973
1331595
1338517
1340522
1340639
1342015
1353934
1358487
1359898
1363134
1369449
1371032
1375594
1377548
1385994
1388000
1389440
1393762
1397139
1401685
1403617
1407789
1412382
1414692
1416423
1418969
1423494
1423650
1425928
1426697
1440297
1444665
1451061
1453051
1459403
1459940
1462326
1472516
1478132
1480895
1486022
1486211
1494926
1495227
1496101
1504824
1507671
1512001
1517917
1524058
1525417
1527586
1529936
1531769
1533865
1537115
1540294
1540879
1541028
1544753
1545802
1551121
1554638
1556997
1558970
1559101
1560481
1565069
1571175
1572937
1581418
1583612
1588702
1597319
1598427
1601318
1603662
1611329
1618602
1625327
1626326
1635802
1636537
1637086
1645924
1653761
1658645
1661536
1671464
1676496
1693476
1693525
1695786
1697146
1701087
1704350
1706045
1707117
1720154
1721053
1722856
1733807
1745009
1748422
1749443
1749610
1766027
1768081
1773858
1779628
1780262
1781234
1797688
1797778
1802353
1803127
1808428
1811077
1819917
1820342
1822573
1826732
1831329
1836259
1849244
1849576
1858600
1858833
1862649
1865064
1865377
1865745
1867770
1876300
1876712
1877180
1878611
1879847
1882928
1884551
1884799
1885412
1888468
1894576
1899610
1900289
1901956
1903516
1903906
1904711
1910597
1911161
1920266
1932935
1940946
1951083
1951569
1957534
1966286
1969786
1971013
1972934
1974507
1976741
1983186
1993811
1997922
