-1999097
-1990897
-1984731
-1982927
-1980291
-1979510
-1977285
-1974812
-1972202
-1959413
-1957537
-1955444
-1954065
-1948316
-1946625
-1945827
-1939871
-1932434
-1932213
-1930077
-1921906
-1915161
-1913507
-1904583
-1902983
-1892660
-1889417
-1877994
-1877166
-1871256
-1858950
-1856641
-1850776
-1850485
-1844163
-1829699
-1828547
-1823587
-1821390
-1815454
-1814685
-1814468
-1813202
-1811179
-1809453
-1809224
-1805603
-1805552
-1804032
-1799782
-1795143
-1792453
-1789719
-1785874
-1783793
-1783409
-1782213
-1776979
-1774093
-1769824
-1768404
-1767613
-1763667
-1760839
-1753245
-1751554
-1748370
-1739898
-1738275
-1737388
-1729888
-1728330
-1727820
-1724296
-1719488
-1710316
-1708555
-1701516
-1697426
-1696604
-1696429
-1695863
-1694307
-1693925
-1683031
-1679100
-1679031
-1675355
-1673698
-1671973
-1668900
-1664191
-1658706
-1657372
-1656215
-1656186
-1655215
-1652346
-1650789
-1650258
-1647624
-1645139
-1639047
-1638241
-1633863
-1632242
-1630699
-1617638
-1616904
-1611506
-1609499
-1609396
-1607659
-1604941
-1603200
-1600854
-1598953
-1592427
-1590329
-1588351
-1584354
-1581081
-1579910
-1575185
-1573665
-1564874
-1564339
-1560914
-1557319
-1554358
-1550356
-1547463
-1539903
-1538995
-1535859
-1511137
-1509139
-1505903
-1502670
-1502394
-1500077
-1492850
-1490485
-1486191
-1484388
-1484288
-1480820
-1480438
-1475778
-1471856
-1468657
-1457623
-1454187
-1452259
-1450047
-1445685
-1441036
-1437283
-1421469
-1415847
-1405628
-1402706
-1399310
-1398714
-1396236
-1384232
-1383664
-1377760
-1377739
-1376896
-1376408
-1372488
-1372252
-1371632
-1368366
-1361607
-1350876
-1342160
-1336669
-1334933
-1333774
-1331525
-1329588
-1328697
-1327151
-1325317
-1315572
-1301077
-1293330
-1292200
-1291519
-1291282
-1289499
-1285193
-1277706
-1276936
-1273481
-1267560
-1264179
-1262519
-1260741
-1260219
-1239835
-1238889
-1210906
-1197021
-1193500
-1193132
-1191202
-1184719
-1179210
-1178214
-1176430
-1173033
-1164563
-1164060
-1161024
-1160407
-1157160
-1157147
-1153573
-1150842
-1149583
-1144094
-1142878
-1133620
-1132940
-1125979
-1119378
-1118997
-1115462
-1106527
-1099992
-1097271
-1087442
-1083289
-1082999
-1079949
-1079513
-1075389
-1061158
-1060580
-1060037
-1058015
-1054068
-1052045
-1045462
-1040091
-1039401
-1037340
-1036793
-1035455
-1032360
-1031372
-1029735
-1029157
-1024145
-1022539
-1019906
-1018506
-1009407
-1007381
-1005876
-1005647
-1000985
-999246
-995058
-994469
-990065
-988102
-987177
-986487
-979027
-978341
-977232
-971076
-960551
-959537
-946671
-946467
-943792
-941667
-936088
-932755
-929091
-922237
-921706
-921574
-915265
-914048
-913591
-912158
-904126
-902856
-901550
-890324
-889720
-881906
-877227
-871583
-866864
-864605
-864289
-859955
-854304
-852881
-852817
-846612
-844967
-836955
-834319
-830623
-823836
-823074
-817836
-816599
-812657
-809998
-807622
-797218
-797029
-792034
-787420
-787292
-780066
-765729
-755856
-755616
-755195
-754472
-748133
-744558
-742073
-740071
-736791
-728528
-726554
-720873
-711950
-710661
-701619
-698668
-691662
-688934
-688847
-687615
-675570
-671999
-669857
-667125
-666990
-664248
-660548
-656878
-652881
-650833
-650433
-649098
-637220
-635940
-633845
-632630
-625238
-622465
-618041
-617849
-613730
-608200
-605497
-604521
-604196
-602350
-601586
-599513
-597632
-592166
-584121
-583678
-574480
-564668
-564125
-555641
-549556
-548843
-547129
-546509
-544795
-542552
-542425
-539150
-537744
-534047
-532869
-525513
-522582
-512783
-512161
-506507
-504530
-490913
-490502
-488786
-486619
-486024
-475620
-474898
-474749
-464598
-448941
-447581
-446785
-445542
-438434
-435313
-434250
-420462
-419885
-418844
-417301
-414900
-411602
-404372
-404071
-393479
-388281
-388158
-384121
-380493
-378583
-376529
-372235
-364127
-363602
-362754
-358441
-354925
-354679
-352619
-348503
-346832
-343115
-340668
-328033
-311021
-307104
-306258
-303750
-302729
-301945
-300867
-300584
-290821
-285893
-282952
-282750
-280459
-275617
-266156
-263874
-263314
-252915
-238376
-237078
-233774
-226099
-214613
-209580
-191315
-190553
-187808
-183388
-181017
-165845
-156386
-156269
-152888
-148111
-138823
-137218
-133632
-124865
-118132
-114877
-107251
-102953
-102550
-96092
-91459
-76682
-73459
-73236
-60320
-59457
-58348
-56306
-56254
-35099
-30677
-27191
-15393
-15337
-8345
-3659
3555
5060
7564
11386
27098
28884
33331
34119
36621
38828
42316
42679
44979
45797
49339
53180
53516
56748
57870
59819
63717
70897
72938
89149
90078
90240
93810
97443
98278
102305
104856
105808
118148
122575
140134
140426
149886
155997
159175
166326
166354
166370
167270
170638
175644
180985
183863
184221
185483
187780
188213
192520
192987
201931
207253
211409
212660
217494
218220
219388
219490
219498
227394
227741
229862
253688
256639
256845
263498
265039
286160
287584
289592
301468
306662
313015
320724
329281
333582
341584
360145
364102
364406
365396
369567
375421
377184
381164
384826
386639
393177
396922
402846
417047
421415
427013
428049
429082
430681
431727
433906
434759
435284
439271
442157
443645
445539
447772
449237
452647
457536
460253
462354
481610
481990
483969
489600
490206
510493
511919
516355
525046
529511
540224
542240
543035
545507
545938
547643
549223
551908
560004
563490
563541
567383
572004
574258
574510
575666
576878
577855
583629
584617
589937
597744
599916
605833
616189
616505
625434
627060
630251
634999
638225
645708
648935
652480
652531
653705
658484
658485
665939
666243
668641
669881
670331
674265
685330
687653
688241
700331
700805
708164
714405
714862
718153
719713
721940
722941
726433
730650
741444
743197
744800
745549
745834
751761
755491
759232
764807
773396
783271
784858
787393
788197
788467
795056
795133
801006
807249
811167
819031
830074
832981
835313
835930
836729
839028
844754
847065
847770
860467
862241
863074
865730
869267
869701
872122
874248
875545
876997
878509
881214
888545
893168
895112
898958
906216
907376
908003
919481
931325
933734
942523
943982
953174
958197
958849
960262
975321
976003
979365
979368
987851
991011
992697
993236
996755
999243
1002894
1007492
1010046
1012525
1013510
1014075
1022395
1022737
1022871
1033109
1034968
1037895
1057220
1068348
1070501
1079189
1090385
1090874
1093813
1094174
1094204
1100938
1107050
1110070
1111383
1116738
1120438
1127857
1137454
1140665
1141143
1151438
1151610
1151811
1154302
1155505
1160886
1169191
1186194
1191778
1192321
1195478
1202436
1207184
1211370
1214148
1216677
1217799
1218311
1218823
1220874
1221147
1222980
1224803
1224983
1227417
1234739
1236557
1241699
1250515
1252406
1253171
1257441
1259716
1266868
1274147
1278459
1280137
1281259
1282857
1287330
1295291
1303602
1311722
1312409
1313637
1323962
1333855
1335060
1340495
1341631
1343642
1344247
1345379
1351866
1353434
1354287
1355993
1357809
1359723
1363337
1363680
1364772
1369010
1391808
1392300
1394696
1398977
1406695
1408846
1409290
1412709
1412744
1413304
1418089
1425940
1431180
1431238
1437170
1437648
1441330
1442256
1446758
1453936
1455919
1456789
1460222
1465882
1470798
1487817
1489482
1495068
1497850
1499997
1503555
1509211
1516882
1516923
1521745
1522030
1523657
1543423
1543871
1546699
1555589
1558074
1568095
1570091
1572976
1575098
1575481
1578507
1585568
1590471
1593146
1593774
1594322
1597789
1604781
1611563
1617008
1617932
1627959
1629080
1629455
1633580
1635780
1643154
1644140
1650941
1653604
1658468
1659712
1660416
1660717
1662591
1668006
1676235
1687093
1697708
1698656
1699917
1706249
1706258
1707035
1711955
1712406
1719612
1737742
1738275
1744821
1745570
1748519
1748972
1750423
1752486
1752905
1754948
1755116
1761144
1761485
1766550
1772503
1782178
1784836
1784868
1785365
1787811
1789864
1796521
1800204
1801349
1809924
1810013
1820503
1824269
1828556
1828624
1828640
1828748
1833271
1833272
1835191
1839802
1843646
1850729
1851943
1852659
1860734
1879689
1886686
1888160
1890471
1891819
1892956
1896180
1896185
1902023
1910665
1910818
1923762
1928794
1929943
1935072
1937628
1943350
1947080
1947467
1954838
1958662
1963547
1965563
1974357
1975523
1983202
1988443
1996175
1999571
