-1997527
-1997309
-1989354
-1988556
-1981611
-1976579
-1971464
-1970316
-1967404
-1966424
-1965300
-1965078
-1959933
-1951595
-1950316
-1948979
-1948149
-1947610
-1945294
-1935233
-1931402
-1926916
-1923522
-1921142
-1918361
-1911593
-1896359
-1892500
-1884100
-1874569
-1868449
-1867683
-1862703
-1851299
-1850154
-1848416
-1847297
-1846315
-1843967
-1843833
-1829928
-1827175
-1821976
-1820353
-1813265
-1805794
-1788234
-1778538
-1778218
-1774235
-1772800
-1767934
-1766090
-1765848
-1762844
-1762603
-1761856
-1760132
-1757578
-1753060
-1752960
-1747982
-1744876
-1739592
-1735843
-1729897
-1726178
-1723074
-1721722
-1719966
-1714290
-1710626
-1709457
-1706580
-1706571
-1702867
-1694500
-1692452
-1688095
-1685791
-1681941
-1679448
-1676976
-1676393
-1673621
-1672035
-1670021
-1664106
-1661890
-1657304
-1650992
-1650903
-1647621
-1642093
-1634161
-1623711
-1612301
-1605296
-1605192
-1601800
-1594424
-1582826
-1581536
-1574124
-1571973
-1570495
-1568391
-1565370
-1562198
-1556653
-1545515
-1536446
-1529908
-1528623
-1524678
-1522343
-1519375
-1512031
-1511833
-1493320
-1489746
-1488326
-1472880
-1468607
-1463518
-1463470
-1458225
-1453562
-1450331
-1440106
-1436123
-1433290
-1427768
-1426011
-1423939
-1418888
-1415770
-1412644
-1411534
-1408342
-1404643
-1402538
-1401099
-1393687
-1393464
-1371591
-1366922
-1361629
-1357019
-1350333
-1347025
-1345463
-1343252
-1337041
-1335330
-1333001
-1331814
-1331107
-1329329
-1320225
-1318778
-1316363
-1315332
-1313611
-1311700
-1307742
-1305877
-1304456
-1294834
-1294192
-1291033
-1288875
-1283916
-1281349
-1273835
-1273213
-1268179
-1263472
-1256178
-1253289
-1251682
-1249272
-1249230
-1248443
-1242487
-1233062
-1228403
-1221666
-1220907
-1219981
-1213658
-1212447
-1212396
-1211823
-1209654
-1203256
-1195266
-1193420
-1179508
-1178313
-1178023
-1169100
-1166779
-1165632
-1161355
-1158949
-1157591
-1157004
-1148379
-1146148
-1145497
-1145087
-1141360
-1140122
-1134698
-1133336
-1129023
-1128713
-1128279
-1123471
-1120326
-1117282
-1117104
-1116699
-1112651
-1109451
-1104942
-1103024
-1099835
-1097295
-1095041
-1084352
-1083231
-1075307
-1070105
-1069279
-1066135
-1065299
-1062203
-1060673
-1053119
-1028395
-1028334
-1017051
-1012973
-1012318
-1004428
-1000686
-999220
-998331
-994200
-993463
-978776
-973662
-971967
-968447
-961653
-959287
-958624
-958013
-956860
-950862
-949713
-947858
-947719
-944603
-938989
-930297
-929840
-926865
-922781
-921275
-920229
-920024
-918599
-916199
-912928
-910340
-906518
-899135
-898061
-887502
-882623
-881656
-866676
-865267
-864767
-864576
-860807
-859619
-852354
-846158
-846120
-844530
-840419
-839853
-836834
-832925
-830553
-821772
-817956
-817733
-814605
-807879
-802190
-799604
-797988
-797127
-790310
-776613
-771670
-770538
-767047
-765390
-764851
-763265
-762183
-760923
-760773
-752589
-749386
-746847
-740860
-740839
-732663
-732656
-723912
-723759
-723103
-721929
-720523
-716203
-707082
-704640
-694554
-692684
-692445
-691423
-689885
-684438
-678531
-673920
-673202
-672261
-669274
-663398
-652620
-639559
-628336
-627630
-627335
-625653
-620377
-619488
-610687
-610416
-609907
-606870
-603094
-600587
-600013
-596934
-586807
-581119
-578001
-574711
-568771
-568331
-561495
-559170
-558180
-556187
-554900
-553971
-553139
-549747
-548940
-547891
-546382
-544813
-542187
-542141
-539194
-534840
-530815
-521127
-520755
-511729
-511672
-504945
-497524
-485462
-483366
-481387
-481263
-478526
-475620
-462955
-461390
-456713
-455865
-455588
-451470
-451142
-448066
-447453
-445219
-441823
-432596
-431887
-430365
-423172
-419115
-415642
-413975
-410744
-400425
-393132
-389490
-382096
-379791
-379476
-379261
-379113
-375004
-367043
-359030
-355982
-354281
-353488
-352892
-343812
-341664
-336872
-331073
-330414
-318706
-318247
-314561
-313550
-313427
-305226
-297247
-282930
-276774
-272718
-269066
-268486
-266964
-265797
-259131
-256115
-245407
-242436
-240965
-239791
-238928
-238913
-235782
-228038
-227402
-224268
-221076
-221064
-220057
-213199
-212158
-210432
-206803
-205114
-188348
-186311
-182610
-182525
-181036
-174076
-173626
-155628
-150635
-141211
-140969
-140947
-134479
-134108
-130700
-128501
-123279
-116085
-105254
-104682
-102485
-100541
-96735
-95926
-84834
-83739
-81688
-78680
-76827
-74433
-72153
-70052
-69468
-63323
-59921
-58711
-56948
-42134
-38239
-37505
-34071
-29584
-25904
-23862
-22574
-21780
-19120
-18964
-16323
-9509
-8727
-7198
-3403
5078
5931
6172
6836
12185
13435
13970
23425
24411
26822
29553
31536
50503
54914
57280
57607
72954
74669
82861
85063
92587
93637
102128
104722
112369
121001
121661
122967
125665
126534
129914
130737
137939
145022
152519
160011
161890
172066
176189
179200
179737
183467
198527
199524
201210
203168
203492
212095
221257
224942
226607
232129
243880
246241
252584
253053
255353
256679
260096
264466
268576
279362
282896
287791
289446
291586
293818
298325
301632
304802
307308
307819
308752
311230
318867
320542
323253
325108
326445
326496
326572
334193
334539
339507
339996
342502
348301
350009
354182
356674
361084
365189
365307
367357
373910
377230
385597
389773
397032
398858
412461
416626
420776
422395
427708
431981
440257
446392
447598
456456
457168
458602
459576
463317
466656
469646
470465
474963
475960
480006
480937
486083
486113
488255
490794
491447
501713
504839
512559
518367
524036
534456
539526
549023
549358
553856
566058
578913
588106
590754
598251
613919
617817
618608
624085
627121
630633
636940
646246
661292
661974
663187
663338
666230
666686
667176
667508
673710
682311
686676
687646
698603
709659
711236
712828
714398
714579
720832
722148
726502
727041
736533
737023
742339
742346
745333
745523
748201
763958
764196
766501
766980
767345
775549
780604
783700
785549
793646
796172
800429
800660
807138
809569
812938
817799
819151
822127
822636
823483
827660
831481
832792
836733
837032
839696
844119
846868
850004
853230
857656
867019
873312
873412
879234
884075
890725
892124
895090
901143
930317
931452
934165
934825
936254
941109
941126
943074
955355
958525
964687
969882
970778
972023
972621
973748
979802
982094
983687
984758
989022
993368
996699
997127
1000599
1003040
1010050
1012250
1014338
1015576
1025927
1027288
1035980
1040613
1047290
1050828
1058183
1068732
1073221
1073566
1088287
1088876
1093979
1100251
1119752
1137655
1144875
1146618
1146891
1147345
1148834
1150063
1151155
1152308
1153125
1153326
1155208
1156876
1167226
1172137
1175212
1179280
1180418
1181520
1181581
1182546
1186831
1189117
1195171
1196101
1201082
1207408
1215037
1220329
1221165
1226767
1229657
1237285
1237937
1244833
1245945
1246744
1249143
1251136
1254508
1256515
1258051
1262502
1263279
1266477
1276648
1285059
1286465
1286592
1287152
1289240
1303357
1326721
1327853
1333637
1334670
1336228
1342392
1357391
1365507
1368041
1370234
1376468
1379007
1379264
1384757
1390532
1394879
1397491
1401160
1413251
1422366
1422993
1430088
1431142
1433990
1435522
1435898
1436832
1440947
1441469
1441684
1445012
1447258
1450703
1452272
1462957
1464480
1467377
1469128
1469314
1479067
1479537
1481678
1482000
1482697
1484569
1487278
1492797
1493075
1495504
1499091
1499892
1500273
1510381
1518405
1522597
1523219
1524887
1525752
1527756
1531258
1532371
1541364
1543894
1554159
1560463
1561227
1563175
1566590
1573173
1588194
1600916
1606968
1607072
1611077
1615463
1619202
1626812
1630067
1631050
1631402
1633408
1636404
1639181
1639418
1645340
1649994
1654696
1655877
1656558
1657924
1661059
1684646
1694417
1705373
1706038
1711268
1712961
1715525
1720631
1728751
1738847
1748826
1750576
1751940
1753093
1756500
1757761
1761669
1764291
1773543
1773605
1775220
1779534
1785299
1786273
1786663
1788052
1789422
1792395
1795725
1805245
1817529
1819376
1824360
1824806
1838754
1845083
1845394
1847348
1847599
1848360
1867693
1869954
1876377
1876682
1882622
1884001
1887094
1887103
1887642
1888012
1888133
1891779
1907046
1914560
1916760
1919875
1921109
1922595
1930000
1940402
1944210
1945428
1967327
1978639
1979241
1988931
1989141
1989443
1991345
1994539
