-1993894
-1985562
-1982001
-1980923
-1972657
-1969006
-1964786
-1960446
-1958417
-1945872
-1943144
-1940689
-1939297
-1923213
-1915196
-1913064
-1911684
-1907419
-1906467
-1906321
-1901193
-1901175
-1899130
-1892684
-1887355
-1886679
-1884737
-1869556
-1868974
-1868475
-1866483
-1859649
-1858120
-1852870
-1851597
-1850049
-1845640
-1834400
-1832364
-1832062
-1829791
-1822870
-1820373
-1816104
-1812886
-1806098
-1805598
-1803840
-1796689
-1788984
-1787642
-1787281
-1783287
-1782744
-1781617
-1766808
-1760922
-1759198
-1745706
-1744094
-1738361
-1737555
-1736144
-1732191
-1730150
-1727204
-1719137
-1717533
-1717483
-1716515
-1714611
-1713157
-1709076
-1708941
-1704827
-1700492
-1700070
-1696326
-1694187
-1685140
-1680509
-1679369
-1673879
-1670811
-1663704
-1653885
-1651155
-1648811
-1647472
-1643593
-1641993
-1638389
-1631244
-1628670
-1626937
-1622684
-1620164
-1617841
-1615292
-1615273
-1608620
-1602290
-1590343
-1586210
-1582011
-1576450
-1570180
-1569866
-1566114
-1560154
-1559947
-1557221
-1553076
-1548537
-1546650
-1545409
-1545142
-1544972
-1539438
-1536216
-1535302
-1532928
-1532839
-1530958
-1529156
-1527798
-1524866
-1523918
-1521017
-1514059
-1493464
-1478762
-1477225
-1464979
-1464937
-1464802
-1463904
-1461716
-1460742
-1434192
-1431057
-1430952
-1430068
-1428123
-1419306
-1414847
-1413103
-1407445
-1404859
-1400937
-1385584
-1381859
-1380359
-1378113
-1373643
-1367078
-1366187
-1365146
-1358480
-1349427
-1347503
-1347341
-1338871
-1338283
-1336365
-1320181
-1317888
-1316896
-1313898
-1309947
-1309592
-1309036
-1302358
-1299415
-1298367
-1293537
-1289533
-1287332
-1282827
-1265401
-1262777
-1260487
-1259667
-1257772
-1255326
-1251596
-1248106
-1235690
-1223488
-1221102
-1219925
-1218380
-1216535
-1213581
-1211956
-1207874
-1203908
-1201404
-1200964
-1198407
-1198170
-1195665
-1195204
-1188741
-1186027
-1183667
-1180149
-1176853
-1176848
-1169574
-1165439
-1160218
-1157928
-1152523
-1148198
-1147722
-1145602
-1140191
-1139345
-1137513
-1134423
-1131277
-1116384
-1116184
-1112698
-1110733
-1103745
-1102674
-1102145
-1096190
-1094993
-1094327
-1091990
-1090917
-1087203
-1083115
-1082086
-1079799
-1076279
-1075940
-1059646
-1053684
-1041207
-1036220
-1032595
-1022998
-1018237
-1018124
-1017558
-1009494
-1008614
-1003764
-1003227
-1001860
-1000380
-999144
-996177
-989929
-982417
-978799
-977940
-975734
-969773
-968925
-967175
-966868
-966571
-964575
-957880
-955914
-952603
-945482
-944308
-943032
-934542
-928272
-925784
-924772
-924649
-923207
-916884
-915842
-914894
-913699
-911948
-898548
-893317
-893258
-892121
-881525
-867369
-863850
-858368
-857723
-856562
-855156
-848595
-848197
-846536
-839928
-832444
-831590
-831177
-828551
-823774
-821313
-815034
-809850
-804865
-800888
-798903
-797131
-793195
-792830
-791991
-787221
-786711
-785137
-783454
-782965
-777690
-776370
-768533
-764850
-760592
-747226
-745848
-742478
-740443
-739009
-737758
-737652
-732653
-726332
-717792
-714063
-711417
-710634
-703807
-697024
-695159
-694066
-686012
-681586
-681372
-679374
-677325
-676425
-676386
-670621
-670166
-662794
-657015
-653545
-651357
-648416
-646963
-641609
-639966
-639861
-636998
-631435
-619966
-607310
-603878
-592579
-583606
-575722
-575144
-572172
-562359
-545221
-544993
-541383
-540458
-539617
-529854
-527592
-526138
-525802
-524564
-520227
-508265
-507921
-498348
-495025
-493969
-491867
-489360
-487459
-487223
-485150
-479878
-479398
-477368
-470443
-469038
-460664
-460370
-460299
-460098
-458649
-458601
-452927
-452726
-450935
-448489
-443843
-443737
-441535
-435136
-435022
-431357
-430352
-428502
-423108
-422579
-417558
-412446
-412027
-410769
-402120
-400443
-396149
-394869
-393108
-372884
-370800
-365816
-359972
-354252
-354072
-350564
-346762
-344502
-343080
-335868
-335238
-335003
-332924
-332919
-330317
-328472
-327356
-326977
-326966
-325037
-323164
-314944
-306500
-300342
-299152
-297696
-296890
-293655
-293190
-292159
-288434
-288223
-284984
-281445
-277527
-275845
-274095
-266410
-260779
-260475
-255573
-252776
-250529
-242226
-239953
-236164
-235175
-225424
-223277
-219814
-211678
-207698
-201527
-201077
-200059
-197149
-193869
-191994
-191022
-170327
-168204
-167089
-166144
-165656
-150330
-150213
-148532
-147968
-146416
-141813
-140530
-133289
-131105
-122453
-119638
-117366
-117103
-112667
-106455
-105384
-102009
-100832
-99399
-71676
-63487
-63174
-62274
-52503
-49251
-48702
-48449
-48245
-47765
-37505
-36835
-30030
-29282
-19587
-17274
-16608
-12019
-11877
-10323
-10191
-8560
-6189
-3143
8617
10444
12259
14114
16773
27428
30708
36810
38025
42015
51581
60694
66482
73764
75641
77255
81921
88332
97918
98966
99463
102516
105810
108638
116723
120853
127807
131813
134808
142838
144260
158035
160652
167078
171066
178386
186923
187274
188459
190123
190637
190808
198152
210410
213438
213637
214551
216412
218652
221447
227980
232262
239460
243443
247688
248263
251999
252575
254085
263927
267722
271889
272555
279078
287583
288707
289121
291770
295364
299401
303508
303862
306448
314233
317545
318630
320201
324317
326613
326906
333886
337744
340346
344858
358090
359942
362732
375449
376327
376838
378553
381807
385483
388557
390043
395026
397680
398739
401710
406771
410329
415314
415582
415850
418185
427959
428496
430452
433134
441703
442132
444357
445426
452085
453691
456424
461004
462360
464470
468776
471444
472112
475249
479082
480667
489306
489422
491084
491938
502170
506659
507812
511335
514102
521447
526336
529240
530916
532212
538023
541130
553175
556273
560702
574432
575038
575408
576138
577283
582156
585268
592572
593344
604370
608491
609768
614571
629798
632483
646743
649695
656255
659579
659761
662699
668706
676517
679708
683092
701906
709527
710309
714101
716061
719581
720363
721373
741866
747316
751100
754004
754333
755157
761365
767821
778038
783511
784900
790067
790594
790691
801383
805048
805668
814173
814606
814749
828819
830078
832207
835371
836461
842295
849576
867207
870033
870369
871659
872940
875364
887101
889910
890948
897594
898054
898290
898956
902049
904765
909324
910573
918455
925533
939620
951289
957299
958463
958741
962220
978863
995639
996741
997473
1009990
1011415
1015660
1015935
1023093
1023145
1024232
1025474
1026059
1026554
1034455
1041500
1042492
1054854
1055726
1056614
1060080
1064605
1069736
1069981
1084223
1087497
1088532
1090813
1092444
1098301
1106481
1108274
1111042
1119933
1123977
1124028
1134912
1136762
1139407
1148711
1163600
1167463
1171142
1172155
1172934
1183219
1191035
1192215
1195116
1203577
1207294
1215065
1216783
1217184
1223063
1231259
1233910
1235598
1238493
1240801
1250317
1255293
1259490
1260128
1261949
1275918
1278916
1279002
1284540
1284805
1284907
1286693
1288977
1297587
1315939
1320160
1322397
1323883
1324042
1332509
1335420
1335540
1336329
1338007
1344452
1350188
1357074
1359078
1359775
1360119
1361062
1363904
1376988
1383570
1383643
1384894
1386660
1390045
1392317
1405196
1408329
1413190
1413327
1417056
1422772
1423453
1423480
1423604
1425510
1437275
1447409
1460887
1460926
1473120
1474149
1477261
1477882
1478980
1481411
1486784
1491769
1495153
1495161
1497107
1511270
1517250
1520567
1523606
1526294
1528766
1546145
1546809
1547724
1548220
1549918
1556052
1558797
1560502
1561016
1562717
1573305
1574289
1581905
1584076
1592814
1599296
1599615
1609985
1613699
1618590
1619771
1622877
1625023
1630414
1633134
1655413
1659074
1667562
1670876
1681996
1684192
1685880
1690636
1691925
1695035
1700098
1702390
1706202
1708471
1710839
1713309
1714538
1725028
1726873
1727239
1727620
1728277
1760916
1761117
1762638
1769296
1772664
1777736
1778167
1780765
1782032
1799254
1800185
1807925
1810102
1812501
1813032
1813267
1816574
1820767
1823713
1831642
1843316
1852186
1852930
1854823
1859474
1859879
1865927
1867507
1874450
1877739
1878828
1882652
1884481
1887230
1891214
1899354
1905833
1906034
1913197
1915538
1937621
1940124
1940978
1942984
1946747
1949065
1954913
1958268
1959338
1959769
1962868
1964311
1965420
1968467
1980732
1981184
1984828
1989839
1993904
1998044
