-1986608
-1983153
-1979807
-1975911
-1973501
-1967245
-1960569
-1947272
-1945008
-1942438
-1942104
-1940410
-1936955
-1928989
-1924103
-1912137
-1900635
-1896280
-1887919
-1885896
-1885053
-1876320
-1875530
-1873402
-1872791
-1872498
-1867337
-1866824
-1859462
-1852370
-1847889
-1845982
-1845467
-1836811
-1831848
-1831639
-1831018
-1828480
-1823845
-1820202
-1818546
-1817911
-1816218
-1815639
-1810630
-1808324
-1806429
-1803480
-1797521
-1794348
-1794216
-1792932
-1792817
-1791402
-1791298
-1787229
-1785356
-1784747
-1781328
-1778825
-1777536
-1772830
-1771499
-1769884
-1764012
-1757182
-1755463
-1754224
-1746862
-1743150
-1742187
-1735345
-1725416
-1725187
-1715287
-1715210
-1711187
-1710716
-1708430
-1696109
-1690139
-1673156
-1666353
-1661078
-1661025
-1648788
-1634115
-1630422
-1628782
-1624935
-1608127
-1602968
-1599024
-1597824
-1591466
-1590123
-1589023
-1587644
-1587081
-1578235
-1575302
-1566336
-1566253
-1565787
-1557397
-1552577
-1548244
-1548220
-1530111
-1524154
-1508171
-1507380
-1499467
-1499014
-1494146
-1491187
-1488318
-1482107
-1479844
-1475567
-1469772
-1467749
-1465560
-1461251
-1457166
-1451748
-1447674
-1423184
-1420719
-1419314
-1418020
-1417216
-1403268
-1402384
-1399591
-1394370
-1391964
-1391172
-1391170
-1390284
-1387884
-1386327
-1376719
-1371143
-1366058
-1364173
-1361220
-1351760
-1350237
-1349354
-1349279
-1343988
-1339055
-1338530
-1334154
-1327029
-1325449
-1320521
-1310636
-1309618
-1300813
-1294882
-1294035
-1290576
-1289384
-1288454
-1288241
-1279568
-1278965
-1269056
-1260540
-1242910
-1226200
-1224456
-1220740
-1211990
-1204757
-1200316
-1192534
-1191137
-1186439
-1186128
-1184865
-1184228
-1183006
-1177325
-1168420
-1167386
-1154906
-1154637
-1154491
-1149110
-1148489
-1145230
-1144859
-1142195
-1141414
-1138372
-1130133
-1126948
-1121586
-1114642
-1113873
-1113052
-1110133
-1105961
-1095773
-1091266
-1089972
-1088973
-1084111
-1083930
-1080344
-1079910
-1075806
-1072634
-1071641
-1066415
-1065368
-1065328
-1055038
-1046429
-1042609
-1037644
-1029946
-1025866
-1015764
-1012846
-1012526
-1011707
-1010153
-1005897
-1005844
-1003297
-1001114
-1000342
-998896
-998887
-997412
-993124
-987165
-984778
-984573
-984034
-983224
-981035
-980715
-974931
-967805
-965067
-954683
-952746
-951216
-949976
-948671
-943781
-943567
-943151
-940521
-939273
-935630
-925870
-925280
-919609
-913292
-908695
-907339
-904124
-903475
-901102
-899544
-898641
-888197
-884865
-884375
-884345
-881138
-878330
-874278
-870133
-859611
-859198
-855460
-850467
-844338
-841018
-840779
-834062
-830722
-822706
-822575
-821657
-820275
-801467
-798569
-797959
-775821
-769788
-768300
-767428
-767063
-754756
-753004
-745918
-734722
-734227
-732827
-729410
-727157
-719528
-717091
-709238
-702491
-701103
-693785
-686893
-684974
-681799
-676540
-674450
-672220
-670982
-666220
-665493
-661846
-655199
-650429
-645161
-643322
-643320
-639613
-634778
-630078
-629090
-616971
-611286
-609253
-607250
-604285
-601405
-597398
-593157
-592535
-591275
-588948
-587976
-587182
-586752
-579430
-577261
-567105
-566968
-565528
-562301
-561236
-556694
-556375
-553472
-545621
-544394
-542897
-542743
-541191
-531407
-524504
-514441
-509310
-506468
-494220
-492571
-484153
-482631
-481651
-479287
-478455
-476394
-471001
-470980
-467259
-466320
-463686
-462060
-456107
-455778
-453181
-447236
-444437
-444040
-441629
-428133
-426307
-425641
-421784
-420088
-417943
-416453
-410668
-408781
-406684
-401705
-401500
-392011
-385262
-383766
-378472
-372406
-368224
-368005
-363779
-360546
-360374
-359187
-357601
-352157
-351627
-335711
-321228
-310014
-309761
-308011
-306804
-301993
-290932
-282630
-261100
-261085
-258558
-258096
-256943
-251987
-247783
-247537
-245005
-243538
-230360
-229515
-222733
-219491
-219270
-216460
-209227
-206606
-203645
-193128
-192654
-189194
-189171
-187189
-185508
-173640
-172985
-165608
-165379
-158307
-155392
-154713
-150004
-148788
-148470
-147629
-143111
-139622
-128137
-121782
-121254
-115074
-114155
-107352
-100576
-99500
-89097
-83855
-81237
-79562
-73764
-68985
-63167
-61233
-58730
-53247
-48297
-44982
-39872
-36124
-31324
-23698
-23567
-21565
-19644
-15852
-9332
1102
6497
9607
17556
29315
31098
31872
33673
35863
48138
50077
52039
52538
56861
63820
67598
85022
87160
89657
89871
95701
104283
106631
116784
121230
121411
127338
127856
128435
129218
136994
144251
145673
147790
148182
153909
161685
163688
166498
167619
168007
177036
181786
186978
188116
191174
195137
201159
208010
209556
213033
214046
215537
217377
225829
225857
227883
228779
240357
250265
250309
253932
254801
257471
260214
265197
266728
266890
267502
274592
276845
283994
285790
289773
290130
291685
295530
299344
303352
308684
310278
310808
311813
313524
314558
314654
316088
318082
322443
338676
339648
340341
345165
345766
346538
348446
360077
360920
362883
365979
367291
376314
379528
382179
383167
383967
393340
394725
394884
404481
413169
421207
429299
433633
439417
454390
464101
466235
467633
471873
472746
476204
489371
493293
502603
503816
505786
506446
508632
510315
512207
512317
513309
516903
518107
524419
528790
534984
542453
544495
544686
547825
551537
559799
568792
569889
570516
579283
593671
594488
599742
600316
603250
605904
605917
609983
613530
616204
618278
624744
625578
630602
633894
634245
634803
637035
640598
642938
674012
675287
680014
690725
699437
707698
712384
714031
720195
721059
721495
734314
734581
738280
748048
764032
767387
767691
769754
774312
774335
776209
780970
781658
783809
787580
795014
798202
810679
811399
825042
827447
836795
837135
839684
846549
852116
856939
860888
863427
870599
870814
876570
876780
880526
884006
893317
894733
899002
900911
906163
910852
915925
917860
918655
922036
926396
927659
930398
931826
936184
943998
947280
950885
952244
957341
962099
964167
966090
966226
968903
969112
970502
979137
984190
988244
988309
994278
994500
996057
1008684
1013522
1015916
1023853
1029455
1036075
1049098
1051397
1052886
1054591
1058386
1063025
1064768
1065660
1068066
1069498
1073404
1078197
1080024
1085606
1087223
1098197
1102714
1105794
1111139
1116603
1121205
1123081
1123115
1130218
1131412
1137471
1139398
1140389
1140790
1147925
1153848
1158106
1160067
1163028
1178758
1179369
1181938
1181964
1185263
1189276
1189912
1190735
1195650
1204375
1205769
1216604
1220798
1222051
1224223
1224516
1229870
1230075
1246324
1248209
1248533
1254287
1260595
1268563
1272341
1273556
1276877
1279524
1281741
1284617
1287771
1292730
1295326
1300579
1300582
1301148
1302460
1304633
1309569
1309822
1309958
1316513
1316596
1327538
1329712
1329835
1332927
1333556
1334288
1336270
1345955
1353896
1357050
1359238
1359264
1367778
1372423
1372705
1373438
1383265
1383613
1387292
1388731
1389283
1394653
1396749
1398768
1399766
1403289
1403587
1404334
1409355
1409953
1411290
1416166
1419539
1420848
1423545
1423606
1426721
1426948
1427692
1429526
1439470
1443432
1443836
1445119
1446936
1459150
1460006
1467250
1469784
1471648
1474461
1477863
1484209
1486850
1488880
1497120
1499741
1500977
1502733
1503784
1513568
1520927
1529226
1532303
1535707
1538198
1538565
1543622
1547096
1552021
1552883
1563485
1568146
1569754
1571185
1579902
1585249
1585445
1596201
1596246
1599550
1601336
1602372
1604309
1607281
1619650
1630687
1631228
1637690
1642180
1647406
1650168
1651083
1657104
1658797
1664227
1664729
1665542
1676520
1681529
1681726
1682769
1687472
1691176
1702866
1704485
1705396
1710592
1715466
1719956
1721038
1723233
1724604
1729717
1730795
1731507
1733585
1744574
1745159
1745182
1755573
1761644
1765312
1767430
1771670
1792936
1795232
1795986
1796685
1802022
1804554
1804626
1805348
1812653
1813974
1815590
1815766
1816041
1817320
1823739
1835215
1839195
1840618
1848036
1855113
1857174
1857837
1860064
1861085
1864310
1869334
1877186
1877289
1878265
1880316
1880890
1891372
1897695
1900759
1905154
1918973
1925477
1928672
1929487
1931526
1945552
1948647
1953687
1955095
1959044
1967074
1970837
1973496
1975924
1976291
1983452
1984773
1992429
