-1994779
-1993067
-1990775
-1988209
-1987755
-1986711
-1978562
-1978359
-1972869
-1961612
-1960139
-1958947
-1952970
-1943422
-1942042
-1935743
-1934570
-1931889
-1931885
-1928394
-1927589
-1926030
-1919974
-1915941
-1914347
-1913590
-1909112
-1907607
-1904575
-1895046
-1889209
-1888780
-1885843
-1878849
-1876742
-1875840
-1875031
-1869424
-1859749
-1854934
-1854288
-1849146
-1846687
-1831027
-1827238
-1827223
-1824663
-1824092
-1820959
-1820879
-1819091
-1817417
-1814267
-1812021
-1802189
-1800678
-1800628
-1799481
-1798510
-1796607
-1786574
-1779709
-1778894
-1772458
-1769700
-1768389
-1768244
-1748965
-1745896
-1745850
-1745330
-1741286
-1738522
-1731347
-1730572
-1699348
-1699199
-1689078
-1688387
-1683012
-1682638
-1678773
-1656832
-1651284
-1649632
-1648632
-1645147
-1642301
-1641587
-1628676
-1623678
-1616469
-1603717
-1602023
-1598418
-1595552
-1587477
-1586168
-1581697
-1580204
-1574545
-1562348
-1559954
-1559118
-1554633
-1549626
-1542112
-1541698
-1540940
-1536535
-1533224
-1526937
-1524064
-1515926
-1502003
-1497007
-1494749
-1489882
-1485419
-1478105
-1472356
-1469450
-1449624
-1446567
-1445736
-1444931
-1444725
-1437994
-1437483
-1437105
-1436142
-1435293
-1425628
-1411631
-1407786
-1400144
-1396615
-1395419
-1392892
-1390662
-1386486
-1378820
-1375402
-1373150
-1371586
-1371236
-1363401
-1350863
-1339294
-1334348
-1332998
-1327625
-1323624
-1320244
-1318667
-1313396
-1307791
-1300243
-1294993
-1294061
-1290902
-1289464
-1284867
-1283946
-1273935
-1271827
-1267436
-1256837
-1255773
-1251328
-1246326
-1243581
-1240422
-1239893
-1238898
-1238677
-1226595
-1225736
-1223154
-1219863
-1215499
-1211325
-1208558
-1208308
-1205473
-1203790
-1197064
-1192453
-1192303
-1186970
-1184013
-1182410
-1180201
-1158776
-1158725
-1155843
-1155036
-1154214
-1147983
-1146780
-1143705
-1141049
-1138107
-1129803
-1128633
-1127207
-1126825
-1125548
-1123223
-1121599
-1119918
-1119178
-1118645
-1113833
-1111579
-1110582
-1105698
-1105184
-1099572
-1085009
-1083248
-1081881
-1078180
-1076790
-1070738
-1060212
-1056902
-1052967
-1046243
-1039168
-1034215
-1000457
-994801
-982183
-980133
-979746
-978778
-976409
-975783
-969741
-969217
-968970
-958834
-956210
-951205
-950487
-949364
-948832
-941471
-940953
-938824
-938521
-938163
-930790
-924214
-924198
-923872
-922238
-914686
-907781
-890856
-885389
-871291
-868590
-865452
-857147
-855379
-850596
-849320
-844849
-844616
-843509
-834233
-832450
-826035
-825868
-824727
-823389
-818383
-817673
-815314
-812136
-810293
-809579
-805101
-797918
-792469
-787454
-782024
-772141
-770833
-764386
-760613
-741847
-740023
-733701
-727207
-726315
-725145
-716435
-715742
-712034
-711574
-709817
-707578
-705660
-698980
-694606
-692241
-688057
-679105
-675720
-673077
-672380
-669433
-669339
-666101
-661200
-656704
-650396
-643324
-639381
-637557
-635299
-629388
-625172
-623239
-621432
-620951
-616391
-611005
-608852
-607562
-600361
-596383
-588003
-585967
-583271
-577525
-576787
-568315
-567529
-566620
-565151
-562667
-562067
-555088
-553840
-552535
-546061
-536991
-529696
-526263
-525211
-520005
-513812
-511315
-506599
-503629
-503000
-499558
-486792
-484745
-482986
-479663
-476123
-474510
-469147
-465191
-457678
-457209
-451003
-450309
-446303
-443779
-434573
-427325
-425903
-425112
-401715
-399785
-398908
-398874
-394439
-393587
-393477
-391208
-388001
-385988
-384746
-384037
-383569
-382119
-381872
-376425
-371462
-369967
-368650
-356467
-356217
-333715
-332546
-332151
-319465
-314201
-309090
-308688
-304280
-302995
-294847
-290888
-282181
-280618
-278949
-278201
-275806
-271801
-267240
-265333
-262710
-262499
-260502
-260298
-260026
-257801
-255773
-254471
-252156
-251548
-249453
-244080
-243917
-240744
-240288
-238023
-236845
-233863
-233043
-227691
-226994
-222070
-218187
-216569
-212742
-209561
-204744
-203656
-201115
-196042
-195179
-186658
-182191
-181743
-180923
-175791
-171604
-158473
-153652
-153002
-150518
-146902
-146775
-144053
-137808
-133138
-127802
-123206
-122618
-122431
-119671
-119440
-110189
-109520
-108318
-100788
-93581
-92674
-76975
-73805
-73482
-71760
-67785
-66009
-64743
-63313
-51545
-51229
-41038
-31771
-29967
-29770
-24789
-18130
-16310
-10152
-8290
-6326
-1583
2395
2762
5286
5811
10656
12476
16571
16952
18212
19707
21403
22928
32247
35571
35745
37109
38994
41920
43749
49450
50829
51176
54546
56174
68078
72297
72976
78919
82086
89775
89882
93242
96179
99543
105849
115393
126743
134868
136123
141207
146758
152089
154122
154780
170267
182414
188007
194236
194570
196066
199628
203998
204760
205435
208180
210524
211868
215935
218268
220285
224727
224900
226598
228054
237751
246470
256018
258252
264636
268425
269360
272912
285764
290204
290523
292816
293033
295108
307084
312718
313875
313881
315673
324082
332424
333660
339072
340479
341618
345572
350723
352149
353416
356067
356638
359366
359870
372769
380328
385110
388864
392239
392931
394259
395488
401284
408527
409617
422940
424415
431386
432252
433315
433866
440048
443073
456183
460370
463574
464654
466473
470432
473722
478938
480967
483666
486689
495783
497688
511295
511593
514734
522496
523303
523529
532513
536263
541429
543485
546394
546517
551761
555908
558816
559435
561601
562091
566087
568991
569223
576279
580131
580443
583772
586469
587695
590326
593240
593840
596122
597222
613289
621611
624314
624483
629645
634378
640482
644071
650817
652227
653337
654938
656801
667282
677245
678057
695706
699240
702288
703870
716908
722383
726149
731778
734536
736562
738494
749447
750015
751040
753678
754341
757249
769929
772105
784997
785339
786659
788705
797078
800721
801764
809363
815949
818749
824958
828692
830263
839077
839534
839576
839934
840483
842026
844573
846427
849260
851401
853391
854113
858273
860273
867108
867316
876135
878203
879714
879746
882864
884638
887945
889987
890238
895018
897664
902634
919263
919295
919568
926334
928427
929765
931988
932624
935347
938361
942536
943382
944343
949142
955527
968886
971055
972252
972621
973892
975470
993498
994194
998336
1006486
1009702
1017493
1017590
1024596
1025274
1025858
1030983
1031899
1033622
1035149
1037725
1042051
1043980
1044767
1045758
1060086
1062599
1062745
1064245
1069610
1070490
1081871
1085138
1085694
1089483
1096700
1102663
1103562
1104394
1114754
1126755
1141597
1145379
1154463
1159662
1165301
1166225
1173838
1186176
1188700
1194066
1206296
1207639
1210278
1217817
1219282
1223034
1224961
1230854
1233869
1234865
1240537
1243598
1246142
1248112
1255710
1258935
1259469
1259520
1260808
1261917
1262650
1265755
1268333
1274927
1276510
1280044
1282457
1283432
1295014
1296505
1298343
1299366
1305827
1310833
1312051
1313307
1319858
1325703
1326987
1331462
1334800
1337716
1344443
1346631
1347545
1348301
1348723
1356288
1358420
1361227
1369941
1371096
1371369
1371380
1371830
1375664
1378131
1379987
1387964
1399385
1400915
1402963
1403400
1404144
1405017
1405685
1408893
1422361
1425914
1439301
1439700
1447705
1449783
1455560
1463006
1463024
1464497
1468001
1468444
1475310
1475397
1477250
1477651
1486850
1488708
1493276
1504281
1512671
1535812
1540153
1541758
1542299
1547083
1547392
1551442
1552808
1552821
1553856
1567113
1572597
1582893
1594088
1594191
1596518
1607851
1612605
1614176
1614601
1615047
1629196
1633763
1636283
1636653
1637948
1640929
1650619
1650729
1654265
1657419
1662664
1665109
1673748
1674776
1675170
1676504
1678022
1680685
1681913
1686409
1690265
1694636
1696108
1699620
1700090
1717286
1725738
1733311
1734591
1737507
1749005
1751306
1754690
1757582
1758144
1758384
1765527
1777095
1777834
1780718
1791030
1791392
1797013
1797232
1797842
1808700
1809693
1810600
1812288
1812919
1814196
1823131
1823873
1826742
1826758
1830435
1849242
1852327
1854736
1865100
1865933
1874253
1875349
1881770
1888193
1888397
1891636
1906620
1908680
1911717
1912205
1914723
1922874
1931980
1933065
1940885
1942319
1945654
1947346
1952897
1953582
1954467
1968804
1968917
1969795
1970093
1977485
1977930
1978627
1998303
