-1997934
-1995108
-1994324
-1992513
-1992168
-1990282
-1986716
-1986296
-1983845
-1980794
-1978475
-1969361
-1967564
-1953081
-1951287
-1946155
-1939713
-1938932
-1936995
-1936723
-1902079
-1897938
-1894077
-1889680
-1885263
-1883924
-1880221
-1876684
-1867007
-1865724
-1865563
-1865479
-1865417
-1863146
-1859043
-1857445
-1855400
-1847535
-1836033
-1830193
-1824282
-1822481
-1819730
-1810799
-1790796
-1788237
-1786532
-1782449
-1781035
-1778381
-1778241
-1773515
-1773319
-1772796
-1772057
-1770602
-1764276
-1755548
-1751645
-1750956
-1745505
-1736887
-1732863
-1727920
-1722721
-1715542
-1714081
-1712577
-1712208
-1708931
-1705263
-1699546
-1693583
-1692799
-1692714
-1686234
-1685787
-1677346
-1676124
-1675722
-1674429
-1673782
-1666199
-1661975
-1656561
-1650843
-1643584
-1631233
-1630291
-1624518
-1620385
-1617790
-1611415
-1611394
-1595907
-1594677
-1590426
-1587811
-1587747
-1586998
-1583930
-1582407
-1580566
-1579864
-1574946
-1571878
-1571665
-1568415
-1562262
-1561540
-1561079
-1553918
-1548999
-1548642
-1537326
-1529646
-1523301
-1523096
-1513338
-1510185
-1502916
-1499909
-1495100
-1495054
-1490678
-1483030
-1477005
-1467187
-1461355
-1453429
-1450529
-1448231
-1445885
-1442433
-1437099
-1436176
-1435763
-1431192
-1427760
-1422035
-1420471
-1416530
-1416330
-1413877
-1412404
-1410586
-1410064
-1408801
-1402052
-1401325
-1399703
-1398809
-1396438
-1394238
-1394223
-1393723
-1393159
-1386896
-1379925
-1375429
-1373895
-1371196
-1368914
-1365563
-1365551
-1362852
-1354500
-1354496
-1351223
-1349568
-1348472
-1347878
-1345247
-1342976
-1337604
-1320665
-1319893
-1316320
-1312532
-1305030
-1302126
-1300902
-1298090
-1297325
-1294564
-1289148
-1286136
-1282450
-1276547
-1272824
-1255828
-1252357
-1251561
-1242317
-1230574
-1228410
-1225639
-1224384
-1215263
-1214511
-1212583
-1212434
-1208888
-1198822
-1196613
-1192107
-1177583
-1168829
-1166607
-1166578
-1161581
-1160059
-1159264
-1147666
-1143871
-1143746
-1138839
-1125050
-1124152
-1117612
-1105577
-1105050
-1104379
-1101513
-1094933
-1094175
-1087100
-1083829
-1078350
-1078327
-1076648
-1076571
-1067761
-1060477
-1059156
-1057695
-1056221
-1054781
-1044202
-1042616
-1040226
-1035768
-1025228
-1020848
-1020607
-1017405
-1013436
-1013351
-1004709
-998735
-998643
-995482
-987754
-984176
-982693
-981262
-978558
-973240
-972203
-971851
-967078
-961963
-960405
-957627
-954984
-950873
-948151
-943761
-940380
-939124
-938084
-932556
-930559
-927863
-927616
-925969
-922007
-921575
-914884
-912905
-911810
-911455
-908499
-898922
-896545
-894623
-891017
-886260
-879041
-871197
-870721
-868656
-862598
-859983
-854169
-850388
-837832
-812966
-812603
-802547
-802061
-797289
-796476
-794527
-793534
-777544
-775477
-766991
-762550
-761458
-754500
-753987
-752291
-743573
-716395
-714101
-712435
-708573
-703870
-703154
-698961
-697683
-687189
-682731
-676065
-673161
-669482
-666764
-660795
-659068
-658836
-658404
-657326
-656291
-654286
-648928
-645372
-642149
-642112
-638076
-636719
-633857
-629856
-628960
-627586
-627194
-619447
-617417
-617171
-616746
-605023
-603967
-598607
-590147
-581979
-578921
-568547
-554285
-548657
-547229
-545277
-543369
-541906
-538593
-536839
-525461
-524467
-522876
-516248
-514976
-510316
-509900
-505745
-504528
-494646
-494207
-492969
-485774
-485432
-485395
-482956
-480398
-476213
-469863
-468624
-462155
-454332
-451489
-450180
-448230
-447202
-438775
-433571
-424215
-422981
-419184
-413294
-401019
-392417
-388661
-382324
-379124
-375364
-373752
-372098
-371045
-369575
-368804
-368123
-353301
-348538
-335791
-335647
-333847
-333150
-322054
-320032
-318302
-317653
-314632
-311683
-307644
-307506
-306410
-301713
-300495
-295580
-288541
-285526
-284251
-274738
-273662
-271167
-270183
-269316
-268131
-252404
-249850
-241000
-239481
-235616
-233271
-193113
-192238
-190658
-184806
-182046
-180077
-174616
-172811
-163096
-162565
-153377
-152595
-146273
-140173
-133411
-130729
-128857
-123559
-123397
-115533
-111782
-104297
-103230
-102601
-99799
-96362
-94629
-77448
-75161
-74137
-69143
-65274
-63968
-57853
-57851
-55337
-53813
-52931
-45581
-39857
-37805
-21896
-11430
-6311
-1256
7685
8130
8755
9353
23751
32862
39621
40355
41042
43636
44032
44678
44818
51555
53111
53388
73282
86913
91132
100954
106465
108447
109721
110979
113771
114479
114569
117825
118298
120299
120306
121206
133904
135028
135394
136040
137094
138631
141314
141642
144602
146041
147077
148650
152376
155662
157690
158894
167062
167380
168910
180616
188433
188477
192117
200304
201223
202086
202836
206921
207104
210149
211588
214928
216556
217194
218938
222240
240486
249971
252601
257614
259592
262524
264692
264769
265754
270783
273768
275845
277861
291129
298450
304103
311102
317207
318071
318902
322645
331684
336471
336771
337092
349843
364777
367893
368771
370348
377524
381153
387881
388200
388703
390901
401994
403462
406876
412546
432143
433364
435800
438624
440126
442414
443507
444257
447592
449242
461408
464300
467026
469893
475694
479739
483381
485935
490643
494252
498565
507839
521126
521746
524703
525340
539703
547092
549445
555082
556832
557446
558168
561413
571782
575722
577267
577776
594621
599492
605669
612463
619603
624750
626905
632920
636957
637424
637872
642947
645539
646153
649083
655503
659598
661243
663605
667338
669212
669990
677741
682466
682648
691916
698803
702455
708178
716660
717213
718048
719772
724112
731070
740297
744979
751062
753597
754330
758914
762831
763706
770764
773191
773849
776210
777103
778687
783767
784810
791427
791435
794051
806588
810988
812399
814158
817619
818282
824125
824576
825752
825820
830693
833851
836607
838762
853831
854583
855988
861649
865024
873302
875731
875743
879390
880369
881254
884865
885620
888444
891416
899210
901927
902197
906509
912334
914305
918354
919321
919970
931363
932881
933495
938039
948266
954108
954161
954690
955585
958546
959516
964763
965460
968190
975715
975820
976391
979736
982211
984111
985588
990303
1005215
1015766
1017281
1020334
1023011
1025503
1030944
1031876
1032792
1033627
1040399
1042594
1043408
1049896
1050649
1057135
1057323
1068202
1068731
1070686
1073091
1074913
1080590
1081815
1083677
1085111
1090837
1099469
1127443
1132523
1139401
1147168
1148773
1151114
1157488
1158029
1159998
1160163
1164171
1164357
1169636
1172845
1174402
1177340
1178689
1179313
1186605
1194991
1196818
1202992
1206478
1207630
1210599
1218743
1224206
1225141
1225972
1226208
1230735
1232122
1234637
1240778
1243859
1247734
1254395
1255793
1259324
1262445
1263971
1265549
1269852
1280981
1281433
1282001
1291807
1297277
1297863
1300358
1304927
1314508
1314956
1315733
1321279
1321982
1324082
1326557
1330864
1332432
1336890
1338101
1338165
1338294
1343658
1350182
1351477
1370512
1370607
1372276
1374994
1387868
1390431
1393092
1394564
1394650
1397189
1399785
1405012
1413666
1415582
1417340
1417983
1419048
1419285
1430023
1430496
1434104
1434197
1434361
1439230
1440249
1441893
1444343
1454787
1457499
1458781
1462305
1463192
1475954
1479511
1479954
1483712
1484158
1490171
1491130
1491395
1499452
1500296
1500437
1505444
1505826
1506644
1508259
1516352
1516599
1520461
1521220
1521564
1521899
1550857
1552313
1554036
1558104
1575651
1578432
1580157
1580848
1590373
1601856
1608172
1611523
1611679
1616661
1619690
1624507
1632682
1634174
1634310
1637544
1640206
1642467
1643238
1645266
1656624
1658096
1659982
1663243
1668793
1669971
1675611
1677210
1677764
1682503
1683023
1687990
1694563
1698057
1698605
1700421
1703155
1703571
1714068
1716497
1718289
1723159
1726718
1729143
1729564
1741653
1744010
1760554
1766363
1768639
1770756
1771666
1772913
1773188
1774513
1775151
1778570
1779666
1780116
1781914
1787223
1789394
1813016
1816305
1818707
1833330
1833354
1835309
1838954
1840674
1845453
1857114
1857631
1862621
1867173
1867546
1885977
1887289
1892601
1894711
1905969
1913522
1922552
1923164
1927089
1928858
1931589
1936431
1941072
1941465
1954490
1955590
1956406
1957975
1965063
1968479
1969509
1979849
1982290
1988598
1993622
