-1999501
-1997862
-1995151
-1987853
-1975855
-1967783
-1966970
-1961392
-1956956
-1943049
-1939287
-1936342
-1931945
-1929629
-1910584
-1906498
-1901099
-1896823
-1890702
-1883888
-1882998
-1877142
-1858451
-1848496
-1846827
-1844360
-1843197
-1833970
-1827756
-1822681
-1820176
-1815084
-1812294
-1810334
-1809062
-1808110
-1803498
-1802628
-1798314
-1797556
-1797519
-1797274
-1793220
-1791264
-1772399
-1769509
-1767646
-1766453
-1763644
-1762859
-1761201
-1758427
-1753002
-1741280
-1738953
-1733701
-1732262
-1730668
-1729493
-1726898
-1726794
-1725346
-1715637
-1702104
-1693897
-1691952
-1688656
-1685511
-1685106
-1683811
-1682357
-1679661
-1679476
-1674130
-1669485
-1659269
-1658934
-1658912
-1654792
-1654167
-1654148
-1651528
-1650862
-1649139
-1642114
-1636083
-1635512
-1631845
-1624126
-1623475
-1619421
-1617811
-1617784
-1617416
-1616105
-1611800
-1602281
-1600946
-1598873
-1595885
-1595384
-1592569
-1590011
-1588814
-1588381
-1586348
-1576951
-1575380
-1575327
-1574038
-1571334
-1569830
-1564907
-1556267
-1555513
-1549177
-1541590
-1534965
-1532998
-1528534
-1518846
-1517813
-1509130
-1505222
-1504291
-1498171
-1494021
-1491414
-1486156
-1485161
-1482694
-1479422
-1476385
-1475133
-1465812
-1458664
-1454197
-1452679
-1452408
-1446945
-1445383
-1444000
-1438722
-1437385
-1436966
-1433322
-1433231
-1432390
-1431101
-1430964
-1429109
-1428462
-1427311
-1422872
-1422287
-1421591
-1419003
-1415319
-1412709
-1410100
-1409439
-1409149
-1406399
-1401276
-1396905
-1393250
-1393193
-1379583
-1362051
-1357292
-1356811
-1345314
-1340712
-1336716
-1335994
-1333932
-1328434
-1328223
-1326223
-1324986
-1324062
-1323927
-1323915
-1323748
-1321466
-1321021
-1320401
-1312146
-1305624
-1302856
-1298942
-1298355
-1298048
-1294511
-1292304
-1289848
-1289718
-1287179
-1286052
-1280789
-1278390
-1278072
-1273482
-1265786
-1264879
-1260405
-1252305
-1252072
-1251924
-1244468
-1243894
-1239887
-1239073
-1238551
-1235137
-1233694
-1231874
-1229088
-1225864
-1225047
-1221764
-1219887
-1219255
-1217847
-1213295
-1212166
-1211185
-1210397
-1210228
-1202356
-1200128
-1196468
-1195980
-1195724
-1191512
-1182298
-1166333
-1163560
-1151515
-1151068
-1146453
-1146302
-1137711
-1127607
-1122533
-1115722
-1114151
-1112363
-1109749
-1107867
-1103781
-1101432
-1098859
-1092257
-1087839
-1085560
-1083043
-1081159
-1080222
-1075565
-1068954
-1067312
-1061665
-1060234
-1058392
-1056772
-1054287
-1053427
-1053426
-1048536
-1042219
-1037240
-1024002
-1023082
-1017445
-1007439
-1006259
-1005686
-1002020
-1001154
-997892
-992837
-986507
-984724
-981533
-979123
-973747
-972635
-970780
-970148
-969766
-968779
-967884
-959873
-955043
-953274
-951740
-947579
-941746
-933624
-909001
-904263
-894375
-893877
-888518
-885355
-883880
-880739
-879103
-877336
-869994
-867712
-866556
-855868
-849565
-828967
-826630
-824432
-821107
-817041
-809322
-799815
-795043
-793015
-784971
-778072
-774221
-772696
-760166
-754518
-748039
-747480
-746265
-741201
-732146
-727249
-721743
-721474
-720066
-719204
-716630
-716329
-714383
-713068
-701712
-701197
-698766
-696656
-680002
-679316
-678122
-675787
-672953
-672674
-671393
-668908
-664730
-661950
-658742
-657957
-655558
-648627
-646735
-645239
-637365
-632879
-617644
-614435
-613892
-610754
-593716
-587151
-584096
-577322
-575307
-556021
-555061
-553592
-550701
-547223
-546310
-536371
-532794
-530424
-530416
-527955
-524374
-517441
-512427
-508485
-500896
-500051
-497539
-496831
-492820
-492137
-488300
-486846
-484694
-484444
-482962
-482659
-482235
-480631
-475242
-471943
-471144
-456021
-451790
-448597
-447322
-446744
-445395
-441518
-441273
-434834
-430136
-400383
-396109
-387684
-386876
-384155
-383955
-380082
-377916
-377859
-371563
-356292
-356120
-343445
-338184
-326897
-323461
-322836
-321984
-320064
-316803
-314069
-309423
-308248
-298169
-294470
-292108
-282829
-281922
-265483
-264613
-259792
-253884
-251379
-244888
-237797
-232769
-232519
-232143
-229926
-223086
-222650
-217796
-217269
-213089
-212504
-204445
-187887
-183837
-166200
-163856
-161972
-161717
-153708
-143031
-142219
-130280
-128058
-126136
-123371
-117372
-116457
-116023
-108553
-106930
-97992
-90388
-89196
-87094
-85716
-82003
-80774
-74324
-69365
-64484
-62903
-57897
-56916
-52481
-47869
-46900
-38766
-37970
-36063
-34045
-33276
-32847
-29018
-23186
-20496
-14416
-11394
-10231
-3423
-2341
-1622
3073
15855
30966
36080
36121
42093
44535
49725
52530
61801
67054
68451
69869
75182
77062
81265
84148
84220
92494
97324
100592
116811
124431
127774
128658
131926
143464
146494
148990
156832
158479
161540
164366
167962
171288
186623
192300
195393
195750
197464
200692
204197
204303
208212
212401
215544
218250
224155
234192
236729
237621
239010
244274
255817
259513
259886
264903
265129
265883
267786
268950
274575
277859
284239
284379
298379
299617
299675
303108
305309
322830
323695
326301
326608
337098
343125
346583
352605
357571
366352
366520
367272
367701
371497
372310
372329
374569
379721
380125
381026
381295
381442
382002
385623
393753
394821
402234
411526
422846
422902
427596
428657
437048
446520
446641
451469
455196
460102
460698
465681
466157
467787
470649
480964
482159
489622
491188
494508
495985
501808
507253
513461
513887
514055
514709
517414
521735
525103
528139
530223
535334
542242
542513
547938
549695
552584
553042
562864
568589
572997
573154
574060
575707
578628
582865
583616
594522
599951
616145
618398
619627
623619
624544
634129
642986
648357
649539
653166
653237
655291
661677
661895
662961
664268
674154
676667
679199
685002
686182
686850
688030
690880
694841
694965
695822
695954
698273
701671
705963
712235
715714
726897
730207
730448
733062
748210
753927
754223
776693
778182
782222
784586
798537
800129
807132
815003
819865
822525
832343
837208
839581
841148
846131
848314
859998
863089
864473
869605
871898
872613
878456
881064
881573
881915
884919
894219
894816
897070
898574
905323
908862
915055
915653
918509
921642
925957
926685
929242
938673
939290
946814
947220
948252
949578
951202
962148
962721
976541
977083
982944
992637
998757
1002789
1007742
1008429
1009612
1016796
1019802
1028301
1029576
1029843
1032056
1043098
1046217
1049453
1053962
1054214
1054528
1055657
1057640
1058739
1060010
1071157
1072156
1073202
1088615
1091621
1097256
1110308
1112011
1112406
1113142
1115909
1115966
1126963
1127743
1128695
1131441
1148674
1149180
1159060
1162022
1170915
1171070
1174171
1174636
1178105
1178868
1194460
1195632
1199385
1209218
1212300
1231316
1232954
1237223
1247131
1247212
1247629
1248205
1249347
1253147
1253292
1253454
1253652
1259410
1260387
1264402
1268455
1269685
1273169
1273589
1276282
1276874
1280402
1291620
1296509
1303422
1303682
1309325
1311733
1316547
1320335
1329742
1332187
1336269
1343791
1345138
1345168
1347585
1351803
1355084
1355879
1357048
1361791
1361824
1362466
1365078
1369179
1378591
1379414
1379995
1381683
1382564
1388089
1396793
1401550
1406634
1412949
1414559
1423099
1425391
1429105
1429962
1431778
1432592
1440753
1444277
1445649
1447867
1451305
1455195
1455853
1459214
1461531
1480226
1486747
1487394
1488474
1488874
1493863
1494967
1497236
1497946
1501954
1503202
1506254
1508291
1510181
1514043
1514914
1515002
1524250
1535054
1538365
1538876
1540495
1540593
1543305
1551774
1553221
1555106
1555329
1556569
1558277
1562024
1566674
1568837
1574697
1580462
1593627
1593869
1595551
1600169
1602683
1603938
1604151
1604388
1607267
1612757
1621369
1624859
1638062
1654498
1657599
1669914
1686089
1691195
1697238
1698873
1702362
1703623
1705510
1711891
1713393
1721030
1721079
1723682
1744028
1746816
1748007
1753431
1772961
1775466
1776534
1777636
1797167
1800231
1800291
1801984
1803739
1815711
1818184
1818423
1820955
1828090
1832796
1832814
1833895
1839992
1846066
1848496
1850946
1851283
1856375
1864909
1874514
1875981
1877560
1879378
1880249
1884546
1887478
1890164
1890601
1892050
1905492
1909211
1928544
1933361
1935242
1935714
1937965
1942019
1943503
1947116
1957242
1959837
1969576
1971104
1973438
1975175
1980606
1981619
1984664
1984817
1985392
1994528
