-1991854
-1983842
-1974283
-1972853
-1963716
-1961610
-1961355
-1960662
-1959003
-1955080
-1943584
-1942150
-1937563
-1937259
-1937187
-1934244
-1928465
-1927562
-1925317
-1921344
-1921259
-1920695
-1916625
-1915656
-1913841
-1908973
-1904424
-1903317
-1902891
-1898762
-1898258
-1896065
-1895200
-1893476
-1893240
-1891509
-1889438
-1889291
-1880347
-1876680
-1875621
-1861112
-1858693
-1850741
-1840956
-1840593
-1835726
-1833936
-1822818
-1821412
-1816730
-1814341
-1813981
-1811273
-1798922
-1797740
-1787859
-1783044
-1779142
-1776838
-1776532
-1776285
-1776009
-1772010
-1771765
-1769332
-1767141
-1765978
-1764896
-1761614
-1758009
-1748884
-1748139
-1744380
-1743173
-1740193
-1727598
-1724040
-1723244
-1722700
-1717782
-1714753
-1709227
-1707719
-1705176
-1703919
-1703790
-1699694
-1695286
-1694749
-1694360
-1694293
-1692969
-1687392
-1685427
-1677429
-1676499
-1676395
-1674849
-1672352
-1670974
-1670657
-1669935
-1661664
-1661607
-1660294
-1650914
-1641794
-1638794
-1638577
-1636651
-1632318
-1630167
-1625572
-1615709
-1613653
-1612494
-1610006
-1601699
-1600518
-1595579
-1594183
-1593071
-1592023
-1587619
-1581400
-1581207
-1577544
-1575389
-1570259
-1566135
-1562453
-1561368
-1559620
-1559420
-1554323
-1549121
-1544751
-1544303
-1540276
-1540052
-1539637
-1536248
-1534184
-1533068
-1531876
-1521462
-1521268
-1518152
-1511683
-1505734
-1505642
-1505355
-1504466
-1503606
-1496847
-1483662
-1481482
-1481165
-1477385
-1476165
-1475950
-1472447
-1471474
-1470860
-1461562
-1460386
-1446623
-1441478
-1439363
-1438367
-1437515
-1435184
-1425515
-1419905
-1413210
-1408327
-1407320
-1401160
-1401140
-1398026
-1393480
-1391358
-1389950
-1387235
-1383042
-1375384
-1370340
-1365814
-1364205
-1356237
-1355422
-1351187
-1350261
-1349407
-1341133
-1338366
-1334292
-1328553
-1324900
-1319554
-1318489
-1318206
-1311711
-1308444
-1306626
-1300075
-1294546
-1293061
-1292881
-1290657
-1289326
-1288159
-1282603
-1281998
-1277870
-1275237
-1274353
-1272246
-1270081
-1264449
-1260451
-1254579
-1254088
-1248386
-1247311
-1237808
-1237186
-1233126
-1224390
-1213243
-1213117
-1209211
-1208213
-1208172
-1206946
-1205533
-1203067
-1184263
-1182965
-1179488
-1176939
-1170141
-1167524
-1158795
-1156087
-1152741
-1149330
-1146319
-1145952
-1134320
-1132417
-1127563
-1126357
-1124873
-1124584
-1123986
-1116217
-1115672
-1106990
-1101425
-1100839
-1094812
-1087069
-1084741
-1083384
-1078528
-1075988
-1075838
-1061141
-1050682
-1045719
-1040305
-1032022
-1030390
-1027690
-1022193
-1021715
-1020911
-1015026
-1013451
-1007842
-1000961
-1000286
-998104
-992655
-992473
-987480
-976696
-967645
-962789
-961953
-959230
-955289
-955063
-951463
-948536
-946597
-941693
-939891
-938830
-937332
-933259
-932494
-932255
-932222
-928272
-926256
-926230
-924905
-920552
-920117
-916965
-909989
-903569
-901511
-901337
-896089
-892044
-881989
-878373
-876817
-876740
-876435
-870794
-869614
-865814
-862015
-858374
-852808
-849261
-844867
-836634
-832258
-831544
-822677
-818485
-818194
-817357
-814415
-812310
-809829
-802420
-797723
-789427
-789317
-786632
-773785
-762014
-761143
-755382
-754596
-753922
-752510
-749242
-740567
-737972
-732174
-729394
-728894
-727751
-704872
-704685
-704259
-697866
-689652
-689146
-688531
-685228
-684861
-684805
-680769
-679776
-678065
-677490
-660627
-652079
-646917
-634528
-631183
-618365
-617921
-616588
-613308
-611657
-603732
-596022
-595890
-591164
-588435
-572932
-569691
-557691
-556162
-553143
-538390
-535739
-519539
-517121
-509254
-506859
-503190
-501905
-501551
-501236
-500662
-496293
-495096
-493462
-488271
-486826
-484112
-465342
-458962
-455954
-455801
-453511
-450675
-446013
-443422
-441060
-437654
-434861
-434392
-433799
-432302
-426677
-425966
-424580
-422867
-418916
-412423
-411394
-410124
-409845
-403163
-402549
-400858
-396210
-385190
-384747
-384686
-380900
-377597
-371339
-357729
-353899
-352914
-352738
-343250
-339453
-335695
-334991
-333962
-332296
-326537
-317250
-314185
-312225
-310830
-309228
-308698
-307686
-295198
-290674
-289197
-284651
-274622
-271340
-267825
-263412
-261801
-258769
-255866
-254446
-253494
-242636
-240229
-228588
-228181
-226557
-226390
-224487
-220112
-213237
-210150
-207294
-201937
-199430
-197939
-196086
-195569
-193956
-192158
-192081
-191036
-186809
-186222
-184709
-181468
-178018
-177421
-168198
-162579
-154208
-146183
-143349
-138934
-138455
-132607
-131772
-127863
-119844
-114726
-113496
-109044
-103777
-102826
-96739
-87311
-72196
-68327
-62375
-60092
-53717
-47693
-46063
-44573
-42762
-40224
-33856
-28893
-28861
-25824
-23893
-23729
-12305
-11188
14978
23011
44023
44132
50924
52849
53072
53438
58133
66563
69537
75656
84853
85135
88622
88798
90938
92417
94723
99337
103071
106922
115221
117567
125440
135020
141499
142235
158586
167609
170137
171453
173872
175988
179735
189536
193257
206006
207011
207595
209608
209994
213599
216002
217835
219540
221012
221720
228291
230925
233196
237921
239969
240157
246794
251809
258669
263675
267220
269309
277278
300078
303707
304226
304485
306362
307588
309298
311243
312540
314299
315526
323727
334587
336612
336936
338197
348808
352816
355015
360930
362820
365777
375652
377523
383790
385453
386005
387547
388222
390101
391631
409428
411972
413094
414622
427606
432083
445139
447917
449943
451364
457890
467217
467361
475527
476728
493712
493892
501660
503906
504995
505428
506608
508922
509187
511424
514548
522737
525698
527280
530450
530677
537407
541466
542230
544381
546079
546490
553501
553663
554792
555029
559653
569189
571010
573436
577631
581050
586959
590693
591713
594220
596640
598777
609086
615725
619213
619812
625788
636356
638827
641988
644289
644370
647285
654336
654426
656520
661824
666314
667476
673327
673676
675093
676475
679074
679163
680708
693450
702435
705731
706561
719279
724812
730324
734428
738701
739324
739965
740604
745553
750260
757607
759389
768810
771316
778601
782010
792945
797061
802751
808489
808728
809694
814772
835615
837221
837585
842400
844863
845851
854482
860608
863780
864301
865548
879689
882808
885575
890843
891405
897510
899410
905092
906075
912438
912982
920750
921833
930327
931604
931817
937114
937745
941574
943535
945391
948661
949138
962134
963070
969036
974561
985198
987268
992152
994098
996390
1000066
1003733
1006387
1009613
1016294
1017108
1020377
1021760
1024472
1027605
1035438
1039317
1039713
1046969
1050653
1057402
1062304
1064293
1070129
1071034
1080910
1085134
1089262
1091840
1093945
1094821
1098468
1106375
1108720
1109500
1109834
1116894
1119359
1121103
1121785
1127928
1138087
1145060
1149015
1151456
1154968
1155793
1159086
1181803
1183822
1185413
1192163
1195532
1196313
1215353
1225344
1226592
1228424
1229067
1231462
1232191
1234231
1234684
1237559
1250407
1253851
1254283
1272320
1273302
1273612
1282124
1287433
1289267
1312868
1318294
1324885
1325744
1326434
1333637
1342649
1355998
1357952
1358338
1359775
1362934
1372119
1375589
1377771
1378812
1379447
1381845
1384954
1391368
1394866
1398715
1399222
1401127
1406094
1406265
1413364
1419260
1419495
1427769
1428219
1432124
1434438
1439280
1442945
1444902
1446132
1451022
1456520
1460590
1466767
1470863
1473771
1482235
1494736
1495227
1496363
1500939
1501486
1508007
1516031
1523742
1531117
1532664
1535352
1548696
1554580
1567034
1568572
1572798
1575451
1578476
1583380
1583766
1590920
1590976
1592668
1594320
1599532
1600342
1601100
1601202
1608448
1608959
1609711
1617363
1618926
1623199
1626380
1635318
1636673
1642161
1644669
1645886
1664751
1665659
1669189
1672927
1673765
1677976
1682956
1686964
1688063
1702876
1704639
1704758
1705357
1705983
1707228
1713652
1723180
1724729
1726199
1729787
1730914
1738430
1741505
1741903
1746207
1750442
1751600
1752004
1767905
1769017
1769448
1769449
1779414
1782254
1784981
1786170
1792186
1792740
1801737
1809853
1809965
1816414
1822492
1832763
1834837
1844053
1844149
1846483
1865370
1872862
1874289
1876405
1881140
1883005
1894356
1920079
1921856
1931706
1937465
1942567
1943009
1943513
1944056
1951766
1955872
1968649
1972482
1975415
1992328
1992705
1993861
