-1994137
-1993823
-1989446
-1988106
-1987952
-1979993
-1968501
-1965708
-1961393
-1957879
-1957038
-1955535
-1951228
-1930589
-1927982
-1926532
-1924642
-1923908
-1919636
-1916135
-1910231
-1909314
-1907141
-1903603
-1902342
-1901085
-1898445
-1887653
-1883962
-1882321
-1873491
-1868107
-1856313
-1856029
-1852465
-1851331
-1846995
-1839978
-1838658
-1838590
-1838172
-1831350
-1830722
-1827918
-1823955
-1820474
-1820195
-1817457
-1814988
-1814249
-1804384
-1802226
-1801033
-1796535
-1792378
-1791388
-1789273
-1787487
-1784370
-1779366
-1773734
-1773552
-1772866
-1769064
-1766146
-1763225
-1758883
-1756761
-1754061
-1751997
-1746224
-1728432
-1727686
-1726732
-1724174
-1724043
-1723030
-1722411
-1721581
-1691678
-1689195
-1687462
-1684002
-1683118
-1682344
-1675030
-1674977
-1674165
-1672376
-1665938
-1660163
-1659929
-1652816
-1648022
-1647721
-1646577
-1646028
-1645833
-1644443
-1635085
-1635031
-1630187
-1629621
-1623009
-1614428
-1613995
-1606985
-1590243
-1579887
-1577534
-1575639
-1575615
-1572527
-1567334
-1559932
-1552224
-1545921
-1537922
-1534678
-1531568
-1518008
-1517656
-1510855
-1508269
-1496911
-1496534
-1495720
-1494771
-1491592
-1484203
-1480909
-1480308
-1479455
-1468150
-1465679
-1456191
-1447675
-1440207
-1431243
-1430907
-1426892
-1419789
-1419468
-1413545
-1411437
-1411122
-1407557
-1401815
-1390430
-1376703
-1374403
-1364176
-1361506
-1356529
-1350267
-1342680
-1339098
-1335095
-1333926
-1330035
-1327688
-1327124
-1326821
-1325042
-1324706
-1324171
-1322549
-1319467
-1319133
-1316125
-1312749
-1310138
-1300780
-1300662
-1294627
-1293217
-1291487
-1289452
-1287296
-1286426
-1280603
-1278316
-1267676
-1267496
-1257649
-1252570
-1249547
-1238178
-1235715
-1230998
-1221196
-1217976
-1210076
-1204067
-1198726
-1186701
-1183533
-1180693
-1172141
-1171914
-1164525
-1161071
-1161059
-1158463
-1157289
-1152401
-1146258
-1142248
-1128160
-1121971
-1120329
-1116784
-1110748
-1109382
-1087479
-1085158
-1079222
-1075212
-1068229
-1062612
-1045742
-1045075
-1042647
-1040066
-1036558
-1035946
-1024205
-1023560
-1022050
-1021054
-1020928
-1020902
-1019474
-1010431
-1010050
-1007962
-1007387
-1007201
-1005712
-1004073
-1000780
-998887
-990264
-980148
-975503
-974509
-974241
-972914
-962290
-957346
-955929
-955639
-950687
-946219
-932890
-924386
-923788
-921280
-917107
-910978
-909830
-908919
-908076
-900586
-899575
-896562
-890202
-888843
-886271
-884802
-871965
-868794
-866212
-865563
-865324
-860167
-859990
-847830
-846028
-845374
-844569
-842678
-837546
-833116
-831083
-819532
-814404
-809921
-800771
-799359
-796288
-773690
-758336
-742573
-735612
-732182
-727622
-725286
-720863
-711910
-711069
-706230
-700979
-695245
-694369
-689952
-685466
-684322
-681051
-661762
-660985
-654811
-653629
-652397
-645990
-638087
-636991
-636424
-631993
-630990
-627620
-624370
-623883
-620832
-607195
-604852
-597715
-590933
-583029
-579198
-578589
-575607
-570134
-569928
-563351
-560339
-558708
-551274
-548676
-546063
-545642
-544453
-543878
-541005
-535049
-531895
-530651
-528882
-525575
-521167
-512504
-510619
-505578
-499747
-499656
-498139
-497181
-483811
-483766
-478859
-478560
-477992
-472117
-469833
-467648
-462923
-457370
-454460
-448937
-443856
-439817
-438049
-435223
-431458
-431016
-427743
-424706
-417218
-411844
-409702
-408830
-408695
-408509
-407811
-407661
-406184
-405121
-403773
-399873
-394082
-391490
-389777
-384959
-384022
-382354
-381919
-375533
-368993
-360770
-358983
-358252
-357915
-347675
-345702
-345473
-343895
-338885
-337869
-325604
-319974
-316016
-316016
-310491
-307333
-304072
-301903
-301698
-292807
-279859
-276506
-275540
-271763
-267580
-265964
-265694
-264380
-262312
-256407
-251671
-251616
-250435
-249474
-242809
-240060
-235546
-232531
-228569
-217149
-216959
-207450
-205036
-202415
-194010
-193518
-189564
-180715
-176936
-174628
-170013
-169298
-167446
-166768
-165801
-156759
-152359
-149388
-145927
-145482
-145388
-139578
-137256
-126769
-122867
-118533
-117626
-108473
-106117
-104599
-103378
-99954
-94998
-91670
-87475
-83881
-79376
-78284
-77669
-77244
-73585
-72384
-65779
-63203
-61084
-59278
-56035
-41719
-39272
-38498
-38092
-37392
-35129
-28278
-25469
-22604
-7650
9086
12761
13336
14179
18300
28169
29197
29587
39338
41425
41660
43147
47200
49906
51010
62810
71021
74328
75026
77361
78469
83044
83895
97737
100674
107175
108624
114616
117506
118860
119932
131261
135749
136613
143843
143972
145028
147501
149696
157247
166384
183143
193877
202862
214065
215245
218911
219239
220748
226748
227937
237209
242163
253322
259187
263057
263621
267531
268798
278375
278508
283964
286237
315303
315373
317253
317944
318365
325370
334126
339999
344506
353329
364774
369191
372598
373717
379390
384833
386733
388021
389784
390149
400159
403591
408834
417569
419659
420761
423233
426009
426881
426885
427673
436009
441454
442790
443746
447478
448702
449781
449787
454143
458002
460388
461502
464330
471489
475441
477328
483554
485125
493331
497536
498619
502926
505979
511724
511768
515145
520772
522290
525699
525991
527544
527635
529761
532432
536808
540522
542871
547126
550007
550545
554743
558790
566192
570098
570227
572120
572265
574611
577581
581307
582136
584799
585488
591180
595053
598276
611786
618204
618708
620474
624196
624949
624986
631432
636689
641071
642412
648112
650749
651085
652075
656550
658857
663192
668680
677783
682328
698864
699448
700993
702224
706643
709502
713159
715408
726270
727137
729543
736188
744668
746182
747092
751378
753119
754754
758784
762994
764562
768080
768479
771691
772706
776537
777362
783154
792164
801930
802174
807689
810375
818549
820110
824267
825189
825285
829067
833505
833975
840230
846032
849062
852946
855053
855096
860339
877049
880748
882781
883539
885412
886696
891247
891420
895839
901190
903737
905587
906558
908330
910052
911050
911158
913968
920676
921104
923954
925798
929035
933529
939788
952352
954127
957265
964741
966191
967872
983663
986097
986400
986986
988012
988619
993164
1009887
1013773
1021828
1021828
1026396
1028222
1031655
1037901
1045258
1050320
1054482
1054818
1062866
1068165
1068251
1070972
1078032
1084346
1091095
1091960
1094838
1100966
1101952
1107729
1109047
1113635
1119871
1122740
1134570
1135547
1153460
1157747
1157996
1159015
1161480
1167285
1175591
1177448
1178950
1183024
1189132
1190490
1194170
1200776
1202284
1207053
1222780
1232368
1237843
1253972
1259486
1269439
1278662
1284642
1284644
1287457
1293614
1305255
1309936
1318715
1319851
1320353
1323330
1326676
1327823
1331689
1333213
1338285
1338792
1345762
1348867
1354304
1354703
1359296
1360457
1362816
1366025
1366888
1369613
1370255
1371597
1372306
1372797
1374913
1382192
1382627
1385487
1394198
1397120
1410254
1410600
1411049
1417111
1417815
1418253
1418582
1425524
1426620
1429982
1431001
1432168
1438184
1439103
1447025
1448234
1449334
1453849
1454967
1456315
1459179
1463783
1475676
1480205
1481477
1484108
1487442
1488825
1495074
1505798
1506074
1506790
1507784
1509461
1511978
1512351
1512556
1518799
1523338
1524360
1524607
1531442
1534346
1538032
1543164
1543502
1547973
1548510
1548732
1560106
1563477
1567869
1569599
1573049
1573502
1586100
1594472
1604902
1608850
1610972
1619718
1624745
1626408
1626781
1637350
1638323
1639909
1641257
1642351
1642368
1653144
1655799
1662418
1665214
1669508
1670965
1681362
1688676
1693560
1698554
1699504
1700601
1705009
1707789
1710377
1723344
1725155
1729138
1730422
1733370
1734022
1736665
1739583
1741504
1744505
1763495
1773838
1775666
1779948
1780275
1790056
1791597
1795741
1803175
1805152
1806305
1816254
1818637
1820646
1822808
1824099
1828680
1838821
1839596
1849390
1851005
1851726
1853951
1858120
1861785
1863338
1866378
1869508
1873434
1876032
1883077
1888002
1888332
1890142
1895309
1898565
1899733
1900491
1901473
1903709
1914273
1915188
1920158
1923135
1923227
1926236
1933690
1934110
1934512
1937633
1938970
1939536
1942997
1951209
1968576
1976074
1978786
1981387
1982346
1986047
1987166
1987854
1987951
1993019
