-1998808
-1998399
-1997126
-1992166
-1992102
-1983668
-1981555
-1978280
-1976453
-1967834
-1964880
-1964060
-1963416
-1961011
-1951824
-1948504
-1941621
-1941438
-1940584
-1935201
-1934836
-1932379
-1924330
-1919340
-1916889
-1912822
-1908601
-1877267
-1873673
-1869437
-1867740
-1866744
-1864748
-1854918
-1852669
-1849020
-1847017
-1846000
-1834684
-1833591
-1830719
-1828359
-1826835
-1823494
-1823463
-1823151
-1822339
-1821626
-1818336
-1807565
-1806278
-1802944
-1801881
-1798630
-1797427
-1795565
-1795094
-1794773
-1792882
-1792598
-1788552
-1785843
-1785663
-1782427
-1770211
-1765353
-1759503
-1748009
-1742812
-1741095
-1740704
-1732818
-1732169
-1730500
-1723010
-1722510
-1722482
-1711718
-1707948
-1702694
-1697693
-1691596
-1687722
-1685257
-1683459
-1679529
-1678505
-1676720
-1673371
-1656690
-1656654
-1655343
-1653042
-1646421
-1643304
-1640769
-1640526
-1638125
-1637103
-1635706
-1633453
-1633362
-1628954
-1623509
-1619346
-1617192
-1607743
-1600106
-1599670
-1594639
-1589844
-1589440
-1586935
-1586552
-1585690
-1577503
-1577387
-1573935
-1573868
-1573645
-1573392
-1571446
-1566232
-1565028
-1564686
-1562217
-1558810
-1550429
-1550115
-1548641
-1546366
-1538962
-1531373
-1530117
-1521526
-1520930
-1512915
-1506484
-1505024
-1504763
-1503982
-1498285
-1494291
-1493735
-1490802
-1482913
-1479981
-1479799
-1475930
-1467697
-1466838
-1463485
-1452161
-1447918
-1447868
-1443654
-1440814
-1438343
-1437144
-1433511
-1433011
-1418932
-1413059
-1411694
-1410193
-1408084
-1406884
-1399570
-1399121
-1398228
-1397572
-1395433
-1394073
-1391252
-1389076
-1388704
-1387794
-1375366
-1371993
-1371172
-1365894
-1362954
-1361640
-1361065
-1360114
-1359647
-1358721
-1355016
-1352933
-1350298
-1346092
-1331715
-1322795
-1319776
-1318368
-1313282
-1312164
-1311178
-1296769
-1295377
-1290022
-1283226
-1274470
-1271985
-1268059
-1264436
-1263142
-1263118
-1262503
-1257114
-1251540
-1241008
-1235455
-1232707
-1223959
-1216816
-1210585
-1208072
-1202278
-1201879
-1195383
-1190613
-1189777
-1186812
-1179673
-1177105
-1174203
-1173603
-1171405
-1170341
-1165718
-1159193
-1146879
-1141048
-1138233
-1134361
-1129097
-1125908
-1122248
-1119888
-1111191
-1109879
-1104056
-1099831
-1099111
-1093218
-1092444
-1086744
-1079115
-1078576
-1077564
-1071069
-1056143
-1054723
-1049913
-1042815
-1041744
-1036603
-1029861
-1024617
-1010138
-1006808
-1003615
-1000990
-985638
-982033
-981780
-973833
-972000
-969854
-958343
-952270
-952034
-951850
-949200
-943082
-939171
-936114
-933425
-931776
-925669
-921924
-921473
-916106
-910239
-901281
-894941
-881565
-877896
-877542
-869916
-869817
-852595
-850889
-847935
-846350
-846325
-837639
-837145
-829390
-824571
-819389
-813892
-809349
-803979
-803489
-802276
-799607
-795792
-794043
-790577
-787239
-773616
-772613
-765255
-762941
-761497
-759795
-757143
-755821
-738257
-726023
-722811
-711430
-709364
-692581
-689991
-689359
-688688
-685993
-685482
-685352
-682053
-670983
-666639
-660776
-658133
-657359
-656959
-655571
-654818
-651929
-651608
-641320
-634676
-620753
-618795
-617208
-612658
-608724
-600639
-599843
-590938
-586461
-582265
-573129
-571242
-570546
-563457
-561925
-539510
-537599
-537509
-536404
-528354
-527345
-525931
-524066
-523568
-519311
-517551
-505182
-503964
-500534
-499703
-497809
-493817
-489476
-485118
-473280
-458895
-458814
-458381
-450123
-442778
-440640
-440136
-439540
-438398
-435111
-434333
-429215
-427561
-425171
-421421
-418958
-415810
-413191
-412737
-406371
-402451
-392684
-389809
-388526
-381160
-372910
-360526
-359653
-358393
-340135
-333357
-333260
-329091
-328117
-319049
-315355
-311010
-310334
-304376
-303604
-300247
-299431
-297793
-295492
-294946
-293892
-288294
-281803
-274404
-270704
-270549
-266682
-265036
-264904
-255943
-254572
-251911
-245998
-242823
-238883
-238710
-235280
-231533
-230045
-229210
-228788
-222702
-219000
-215586
-215500
-212597
-207576
-203489
-202795
-200118
-198396
-195194
-193808
-189699
-189473
-188507
-187942
-187663
-182912
-177154
-172973
-167407
-164499
-153980
-150929
-150224
-149316
-147855
-147431
-146671
-146658
-135950
-135330
-131310
-129155
-125144
-124360
-122265
-122051
-121791
-114150
-111189
-108730
-105155
-103469
-83576
-81333
-73063
-72577
-68697
-64600
-61017
-60665
-60563
-58763
-56737
-56506
-55263
-50082
-46041
-40564
-36784
-32339
-32259
-27978
-26610
-19601
-17165
-14589
-14288
-13747
-9716
-8176
-5659
-1493
-479
3764
19422
22233
25997
30199
33241
37261
48094
51155
53420
53767
58219
58990
59750
64535
70171
72338
83804
85734
92030
97841
104048
105617
116819
119049
122743
125366
132618
147227
147372
162814
177110
179438
183817
183866
187872
191863
194072
196521
199952
214066
215455
220431
221515
224259
227029
233288
233472
235423
236994
237968
249958
252318
256625
262996
263115
270458
271972
275241
276261
280968
286742
296652
298619
299633
299781
300152
303142
304199
306024
306753
311755
314658
314917
315620
324825
325525
333622
340907
342688
344692
346307
347776
350833
361523
363723
379162
379688
380284
380998
390297
392992
395412
403637
408071
411746
416702
417376
418000
425380
426226
436062
438344
443050
445940
447126
448949
459736
461696
466056
466670
467963
474934
482554
487925
491187
494094
498471
498562
505643
515329
516817
517478
525488
526795
527333
528278
543657
566055
566231
587729
588438
591103
593525
596788
598145
605742
605893
609695
609874
612960
618077
624805
638664
643066
649365
659376
660614
666849
671405
679911
680079
691527
700789
702008
717898
718371
721852
725173
727977
728329
729858
730049
732303
732871
737597
742943
744748
752427
755390
775444
780140
787905
797656
803404
808336
810347
810909
812207
813777
815093
816175
828288
828428
838548
842373
848616
850579
854985
855605
860131
864486
870165
886842
891716
919739
919847
920899
941923
943511
943598
948482
951274
952245
958437
974794
974923
975410
975592
978863
979646
980224
984388
994684
996712
997611
1000751
1005900
1007941
1016406
1019918
1027381
1037401
1042184
1047370
1047881
1051032
1056626
1065458
1066070
1078888
1079645
1080856
1091196
1092928
1103679
1108354
1108360
1109097
1110431
1114017
1120630
1121233
1135572
1137985
1140899
1151028
1155417
1159277
1161243
1164153
1164475
1173301
1174619
1176345
1179691
1181804
1183528
1195915
1196112
1198380
1201197
1205898
1206001
1210312
1214903
1216358
1217950
1221414
1225777
1227326
1230062
1230161
1231075
1232640
1235227
1237569
1237689
1238220
1241634
1241666
1243125
1243231
1243729
1245722
1251532
1255747
1260275
1261575
1264619
1268852
1272617
1277604
1280124
1281946
1284929
1287356
1288733
1295619
1303840
1304229
1308892
1310035
1313104
1314378
1317417
1328336
1335721
1336079
1337252
1341715
1344386
1347243
1350303
1352498
1354121
1358914
1359918
1364708
1368555
1370327
1371676
1373097
1376656
1386748
1387615
1391317
1391606
1393606
1396219
1399356
1407586
1408128
1410019
1430240
1436171
1436659
1437436
1440693
1443438
1444368
1444686
1445240
1450221
1450334
1450354
1455324
1466280
1470075
1473726
1474263
1480007
1484077
1491161
1493185
1497031
1501375
1501711
1503641
1506845
1507643
1512519
1513068
1517492
1520332
1523838
1524758
1527584
1529379
1529821
1532693
1538324
1540793
1540984
1555828
1557408
1568928
1572051
1577255
1581788
1582980
1587445
1595596
1597434
1604003
1611759
1629877
1633937
1634025
1639683
1645266
1645430
1648247
1649310
1649312
1649917
1651094
1651150
1651789
1656321
1666310
1667441
1670806
1693704
1696572
1699779
1700718
1704652
1710601
1714104
1714539
1715018
1715093
1725282
1732380
1734556
1735026
1735034
1736528
1740323
1747177
1750766
1750948
1751051
1765835
1771936
1772231
1776686
1783330
1783957
1787266
1790409
1792972
1794199
1795371
1798358
1818949
1828866
1831874
1834926
1838376
1848121
1873039
1880039
1884211
1885573
1887867
1888195
1888460
1889911
1891178
1893523
1893798
1894209
1895624
1896973
1903369
1907313
1909659
1914990
1920868
1924112
1924737
1934143
1934398
1947042
1948484
1952550
1959192
1961297
1965438
1968864
1971273
1978448
1978713
1979457
1980681
1993403
1999217
