-1998372
-1995991
-1991304
-1987661
-1985635
-1983904
-1983689
-1982415
-1977072
-1974413
-1964594
-1960723
-1954847
-1951135
-1949372
-1942274
-1929745
-1929682
-1925089
-1922636
-1921203
-1919465
-1919091
-1917247
-1912867
-1906847
-1905123
-1904126
-1903792
-1896970
-1896837
-1889325
-1883090
-1878515
-1876431
-1867589
-1866236
-1866172
-1864399
-1851750
-1850812
-1850639
-1848990
-1819561
-1811744
-1801707
-1790046
-1773172
-1768808
-1768073
-1764394
-1754420
-1754040
-1753618
-1746838
-1736229
-1729390
-1727525
-1720513
-1708302
-1706189
-1706155
-1704132
-1703671
-1699561
-1699013
-1698673
-1698264
-1697210
-1695621
-1693634
-1690680
-1688488
-1688201
-1684752
-1681626
-1677493
-1677221
-1675967
-1671005
-1650513
-1648268
-1647275
-1643011
-1642560
-1641836
-1641043
-1638095
-1631619
-1627628
-1624390
-1609409
-1608817
-1608574
-1603528
-1602409
-1597579
-1591431
-1589720
-1584591
-1582617
-1581923
-1579873
-1571902
-1571674
-1566028
-1560939
-1555673
-1553237
-1552848
-1541331
-1540982
-1540486
-1540201
-1534494
-1530282
-1530197
-1526904
-1520885
-1519179
-1518846
-1516369
-1510318
-1502547
-1500171
-1487879
-1485129
-1479958
-1478598
-1478156
-1472433
-1472044
-1472013
-1470711
-1465686
-1463192
-1461283
-1459159
-1454129
-1452940
-1451616
-1449240
-1448883
-1447258
-1443415
-1442332
-1435571
-1430098
-1427481
-1423059
-1422426
-1409331
-1405030
-1401973
-1401255
-1400120
-1397950
-1395478
-1393010
-1382236
-1380546
-1378053
-1371237
-1369084
-1364466
-1359952
-1359942
-1359593
-1358815
-1354691
-1351970
-1348031
-1346030
-1341449
-1338793
-1337943
-1333773
-1333596
-1330225
-1326190
-1326083
-1297928
-1294483
-1293193
-1293124
-1292793
-1284927
-1277860
-1275164
-1272741
-1269585
-1267370
-1266556
-1265944
-1265713
-1255056
-1252552
-1244920
-1238033
-1231310
-1230381
-1229851
-1217701
-1212229
-1208274
-1205460
-1204045
-1199656
-1192751
-1188956
-1188539
-1185686
-1180302
-1165651
-1160196
-1154883
-1153681
-1149282
-1146606
-1144591
-1138242
-1136006
-1133820
-1124542
-1118226
-1116195
-1115826
-1104087
-1099714
-1097508
-1095408
-1089201
-1088637
-1088215
-1085836
-1085140
-1083669
-1074848
-1074653
-1068364
-1067912
-1067470
-1065229
-1064362
-1062657
-1053585
-1051315
-1051054
-1048042
-1047260
-1045982
-1041526
-1037818
-1026801
-1014160
-1011949
-1004120
-1001049
-997219
-996064
-994092
-982706
-975105
-972536
-971756
-971475
-969242
-964755
-957334
-956025
-955059
-955002
-950123
-943321
-941856
-934029
-932273
-927898
-926511
-925710
-915223
-910609
-899992
-889616
-889121
-879915
-879055
-867234
-867025
-865488
-861853
-857900
-854157
-852883
-851334
-850297
-839542
-831554
-830295
-821484
-814519
-813600
-808830
-804607
-802754
-802539
-796793
-777692
-774477
-770347
-754242
-751833
-749437
-743693
-742880
-740414
-740339
-733485
-731098
-727678
-725896
-723360
-721938
-713174
-705804
-698167
-684214
-683677
-683111
-682211
-676565
-675824
-667410
-666471
-663271
-661997
-656470
-654826
-653768
-652164
-650778
-637137
-636586
-634208
-628654
-622864
-620295
-616968
-608606
-603287
-600166
-597299
-594102
-586561
-573327
-569928
-566274
-552746
-548234
-544464
-537212
-536479
-535056
-532387
-527347
-521260
-520004
-511681
-507421
-505649
-505648
-504956
-497979
-496237
-496211
-496136
-492488
-491481
-485761
-483533
-473602
-466739
-466558
-461493
-458578
-458299
-457979
-455128
-452424
-450540
-450523
-447085
-443600
-442733
-439298
-435738
-431019
-428541
-427717
-425948
-425785
-418332
-413811
-408143
-394573
-385525
-380661
-377953
-376987
-372256
-370374
-368798
-368117
-360319
-352038
-351032
-341749
-341180
-339942
-338819
-338141
-325634
-319780
-319288
-316910
-308730
-304814
-303073
-302789
-300790
-298527
-296378
-292164
-281614
-275094
-271935
-261151
-261064
-258908
-255938
-250862
-244361
-240005
-239798
-235568
-228216
-223383
-218151
-213804
-203569
-198807
-196190
-195943
-192068
-187527
-184278
-182508
-181860
-176539
-174135
-170305
-166613
-164281
-163570
-162573
-150494
-146878
-144444
-144365
-134487
-129664
-126787
-110058
-106089
-105948
-102737
-96772
-89654
-66768
-58903
-57463
-51640
-41189
-40189
-38547
-33895
-23911
-11019
-8917
-1637
-1528
973
3280
3377
11300
12005
14625
18261
29273
30105
32974
33196
35613
36642
38545
39134
42709
67208
73359
75785
76202
77202
77443
78034
80846
86201
86532
86537
89744
96749
100634
116526
124432
128254
147875
148973
151175
153016
156294
161043
161317
162378
168470
173427
174224
175797
187106
187337
189002
190065
192973
194844
205073
211505
212187
214595
219414
220127
229515
235660
237378
237566
238231
241003
241242
242198
245802
249391
252308
253362
254230
256867
257051
259037
260921
264943
265544
288726
288846
291295
293191
298601
301054
305581
307599
316057
323504
326383
327459
330204
332921
333414
335761
339112
343686
353751
366856
367648
375046
378446
381006
382433
384730
391438
397352
400301
400718
401669
420537
428569
436164
445785
461510
462222
464229
466142
467923
469271
472959
473160
476198
483809
487355
488977
496125
497345
497864
514191
520291
523282
527968
534088
535142
536602
538727
542368
544904
549421
550873
552325
554216
556543
558385
563459
563500
566703
566995
569093
569292
575498
577085
578269
579186
585231
599540
606388
607102
612926
618493
621123
627464
632969
635743
637520
638364
639043
649820
651657
654592
656196
660362
660892
660962
662055
665290
669939
673492
673756
674227
676155
678903
681983
693079
693232
693234
696803
704556
705871
708823
711310
715031
718333
720773
721335
725929
726462
733734
733760
733790
734146
742665
754807
771319
777994
779744
780719
788086
788207
788516
790151
797642
803552
810279
811129
818518
820185
823847
835418
842925
844478
846255
852033
852124
853693
858188
866567
867438
868526
869489
870342
871652
873030
875354
877126
879642
879799
881087
882334
887592
889407
891878
901673
906102
911771
922609
926893
927873
929610
935662
937797
937912
938068
949449
953732
959766
961784
962476
967308
969949
973196
977624
979598
979938
988517
998304
1000803
1011267
1011621
1012064
1015514
1023275
1023390
1028715
1040951
1043128
1043646
1044932
1046980
1050600
1061210
1063883
1064027
1067905
1072848
1073828
1074056
1077504
1079961
1085880
1089201
1094272
1100082
1106808
1107838
1111309
1121439
1123653
1126024
1127386
1132563
1137591
1137917
1143735
1147449
1149818
1151595
1156733
1163141
1165915
1171688
1181414
1181726
1185864
1186232
1188932
1194612
1205566
1208539
1214378
1214726
1217409
1218950
1226154
1236048
1244677
1252870
1270049
1272032
1272853
1275390
1278063
1294446
1295046
1295062
1303880
1307269
1309103
1309848
1311538
1313310
1313738
1314805
1315870
1321780
1323638
1327007
1333184
1340281
1344099
1347460
1358774
1367843
1368168
1368664
1370553
1374272
1377231
1381335
1383627
1389638
1390486
1390913
1416317
1417864
1418384
1419607
1420841
1422899
1423736
1428474
1429360
1431870
1444557
1445181
1448737
1448804
1454495
1455520
1457498
1462118
1463629
1464286
1464939
1465267
1471749
1477155
1477529
1477662
1492260
1509090
1509391
1509763
1518474
1526772
1533962
1535785
1536927
1538030
1538737
1549251
1552925
1553555
1555891
1559686
1562521
1564723
1567308
1573178
1577036
1581916
1583688
1584339
1588232
1609403
1614095
1614521
1634231
1636212
1636531
1647012
1664064
1666019
1667891
1671254
1675549
1677619
1678095
1679880
1689884
1693412
1705539
1706060
1707058
1707868
1708944
1718329
1718426
1720081
1728989
1729986
1731084
1731507
1731709
1732456
1732490
1732494
1735311
1735666
1738652
1739040
1742028
1744279
1745232
1752626
1756271
1756287
1757922
1760656
1764849
1765209
1770006
1771360
1777513
1783851
1786983
1799621
1816707
1818156
1818373
1819234
1833655
1841647
1844998
1845489
1856459
1862626
1869650
1885264
1888710
1897513
1897973
1900440
1901172
1903368
1907864
1911037
1928085
1937256
1940090
1940743
1943454
1944636
1944949
1947879
1952459
1954961
1955319
1957659
1959353
1972982
1973835
1981110
1987801
1989215
1993252
1993880
1995543
1996279
1996778
1999977
