-1998419
-1990534
-1990268
-1985181
-1981543
-1972545
-1972240
-1970448
-1954917
-1940703
-1940222
-1935753
-1923251
-1922942
-1919532
-1919151
-1910879
-1908097
-1906966
-1906966
-1902802
-1901590
-1895867
-1894947
-1886486
-1884844
-1883417
-1882519
-1869740
-1864667
-1863487
-1859180
-1859104
-1858052
-1856112
-1854657
-1854500
-1848250
-1842722
-1842608
-1842584
-1835338
-1830978
-1826630
-1825640
-1812250
-1807251
-1807159
-1803220
-1802591
-1797382
-1795880
-1790105
-1784601
-1783952
-1778977
-1770558
-1759183
-1758013
-1753645
-1749433
-1747453
-1746443
-1744878
-1737017
-1735243
-1729655
-1726475
-1726444
-1725283
-1689404
-1688064
-1687207
-1686441
-1683267
-1683220
-1680111
-1678338
-1675065
-1671481
-1669782
-1667725
-1667308
-1666770
-1662010
-1651236
-1648574
-1643017
-1640544
-1631864
-1631183
-1627689
-1625001
-1624985
-1622542
-1613423
-1612486
-1610962
-1608937
-1608369
-1607388
-1604397
-1604254
-1598928
-1595693
-1591543
-1585543
-1579892
-1576401
-1576150
-1573264
-1568812
-1567581
-1555147
-1553018
-1551987
-1547535
-1547351
-1546812
-1545632
-1537182
-1536592
-1533664
-1532635
-1532078
-1531690
-1527000
-1524408
-1523993
-1507830
-1507167
-1505595
-1493677
-1491545
-1491356
-1486094
-1481718
-1474401
-1469311
-1469060
-1466133
-1465725
-1452785
-1448052
-1446042
-1442921
-1440610
-1437058
-1436381
-1429166
-1424226
-1418167
-1415645
-1413890
-1410639
-1408761
-1407459
-1403745
-1402993
-1401537
-1399828
-1394393
-1387808
-1387343
-1386922
-1384640
-1373344
-1369934
-1362353
-1360019
-1357178
-1355909
-1355525
-1349110
-1346392
-1345919
-1341908
-1335398
-1334956
-1331420
-1331178
-1321888
-1320454
-1315802
-1311490
-1305895
-1302316
-1298919
-1296636
-1294087
-1292276
-1284771
-1282833
-1277286
-1273738
-1254372
-1254034
-1251507
-1237486
-1235301
-1234114
-1225347
-1218593
-1218048
-1216665
-1205275
-1201417
-1195669
-1189374
-1176792
-1174366
-1173870
-1162327
-1161689
-1155365
-1154049
-1153847
-1149368
-1145225
-1134483
-1132836
-1131636
-1106506
-1102765
-1097768
-1097138
-1095815
-1092486
-1089552
-1071679
-1065948
-1057633
-1051506
-1048710
-1038202
-1036984
-1036842
-1036334
-1034869
-1033521
-1032931
-1031921
-1030729
-1023789
-1023082
-1013925
-1012472
-1010858
-1007110
-990808
-989274
-987656
-978178
-968587
-964540
-959488
-955194
-952955
-949392
-946508
-946011
-944389
-933976
-932225
-931766
-924041
-923102
-914784
-910905
-907238
-904908
-900400
-894211
-888946
-886378
-884549
-881202
-873152
-869025
-867560
-860819
-854304
-851973
-845016
-844048
-842301
-834154
-815660
-811246
-808663
-808578
-806050
-805246
-801100
-797701
-796442
-795571
-785968
-785479
-782419
-780385
-778510
-773026
-772436
-771352
-768852
-762771
-753901
-748482
-738128
-736488
-736330
-732908
-731953
-724122
-719837
-718187
-699398
-698769
-689037
-685512
-680415
-661844
-655320
-655224
-640430
-633010
-632620
-631144
-627120
-620225
-618566
-618470
-604064
-601197
-597715
-589444
-586371
-584883
-582916
-581017
-579897
-575878
-575147
-573210
-570873
-569980
-565943
-562071
-556139
-549398
-545738
-544550
-540401
-538196
-531808
-530330
-529578
-527303
-527265
-526192
-517825
-512767
-511776
-509156
-504358
-502725
-497092
-496863
-496351
-491611
-486576
-483694
-479353
-472764
-469921
-468911
-467402
-466439
-466041
-465124
-462662
-451003
-449757
-445089
-440331
-439590
-425385
-423118
-422944
-412417
-408001
-407250
-405189
-401644
-399352
-387777
-384037
-377446
-375460
-369298
-363083
-362095
-351426
-350916
-345655
-334637
-334265
-333036
-329811
-319793
-319572
-318332
-316022
-315404
-313198
-310081
-307914
-307639
-304769
-302891
-301429
-298135
-297757
-296374
-295921
-295319
-291259
-286631
-285225
-283864
-278428
-276625
-273051
-269234
-268620
-265083
-261577
-260935
-260474
-256247
-251542
-250200
-248529
-238452
-237820
-236018
-234098
-233035
-230148
-229558
-228018
-227555
-223862
-221137
-220906
-203819
-196290
-193894
-188389
-181372
-169333
-162176
-160897
-158405
-143493
-133932
-121396
-114369
-112168
-104924
-102207
-102094
-98699
-94233
-92141
-81716
-73892
-71812
-69909
-69106
-62902
-60983
-58824
-56276
-52596
-47721
-46770
-26997
-26892
-25819
-15355
-15084
-14740
-13924
-8513
-1313
1307
3780
13585
13855
17903
21633
22447
23740
27822
28736
30629
32354
33804
39032
40829
42769
48940
49675
56789
57669
59712
63219
69698
71887
75991
84930
86524
92870
109475
110692
116875
121405
138861
145858
155783
155919
164657
170566
172844
179724
184011
187473
200791
214765
223614
224490
225625
225943
234173
238087
241468
246682
251433
252138
275030
278355
281870
284166
292402
293975
297077
297686
300496
307061
314674
318144
335090
335479
336242
338615
340336
340445
341496
344304
344746
355021
372366
377955
378872
381298
383959
385047
387025
397253
399414
399630
404094
405118
412300
418075
423220
431385
434565
446133
450840
454855
455183
455393
456205
466860
468660
469497
472305
476061
490663
493779
495604
496984
498117
498192
504219
507753
514991
516206
518830
518849
521561
523560
530184
534873
536624
536970
541170
543521
548561
549705
550667
552429
554647
562246
566319
569688
573127
573784
574282
583844
586364
586728
587621
590885
597714
601335
602837
605368
608409
609726
625593
629325
629356
629880
630125
635648
636533
642226
643595
665328
667597
667736
670566
675469
675583
680817
682924
686286
691195
693433
693621
693963
695149
695850
701434
702721
703320
703497
709951
710027
718167
719466
722666
727049
727233
730942
738170
740541
742171
744736
746580
749736
750599
751054
755635
763424
766840
788280
792741
794636
799603
806469
807503
808025
809061
810514
817326
817611
824968
826255
834057
838573
839606
841684
844368
852013
858063
868729
871207
876632
887445
907322
911121
925774
927440
927805
930651
932136
934068
934649
935795
936491
936888
938827
939660
940785
942356
942569
947291
949723
958722
965086
965436
967117
967671
973187
975160
982895
987666
990161
992998
996711
1000291
1001361
1007920
1008382
1011966
1012764
1016419
1018273
1021284
1022759
1033688
1036050
1036200
1036531
1047206
1061384
1073394
1074903
1076864
1077234
1078713
1085322
1087432
1096806
1100011
1100436
1101629
1105599
1114373
1115133
1119722
1120585
1120961
1124111
1125734
1133060
1137386
1142021
1153539
1154273
1158124
1158197
1164386
1165965
1169581
1169966
1179306
1181665
1186410
1191544
1200070
1205278
1210569
1210895
1215432
1218171
1232545
1234553
1235796
1236082
1239850
1239981
1255158
1256094
1262705
1266244
1268976
1273188
1273665
1279025
1285692
1287295
1289109
1295963
1304983
1305955
1306937
1310999
1311464
1313452
1315921
1317062
1325136
1325231
1327620
1327665
1333949
1334451
1337569
1337961
1342292
1349444
1354542
1359386
1362352
1366803
1372700
1372706
1373392
1389394
1389613
1390738
1395333
1395716
1395729
1398699
1408168
1408950
1411102
1412484
1413188
1419492
1428990
1431052
1432721
1433892
1434900
1440916
1441890
1443626
1449861
1454270
1467268
1477542
1482996
1483378
1485221
1485672
1487844
1488462
1489525
1489603
1491140
1492358
1494669
1497645
1499095
1500189
1501510
1506534
1513730
1522712
1523676
1526147
1539481
1541470
1543049
1557483
1559965
1562109
1566376
1568949
1569568
1571994
1572336
1576536
1578972
1580007
1584199
1587828
1596021
1607851
1609893
1610416
1613106
1613130
1623202
1624712
1632057
1640925
1646446
1664188
1666911
1675938
1676412
1678492
1680506
1680700
1682971
1685201
1691772
1695757
1697412
1701622
1706036
1706352
1707531
1709376
1713068
1718304
1729374
1729451
1730731
1735178
1749655
1756061
1756670
1757176
1761025
1779829
1780907
1781376
1791755
1792880
1796344
1798202
1800121
1805346
1806227
1816491
1817774
1820768
1822087
1839845
1841159
1844050
1845798
1849518
1851752
1853990
1856066
1857787
1858411
1861145
1861264
1861569
1869111
1873682
1880199
1889603
1900842
1913024
1913069
1913449
1913896
1914075
1920796
1924293
1926605
1930785
1936274
1937161
1943159
1946093
1953052
1954478
1957874
1961160
1966602
1968048
1973431
1975771
1976495
1981526
1999880
