-1996495
-1990341
-1989765
-1989284
-1988870
-1987983
-1986947
-1986020
-1984928
-1980872
-1969402
-1968177
-1965232
-1960569
-1956550
-1950955
-1949902
-1946154
-1941886
-1939891
-1928412
-1926246
-1916370
-1911141
-1904077
-1900708
-1900370
-1899124
-1898867
-1895763
-1895575
-1892898
-1885922
-1883237
-1874953
-1872528
-1871507
-1865596
-1865545
-1860755
-1850468
-1848397
-1845516
-1842835
-1841425
-1837360
-1835484
-1834214
-1819898
-1804586
-1804382
-1798039
-1791285
-1786067
-1781820
-1774451
-1768806
-1768447
-1763068
-1761008
-1760261
-1755465
-1754539
-1752169
-1751563
-1751492
-1723455
-1719070
-1715025
-1708900
-1705358
-1703792
-1702117
-1689645
-1680110
-1678925
-1677478
-1676009
-1664256
-1660451
-1660444
-1654908
-1650037
-1648451
-1645711
-1642033
-1640853
-1640489
-1636952
-1635671
-1630777
-1624121
-1622430
-1620236
-1613032
-1608011
-1607548
-1603492
-1601583
-1594807
-1593119
-1591539
-1587985
-1587728
-1578595
-1578104
-1572181
-1568658
-1568523
-1562381
-1561124
-1560464
-1550460
-1547921
-1543221
-1537439
-1536955
-1533184
-1525354
-1524013
-1519647
-1513670
-1504551
-1504320
-1502249
-1498676
-1497813
-1486711
-1486169
-1483407
-1482021
-1478151
-1478121
-1476159
-1471489
-1458828
-1439514
-1438006
-1436949
-1430474
-1424487
-1418660
-1418381
-1418012
-1416847
-1415443
-1410451
-1404671
-1403572
-1402614
-1400341
-1400218
-1399161
-1398002
-1393259
-1382423
-1379754
-1377317
-1376762
-1375524
-1371888
-1370764
-1359801
-1357768
-1354938
-1353472
-1349215
-1346178
-1344062
-1343676
-1337917
-1334556
-1321903
-1314771
-1314526
-1313127
-1309364
-1306084
-1301399
-1300367
-1295065
-1287493
-1285684
-1284914
-1270521
-1269978
-1266875
-1261018
-1260659
-1257189
-1252794
-1250981
-1248304
-1234779
-1230982
-1230054
-1228396
-1223632
-1223622
-1221300
-1218107
-1210450
-1200626
-1189439
-1188729
-1183002
-1182664
-1175550
-1167627
-1167404
-1153810
-1150834
-1147771
-1147711
-1145248
-1138919
-1138746
-1136670
-1131829
-1124420
-1118201
-1117001
-1116070
-1113726
-1112942
-1112537
-1112333
-1095446
-1094146
-1093668
-1093279
-1091024
-1090856
-1089481
-1086615
-1084670
-1080890
-1080003
-1079747
-1078378
-1078055
-1060511
-1056275
-1051959
-1051195
-1044435
-1041824
-1030460
-1022068
-1020063
-992491
-988053
-987082
-982884
-974457
-968801
-958422
-954645
-953506
-950619
-950535
-938788
-935590
-934368
-934273
-932043
-927598
-926542
-920614
-920562
-913211
-911956
-910777
-909355
-903435
-900254
-897135
-896632
-884550
-880862
-876008
-874719
-862755
-853741
-852235
-850883
-850063
-849538
-847390
-823407
-820959
-817682
-815824
-815288
-814073
-810311
-804280
-803515
-802266
-802208
-796154
-794734
-792684
-790020
-779022
-778240
-774443
-773413
-767939
-766581
-766049
-765967
-762341
-759282
-758612
-755267
-752332
-739559
-738220
-729820
-728804
-722861
-718004
-717281
-716624
-714140
-703936
-702287
-700800
-700762
-683107
-679476
-677666
-670191
-664178
-659743
-657576
-657188
-655366
-655124
-651052
-644520
-639646
-638943
-633411
-628658
-614056
-608785
-605490
-601523
-601063
-596023
-594806
-591780
-591335
-590944
-586322
-579791
-578315
-574252
-574068
-565724
-563707
-560748
-560076
-549047
-548856
-547921
-535955
-532821
-526363
-525725
-524502
-508130
-507005
-506476
-500383
-493472
-490683
-487115
-475100
-459886
-452517
-451408
-450699
-446504
-440363
-438503
-437823
-430979
-426708
-424890
-422131
-419527
-418757
-403442
-397526
-395890
-382174
-378273
-377759
-375876
-374275
-371093
-367343
-365620
-363460
-360315
-359137
-350623
-349996
-347793
-345171
-344645
-331825
-328564
-320610
-319797
-316080
-315482
-307505
-305046
-302627
-302275
-296552
-295332
-281962
-280001
-272917
-266841
-263623
-263522
-260655
-258767
-257534
-256215
-237028
-233482
-231449
-229808
-223133
-219199
-208678
-204757
-204330
-203183
-202960
-201698
-187127
-186421
-181833
-178460
-168756
-168693
-167428
-167104
-165525
-164665
-163645
-163044
-158750
-153512
-146903
-146482
-145601
-142353
-138855
-136170
-128949
-126816
-123613
-122318
-120193
-116029
-111459
-98320
-97321
-93732
-89668
-86211
-78810
-73647
-70654
-61131
-59359
-52800
-47637
-33151
-32829
-30987
-29335
-23188
-18857
-10636
-8658
-6629
-6374
180
5369
9469
15028
19002
19331
20009
21060
26048
30708
32289
33932
35196
35514
38778
43326
46600
47929
49129
54069
55576
62533
62580
63496
64620
66836
68136
77625
78453
79964
80221
86684
90630
91037
91681
93072
102463
111437
111813
112748
114547
121035
126872
128446
130209
131846
132912
133084
133762
136085
136659
137638
150407
155941
155961
170726
172575
173047
173703
175546
183160
188379
192483
193578
193791
196067
202379
207169
212276
222936
225745
234087
241714
242280
242716
257508
257975
263690
265923
266472
276696
277762
280266
283131
285084
291260
293613
295874
313758
314054
319909
325837
329362
329435
329948
333586
338402
339557
343599
347329
348120
368276
373674
374056
374718
375643
379941
380555
381205
388254
395240
397184
397384
397612
401776
405424
407694
409807
413390
418415
421190
427790
439396
440409
444752
446237
451226
451469
453688
456659
458790
460174
460592
461263
462314
462968
465883
467461
468958
469296
477607
477635
481042
486015
486430
488911
493863
502005
505326
530812
530946
532551
533519
541229
542701
546323
547061
547905
553190
560069
560124
561104
564364
566280
566524
569378
598707
600414
601235
607356
608151
610342
611547
619493
621421
622096
627845
631292
633019
634720
638591
660755
663323
663582
664583
671852
671959
675564
681024
683536
688731
699171
699725
700252
702570
707507
712504
713013
715647
715661
721223
727811
729070
730020
757173
767899
770855
771275
772600
774993
779684
783394
786125
790334
793285
793501
794727
797753
799053
799795
801969
806845
807635
809918
811832
813008
814112
815434
819533
824279
824710
825829
828562
830558
833218
836941
837457
844045
847701
847786
855317
856132
866743
866956
869817
869872
870802
874578
875709
884198
892105
892370
899094
904692
906097
909436
914330
914551
915520
923548
932530
933353
934055
937962
939506
952525
953902
957852
962092
962780
972329
975533
978512
1002874
1004877
1008626
1014595
1017023
1020354
1029127
1030086
1041082
1049801
1050567
1051498
1060033
1065550
1070357
1074813
1082455
1085858
1093079
1096264
1096858
1097594
1097780
1105185
1118810
1119123
1124771
1128059
1131749
1141743
1150497
1160573
1164884
1168596
1178425
1187125
1198887
1199900
1200073
1221952
1226475
1229640
1234931
1239757
1244592
1245173
1254578
1255568
1256375
1267222
1273750
1275529
1276579
1278806
1281629
1283133
1285610
1288795
1294046
1301313
1301684
1302268
1304632
1310714
1317775
1318187
1330605
1340731
1340734
1341672
1342845
1343738
1347022
1351034
1351483
1353003
1354212
1355945
1355997
1360148
1360719
1364586
1364757
1368947
1373664
1375279
1380480
1380711
1385984
1387118
1391217
1392999
1394822
1404253
1407461
1409977
1424305
1424553
1427752
1428268
1434898
1435220
1440359
1442033
1444889
1449479
1463822
1465646
1467492
1473405
1473711
1474422
1475840
1477141
1482946
1491800
1492096
1505215
1507751
1508492
1508724
1515732
1525177
1541414
1547595
1548077
1548813
1551197
1552200
1553293
1555838
1564301
1565983
1568675
1575570
1576929
1578777
1578986
1581601
1583857
1589190
1593588
1598689
1600436
1605430
1607682
1616110
1619461
1621057
1623325
1626785
1628300
1633001
1636783
1653563
1656383
1660427
1667525
1687154
1700470
1710732
1713201
1715662
1729832
1732663
1734892
1735049
1741960
1748113
1749931
1751276
1760655
1771991
1777378
1777864
1778198
1783405
1788284
1796442
1797152
1799146
1804573
1805208
1809803
1827050
1835461
1846609
1850573
1852977
1853683
1855029
1859766
1863119
1863698
1869028
1870252
1875484
1879328
1894826
1897804
1897817
1902462
1904357
1906025
1907308
1914319
1915334
1916821
1919509
1922563
1926419
1926480
1929902
1935988
1947413
1947518
1951757
1952267
1959290
1962342
1963092
1966881
1967576
1967943
1972571
1975005
1978344
1979086
1988875
1991759
