-1995932
-1990761
-1985425
-1981921
-1969739
-1959489
-1953625
-1946505
-1938611
-1936924
-1930905
-1923934
-1923471
-1922602
-1920888
-1918793
-1915608
-1915324
-1915302
-1913835
-1910073
-1903266
-1899426
-1897847
-1894430
-1893040
-1890270
-1887884
-1866642
-1866365
-1864936
-1857052
-1856110
-1855310
-1845061
-1844067
-1840813
-1838816
-1836334
-1835273
-1835125
-1834247
-1823396
-1823351
-1822820
-1818305
-1817687
-1808074
-1797863
-1792680
-1791077
-1788083
-1782799
-1781632
-1780825
-1779230
-1768743
-1767282
-1766881
-1765152
-1764068
-1760511
-1756609
-1742929
-1732616
-1732080
-1726362
-1724048
-1712409
-1711250
-1709276
-1704174
-1703707
-1694911
-1694876
-1693162
-1690319
-1689149
-1686933
-1685473
-1684673
-1683253
-1676088
-1670327
-1663703
-1663089
-1662044
-1659991
-1657394
-1657299
-1651161
-1647293
-1633618
-1633029
-1631653
-1628080
-1622380
-1621188
-1620884
-1620600
-1613902
-1601098
-1596223
-1594268
-1592710
-1592523
-1588621
-1587995
-1583494
-1581968
-1576656
-1570431
-1568663
-1563256
-1554876
-1552501
-1549044
-1547957
-1545676
-1545045
-1543816
-1538723
-1537929
-1536479
-1535693
-1524308
-1510139
-1510056
-1509078
-1508100
-1503176
-1502474
-1501021
-1491533
-1489919
-1477728
-1477695
-1477391
-1472103
-1470247
-1470159
-1453552
-1448738
-1445839
-1441582
-1440445
-1434645
-1433691
-1428476
-1425422
-1425190
-1422388
-1420575
-1420356
-1420297
-1418855
-1416814
-1414678
-1404073
-1390777
-1386607
-1384194
-1379071
-1338245
-1332466
-1326498
-1325794
-1324202
-1321372
-1320310
-1315944
-1301867
-1292611
-1291061
-1285765
-1279956
-1279306
-1274516
-1271647
-1266607
-1264433
-1256257
-1250056
-1244920
-1244495
-1233853
-1231042
-1223268
-1215506
-1205941
-1205536
-1193547
-1191654
-1187115
-1184855
-1178698
-1168249
-1166517
-1159961
-1154112
-1153858
-1143400
-1140228
-1139764
-1137823
-1137387
-1134177
-1133803
-1131590
-1131584
-1130451
-1127221
-1125242
-1118013
-1115302
-1114456
-1112332
-1111030
-1109991
-1109587
-1101895
-1098003
-1095760
-1095440
-1085624
-1074650
-1069080
-1068192
-1065768
-1065303
-1063090
-1059862
-1059281
-1057370
-1052011
-1042075
-1041383
-1017228
-1014594
-1006384
-1003522
-1003216
-1000827
-999977
-999763
-999443
-996639
-996282
-995933
-991769
-990705
-990152
-987780
-983294
-975728
-974200
-973447
-967144
-960779
-960139
-959174
-959004
-942553
-937876
-936515
-927481
-917047
-911123
-910500
-905190
-902991
-902333
-899465
-898915
-898550
-898230
-891153
-887974
-886884
-886030
-883499
-883429
-877975
-875887
-874614
-872665
-869658
-864529
-851091
-845402
-844982
-841839
-838929
-837031
-836622
-834508
-824573
-824534
-820893
-818672
-816935
-801014
-798337
-797504
-793364
-785624
-783852
-776210
-774590
-765092
-764631
-760171
-756488
-749592
-735092
-732021
-729703
-723677
-721341
-715292
-713750
-700456
-700008
-699996
-699362
-693602
-687673
-687543
-683257
-680741
-672451
-664168
-662281
-662044
-661887
-661431
-656320
-651200
-648393
-648334
-646617
-645013
-643283
-637414
-636731
-625024
-617297
-615945
-613238
-612493
-611963
-607108
-606559
-605110
-599161
-598571
-596135
-577140
-573584
-568709
-564615
-560822
-559927
-552748
-539775
-535628
-535244
-532657
-530521
-526937
-526409
-525202
-518690
-507293
-501653
-495878
-493928
-490987
-481124
-477093
-475711
-475205
-474877
-474248
-472871
-472364
-470515
-467224
-465093
-463785
-459662
-448076
-446309
-446197
-443715
-432801
-429843
-426719
-422609
-420628
-417968
-416944
-415537
-415048
-411468
-410730
-407218
-406644
-399745
-394565
-393887
-392873
-388039
-386488
-379577
-374908
-357643
-357101
-354969
-341721
-337153
-329431
-322346
-310526
-309583
-308030
-306520
-297534
-295748
-295231
-289418
-287174
-280665
-275614
-274616
-273671
-271814
-264844
-264744
-256634
-253869
-252295
-251065
-247073
-243509
-240810
-238316
-237582
-233822
-232330
-225203
-224593
-224172
-218963
-217875
-215375
-206580
-203956
-197618
-197193
-192675
-188602
-187518
-186589
-184188
-165493
-162102
-159585
-157340
-154488
-153121
-153006
-152736
-149035
-146121
-144861
-136897
-122787
-120429
-111484
-111178
-108513
-103906
-102667
-88623
-86422
-81340
-69246
-59988
-57688
-55863
-50155
-48021
-44437
-42685
-41162
-32747
-31469
-29876
-29534
-28589
-27563
-26917
-21739
-20726
-20031
-19529
-10281
-9707
-8897
-8865
-7280
-6034
-5011
-4700
-1193
1250
13332
13973
16368
22514
23518
32825
33215
33367
35872
37438
40475
41530
43059
50627
59958
67683
76030
81659
86625
92775
97954
99340
99589
100201
107198
119676
129769
133033
134945
135425
138433
143272
145418
152044
159296
159720
162255
162787
167712
172683
178140
178931
182915
186460
188044
188327
189349
193064
195512
200358
201021
201600
201711
203758
206071
207843
216131
220705
222468
223833
231785
234109
235739
237099
243887
246400
250649
253887
254859
256296
257347
260206
261527
261735
264609
267479
267622
271821
275709
278603
283583
284080
284880
291252
295311
298669
299527
301257
307313
309712
317694
324200
331171
333993
338270
338291
341791
344798
346196
354075
355983
358399
360298
360607
361755
366158
367680
368348
372967
382415
382611
396710
400720
411001
413892
414222
420158
422243
428748
433661
434925
437203
439488
440445
447616
447726
468353
479096
482954
484413
484476
487392
500141
507550
515558
516255
519522
522240
532087
532478
535453
542721
545305
545530
549773
558103
559036
563730
564075
569142
571697
576542
577560
579305
588948
589610
596218
598720
600483
601318
605584
607530
608964
610879
612081
614018
619852
624830
627338
628422
630846
634414
636633
642263
643902
648973
655581
665672
668087
671428
673299
676009
681239
682536
683555
686092
697232
700201
703285
715372
719843
731277
731785
734822
739417
746635
747320
753214
760256
770677
773316
779313
783614
784884
787672
793649
797736
808544
809928
815080
817395
825091
825363
826426
831495
853678
858304
863013
863555
871643
876364
878909
884151
895472
897126
900499
902494
913401
917202
917985
927350
931527
934665
945163
946333
947263
948330
950869
956398
957743
967879
968182
970291
973064
975650
977316
980921
983520
987443
1005305
1009342
1009524
1011869
1012188
1015383
1018832
1022249
1026343
1033035
1037811
1043366
1048186
1048346
1054913
1058389
1060890
1063493
1067882
1082847
1093048
1093346
1097263
1102599
1102631
1103207
1104468
1106135
1109219
1117413
1121411
1125683
1126062
1127953
1133894
1136206
1156869
1162406
1164564
1165946
1167427
1171287
1173986
1179056
1180006
1182589
1185738
1188371
1190756
1194140
1198383
1198759
1200516
1205598
1206096
1211559
1221520
1222195
1222825
1226205
1230722
1230915
1231521
1234978
1236691
1248230
1253130
1254984
1255041
1262821
1269167
1269524
1273919
1277653
1295644
1300933
1306118
1306119
1308548
1309164
1310327
1316870
1324216
1330172
1331509
1340753
1340873
1345253
1347565
1349087
1352705
1353245
1357867
1362603
1365000
1365188
1368987
1371833
1372057
1373935
1377081
1379048
1379761
1380871
1387755
1402342
1406682
1416058
1419746
1422722
1426654
1427636
1441646
1441932
1444600
1447700
1451032
1454010
1455764
1458901
1459022
1460294
1467430
1480297
1481435
1489394
1492966
1498254
1501438
1502379
1514944
1519745
1520888
1521496
1523524
1531547
1532472
1533846
1535157
1535435
1537016
1544057
1547336
1547356
1548925
1550360
1555780
1564491
1567846
1571166
1572872
1575289
1576692
1583088
1586772
1590417
1601713
1606446
1614290
1616231
1619281
1622218
1624838
1631171
1634742
1637769
1653396
1669973
1670128
1680009
1686200
1688699
1692329
1697996
1705570
1706228
1710979
1711148
1717880
1723222
1730944
1737257
1750631
1751057
1754180
1756511
1757480
1757677
1761171
1762311
1767335
1772185
1780428
1781822
1800168
1801563
1804045
1804172
1806404
1814883
1815802
1832671
1832958
1840044
1841014
1853364
1853494
1854501
1864501
1865525
1865527
1867257
1869156
1882426
1886344
1905642
1910811
1911044
1911281
1911530
1914363
1926598
1935590
1938449
1953139
1956366
1963169
1965853
1971903
1975850
1980695
1983249
1987348
1993230
