-1999774
-1997837
-1977204
-1975942
-1973681
-1969591
-1968611
-1967272
-1967238
-1966374
-1965589
-1958203
-1952084
-1951559
-1948912
-1946391
-1942841
-1942347
-1939088
-1933864
-1922499
-1922038
-1921407
-1911248
-1910561
-1909662
-1900563
-1900462
-1898729
-1898519
-1896700
-1888573
-1886147
-1884122
-1880162
-1873077
-1863382
-1863246
-1856505
-1854722
-1852227
-1841927
-1836661
-1835201
-1819425
-1813013
-1806841
-1804702
-1802677
-1801206
-1788846
-1780788
-1759128
-1754495
-1753648
-1752606
-1746816
-1746106
-1742936
-1723494
-1717171
-1708289
-1708180
-1707705
-1703608
-1702198
-1688988
-1685091
-1683851
-1680903
-1675639
-1663145
-1662939
-1657041
-1652624
-1647126
-1645920
-1644660
-1637702
-1629792
-1629255
-1620749
-1615159
-1613301
-1612525
-1607010
-1595623
-1573823
-1570181
-1563635
-1561147
-1549006
-1548915
-1545189
-1538212
-1536104
-1534945
-1534431
-1530009
-1528756
-1526721
-1525503
-1499825
-1479889
-1477165
-1468334
-1462661
-1459547
-1458889
-1452921
-1450654
-1444126
-1439740
-1434996
-1430708
-1425806
-1419747
-1419219
-1407012
-1405644
-1401253
-1398320
-1394464
-1388473
-1388338
-1386457
-1383806
-1379965
-1378250
-1374650
-1374181
-1363956
-1360328
-1354322
-1353876
-1345817
-1341965
-1338386
-1334218
-1327204
-1322852
-1321786
-1321213
-1317076
-1311751
-1305043
-1302513
-1294849
-1288375
-1286107
-1281691
-1278201
-1276973
-1265490
-1265348
-1264820
-1258471
-1255571
-1249833
-1249684
-1247830
-1245968
-1241699
-1235170
-1234099
-1231275
-1227848
-1225700
-1225688
-1225570
-1224762
-1224706
-1216582
-1214280
-1213757
-1212806
-1208364
-1208097
-1207080
-1203154
-1199639
-1188871
-1187258
-1186799
-1186250
-1175531
-1173575
-1170763
-1164125
-1162885
-1159218
-1155150
-1150941
-1148607
-1146562
-1143794
-1142171
-1136581
-1136305
-1130915
-1126770
-1118807
-1106399
-1092406
-1089608
-1088501
-1087723
-1084325
-1083935
-1081863
-1080681
-1080190
-1075220
-1071612
-1068728
-1067000
-1063250
-1061293
-1060648
-1045383
-1042435
-1041646
-1036861
-1034275
-1030384
-1020218
-1017964
-1014604
-1010535
-1009403
-1008497
-1005235
-995223
-992178
-989024
-986808
-981149
-980943
-978679
-976948
-973972
-971872
-966908
-960829
-948415
-945493
-944217
-936738
-934408
-931964
-925258
-920103
-910061
-906998
-902475
-899570
-895445
-894727
-893670
-885958
-885602
-877615
-877303
-877029
-875285
-869470
-860346
-860042
-858943
-856092
-854463
-851899
-849959
-846436
-842581
-839780
-826736
-823849
-803542
-800006
-799863
-797270
-792333
-791770
-783167
-776445
-776138
-765967
-765349
-761798
-758549
-751254
-748255
-742983
-734301
-730960
-730804
-729851
-720753
-710680
-706481
-706286
-699931
-690402
-686194
-675942
-675542
-671181
-668852
-661526
-657015
-655564
-652499
-636960
-635764
-631735
-630528
-629855
-627385
-609146
-609092
-608484
-607862
-601400
-599853
-594273
-588573
-582924
-582491
-580021
-578393
-574723
-573461
-570556
-567613
-564062
-559109
-550839
-550603
-549338
-547064
-540351
-534075
-531154
-528083
-524675
-518119
-518070
-517677
-513280
-498572
-498440
-497357
-493390
-490735
-489965
-485821
-480271
-476835
-475181
-474559
-474066
-470724
-467608
-466723
-466460
-465460
-451701
-445102
-440948
-432167
-425890
-424437
-413538
-412125
-410345
-405639
-405328
-403420
-401906
-401647
-398834
-398472
-392561
-387726
-386568
-381978
-377174
-376810
-374438
-373496
-372792
-368336
-366835
-366802
-363425
-362704
-360731
-358342
-358120
-353283
-353162
-352124
-347855
-346519
-343593
-339958
-335691
-330684
-325574
-324482
-324246
-322521
-321403
-319540
-311663
-308450
-308139
-306064
-304442
-303515
-298900
-298635
-294473
-285709
-285269
-284815
-283943
-283869
-280444
-279354
-272761
-270915
-267799
-265681
-263479
-259590
-257161
-257112
-255598
-250616
-244834
-237620
-232502
-225181
-221676
-221563
-221296
-211339
-210691
-207478
-202056
-199907
-199151
-191007
-188633
-171197
-155607
-154877
-151925
-150303
-144810
-143292
-142499
-135670
-129916
-128107
-121615
-121094
-119258
-118602
-110977
-110857
-109922
-101561
-100866
-99342
-96720
-94821
-91117
-81770
-79497
-77004
-65157
-62954
-59234
-58646
-58452
-58338
-58037
-56695
-56376
-54391
-52381
-47931
-41735
-38092
-36953
-32202
-30053
-28967
-28840
-23537
-22766
-20133
-9769
1968
2487
2845
3882
6192
7766
9678
9856
9994
12335
13150
13321
14862
17862
19108
22730
23298
25615
25929
27312
30985
39056
41471
41509
43073
43163
51169
52288
53916
57659
58414
60777
65116
67115
70901
77040
81230
88774
91268
91527
92589
94779
101700
102299
103582
106616
107849
108914
109511
110150
122088
122389
129689
132820
152681
153728
161277
161443
177783
180896
184505
185248
185291
191350
194611
197152
202541
208775
210798
220885
224278
226063
226153
230270
236222
238267
240527
240989
244446
255625
261238
262024
262529
265481
266301
273160
273259
275751
276590
276727
279694
283960
293149
296200
300840
305931
306250
308693
314666
316545
326600
331568
332565
353831
357615
362390
363531
368598
379644
381685
382862
389541
391814
394978
398480
402085
402315
402359
403374
407685
412024
412141
412261
413751
416891
417103
417301
423666
429775
433675
439181
440826
443402
444392
444623
446978
449598
454114
459174
460462
472242
476992
479170
481054
484229
486899
495409
497030
499349
509621
510089
511405
529126
531358
533659
541237
545122
547154
547521
548429
550044
553642
567270
581145
584647
598369
606976
607783
618820
634604
638064
641629
648791
656937
666749
677320
677540
680397
681372
683399
685121
687711
695108
698706
703247
706907
707152
708003
708460
709645
715312
716597
725295
726039
732141
732423
741257
742538
743786
753129
769842
779109
780429
786201
792688
793404
794885
798997
804040
818169
819039
819214
819724
821731
826925
830038
835068
839038
848152
850365
857474
872866
874372
882876
887334
897736
898357
898390
900562
905811
905853
907677
908318
919472
921903
931718
932509
932732
940415
945106
949398
953966
954235
955357
962038
966755
969367
975911
978521
979424
980849
983751
984097
986999
993265
994328
1002859
1007501
1016127
1016446
1016818
1017063
1021818
1027786
1033644
1036192
1041917
1044412
1047611
1049248
1049331
1050929
1053437
1054891
1058544
1059000
1059585
1062343
1076295
1079247
1088829
1092142
1094889
1096769
1100121
1110126
1116741
1117781
1118583
1125609
1129259
1131730
1135136
1136224
1157674
1165043
1170896
1174309
1177505
1181611
1182666
1188559
1200985
1206674
1208803
1209815
1211133
1216826
1217430
1217647
1222467
1222526
1223143
1225571
1225854
1227435
1228969
1240826
1243203
1253261
1270497
1280762
1281219
1283493
1283510
1283692
1283817
1286057
1286239
1289749
1296179
1297650
1304834
1312322
1315691
1316661
1317445
1325163
1329329
1331733
1333254
1337947
1345266
1348480
1348590
1352204
1361284
1372654
1374612
1383659
1386932
1390785
1396586
1397952
1400478
1407479
1409141
1419804
1420288
1420628
1427695
1432720
1432731
1436033
1437025
1445955
1447493
1452515
1467423
1471517
1471604
1477522
1479436
1482150
1493477
1493963
1495780
1495820
1503717
1511249
1516871
1531544
1535663
1540694
1547857
1557991
1563298
1566144
1568964
1569887
1578258
1584445
1589478
1591989
1602736
1603436
1615581
1616267
1616724
1619773
1622933
1626343
1628855
1628866
1629840
1630766
1631870
1635892
1637207
1638156
1655648
1663297
1666461
1667566
1670070
1671309
1673831
1680117
1685250
1688651
1693815
1695068
1702516
1706654
1709422
1714196
1715142
1718718
1726661
1729148
1746339
1754355
1754468
1759035
1760605
1764217
1768629
1772680
1774541
1782872
1785300
1785446
1786705
1789043
1792068
1794530
1798590
1801932
1806136
1808525
1818440
1818767
1821971
1823467
1830054
1830629
1832429
1834017
1834985
1835163
1839870
1841337
1845168
1859183
1864042
1864542
1872514
1881673
1882086
1885018
1889627
1892051
1899863
1899987
1901135
1911872
1912050
1923017
1929376
1938108
1939661
1942220
1947380
1951050
1951403
1952501
1953686
1960029
1962882
1965258
1979338
1992352
1992999
1994964
