-1995412
-1992105
-1971861
-1967970
-1967337
-1963723
-1959679
-1957968
-1953928
-1946320
-1940120
-1936098
-1933789
-1933264
-1914637
-1912624
-1911257
-1909097
-1908054
-1907556
-1899305
-1897173
-1889648
-1883482
-1881811
-1880360
-1877751
-1873506
-1867170
-1865180
-1845767
-1841596
-1836360
-1830276
-1827956
-1824446
-1809464
-1809105
-1806024
-1805986
-1803971
-1803911
-1803573
-1798818
-1795940
-1795461
-1791206
-1785487
-1772392
-1771673
-1770498
-1769489
-1769160
-1766568
-1766037
-1764405
-1762228
-1756195
-1752796
-1748458
-1742593
-1741249
-1739137
-1738943
-1735375
-1731860
-1725563
-1723281
-1723018
-1716836
-1713325
-1712737
-1712703
-1705935
-1702444
-1701568
-1692255
-1685828
-1684063
-1676707
-1673511
-1668171
-1666434
-1656668
-1651894
-1649997
-1649586
-1648285
-1647935
-1637753
-1635210
-1633470
-1627515
-1623655
-1621297
-1619592
-1618316
-1615291
-1611203
-1609030
-1606056
-1604049
-1599300
-1597461
-1596437
-1591041
-1586121
-1584516
-1581890
-1581188
-1579387
-1578270
-1577731
-1576084
-1574087
-1570315
-1565154
-1549597
-1541086
-1539063
-1536426
-1534732
-1533616
-1530799
-1529780
-1528668
-1527765
-1526120
-1519824
-1518573
-1518401
-1506663
-1495235
-1493897
-1490195
-1484724
-1478481
-1476220
-1475263
-1471558
-1470335
-1470057
-1447714
-1438871
-1434317
-1433526
-1431994
-1421612
-1414019
-1411459
-1407078
-1399501
-1395544
-1395407
-1391189
-1390260
-1387888
-1387821
-1387271
-1378781
-1375950
-1374777
-1366893
-1359581
-1358865
-1352499
-1348375
-1343283
-1341085
-1340137
-1326721
-1325054
-1323894
-1319274
-1317644
-1308668
-1305711
-1304958
-1298982
-1297175
-1295462
-1293655
-1290760
-1284806
-1283017
-1280531
-1276551
-1273523
-1268576
-1258209
-1257760
-1242696
-1242306
-1240410
-1232475
-1230994
-1230712
-1226097
-1224613
-1223449
-1220221
-1219708
-1219512
-1211671
-1209880
-1206292
-1205259
-1204591
-1203449
-1203408
-1188597
-1188322
-1187338
-1183697
-1183424
-1182257
-1180531
-1174990
-1172423
-1168674
-1166705
-1154030
-1148865
-1148512
-1140151
-1139936
-1137264
-1132456
-1122178
-1117319
-1112103
-1110179
-1109796
-1104525
-1088149
-1085395
-1080402
-1079867
-1077365
-1068890
-1068148
-1060102
-1058724
-1056022
-1049111
-1032698
-1031102
-1030600
-1029235
-1027817
-1024531
-1017206
-1007301
-1001473
-999925
-997941
-997343
-995482
-987954
-983632
-977319
-973270
-968618
-968037
-967253
-966407
-963913
-960859
-950155
-946142
-942544
-940735
-932889
-912827
-905122
-904828
-903912
-903537
-899053
-898032
-892848
-891807
-884283
-880585
-872557
-870552
-870082
-869938
-868481
-861543
-851424
-842757
-839314
-838901
-833644
-828273
-821550
-812122
-807586
-797524
-792803
-791073
-787968
-787588
-771734
-764836
-764715
-762960
-762886
-754963
-746128
-744167
-742791
-742013
-741521
-733047
-724110
-709783
-709442
-705474
-701496
-700238
-699085
-698554
-697799
-697492
-694395
-693474
-692386
-685743
-683813
-662519
-648052
-643861
-636176
-634896
-634356
-633322
-621290
-619221
-616707
-616117
-615739
-599986
-599325
-597864
-597793
-596688
-591111
-589319
-587251
-586299
-585921
-584513
-580582
-575254
-574172
-570398
-567009
-566722
-560543
-556819
-547570
-539130
-535977
-529343
-525995
-524219
-518371
-515567
-515321
-509080
-508597
-508242
-499396
-494713
-491897
-489525
-488569
-485407
-485258
-481830
-481243
-477447
-476980
-475711
-471183
-469684
-462883
-462591
-455776
-453797
-452829
-442348
-437579
-437326
-432206
-431457
-429927
-426913
-415085
-414333
-409627
-409444
-406996
-403634
-402742
-388358
-382949
-382704
-382656
-374416
-368289
-357928
-357582
-355107
-350593
-349057
-345578
-338051
-337196
-335346
-329457
-328390
-323861
-323433
-322882
-321038
-318986
-318797
-314592
-312137
-306587
-305657
-299552
-285163
-281428
-276948
-276787
-268900
-268761
-254063
-251260
-241093
-235078
-228747
-226019
-222515
-217713
-216140
-215599
-215569
-214604
-211227
-210364
-207681
-202515
-201368
-200796
-197586
-192021
-187105
-184244
-183975
-182756
-179458
-176644
-175550
-173576
-168479
-167272
-165721
-160403
-153477
-145962
-141983
-139942
-135845
-133811
-128752
-126234
-123056
-122582
-121102
-118500
-116633
-110548
-102959
-93302
-91884
-80305
-78166
-73727
-72805
-70104
-65207
-58135
-53280
-51919
-50359
-47052
-46272
-42271
-40940
-40683
-36202
-36059
-27328
-24996
-24018
-2799
1472
3686
9170
16097
18655
24465
29335
29713
31898
37271
54250
55991
58897
67676
70825
71028
72016
76982
81157
81433
81740
90451
91641
91970
96366
100947
101397
104262
106618
119092
124683
126963
127286
128197
128797
136523
147725
151601
152628
155576
157297
161339
163911
167486
168992
176114
181701
186938
187240
198662
205582
216101
221599
233558
238257
243817
244400
246217
254138
257763
260714
265245
265377
271433
299598
301509
304252
305482
312751
314621
315349
316519
317631
324539
329830
330521
336118
338360
340538
343574
343913
344632
349491
353861
359420
364226
369272
370388
371035
375130
376135
382298
382819
382896
383861
384452
393475
404572
405622
417274
417736
419554
420537
423409
426575
426823
428719
434516
436070
438239
441407
442238
444772
446361
448385
456114
457194
464481
467971
468574
471473
472560
478864
479895
483032
488480
490978
500324
507252
509857
513301
524414
532154
532342
532439
533777
539408
543408
547173
549668
553404
565685
570220
579267
591689
599814
611008
611357
621315
633073
633830
635723
652467
661107
668137
670987
681174
681177
681212
693145
696808
698334
705603
708780
708781
709469
713011
715856
718404
719994
720363
723723
724408
725241
728207
729035
730538
731930
734604
745284
753498
759297
762643
763067
766217
770027
772700
781007
796520
798186
800794
806802
807924
816745
821092
822819
834362
847977
855259
858541
859600
862752
864313
871606
871929
873105
873482
874928
876815
879258
881979
883897
888722
888747
888884
896286
900925
901548
907486
912943
925893
926861
928476
930025
931963
932324
937211
939088
943796
944603
946583
947373
949139
952999
959467
966639
969975
973979
980555
984036
985745
987337
989968
1012237
1017830
1020390
1024265
1024387
1032996
1045559
1046934
1052533
1055191
1056528
1065923
1067290
1070478
1080521
1082459
1084796
1088351
1089196
1091333
1093007
1093327
1094905
1104467
1106525
1111289
1115867
1116091
1117551
1132722
1135334
1141900
1145077
1146350
1147568
1159497
1161429
1166051
1167118
1167913
1171886
1180772
1182548
1187114
1188642
1189171
1190764
1194410
1195815
1195955
1201738
1204471
1205514
1210186
1220007
1225780
1227628
1232522
1242733
1243190
1246083
1246838
1249255
1251624
1251850
1254093
1256433
1262965
1272074
1280316
1281952
1282608
1282742
1288607
1289164
1291306
1292768
1293167
1295874
1297408
1299439
1306852
1312136
1314163
1316232
1328825
1334508
1336818
1337022
1337496
1339187
1353388
1359969
1365254
1373774
1376157
1380150
1385766
1395148
1395382
1397243
1402951
1406800
1413420
1414840
1416004
1417974
1424795
1427751
1437885
1438754
1441132
1442904
1444350
1444490
1446432
1449507
1451538
1453642
1457049
1461213
1463102
1465436
1469190
1472744
1484811
1489818
1493064
1495567
1499442
1500257
1503348
1507894
1509014
1509770
1514627
1515768
1523100
1529379
1534291
1541434
1542055
1543230
1544185
1553841
1555326
1560332
1560456
1562017
1572282
1573898
1585277
1590253
1600020
1603508
1610166
1610349
1611824
1613558
1642937
1657278
1659919
1661244
1669391
1679464
1684409
1688450
1688811
1690271
1691162
1713802
1728796
1729050
1732268
1734929
1736462
1737755
1741523
1743574
1746849
1748518
1763319
1763461
1769695
1769819
1771694
1772603
1776067
1777720
1778608
1779350
1781480
1793712
1794127
1794966
1797312
1797654
1800176
1809543
1809797
1811256
1813476
1820316
1824547
1827332
1829012
1834706
1835134
1835346
1838107
1838824
1853119
1862014
1863891
1865127
1869194
1873165
1880037
1881073
1888241
1891595
1894193
1897641
1907659
1910954
1911629
1912600
1915967
1924301
1928683
1942719
1947620
1950226
1954081
1954613
1955922
1960891
1966060
1967897
1971679
1976567
1981419
1994893
1997196
1997676
1998526
