-1999767
-1987070
-1985947
-1980021
-1974091
-1973431
-1972778
-1970793
-1961545
-1960927
-1958690
-1955146
-1949023
-1929975
-1926281
-1923883
-1921538
-1921155
-1914998
-1914415
-1905730
-1902416
-1897198
-1893216
-1889118
-1881165
-1880789
-1880415
-1879459
-1876552
-1871831
-1852640
-1850382
-1846025
-1834314
-1833398
-1830306
-1830013
-1829655
-1820273
-1819305
-1809446
-1805894
-1796914
-1796730
-1794544
-1792988
-1790624
-1785133
-1784890
-1776765
-1775426
-1775019
-1771097
-1767741
-1764685
-1763231
-1750209
-1741290
-1728889
-1728398
-1725771
-1721403
-1713156
-1710045
-1700354
-1698093
-1697669
-1696453
-1696101
-1693096
-1685725
-1677570
-1667761
-1658177
-1643796
-1635854
-1622749
-1620076
-1611587
-1604772
-1602712
-1602566
-1596809
-1593329
-1592684
-1591596
-1591013
-1585702
-1581164
-1567595
-1567138
-1557607
-1555432
-1554159
-1552193
-1535759
-1535649
-1529598
-1528125
-1527842
-1525729
-1524793
-1520595
-1519886
-1511568
-1510627
-1510435
-1507210
-1501008
-1499918
-1498517
-1497332
-1491146
-1484569
-1483715
-1482192
-1477175
-1476199
-1473820
-1472525
-1466696
-1450734
-1449174
-1442636
-1442408
-1434158
-1433387
-1420852
-1416719
-1413609
-1413015
-1410429
-1397133
-1396453
-1394967
-1385853
-1379834
-1377226
-1372894
-1370063
-1360122
-1359970
-1358403
-1350351
-1350139
-1347444
-1346436
-1341374
-1327108
-1322307
-1316215
-1315852
-1298140
-1293621
-1290281
-1287796
-1285585
-1284343
-1281670
-1278032
-1276751
-1270729
-1270598
-1267321
-1252330
-1251857
-1249883
-1246751
-1243902
-1242651
-1230578
-1228148
-1227239
-1218593
-1209992
-1205477
-1201556
-1200884
-1196779
-1194513
-1191337
-1189635
-1180362
-1165914
-1164925
-1161856
-1160247
-1158992
-1154361
-1151347
-1139851
-1136820
-1130580
-1128884
-1126135
-1121392
-1114672
-1110129
-1107615
-1098903
-1096871
-1094625
-1089682
-1089240
-1078336
-1077856
-1073147
-1073032
-1072226
-1071531
-1069970
-1069773
-1058000
-1052478
-1049853
-1047126
-1040666
-1039747
-1036617
-1034847
-1033408
-1032449
-1029571
-1026694
-1026410
-1024443
-1016270
-1013792
-1009817
-1007737
-1006088
-1003579
-1002661
-1002542
-1000903
-997734
-989500
-988706
-985991
-983673
-978494
-973242
-969124
-967719
-965492
-957808
-956610
-953189
-952251
-949674
-940815
-937992
-937660
-933863
-921771
-920163
-918101
-899184
-898950
-890837
-887217
-885204
-883071
-882705
-881372
-881289
-875685
-868960
-867517
-864296
-861253
-859788
-849794
-849213
-844435
-837522
-834159
-810115
-804078
-803438
-800541
-796612
-794094
-785224
-778833
-778665
-778461
-772959
-768101
-766783
-764032
-763045
-757178
-752916
-751446
-747538
-746350
-745562
-742625
-740036
-739345
-730305
-727033
-726456
-725975
-724820
-720409
-719153
-713098
-702860
-702707
-702281
-683825
-679496
-678161
-673185
-672122
-671312
-670695
-667606
-666497
-662429
-661315
-654561
-653798
-651556
-644873
-631803
-623937
-621438
-617171
-615446
-609554
-609289
-599104
-588016
-585334
-574034
-573990
-573271
-566577
-565269
-563721
-563284
-561601
-559984
-534710
-532632
-531285
-529928
-529001
-528092
-527884
-527666
-524643
-523166
-520003
-518987
-515355
-514674
-513641
-511408
-503713
-500776
-477763
-469574
-468285
-466679
-465987
-464357
-461368
-457775
-452874
-446976
-446554
-444731
-432719
-427590
-427085
-425794
-417521
-415419
-406683
-404203
-396948
-393876
-390657
-389396
-384479
-374163
-373267
-368914
-364395
-359540
-354646
-351203
-342293
-337713
-336050
-306322
-305979
-304317
-302520
-296304
-291592
-290467
-282028
-280256
-278334
-273415
-269059
-266114
-256653
-256212
-255508
-254479
-253102
-249795
-248672
-243030
-242752
-232900
-227173
-216514
-215517
-212878
-204913
-203019
-201116
-200898
-199741
-194898
-191784
-190275
-188210
-180006
-174707
-174255
-172389
-170687
-168803
-165177
-156887
-143711
-140809
-139456
-139058
-136266
-136019
-129484
-124961
-123750
-121242
-115018
-114641
-113564
-113483
-102978
-102350
-99827
-99657
-97999
-93387
-88565
-84985
-82690
-79359
-79056
-77517
-77001
-72399
-71704
-66077
-63803
-60884
-59612
-55798
-48298
-38846
-36976
-35808
-33459
-29034
-28630
-23219
-12015
-5116
1560
2504
3217
3265
5992
6293
6960
7044
9371
26036
28687
31735
34547
41070
44097
45533
46070
49210
54546
55275
55539
56383
56762
70817
72991
73968
74875
80410
86752
87924
92890
98192
105605
120340
132501
134718
145004
145097
147016
148309
148779
151425
160462
160675
160971
169269
169619
176327
186427
186836
190039
191746
207441
213439
217498
219865
229006
229938
230119
238750
241157
244967
249373
255238
257580
264259
269361
278710
281954
292361
292853
299172
300620
303018
310303
313233
313549
314365
315172
316611
319728
319900
321972
333891
334529
334738
338208
342644
350963
356649
367915
375351
380887
381694
385852
386776
391139
393893
395392
395825
397264
403545
403693
414058
415393
418172
421047
425263
426203
432945
434429
436516
439188
447844
452850
454299
455440
460621
464688
467446
474216
478911
481727
484928
490937
493752
501603
504163
513379
514043
525267
525524
525613
527490
541027
541820
542348
547761
557342
563984
565089
569612
569931
570750
580978
589060
591990
594680
595099
597581
601397
606622
608464
612789
621055
631936
645188
645349
652237
652972
655817
656828
661701
675986
677143
680896
682350
682643
685389
690298
694343
695136
697583
705001
706350
707111
707798
710554
714691
719592
725576
727965
734825
738354
742628
746650
755181
756417
761214
766948
768875
770999
773324
773353
776909
783538
783827
785938
791538
793937
794170
797564
798661
798867
800746
805560
818205
819510
823340
824416
835108
843031
844491
845367
846629
846927
847086
847889
856517
874379
875604
876829
888978
889395
903592
905615
914393
915869
916770
923886
925795
927577
929504
929873
933961
934644
936453
947854
951811
952389
974124
980478
984248
985495
986156
986927
987333
995107
996802
1002045
1003965
1004015
1005737
1013451
1014884
1016998
1018232
1019560
1031124
1034052
1038009
1039071
1047282
1058993
1061126
1071724
1079905
1082165
1082275
1088435
1091301
1100703
1100784
1101530
1105347
1117549
1120868
1125114
1128963
1135306
1135977
1158292
1162737
1165583
1168457
1171278
1176576
1181243
1184775
1195461
1195923
1197806
1206486
1219467
1223960
1225448
1231448
1232994
1233068
1235627
1237779
1240367
1242597
1244922
1245545
1246048
1248800
1253664
1254607
1254987
1257043
1257135
1260430
1268412
1271498
1272413
1281379
1285209
1286902
1287739
1288148
1289306
1294314
1294638
1306548
1307172
1309176
1310836
1316811
1320940
1325101
1328892
1330854
1334785
1336124
1336492
1337839
1349200
1350758
1359465
1359974
1361570
1362514
1365783
1371580
1377650
1378101
1393469
1397139
1398550
1402419
1403657
1405076
1405347
1409711
1432691
1442950
1452786
1459187
1460556
1463104
1467993
1469707
1471276
1472027
1478465
1481114
1483178
1486273
1494903
1497026
1498208
1503033
1503640
1507330
1516516
1518296
1518464
1518744
1522343
1524975
1528707
1533117
1533592
1536496
1537745
1537988
1542164
1545835
1546798
1553483
1554525
1555810
1555836
1561860
1565574
1573617
1577263
1578484
1578810
1580392
1586323
1587116
1588294
1589782
1590068
1590999
1602475
1608126
1616611
1617097
1619386
1622790
1628489
1636575
1641136
1644230
1644836
1645222
1651414
1652640
1660672
1662042
1666752
1672664
1677054
1681320
1687434
1690833
1691275
1694166
1697388
1705831
1709344
1710312
1712050
1716678
1717724
1719749
1722855
1727096
1733312
1736480
1750973
1753536
1757941
1762526
1766181
1766801
1769798
1769992
1770303
1770659
1774907
1778706
1779261
1783670
1787444
1790647
1791749
1793415
1796824
1797290
1803577
1806374
1807471
1809575
1810588
1811651
1820090
1832950
1836658
1840482
1840760
1843436
1845362
1854058
1854855
1855577
1856514
1871405
1873884
1880506
1895581
1900784
1902905
1902985
1906034
1906947
1907220
1907413
1911898
1913292
1917519
1920405
1932906
1933239
1938476
1938797
1955019
1958430
1965020
1967464
1970720
1974008
1975392
1979672
1981612
1982544
1984587
1985974
1999353
