-1994939
-1981631
-1968906
-1966932
-1962263
-1959292
-1958884
-1953066
-1952290
-1925209
-1923043
-1920707
-1919108
-1913245
-1910549
-1910081
-1904444
-1895450
-1891808
-1885881
-1883452
-1881969
-1869518
-1863653
-1863064
-1861450
-1855468
-1854631
-1850627
-1844818
-1844316
-1841800
-1835793
-1834868
-1833224
-1832226
-1824245
-1823749
-1811703
-1810280
-1806483
-1806137
-1805640
-1800158
-1793802
-1793148
-1791029
-1785335
-1781715
-1780513
-1779961
-1775592
-1770374
-1758520
-1756615
-1756483
-1756306
-1756064
-1753519
-1746446
-1745734
-1736264
-1725564
-1722207
-1713768
-1710994
-1710155
-1708017
-1706477
-1703875
-1703368
-1700734
-1698793
-1696846
-1696018
-1691106
-1690981
-1675933
-1654639
-1652632
-1652413
-1647534
-1647438
-1647037
-1645627
-1645454
-1642144
-1635861
-1635398
-1625617
-1616406
-1610494
-1609762
-1609288
-1606154
-1603972
-1602375
-1601823
-1596754
-1586059
-1585625
-1579115
-1576116
-1573993
-1564212
-1564020
-1562068
-1556257
-1553310
-1549211
-1548929
-1541286
-1532505
-1528261
-1525612
-1513523
-1511478
-1507906
-1500979
-1498249
-1496497
-1491305
-1488437
-1485063
-1483570
-1474073
-1467721
-1465010
-1458785
-1455797
-1449784
-1448497
-1447611
-1441065
-1437192
-1429336
-1424501
-1423212
-1420777
-1420209
-1418995
-1413173
-1400393
-1397922
-1381988
-1379894
-1379596
-1375194
-1372572
-1366439
-1355656
-1350949
-1350485
-1347195
-1342869
-1340488
-1328941
-1314305
-1313461
-1284958
-1279155
-1277883
-1276071
-1275369
-1274639
-1273938
-1253450
-1252805
-1251459
-1251441
-1251409
-1241824
-1241755
-1230343
-1227738
-1217213
-1204548
-1198591
-1192556
-1192051
-1185926
-1183306
-1181129
-1177924
-1176436
-1174135
-1172873
-1170713
-1168713
-1159494
-1158761
-1158565
-1149133
-1144914
-1144654
-1140717
-1139426
-1138372
-1138152
-1136564
-1133132
-1129033
-1126866
-1125794
-1122666
-1117976
-1117582
-1106553
-1093867
-1093043
-1092975
-1087908
-1081271
-1077131
-1073359
-1070951
-1070869
-1068377
-1060397
-1060009
-1053496
-1050138
-1049033
-1042965
-1042561
-1036017
-1035056
-1031911
-1024033
-1020437
-1017855
-1017444
-1007436
-1006264
-1005078
-998307
-996581
-996207
-990363
-988894
-980913
-976909
-973605
-968823
-962873
-955851
-953774
-950573
-947290
-940302
-939524
-936614
-923461
-914460
-912883
-911237
-909596
-906349
-905346
-902338
-896791
-895633
-895601
-893166
-889073
-880403
-875542
-874535
-863085
-861372
-858556
-853749
-852448
-851348
-850429
-850247
-845979
-845950
-843143
-839369
-837407
-834547
-833525
-832605
-832536
-827712
-827461
-827460
-818268
-810962
-804098
-800978
-791336
-774324
-770285
-765920
-764513
-761391
-751558
-738739
-737364
-736735
-732400
-732381
-730064
-725722
-720274
-718132
-716751
-715106
-706283
-704727
-699693
-698174
-697548
-692471
-691038
-687448
-686941
-679688
-677321
-676557
-673211
-668027
-660881
-658316
-657035
-647567
-641877
-640870
-639825
-638760
-630016
-629299
-625527
-617226
-613915
-612186
-606031
-602262
-601245
-594797
-594631
-593842
-591497
-585793
-582757
-581351
-580282
-576477
-573577
-572016
-566221
-563201
-560645
-553861
-552963
-548195
-545523
-539968
-534742
-528857
-528636
-528267
-525749
-523384
-518495
-518247
-508195
-506902
-504073
-499676
-483943
-482904
-480759
-478101
-476799
-475984
-463951
-462826
-460992
-458227
-451927
-451690
-450925
-447259
-447162
-435779
-434948
-433357
-430074
-429931
-427985
-418247
-412549
-406643
-397828
-391295
-384191
-377839
-370881
-369610
-361785
-348272
-343586
-342471
-340578
-336721
-329740
-321850
-319987
-319342
-317686
-317411
-315521
-314863
-311749
-304674
-304418
-304011
-303417
-302709
-299021
-295986
-293888
-291395
-290178
-285957
-284466
-280997
-280298
-273611
-268491
-268066
-267508
-260428
-259664
-258518
-251432
-239292
-238050
-232985
-222175
-208691
-207720
-207353
-206457
-202279
-201800
-190363
-190066
-184318
-173995
-172343
-168896
-162247
-161815
-159739
-153318
-141953
-140403
-133984
-125598
-123659
-119698
-108438
-92768
-83834
-81390
-80611
-79587
-72310
-69798
-69376
-67947
-62651
-55236
-54709
-46169
-29669
-28856
-23961
-21079
-17428
-16607
-12667
-10175
-487
9909
13807
17651
20475
25807
36324
38231
43117
49836
54688
54903
64777
66362
75805
75978
78448
78956
79685
80292
89581
91170
92089
92428
93481
95246
95445
104530
105098
105974
107338
113568
113721
115385
118183
123256
130167
134867
134941
137588
138494
139488
140871
142677
149391
149680
156257
156674
161857
162613
174225
176479
179421
186189
186266
194076
203131
205874
225388
227252
230082
233623
234675
238078
238189
238299
242610
245092
246507
248404
253393
253839
256433
258792
267305
273600
280514
285385
287162
293193
298447
315556
319491
326346
327535
330765
334508
340121
340425
342246
346018
346515
350941
351541
352115
358452
361476
374113
375169
383488
384439
387396
389220
395681
396899
398116
398634
400204
404281
415464
415926
426962
427500
428532
431928
432512
432710
433076
435285
442721
448506
449737
455212
456712
471104
477414
477575
477941
484757
486282
487442
491733
492703
493209
495812
502795
508342
518360
519459
520118
529133
531146
531475
547033
547720
550524
554943
557261
564199
566999
568233
568277
571052
581150
583015
589986
594491
594651
598037
598595
607023
607196
612446
613132
613535
614785
623266
625866
642018
651083
653789
658797
662651
662702
663579
664360
670692
677272
680316
687539
691320
695255
697407
698227
704592
711969
714790
716205
718566
719367
731545
733447
737272
740539
744673
748278
750075
753765
754774
755450
760438
765211
765303
765991
778012
779519
787616
792028
795709
798032
808626
814263
817302
821358
828829
829220
829836
832912
833378
836259
838602
839621
856501
862115
862370
864491
870564
879974
886193
891094
892893
901179
901348
906097
909609
915676
920130
920248
927832
933163
934059
939709
943033
948244
949778
952274
954464
956577
959639
966760
967563
970390
973465
978876
979016
979280
981799
987616
992970
994225
998102
998591
1003276
1003422
1003618
1003621
1005135
1008247
1008375
1013396
1015199
1015874
1039678
1039881
1043194
1046688
1049768
1057621
1058108
1062256
1066553
1069474
1083917
1089958
1090787
1093101
1100234
1100821
1103970
1105817
1115326
1119715
1124727
1129122
1131669
1134567
1135400
1137338
1139509
1140034
1143721
1146716
1146845
1147224
1149199
1154359
1164997
1166995
1168140
1170205
1170685
1171117
1180902
1181030
1182062
1199542
1202239
1202356
1203340
1206833
1209026
1212651
1214659
1221581
1223343
1225111
1226653
1229425
1234324
1235033
1237983
1241778
1248761
1250369
1258045
1261033
1261188
1263827
1266781
1279337
1280285
1292699
1294725
1297393
1297415
1298220
1298894
1299883
1300449
1305124
1310872
1312305
1312794
1314189
1322225
1334015
1339956
1342621
1351124
1352913
1360390
1362379
1365236
1368101
1375889
1377753
1378327
1380147
1380993
1382298
1382862
1389345
1389720
1389736
1395879
1398133
1411185
1424952
1427512
1427985
1428695
1434456
1439947
1442426
1455137
1456037
1457856
1460269
1465568
1473077
1475618
1475766
1477561
1478150
1479791
1480038
1481822
1482741
1486395
1487594
1489751
1493190
1495120
1504176
1511678
1517207
1524489
1530038
1532582
1534013
1541577
1543863
1551257
1558932
1567597
1569852
1571387
1576213
1579943
1581048
1586799
1589923
1600934
1602779
1616728
1619506
1622393
1625425
1628106
1628372
1631772
1635985
1638069
1643377
1646509
1647297
1647619
1661267
1661566
1667436
1671534
1681175
1686616
1687809
1696339
1707322
1711047
1713257
1719300
1723839
1730058
1731489
1731514
1738261
1741383
1745536
1746869
1757562
1758838
1762648
1763186
1769780
1771657
1771823
1778132
1778631
1780340
1790402
1791677
1795918
1798276
1810886
1812926
1815587
1816727
1820363
1821977
1823282
1825760
1830387
1831556
1836605
1836714
1867850
1872898
1874474
1876329
1876604
1883824
1889764
1893729
1897594
1902471
1903593
1903818
1908540
1910293
1911773
1919695
1935867
1941489
1946692
1954302
1957546
1973625
1974605
1975042
1978989
1981267
1984302
1985625
1994532
1994633
