-1987520
-1973522
-1965897
-1965185
-1962712
-1961197
-1960131
-1951234
-1950935
-1946297
-1946191
-1944080
-1943724
-1943456
-1940085
-1939921
-1934862
-1932715
-1930241
-1929676
-1924149
-1922959
-1922397
-1919863
-1917814
-1915498
-1914137
-1912771
-1912215
-1907925
-1906873
-1902523
-1901589
-1897973
-1896867
-1892430
-1889564
-1885975
-1881183
-1879509
-1877486
-1873376
-1871346
-1865626
-1865164
-1863702
-1861309
-1843635
-1843274
-1840856
-1835527
-1814803
-1812849
-1811376
-1802742
-1802111
-1791606
-1785858
-1781894
-1779937
-1777311
-1776198
-1774059
-1773321
-1773207
-1771434
-1761399
-1761161
-1761069
-1742718
-1719505
-1714265
-1714147
-1712211
-1711640
-1699574
-1674582
-1671369
-1668062
-1667712
-1660525
-1649445
-1649098
-1648874
-1646059
-1635830
-1634968
-1630090
-1621809
-1621589
-1621410
-1619103
-1618205
-1613393
-1609568
-1607780
-1603009
-1591939
-1587334
-1579289
-1551561
-1525792
-1525538
-1524445
-1516319
-1514486
-1514447
-1511971
-1510954
-1510149
-1499829
-1493626
-1486898
-1482950
-1478506
-1469632
-1469100
-1463204
-1460944
-1458872
-1458511
-1458186
-1457483
-1457362
-1447318
-1443778
-1438512
-1435408
-1428867
-1427896
-1407523
-1406875
-1404227
-1401439
-1399792
-1396600
-1390214
-1389315
-1387780
-1386316
-1375530
-1370595
-1367761
-1366864
-1360479
-1352774
-1347033
-1345454
-1337082
-1335113
-1335082
-1334466
-1327510
-1325547
-1324084
-1321510
-1317408
-1305045
-1301578
-1299923
-1296641
-1295512
-1291864
-1290228
-1289862
-1288201
-1284448
-1283926
-1275498
-1274174
-1272688
-1271001
-1269635
-1266535
-1247089
-1242976
-1237468
-1227200
-1227184
-1225383
-1225263
-1219968
-1209983
-1208806
-1206954
-1204875
-1196898
-1188301
-1187759
-1186356
-1185459
-1181898
-1180591
-1173758
-1171400
-1165456
-1157694
-1153028
-1150834
-1142610
-1131380
-1130372
-1125221
-1119104
-1110981
-1109025
-1102928
-1098723
-1096090
-1091951
-1079857
-1076261
-1069711
-1063092
-1049198
-1040359
-1033425
-1031528
-1029894
-1027820
-1020028
-1019953
-1009265
-1005205
-998638
-991989
-991317
-985310
-984005
-980648
-979083
-976987
-973999
-966567
-962131
-951420
-950782
-945382
-944541
-943840
-941278
-940509
-933585
-929458
-927257
-921777
-920565
-918723
-915892
-914469
-910473
-900189
-896847
-895497
-882702
-880025
-877954
-872722
-870642
-868833
-867540
-867072
-858967
-856154
-855388
-849777
-842327
-841081
-840926
-828695
-827535
-809996
-806807
-803084
-801822
-801348
-800288
-798533
-798152
-791895
-786006
-785825
-785536
-769086
-768793
-767348
-763236
-762689
-760392
-759729
-753134
-752752
-739467
-734482
-732372
-720804
-713503
-710194
-701225
-700004
-699571
-698721
-695762
-695339
-694154
-692023
-691822
-686108
-681646
-680372
-676779
-674998
-674682
-672843
-663402
-662974
-653921
-653592
-646907
-641069
-639503
-638607
-632976
-629765
-629153
-621430
-619381
-610949
-608618
-607595
-604257
-599240
-598768
-579670
-579358
-566554
-565996
-565428
-563332
-562571
-562318
-548187
-547905
-547239
-534129
-527919
-524987
-514249
-512796
-505010
-503859
-487579
-486438
-483959
-483757
-472109
-470079
-467374
-463238
-448480
-447240
-445308
-442413
-432821
-417839
-408943
-401299
-400857
-398568
-398171
-397121
-393945
-391065
-390060
-387395
-385945
-374296
-369972
-363654
-361111
-357384
-350501
-349047
-348129
-342822
-339507
-327156
-327077
-325042
-323846
-323511
-322550
-311810
-307916
-299278
-293622
-292951
-292671
-287389
-286780
-285639
-281162
-279293
-275973
-275951
-275244
-272783
-271358
-270838
-270485
-264486
-262357
-261845
-261168
-260587
-260321
-257638
-246652
-245744
-245035
-240676
-233838
-229245
-227638
-227227
-218420
-211508
-198380
-197656
-192326
-191784
-190812
-173944
-173853
-171978
-166496
-163586
-162403
-156330
-154959
-148980
-138741
-138125
-129010
-127737
-122045
-120218
-111215
-109802
-101248
-95051
-90388
-84949
-84543
-84100
-82041
-78692
-77782
-77526
-74087
-73498
-72429
-70513
-66474
-63212
-60016
-55200
-54681
-52897
-52754
-52512
-51538
-47486
-45689
-43212
-41384
-35700
-32615
-32047
-29081
-26108
-24974
-24213
-22916
-20513
-17739
-13654
-12620
-5489
-3493
-413
1781
2644
3563
6560
10630
22133
25365
27557
28842
33017
39864
43444
44441
44514
50520
51136
55690
57103
75034
75059
76568
81888
86412
86569
88219
92697
106237
107715
108532
109224
110447
112129
116599
128287
129479
137154
138251
138837
140328
146644
153376
157096
159972
161056
170531
172458
173314
180888
184320
185009
187162
188195
188663
191416
195312
195604
199650
199937
202002
203228
227917
229133
234084
236904
238035
255159
257498
260417
261801
270078
273677
278873
284348
286841
287618
294925
295211
301610
305578
309153
315798
324000
324286
328276
328457
331853
332160
334336
338676
343955
347885
352516
356571
361754
369140
371049
376868
380024
382930
385299
386121
387399
393108
396417
399704
399964
401383
410625
411712
413203
423781
427972
430911
431255
441222
441858
445420
449492
456776
457710
458296
461780
465280
467858
473004
479118
482826
488003
490679
499725
511284
512839
520834
520856
523478
523533
524625
528194
529267
530709
532212
535136
535717
544777
548031
553436
555586
556470
575046
579684
584811
591976
596421
601592
603522
609824
623001
623847
627972
630670
643692
644582
649538
651234
652035
661400
662899
681144
682509
690776
691969
696878
719437
726883
727471
732358
735608
736442
737456
739272
743643
746287
746633
747255
751905
756254
761692
763367
763945
770546
771199
772086
777090
784547
788068
789054
789824
794727
810011
814227
817039
818438
818790
847363
847369
848203
866491
867780
869036
870608
871786
877560
878796
886580
889656
896768
896886
899775
902428
910297
911408
911497
911908
916331
918868
918889
919432
919914
923021
925888
935349
939036
948679
948932
949345
951931
956686
957257
958034
963583
963804
968076
971830
979906
981442
984082
990117
999092
1002216
1004879
1006324
1012435
1013555
1015828
1018955
1019986
1020241
1029007
1036052
1036598
1037248
1039841
1043016
1043750
1055133
1065859
1066633
1068228
1071310
1078852
1083830
1084031
1092511
1093881
1097230
1101081
1106091
1111247
1116039
1116695
1120104
1120839
1130733
1142414
1147243
1150053
1151331
1152083
1164039
1164600
1165040
1166818
1172290
1175845
1177674
1179150
1179979
1185115
1187202
1188030
1188096
1201314
1201349
1201547
1201662
1202276
1203805
1204992
1210425
1211948
1212198
1214352
1215339
1222154
1227967
1228039
1228149
1234740
1235673
1236809
1239759
1247802
1256608
1263846
1264262
1266804
1270123
1274709
1275634
1284154
1304690
1304811
1307244
1308196
1308891
1309768
1320468
1325168
1327945
1329588
1336711
1337034
1341775
1345266
1356614
1359020
1361906
1362515
1363383
1367729
1373729
1383868
1385707
1389690
1398742
1402310
1403334
1406639
1407793
1413309
1413684
1416362
1427658
1430701
1432094
1438759
1442469
1442839
1445723
1448100
1457924
1458615
1463135
1472272
1474178
1474302
1475370
1478412
1480730
1481943
1482374
1483072
1484626
1491496
1492462
1495616
1496526
1504917
1509889
1510523
1522526
1525015
1525349
1528095
1537089
1547422
1552686
1556509
1557547
1559967
1561795
1577060
1577590
1579006
1579102
1580530
1584568
1586243
1586408
1591129
1596495
1604352
1617399
1625065
1625266
1628542
1630257
1636371
1640951
1641158
1644826
1645135
1646990
1651611
1652306
1652931
1656054
1656400
1657144
1660303
1664702
1667037
1667224
1668783
1669604
1690637
1691488
1693015
1699135
1707531
1708587
1712093
1723078
1726996
1730535
1741550
1743057
1750065
1750806
1750969
1752766
1757006
1761828
1767569
1770130
1771644
1779761
1786334
1792338
1803241
1809263
1817480
1821441
1825089
1825462
1831755
1833241
1837678
1838807
1840551
1844590
1844823
1849198
1849429
1862798
1867881
1869485
1875301
1875959
1876509
1879565
1885613
1887570
1888684
1895634
1900216
1901442
1905960
1913028
1915159
1925187
1925229
1927830
1946419
1953663
1954374
1955074
1963776
1968097
1968911
1973434
1975836
1978352
1980174
1983409
1986538
1989813
1990971
1998226
