-1994649
-1987476
-1975213
-1972425
-1967936
-1961807
-1956882
-1950800
-1948269
-1936215
-1935238
-1931575
-1930162
-1928694
-1928509
-1922698
-1919807
-1915005
-1910384
-1909261
-1902207
-1901046
-1896641
-1894775
-1893658
-1872945
-1870335
-1858446
-1857183
-1855309
-1854285
-1852286
-1846003
-1842900
-1842711
-1838527
-1828003
-1824316
-1818714
-1816856
-1813270
-1809588
-1806553
-1798457
-1796225
-1794984
-1790634
-1782812
-1777003
-1773831
-1765215
-1764625
-1762096
-1757742
-1757338
-1753411
-1753168
-1744515
-1742899
-1741086
-1739258
-1732955
-1730991
-1726974
-1716025
-1709969
-1706580
-1704048
-1697143
-1691568
-1688000
-1682600
-1680409
-1678781
-1675379
-1661733
-1661066
-1653252
-1652326
-1651272
-1643046
-1640530
-1639651
-1639288
-1637938
-1634952
-1631442
-1628913
-1628887
-1615746
-1614887
-1611631
-1604664
-1601410
-1594765
-1594065
-1592086
-1582142
-1575608
-1572379
-1568070
-1565208
-1563670
-1561361
-1558889
-1558877
-1556751
-1549084
-1548554
-1548083
-1541376
-1540989
-1537951
-1522303
-1520011
-1504717
-1503751
-1502006
-1499057
-1490051
-1484470
-1484169
-1480382
-1479750
-1479554
-1478377
-1472375
-1466432
-1456836
-1455615
-1455577
-1455513
-1451218
-1449019
-1444643
-1441274
-1433736
-1433434
-1431923
-1429031
-1414555
-1407107
-1403284
-1402180
-1395649
-1393256
-1392728
-1387299
-1382640
-1377511
-1370027
-1369755
-1359948
-1352368
-1350128
-1348622
-1336008
-1335843
-1335085
-1333157
-1327341
-1320503
-1315425
-1315119
-1314837
-1310619
-1307083
-1306946
-1294093
-1291091
-1281084
-1280525
-1279581
-1274351
-1269382
-1268077
-1248136
-1245312
-1236515
-1232863
-1227516
-1224758
-1221104
-1217463
-1204552
-1199720
-1198287
-1196875
-1194100
-1188729
-1187286
-1184581
-1183617
-1182169
-1182159
-1169244
-1164346
-1162109
-1158649
-1156234
-1151977
-1141321
-1140850
-1121026
-1120981
-1119013
-1117728
-1111279
-1109198
-1106160
-1100372
-1094267
-1092812
-1091961
-1091621
-1082945
-1082280
-1081368
-1080478
-1079028
-1075409
-1072175
-1066774
-1057907
-1054335
-1048991
-1046413
-1044180
-1039943
-1039284
-1039093
-1036348
-1027719
-1027074
-1023615
-1020684
-1019840
-1014419
-1006998
-1006475
-999403
-981707
-980938
-979699
-977593
-976614
-975578
-975485
-973153
-968397
-968170
-968078
-967462
-963221
-960303
-945321
-943994
-938156
-936941
-935658
-931762
-929694
-924703
-919190
-919188
-911068
-906416
-906177
-896623
-895905
-894946
-894626
-893676
-893616
-893152
-892019
-887507
-879217
-874146
-871677
-863217
-855966
-852180
-842652
-840724
-833205
-828661
-827005
-825472
-824312
-822488
-821438
-816947
-816216
-801794
-787607
-786388
-783650
-782666
-778876
-766236
-760507
-753970
-750838
-750013
-749158
-745621
-742637
-740394
-733520
-728824
-726813
-724151
-713721
-695180
-688235
-687469
-685427
-683480
-682951
-670391
-667878
-664564
-664266
-663866
-660750
-658289
-653853
-647265
-646233
-642309
-641485
-640169
-634558
-632021
-627741
-622830
-621809
-615383
-614931
-614452
-608331
-605443
-602904
-602600
-600071
-592313
-591022
-589641
-584975
-575189
-569900
-569764
-566088
-565743
-560964
-560730
-559655
-550103
-542382
-542262
-533337
-530009
-527338
-527254
-524846
-523603
-522862
-510938
-503194
-502542
-498472
-496609
-494881
-486716
-480763
-478313
-475221
-474545
-467747
-466500
-457104
-453358
-452884
-451332
-444284
-439788
-425849
-423757
-419675
-418480
-392785
-392380
-391158
-380800
-373119
-368115
-366087
-365142
-355482
-354401
-352808
-349740
-342729
-341978
-341923
-339940
-338002
-337701
-335928
-330935
-325791
-319693
-318562
-315420
-315368
-305723
-304281
-303620
-301506
-296859
-294170
-292996
-286143
-281991
-272412
-271589
-269492
-268000
-249678
-249484
-247510
-239233
-237570
-230736
-225504
-225356
-217566
-200966
-199638
-196527
-194584
-193132
-188273
-187070
-177154
-175141
-174676
-172250
-158106
-154864
-153447
-151758
-151737
-149634
-140519
-139173
-137344
-136467
-134588
-115255
-111637
-109801
-106724
-105007
-103474
-103040
-86006
-83007
-79692
-71941
-69828
-63676
-58898
-56419
-55452
-48151
-43087
-41708
-37032
-36511
-34011
-30969
-28104
-24142
-19783
-17553
-11851
-10832
-56
670
1174
6446
9767
10904
21246
21413
21843
21950
26434
28067
31557
31948
39203
41266
43457
44811
49389
51970
58672
69753
70058
76272
79108
85010
86029
86830
87715
102100
117525
118030
118070
118250
122162
124356
131037
133847
135314
136172
137545
138141
140314
140881
143164
146244
150466
152858
159180
159232
160535
167801
169712
170920
179651
186620
187486
191356
194713
195168
198426
207837
218218
224066
225384
225860
230664
236133
236867
239739
247631
254692
257683
258072
264448
271111
271632
276758
279228
280787
290999
292476
293606
302708
304289
309108
310736
320607
321218
321369
331386
331744
334937
335978
338552
338615
340606
349022
351098
360527
371477
377280
396797
397976
399108
403670
405148
410068
410917
414641
414659
419020
419507
420270
422404
429213
430539
431346
433135
449261
449312
449788
453654
458340
466063
467636
479701
482668
484588
491523
508121
511534
521392
524462
524935
528250
542611
546108
548798
551799
551875
552993
553226
554620
561795
569060
570633
578468
583158
590540
594162
600989
606380
608012
608930
611314
614693
619645
621826
625957
631645
632888
637072
637689
642845
647987
648942
650953
653831
656842
657820
657989
668141
670766
675884
681230
684096
687462
694505
695600
698779
703122
705565
708064
708487
714461
716527
719872
720931
722836
727853
730111
739944
740486
745551
749465
759210
760169
774844
775446
776163
787803
790434
796706
799521
800988
801248
802012
803207
807551
811354
813708
817016
824112
825407
837000
839231
840844
842404
848298
850348
851139
851631
854761
858747
860965
869648
881181
882371
882735
889052
892269
893490
893880
898119
900608
907253
908018
911651
913080
929673
937665
942517
946665
956359
959101
965427
968908
970433
974925
980148
983193
983997
990440
991392
992269
995087
995448
995600
997370
997555
998047
1013327
1022191
1024939
1031106
1031531
1033431
1036661
1049003
1050504
1055311
1056575
1060246
1068242
1068299
1070374
1075456
1095005
1095757
1099968
1101515
1107515
1109133
1109895
1110532
1128269
1131913
1134555
1141274
1143976
1146072
1152745
1154773
1160899
1162479
1167042
1168771
1172169
1175869
1182417
1183532
1189485
1196298
1202330
1203512
1211932
1213563
1219280
1227722
1227758
1230697
1231182
1233857
1239007
1241929
1248764
1249838
1252139
1252681
1257803
1265240
1268585
1269432
1283956
1285964
1288434
1288764
1298221
1303887
1308597
1312465
1321068
1330173
1331868
1333848
1334562
1336473
1337837
1344046
1347793
1350758
1356160
1358448
1370881
1375587
1376986
1379115
1381740
1381883
1382033
1383436
1386505
1391573
1397004
1398280
1399480
1401429
1401506
1402138
1411750
1415040
1417424
1417592
1421855
1429759
1433927
1434246
1437529
1448869
1451029
1452760
1453949
1455989
1467692
1470361
1476406
1477227
1477360
1481794
1482387
1483518
1486574
1486655
1490081
1490474
1491135
1492781
1494343
1496447
1497299
1501220
1512544
1512617
1515983
1516334
1519621
1523145
1527742
1528056
1547393
1554531
1559800
1563209
1567031
1571236
1581755
1582340
1603842
1606766
1610089
1610717
1612120
1612718
1617756
1621449
1627622
1632008
1632289
1632848
1636894
1639004
1646367
1652989
1655563
1655983
1661680
1663662
1672133
1672425
1682376
1684951
1684968
1686769
1689037
1689344
1694965
1704365
1705691
1711227
1720054
1724630
1730723
1733237
1734284
1737617
1751764
1756335
1760751
1764280
1771110
1775208
1776586
1777230
1781225
1782051
1782207
1786934
1790173
1791205
1792526
1793485
1804074
1813032
1813996
1816778
1817979
1822902
1829636
1840162
1841783
1842350
1843420
1843491
1843555
1844590
1845813
1852034
1853094
1864915
1866093
1884914
1886244
1887061
1887422
1888157
1891497
1893287
1901432
1905423
1912699
1914998
1916305
1922091
1923879
1925826
1936787
1937211
1951146
1951216
1954310
1959510
1965630
1968164
1970220
1982384
1984254
1985163
1986064
1987375
1997539
