-1999670
-1997324
-1996873
-1993696
-1982506
-1974690
-1967951
-1963084
-1956040
-1952776
-1951807
-1949038
-1940076
-1938258
-1937918
-1936402
-1934236
-1933012
-1932312
-1930987
-1924645
-1923287
-1920406
-1918275
-1908898
-1897957
-1884254
-1870972
-1868954
-1867315
-1866479
-1866291
-1863286
-1854409
-1853886
-1852558
-1847738
-1841639
-1840042
-1827899
-1826454
-1823205
-1818814
-1814506
-1805354
-1798864
-1793239
-1790858
-1779215
-1778026
-1774975
-1770313
-1760961
-1760194
-1758602
-1751636
-1750836
-1745180
-1740874
-1732994
-1731575
-1726255
-1722039
-1716284
-1710241
-1707946
-1695367
-1693003
-1692302
-1687942
-1684999
-1682087
-1671848
-1671572
-1667785
-1666017
-1665382
-1657309
-1651245
-1650749
-1648844
-1647940
-1644108
-1644008
-1641764
-1638954
-1638680
-1634331
-1630842
-1623464
-1622855
-1615650
-1613145
-1609139
-1605359
-1604800
-1597642
-1590252
-1589482
-1588636
-1586914
-1582914
-1575648
-1574985
-1571909
-1571611
-1569489
-1566430
-1561781
-1558752
-1557226
-1539535
-1535647
-1532582
-1527149
-1525244
-1520122
-1514508
-1505520
-1498255
-1495110
-1494912
-1485087
-1484995
-1483391
-1481715
-1481016
-1479758
-1479055
-1478222
-1472240
-1464676
-1462212
-1457533
-1453839
-1453317
-1452991
-1451180
-1449997
-1434976
-1434435
-1432894
-1413902
-1412107
-1407893
-1403708
-1396262
-1387776
-1382197
-1380879
-1379410
-1378468
-1365778
-1364790
-1359422
-1351956
-1346722
-1344946
-1343097
-1340411
-1335419
-1330569
-1322799
-1322192
-1321755
-1314764
-1314021
-1308225
-1305201
-1304651
-1304426
-1299558
-1298506
-1296629
-1296384
-1288538
-1284911
-1281449
-1275750
-1265598
-1258014
-1258014
-1257829
-1244417
-1243797
-1243038
-1241942
-1239610
-1238684
-1228231
-1228199
-1226370
-1221332
-1220264
-1218870
-1210233
-1209527
-1206934
-1199714
-1197863
-1191535
-1185902
-1185226
-1178431
-1172564
-1170845
-1167886
-1152320
-1151452
-1143264
-1136786
-1133144
-1122540
-1120856
-1120016
-1118984
-1115540
-1112749
-1112671
-1108150
-1103765
-1100253
-1100111
-1100020
-1089602
-1085654
-1084690
-1078995
-1066606
-1055044
-1052119
-1047300
-1039270
-1038729
-1036851
-1036468
-1035759
-1034292
-1027399
-1027082
-1018510
-1009211
-1007062
-1002321
-1001136
-1001023
-992613
-990377
-983845
-983262
-979875
-978536
-960206
-955909
-953146
-952087
-952028
-949675
-948504
-944880
-943980
-923046
-916298
-912524
-912379
-904268
-903551
-902938
-899842
-892238
-891281
-887396
-886553
-886365
-885915
-875485
-867222
-866646
-866177
-864913
-864883
-859588
-854842
-849722
-847714
-843762
-835029
-831995
-830548
-822266
-816925
-812278
-809487
-805888
-804050
-803648
-802551
-800175
-795821
-795494
-787121
-785959
-785785
-782358
-780378
-780285
-779279
-766414
-762710
-754091
-750887
-749772
-747523
-745256
-739127
-737977
-733858
-728932
-720744
-719304
-717291
-714595
-710152
-704757
-698946
-691295
-689241
-687872
-687732
-685300
-683658
-682012
-681276
-673471
-672462
-665936
-660896
-648787
-644508
-643471
-640854
-638225
-634039
-633110
-631473
-631347
-627749
-615552
-615096
-605408
-591804
-591039
-589415
-587311
-578312
-576489
-570601
-570542
-558037
-556823
-556387
-551431
-551360
-550559
-546164
-537787
-535043
-533159
-533004
-531200
-523464
-519851
-516446
-515757
-505129
-504369
-502848
-496329
-495823
-495764
-492483
-488674
-484370
-484020
-479208
-475245
-473793
-473591
-471529
-458370
-456749
-454910
-453623
-433285
-428894
-428550
-426893
-423338
-422476
-418948
-416350
-414555
-410471
-410229
-407241
-397824
-396165
-395991
-390783
-376501
-373702
-368613
-364064
-360616
-355540
-355106
-346055
-343862
-336518
-327534
-324330
-320798
-319890
-317361
-315199
-314861
-303574
-296130
-283811
-280713
-275542
-274677
-274639
-270279
-267126
-265665
-262620
-262215
-251889
-246218
-243975
-240999
-240180
-230837
-230325
-230043
-225864
-221315
-220197
-219962
-219818
-219783
-219269
-213025
-205931
-204353
-202052
-200525
-190846
-190734
-184356
-179206
-175382
-173059
-157511
-153240
-149967
-144793
-136647
-136388
-128056
-125668
-116993
-115716
-106970
-105958
-105074
-104219
-103500
-99002
-96414
-93386
-85592
-83794
-80099
-76238
-74805
-62263
-57317
-52001
-51540
-48469
-39157
-27855
-25256
-15747
-9759
-5774
-3748
-973
3740
4757
7258
7946
8187
11800
12475
12659
14809
16850
20756
21840
29679
30555
31644
36418
43124
48457
51494
58300
59753
64708
68896
69236
70646
74687
76202
79904
84958
91526
91722
104040
109714
110368
113139
114515
117773
122554
125426
128731
135244
135635
136785
142318
161647
162262
173707
174991
178165
181425
183463
183898
186115
186632
186878
190754
198210
200919
208017
213134
213139
214896
215737
216105
222021
224218
225595
226613
227450
229076
240640
243178
244834
245170
248012
250990
254114
254337
260998
269918
274879
277250
278586
278590
278807
282979
284483
293952
298801
303363
312084
313393
313758
329165
337724
346188
346741
349049
349768
360274
376644
386537
393859
402243
403585
406365
413843
428213
437427
441301
446040
452749
454521
462688
468277
470612
478003
484101
496054
496249
499069
502851
513613
515422
517769
526938
527998
532735
534517
536217
540379
552839
554202
554455
555646
570175
574697
580185
592113
596576
601241
601662
603884
617591
625105
628267
628834
631955
631976
634014
638346
652115
652723
653224
653509
656663
682737
691987
693002
695601
702561
709813
713751
722328
723567
733233
733933
734226
736317
751650
752617
758983
761692
764189
766489
767771
768595
769385
773469
780266
787158
787298
788172
792342
793681
794068
794704
795937
800036
802734
808389
811030
812579
816797
829441
836779
841691
846077
851671
854969
862770
877672
880686
882398
883482
883952
886170
890283
890671
891882
905923
919998
926205
937251
945698
946569
946594
946769
948503
953952
959034
965875
967905
969118
971636
977763
979489
979935
982583
983508
985627
987300
996796
998515
1001409
1001431
1010955
1011036
1011622
1017068
1024793
1030625
1031761
1033095
1037593
1039347
1040738
1046330
1055965
1067374
1068398
1071537
1073057
1073728
1076845
1077898
1079212
1083127
1088270
1099175
1100353
1108986
1125695
1132901
1132992
1134772
1138031
1138255
1139969
1145235
1145991
1150545
1150622
1150741
1153805
1158103
1159577
1166078
1169261
1176957
1189432
1191403
1192839
1204416
1205642
1217307
1220786
1225331
1228209
1230960
1234799
1238459
1245294
1246198
1258029
1264297
1278486
1279243
1284935
1290925
1292202
1301294
1301333
1301916
1303543
1313887
1314264
1321590
1321724
1324813
1327357
1335429
1336040
1339553
1342877
1345817
1345897
1349078
1353589
1354258
1365172
1367531
1369421
1371956
1379107
1384253
1389625
1390864
1392622
1393412
1393677
1397186
1397695
1412333
1417588
1421592
1422753
1424207
1428309
1432778
1434907
1437626
1444389
1445253
1449982
1451304
1453640
1457674
1462082
1462301
1466206
1470918
1473649
1474748
1477963
1479807
1484217
1487906
1488271
1488307
1493095
1494297
1496409
1498653
1500167
1504234
1504398
1504591
1506109
1509595
1514480
1522482
1523923
1528672
1529192
1529656
1531499
1539150
1549965
1553283
1553796
1554037
1555815
1556765
1559368
1561373
1569099
1580053
1581665
1585264
1586931
1597052
1600138
1616456
1617418
1620763
1622822
1626425
1636687
1638819
1640794
1641995
1644402
1652463
1656415
1659825
1661267
1670841
1674057
1679504
1681386
1686403
1686694
1686976
1693656
1694114
1697426
1698268
1704302
1707756
1716917
1725728
1726732
1728853
1732710
1733287
1740902
1742812
1745304
1745586
1747981
1750343
1754983
1757257
1760776
1763884
1768899
1772212
1774270
1778925
1781675
1781708
1781758
1784453
1784741
1786727
1789977
1796818
1797682
1798452
1799823
1808435
1813204
1817787
1833788
1838579
1840538
1841124
1841229
1843072
1844785
1860087
1863259
1864671
1868390
1870527
1874734
1874860
1877738
1881981
1882284
1884751
1894440
1900494
1902364
1905503
1905723
1910450
1911050
1914510
1915428
1915488
1924198
1929925
1931805
1935240
1935881
1939940
1942856
1944501
1945933
1963316
1968392
1969153
1971184
1975641
1979813
1984058
1988343
1995267
