-1998975
-1996465
-1996305
-1993239
-1987077
-1979348
-1977717
-1977223
-1974243
-1974032
-1958848
-1958699
-1954931
-1953863
-1950501
-1945066
-1944101
-1929527
-1929174
-1923946
-1920658
-1919673
-1917203
-1915282
-1906750
-1905605
-1904877
-1904786
-1900955
-1894574
-1877560
-1875809
-1872393
-1872369
-1871785
-1870999
-1867183
-1866141
-1865095
-1858989
-1856952
-1855606
-1851036
-1846722
-1844096
-1838115
-1836659
-1831362
-1823852
-1819591
-1816817
-1815103
-1811344
-1807100
-1806773
-1806277
-1791979
-1783175
-1782768
-1778968
-1763996
-1748930
-1747561
-1740897
-1738808
-1734634
-1728041
-1727763
-1725765
-1725462
-1724376
-1723765
-1722449
-1715744
-1715074
-1711590
-1697998
-1691262
-1671219
-1666101
-1665468
-1658550
-1652723
-1649958
-1649404
-1648234
-1635089
-1631799
-1624919
-1619693
-1618716
-1617369
-1616654
-1609193
-1608490
-1607671
-1607627
-1602097
-1601261
-1591546
-1590401
-1585721
-1584830
-1582793
-1581934
-1581403
-1576258
-1569199
-1568772
-1568684
-1560439
-1557487
-1555046
-1548514
-1541276
-1536210
-1534337
-1523794
-1520917
-1519581
-1509047
-1508286
-1504041
-1503540
-1499481
-1499033
-1497366
-1495071
-1494508
-1492860
-1491591
-1467365
-1467184
-1466089
-1463835
-1463568
-1455115
-1454442
-1452590
-1451878
-1451209
-1446612
-1445487
-1442074
-1441825
-1440740
-1436416
-1436131
-1432513
-1431445
-1414183
-1407107
-1395251
-1391485
-1389926
-1389546
-1387517
-1377850
-1375952
-1375883
-1374991
-1374749
-1361220
-1348492
-1342413
-1336011
-1335834
-1331966
-1322213
-1317108
-1315106
-1313230
-1306903
-1298807
-1295033
-1293480
-1291275
-1290646
-1288327
-1286964
-1283777
-1274724
-1273230
-1263690
-1259483
-1259057
-1250718
-1245741
-1242386
-1240945
-1240882
-1239154
-1228670
-1227548
-1225475
-1225043
-1218541
-1218384
-1200977
-1197709
-1194099
-1192754
-1188247
-1187067
-1178443
-1171938
-1162674
-1162561
-1155097
-1153646
-1151338
-1138875
-1137100
-1133234
-1126254
-1120474
-1119313
-1110461
-1110314
-1105291
-1095165
-1093074
-1089380
-1079590
-1078300
-1071054
-1068070
-1066990
-1066771
-1059120
-1052592
-1052496
-1047639
-1047083
-1043998
-1041675
-1029931
-1025714
-1023604
-1016466
-1016182
-1001565
-1001370
-1000966
-1000055
-999940
-995420
-986364
-984533
-984354
-982069
-981079
-975011
-971450
-968857
-957629
-953613
-953019
-951409
-949059
-948622
-944390
-943895
-942243
-933081
-931207
-931173
-929315
-920116
-917694
-916516
-915286
-909482
-908785
-904265
-903207
-902837
-897324
-896626
-863984
-859590
-856322
-846399
-840099
-838002
-834586
-821520
-817498
-812925
-812698
-808632
-796065
-795534
-793084
-790968
-782300
-777902
-776804
-773458
-773149
-765574
-764168
-761965
-755615
-748727
-747312
-731660
-728317
-728076
-709569
-701604
-699086
-698146
-696998
-694854
-694847
-692202
-690657
-688326
-686969
-681462
-680187
-675473
-673655
-670905
-668641
-664695
-663470
-656826
-654044
-652105
-649046
-645941
-642392
-640782
-639640
-638057
-631089
-628309
-624330
-617909
-614690
-602474
-602210
-598395
-597304
-595809
-593266
-593041
-591742
-586326
-582734
-578457
-563627
-562135
-561421
-559647
-552203
-551045
-544093
-543144
-542763
-541831
-539181
-534179
-530406
-523678
-522753
-522122
-518965
-518762
-516496
-516425
-513244
-508477
-502647
-498755
-493908
-491508
-487076
-475915
-472873
-472271
-464845
-461552
-457122
-456073
-452696
-448619
-439001
-434101
-432724
-431766
-431035
-430794
-418414
-408195
-407655
-405307
-386037
-385043
-383101
-383067
-373122
-366545
-364937
-361393
-355768
-345289
-343071
-340399
-339713
-339475
-336248
-331839
-323439
-318915
-317742
-314183
-311148
-307248
-299112
-298660
-292317
-278403
-278271
-275619
-274106
-274051
-270796
-269793
-257973
-248631
-244901
-240518
-240515
-238041
-237548
-234606
-230834
-227740
-224788
-221818
-220404
-210946
-209980
-207393
-196676
-190293
-183319
-181011
-170342
-164957
-164113
-161684
-154194
-153526
-149482
-146576
-146435
-145344
-145106
-144015
-143411
-142671
-136529
-136273
-130213
-130198
-119638
-117046
-109259
-99465
-94294
-93941
-91984
-90944
-88544
-87070
-80570
-79551
-78757
-77614
-75396
-69506
-69251
-67721
-67641
-67549
-66806
-66591
-61768
-47402
-43253
-30286
-21532
-19278
-15861
-14155
-11973
-7251
-2521
1484
2293
7313
13053
20864
30785
32486
35629
38831
39625
41293
41524
45905
48753
53173
58346
60699
63969
69578
72542
76021
76733
77131
86198
92510
94589
97209
98213
105028
108101
115485
116696
118461
122951
123253
124892
134876
138005
141770
142093
145333
149741
153497
159789
165308
166961
173522
195830
196971
205242
215883
220731
221808
224094
224391
235234
238814
240388
244782
245210
251228
252780
253345
254548
257522
262858
266694
267845
268367
273156
279152
282110
286583
289743
296525
298765
301468
303852
313061
315115
327911
330694
351932
355384
357439
362624
363320
363546
365606
366115
367356
367686
377469
389695
391372
405771
412421
423475
424039
425471
426409
427856
430834
433965
436693
437392
438079
438810
466341
480692
486316
487534
491906
495059
497492
501707
502717
502784
509615
511764
516285
519720
520050
521492
529711
545089
548487
552478
557207
561111
561115
561484
563279
564697
570540
570767
574715
580357
584063
585550
588157
588638
600178
600924
603790
611096
613924
619062
619525
621658
622987
625979
627701
632924
635634
643926
645204
646160
646914
651080
655625
655797
656922
663710
663722
665361
668298
674295
676098
679692
679907
684890
685358
687231
688682
689834
690213
693893
695267
701046
705385
711308
712381
714450
717924
718287
721372
722742
723917
729403
729785
730019
731741
738889
740309
741180
742209
747313
752465
754430
770318
774405
783173
787961
793271
806160
807761
807870
810301
822437
827160
833709
834068
834826
836388
836762
844287
853023
866506
874717
881472
881858
884552
892345
892669
895990
897854
909816
913745
918743
918897
920322
932583
933211
937255
943936
950487
953031
958814
958909
965992
970243
978110
978804
979794
980532
992584
997276
999589
999995
1001353
1001420
1001442
1002426
1007344
1012397
1015524
1025395
1032517
1047822
1048799
1050270
1050808
1067344
1082609
1088836
1097933
1102324
1102869
1124242
1125102
1125891
1127500
1129426
1140321
1144001
1152827
1158825
1169000
1176272
1181953
1182365
1183762
1190767
1191435
1202740
1205462
1205465
1212098
1212949
1219107
1220901
1225952
1234126
1236105
1244117
1246040
1251466
1269794
1270151
1274434
1275753
1281981
1285160
1285709
1285802
1289605
1290414
1291984
1294555
1297055
1310087
1310591
1310945
1321178
1340860
1354459
1354933
1364218
1368803
1374576
1379324
1383199
1383920
1384172
1386473
1395378
1405970
1407116
1411789
1422694
1422915
1424633
1426522
1428832
1431944
1435418
1436266
1447090
1447348
1448751
1451200
1451210
1453018
1454920
1458540
1470826
1473228
1476750
1477299
1489410
1489780
1497803
1500583
1506861
1515342
1517608
1520885
1520922
1527044
1528429
1531117
1533677
1534073
1535051
1539328
1542908
1544953
1548514
1555418
1559324
1561168
1561923
1563381
1569248
1574505
1581324
1587455
1595274
1605081
1615068
1615924
1616570
1617526
1619600
1627897
1630201
1631309
1631875
1632043
1632186
1639887
1644705
1650585
1653794
1654736
1657544
1662170
1665981
1670299
1678385
1678741
1679370
1680633
1682613
1684938
1685563
1688545
1688759
1689542
1689590
1690398
1691609
1692953
1694248
1696825
1702567
1707365
1709633
1713710
1716919
1717851
1722679
1726210
1726251
1727096
1727152
1732059
1739995
1745519
1746552
1746989
1748662
1753088
1758608
1762489
1763260
1777423
1778522
1779226
1781311
1782902
1784127
1784354
1787127
1796625
1797435
1800999
1803157
1806891
1809390
1814934
1816742
1819194
1819589
1827536
1835440
1838575
1850566
1860017
1860084
1867638
1870348
1871673
1874021
1874707
1880845
1882101
1886485
1886723
1893789
1896423
1896722
1897866
1904360
1905769
1918025
1918766
1920228
1921688
1937423
1938835
1940102
1942147
1944653
1949586
1950223
1957319
1958750
1960164
1965118
1968847
1970088
1973222
1980543
1985153
1988974
1992074
