-1992776
-1991103
-1987255
-1978697
-1977202
-1976711
-1973839
-1972095
-1968440
-1964652
-1955448
-1955445
-1955164
-1952044
-1949212
-1948295
-1946512
-1946074
-1945453
-1944897
-1942306
-1941317
-1935675
-1933579
-1930855
-1929575
-1928236
-1927421
-1926256
-1923508
-1912500
-1905228
-1904770
-1890379
-1888508
-1881806
-1878484
-1871262
-1870209
-1869504
-1860045
-1858679
-1851346
-1850517
-1842258
-1838906
-1837240
-1835776
-1835366
-1832265
-1831510
-1829391
-1827342
-1823121
-1820899
-1816248
-1812537
-1808048
-1805278
-1799251
-1797260
-1793307
-1776864
-1773189
-1762009
-1762000
-1756080
-1751728
-1750574
-1748554
-1745121
-1743195
-1736527
-1735648
-1724122
-1724101
-1724024
-1722481
-1713853
-1710070
-1709811
-1694433
-1686732
-1682994
-1678812
-1667295
-1666836
-1666088
-1665910
-1660563
-1660349
-1657417
-1656504
-1655602
-1645120
-1644522
-1644180
-1638056
-1635828
-1630481
-1630145
-1628806
-1628138
-1621379
-1619903
-1606129
-1600376
-1598935
-1594432
-1592672
-1584426
-1583414
-1569576
-1569509
-1565800
-1560872
-1559188
-1554426
-1549630
-1541420
-1530797
-1528924
-1522894
-1519068
-1515848
-1510478
-1507361
-1503913
-1503875
-1499937
-1499928
-1498420
-1495174
-1493163
-1492765
-1489592
-1488934
-1484293
-1480000
-1476376
-1475017
-1474234
-1471023
-1470118
-1463574
-1457838
-1448381
-1446971
-1445512
-1433452
-1428516
-1414391
-1413917
-1407814
-1403294
-1399471
-1395686
-1394595
-1385593
-1384906
-1372800
-1372799
-1366962
-1366701
-1357181
-1350873
-1344181
-1332007
-1328805
-1324267
-1319440
-1318633
-1299516
-1297955
-1291964
-1290624
-1289176
-1285324
-1273579
-1273382
-1268942
-1264120
-1263577
-1262571
-1261962
-1261140
-1260606
-1255243
-1253873
-1253550
-1249780
-1249102
-1246743
-1246068
-1243967
-1240102
-1239984
-1237681
-1229448
-1228597
-1223860
-1222784
-1221853
-1219852
-1206874
-1206266
-1197225
-1177053
-1176390
-1176328
-1175323
-1173772
-1169899
-1166072
-1155250
-1145835
-1145533
-1140493
-1133015
-1132421
-1123012
-1118024
-1114205
-1112932
-1111030
-1110106
-1109593
-1109469
-1107038
-1105501
-1096353
-1095121
-1090937
-1088907
-1087283
-1082392
-1076921
-1075554
-1073619
-1056654
-1056342
-1049485
-1047980
-1038804
-1035877
-1034481
-1034004
-1025323
-1016608
-1011665
-1010400
-1007008
-1001991
-997968
-993411
-992324
-987997
-987710
-984902
-979699
-972357
-970096
-965500
-964200
-960172
-959441
-959265
-957799
-934376
-933899
-929068
-918653
-917082
-909665
-908330
-907232
-903853
-900170
-898927
-898777
-895033
-891108
-881469
-880622
-873776
-868626
-866823
-866125
-861237
-853182
-852152
-851737
-849006
-846699
-829500
-823400
-818625
-818249
-816971
-815584
-809480
-807131
-805482
-803610
-796677
-790869
-785737
-785306
-776510
-776038
-770169
-765409
-764756
-764318
-761514
-760364
-759006
-757647
-756973
-754290
-751934
-748767
-747997
-743275
-741584
-733719
-730156
-722208
-721027
-720521
-714059
-713304
-711914
-710488
-707447
-704365
-690988
-685450
-680321
-679875
-678104
-674359
-673622
-671203
-666738
-664702
-663441
-661932
-659429
-658910
-658575
-656013
-643440
-640776
-627713
-626750
-625964
-616826
-612651
-608184
-604485
-602802
-593284
-589677
-586893
-585124
-573869
-565059
-560342
-553865
-553317
-552000
-547640
-535094
-533402
-529661
-528683
-523187
-521958
-511834
-501557
-493137
-486227
-479376
-478240
-474360
-466412
-464946
-461104
-455008
-452950
-452913
-450676
-450185
-444909
-442705
-440263
-438112
-438032
-432975
-429483
-426410
-425630
-420428
-410086
-405386
-402926
-401750
-400964
-392586
-389479
-389411
-388979
-379780
-378046
-372397
-366576
-366007
-364433
-362462
-360641
-359281
-346393
-345719
-343761
-343070
-336293
-331175
-324866
-318217
-313792
-310729
-306255
-303036
-302608
-297109
-289615
-289561
-288347
-287030
-284432
-280454
-278942
-273640
-273462
-270772
-269597
-267499
-267172
-263557
-262640
-253120
-234384
-226945
-219908
-216461
-205205
-196878
-196012
-191245
-185810
-184254
-180927
-180841
-174848
-167351
-167235
-165443
-163341
-161986
-160207
-159576
-155284
-154330
-148423
-146681
-136603
-127818
-118980
-118737
-115516
-110496
-98215
-95989
-95684
-92423
-91985
-86041
-84982
-82816
-78054
-77200
-74308
-69379
-59193
-58918
-53142
-50939
-46166
-37323
-36337
-34834
-32541
-30125
-27681
-23208
-22360
-20418
-15577
10181
11673
12578
17167
21735
27111
44191
44270
46809
47074
51112
58937
66414
70062
72254
76442
78619
81978
85400
88210
92605
93363
93684
94688
105364
106902
107739
107974
113341
119831
120631
120963
125379
131667
132081
140999
143260
145341
149489
152757
156726
157147
158582
159645
165196
171824
173434
176577
178362
179091
183935
189903
194154
208036
210424
214223
219603
222506
222580
225155
225209
230857
240038
241292
242233
255522
258404
267979
268157
271063
271556
273918
275957
277587
277846
279144
280590
287102
287175
288996
295627
300674
303754
306470
309890
314769
316120
324100
326163
326310
327090
329279
335290
339516
342408
348471
353804
358080
361187
370229
375812
378844
381804
390525
396346
402787
402897
406586
411458
413063
418545
431609
431648
431736
433073
438433
449662
449829
458428
460170
463102
465859
471645
475075
475474
477952
479409
480710
485252
488715
502128
517847
518665
521319
527832
528390
540225
540339
546695
551503
555178
559718
568705
573922
575821
577909
589096
593494
596210
597212
598374
599147
600554
603495
607065
620395
623290
626406
626874
638068
646238
649827
651883
653945
654575
661694
666145
666663
668038
675204
678878
684515
698092
704369
706005
713859
715452
715983
720767
721642
732936
743199
743863
746868
753274
758052
758223
762171
766862
768221
769061
770662
771213
772376
776982
782839
783472
783768
792757
796274
801341
807007
808175
811582
816899
817532
824755
832823
834826
838097
842530
843548
848668
849481
856363
860355
872613
878976
884866
885978
889731
889878
890261
890425
894522
896121
907468
908672
909192
910193
910972
913716
914337
914426
915208
917250
935949
936989
940956
944462
945095
948282
948669
950056
953866
955188
958758
968961
971599
989880
992766
999233
999368
1007869
1008739
1010399
1016825
1022044
1029412
1042029
1043032
1047760
1048889
1051032
1056792
1058235
1060728
1062598
1067713
1068358
1068698
1075573
1079194
1080111
1089938
1099403
1101470
1103864
1106704
1107108
1117044
1117246
1124724
1126771
1127482
1127661
1127917
1128409
1132871
1138674
1151863
1155089
1155353
1169546
1170177
1171602
1173000
1173923
1175665
1175700
1182926
1183118
1184631
1193044
1195389
1203177
1205102
1210000
1212316
1217709
1225400
1233087
1242183
1246217
1264174
1264307
1265834
1274110
1276040
1277945
1285957
1288083
1289397
1289761
1291005
1292857
1298153
1307106
1310222
1321897
1321912
1326995
1333047
1336536
1337596
1345684
1347926
1350159
1350514
1354365
1357045
1358430
1359746
1362281
1364955
1371517
1377384
1380576
1381818
1382941
1387206
1395265
1397083
1397578
1417617
1417817
1423091
1424892
1429934
1438593
1439651
1447183
1448963
1450037
1454174
1464828
1473427
1479380
1486461
1491846
1496522
1496539
1498225
1499878
1501649
1505648
1516681
1520082
1522441
1527402
1533787
1537874
1541850
1542924
1544525
1546646
1550831
1551572
1553304
1554827
1561127
1564229
1564380
1564512
1568587
1573843
1575850
1583685
1583912
1597826
1598547
1599926
1608348
1615622
1618519
1626164
1640852
1641984
1646500
1649691
1650816
1650999
1653446
1656158
1657499
1657618
1662725
1672253
1678258
1680012
1681791
1683466
1687587
1689402
1690307
1693645
1712692
1713152
1717913
1720348
1731659
1732006
1743508
1750047
1754173
1754479
1761002
1763368
1765841
1769044
1789844
1795234
1797212
1798444
1805082
1808112
1808416
1812182
1818823
1825085
1837302
1838040
1839033
1839806
1848313
1848487
1851271
1852678
1854103
1856792
1858390
1858662
1859301
1867293
1881154
1882837
1883569
1885213
1893809
1896440
1899001
1901800
1903886
1905301
1905678
1917130
1927984
1943825
1949587
1961289
1962238
1965393
1965530
1966065
1975258
1976621
1978803
1978875
1979153
1990421
1998892
