-1990379
-1988715
-1979551
-1978829
-1978815
-1977046
-1961074
-1958129
-1956028
-1955052
-1943786
-1943557
-1942455
-1942155
-1935508
-1935503
-1935454
-1935295
-1931300
-1930493
-1927643
-1922681
-1919105
-1917946
-1908102
-1905423
-1905344
-1901254
-1898561
-1892772
-1888942
-1885314
-1877382
-1874130
-1873503
-1859223
-1852796
-1845135
-1841199
-1831731
-1830867
-1827437
-1817128
-1814532
-1813111
-1809260
-1801311
-1796328
-1793302
-1792998
-1783520
-1772220
-1770706
-1748390
-1729958
-1716926
-1708646
-1707776
-1703829
-1698413
-1697069
-1696950
-1692597
-1692088
-1691287
-1689127
-1684967
-1684085
-1665723
-1664596
-1663750
-1656618
-1651820
-1646288
-1645160
-1642134
-1637174
-1627417
-1626247
-1625606
-1623128
-1622510
-1614052
-1604568
-1600496
-1583970
-1558398
-1556190
-1554129
-1553006
-1550672
-1548368
-1547677
-1547440
-1546525
-1545630
-1538873
-1537821
-1527960
-1525006
-1518510
-1515877
-1504463
-1501986
-1500238
-1496700
-1494588
-1489727
-1481636
-1480777
-1474805
-1468839
-1462493
-1454257
-1453714
-1452809
-1450424
-1437182
-1432411
-1431322
-1431001
-1428180
-1424441
-1420738
-1416844
-1414383
-1410664
-1403375
-1400708
-1391991
-1391571
-1387714
-1382246
-1376792
-1375614
-1372428
-1367741
-1365818
-1363308
-1361808
-1361047
-1358682
-1356711
-1356607
-1351035
-1350023
-1343955
-1336979
-1328047
-1325108
-1322674
-1316120
-1313456
-1308085
-1299610
-1289854
-1287332
-1280275
-1277013
-1269884
-1263560
-1263170
-1261230
-1259375
-1258652
-1255734
-1250790
-1247444
-1237161
-1232146
-1228773
-1219332
-1214876
-1214252
-1211043
-1208526
-1204038
-1203411
-1191952
-1183218
-1179769
-1179469
-1179347
-1176402
-1164787
-1157614
-1156269
-1150367
-1149277
-1144882
-1144655
-1143887
-1141222
-1137111
-1136361
-1129572
-1128568
-1128226
-1127850
-1125833
-1117160
-1116751
-1110008
-1108735
-1105530
-1099552
-1099360
-1093942
-1091076
-1088600
-1081650
-1077474
-1075567
-1070179
-1067118
-1057658
-1054949
-1052444
-1049054
-1048136
-1046718
-1045147
-1039407
-1035881
-1033493
-1033116
-1028880
-1028085
-1025663
-1024257
-1019402
-1018093
-1015524
-1004632
-1000940
-999697
-997002
-996373
-992658
-990996
-990548
-989713
-988729
-987361
-983649
-979119
-974559
-972454
-971835
-962181
-961162
-956711
-954058
-949454
-946658
-931671
-928099
-924020
-923897
-923662
-923325
-918127
-915859
-910296
-909299
-905906
-903920
-901857
-900290
-900046
-899186
-897131
-891095
-890053
-884417
-884248
-881375
-880954
-880788
-873152
-871710
-864558
-861285
-859827
-856169
-854724
-851496
-846376
-845252
-844526
-842726
-841671
-840126
-838981
-834155
-833395
-833346
-832234
-830707
-830637
-830297
-829682
-828231
-828055
-811125
-810748
-808841
-806239
-805127
-805114
-795439
-795421
-788188
-776710
-770015
-766799
-764471
-760971
-758175
-752733
-742422
-742150
-736444
-734978
-732931
-729337
-724975
-724910
-724888
-724850
-723753
-723135
-703844
-701270
-676954
-670562
-669763
-667164
-666120
-662221
-656948
-656455
-653793
-639063
-636406
-631023
-628929
-624340
-618039
-614670
-613561
-611283
-591266
-589492
-584363
-580997
-579555
-565866
-565293
-558087
-556881
-554719
-553499
-548519
-546909
-546248
-542866
-540952
-532488
-519171
-514099
-513010
-511993
-507305
-503895
-502934
-501620
-501283
-497886
-497847
-496470
-486481
-485984
-484589
-483516
-483150
-482304
-479970
-477063
-469425
-469378
-467482
-466904
-466358
-464081
-459856
-458352
-455552
-455381
-453213
-447974
-444400
-440174
-439808
-437868
-437079
-436278
-432003
-431189
-428644
-424226
-423902
-419186
-416944
-414592
-399391
-392365
-387057
-380571
-378104
-372008
-366906
-359644
-353158
-341779
-340014
-339415
-339036
-338822
-337267
-321538
-316126
-311279
-307224
-305339
-303461
-302152
-300053
-299303
-297087
-293482
-287374
-284460
-283572
-281258
-280989
-274212
-274129
-272198
-271261
-270866
-269907
-262676
-260309
-258500
-253023
-251315
-249150
-245555
-245234
-242760
-242191
-237824
-236932
-235940
-235370
-230852
-222245
-209120
-202100
-197888
-193319
-187355
-186039
-178545
-173946
-165763
-164199
-163831
-161595
-154760
-152895
-149040
-141743
-140576
-137813
-136017
-132241
-130845
-125081
-119251
-116754
-113507
-111683
-107714
-107660
-107653
-107207
-83770
-79283
-78212
-67243
-66436
-64673
-58163
-57190
-56299
-52981
-49596
-38367
-32849
-31371
-24222
-22837
-22114
-16796
-11972
-10961
-97
756
1464
6719
7168
7340
11480
13896
18129
27415
27474
41586
55969
56631
62797
64757
68846
73754
76515
92796
93072
98243
101846
102659
103218
108658
110133
119270
119743
120327
122613
126610
132759
141457
144156
144522
145160
147911
151478
154875
155497
157656
159209
160476
164754
172509
184344
184587
193004
194395
199312
200955
204728
205976
214639
218879
222352
225147
239881
240000
240966
242559
243221
244458
246389
249385
257627
257716
263559
264076
266788
275481
276989
281831
294488
297952
298785
301960
302867
308161
308621
341320
343314
352093
363828
366891
372405
374405
376605
378172
379976
382826
383543
383681
386500
392715
394820
397631
404227
407644
413612
421332
424010
447025
450710
455978
461809
464968
476612
493101
496082
496786
502974
506913
508753
508818
522566
531402
531730
533885
534676
536414
543744
548222
549603
550746
561348
563464
564692
575545
577954
578034
580654
582164
587534
594412
599527
601894
603101
607174
608044
619964
621064
622143
623216
634776
645154
647028
654070
654272
667405
669388
673599
677766
682344
683413
683920
686761
686824
687119
687209
688944
689970
695426
697464
701557
703162
709226
710118
710646
715343
716560
718531
724881
725501
725562
742457
744178
750474
752282
759887
768399
768608
781747
785657
792017
806137
808279
809511
810427
812567
812798
819326
833171
841827
845679
845930
846650
847934
850165
852779
862820
865785
865829
875951
876057
877812
879867
880523
883279
884227
885252
886550
888801
893005
898817
905659
909872
910988
913710
914382
918641
925247
928017
935240
937896
940931
944880
948428
955037
962248
974112
977634
982720
983453
984495
985971
990913
995749
1001031
1006463
1011024
1021095
1027415
1028852
1037343
1055282
1058825
1061680
1064145
1065940
1070990
1073222
1077302
1078042
1078629
1093757
1094380
1099443
1100710
1103733
1112973
1115530
1120219
1121133
1123503
1125612
1130698
1132638
1133088
1139681
1142311
1142919
1143592
1144924
1152926
1157642
1158478
1160639
1161171
1172678
1174484
1176367
1177073
1178570
1180111
1196319
1197851
1198857
1199675
1202397
1209598
1213321
1213756
1218934
1219527
1219953
1221363
1223737
1227692
1234001
1241361
1252969
1259076
1259425
1260944
1263165
1267010
1276473
1277543
1284124
1288840
1289891
1290799
1291671
1296978
1299042
1305319
1311517
1318237
1323544
1326285
1328428
1331905
1335851
1336750
1338560
1340940
1351091
1351639
1352578
1353122
1358882
1361887
1373773
1375773
1379530
1394327
1398946
1400490
1405863
1406651
1410307
1411584
1412730
1414905
1416894
1417582
1417853
1419525
1422065
1432829
1433815
1434270
1434282
1434356
1436836
1437263
1437672
1443638
1444220
1445298
1456637
1457826
1458878
1459546
1462143
1464207
1469951
1472936
1473892
1473966
1480839
1482083
1482179
1484637
1485936
1486832
1488951
1488984
1490139
1490559
1492103
1495508
1497692
1498437
1500890
1507445
1509419
1523223
1527092
1537974
1546956
1550627
1553401
1558767
1560175
1562227
1562955
1563490
1571791
1577611
1588281
1592344
1595435
1595652
1610236
1612674
1620066
1621328
1636697
1636935
1647342
1653479
1655859
1660436
1665636
1668594
1669119
1669629
1672860
1673702
1679853
1683528
1683782
1685313
1692019
1694636
1698005
1698438
1720319
1722448
1727259
1755543
1767208
1776648
1779278
1783860
1790020
1791261
1799962
1804000
1804370
1804632
1819491
1819938
1820500
1825694
1831556
1833624
1840390
1853691
1858892
1869103
1870588
1871698
1872468
1875124
1877065
1877304
1878891
1883159
1883387
1886178
1889084
1900135
1909020
1917590
1920594
1924497
1926890
1935397
1936890
1937692
1947932
1951504
1962777
1966574
1990816
1991043
1996798
1997356
