-1994594
-1987950
-1987545
-1983431
-1982961
-1980843
-1979684
-1979534
-1978148
-1974708
-1969819
-1968439
-1965545
-1959156
-1958790
-1956888
-1952279
-1948998
-1947168
-1946680
-1941883
-1941085
-1937402
-1935982
-1928059
-1927125
-1919859
-1919094
-1916521
-1912959
-1912179
-1906695
-1905134
-1902747
-1902709
-1900344
-1884922
-1883062
-1880624
-1880323
-1874140
-1872709
-1872682
-1869701
-1862944
-1861441
-1858750
-1855872
-1851671
-1840357
-1830095
-1829483
-1828663
-1827070
-1826136
-1822295
-1822234
-1819795
-1809484
-1802080
-1800279
-1799030
-1795852
-1794971
-1792739
-1792174
-1788284
-1787309
-1785563
-1784784
-1783285
-1782819
-1781206
-1780641
-1777373
-1774247
-1767762
-1767496
-1765419
-1755224
-1750688
-1748888
-1744279
-1724620
-1724118
-1722581
-1720852
-1720222
-1714143
-1709858
-1703112
-1701918
-1690985
-1690940
-1689111
-1685177
-1680348
-1679083
-1675583
-1674458
-1673668
-1666904
-1666819
-1665520
-1663703
-1662818
-1653917
-1632051
-1626431
-1619111
-1618527
-1616164
-1612785
-1599852
-1599277
-1598261
-1597585
-1590057
-1586927
-1575795
-1573491
-1572633
-1566276
-1564977
-1561694
-1560589
-1551122
-1544167
-1538595
-1537833
-1534332
-1533358
-1528450
-1525720
-1512203
-1506922
-1501564
-1501227
-1501056
-1499329
-1478044
-1466889
-1462504
-1457792
-1450677
-1440531
-1438396
-1436540
-1425005
-1421897
-1417079
-1415726
-1415393
-1411940
-1404098
-1404047
-1389001
-1382732
-1381228
-1376548
-1372217
-1370349
-1361160
-1357257
-1333539
-1332308
-1331199
-1326000
-1325003
-1323563
-1320514
-1318686
-1308189
-1298768
-1297709
-1295103
-1289099
-1287299
-1284684
-1284442
-1280525
-1264832
-1264736
-1264576
-1262116
-1261714
-1257192
-1256220
-1254296
-1253607
-1250438
-1248996
-1244906
-1240678
-1238175
-1235599
-1232488
-1229466
-1228970
-1228251
-1228101
-1227682
-1225650
-1221902
-1220561
-1211253
-1209901
-1205501
-1205313
-1203245
-1202055
-1195244
-1186178
-1185224
-1180022
-1174968
-1174828
-1173299
-1171198
-1170841
-1167579
-1143307
-1138482
-1138480
-1134780
-1132984
-1126845
-1126286
-1125568
-1118681
-1110475
-1108805
-1108372
-1104613
-1101092
-1098585
-1097025
-1094098
-1093869
-1088612
-1087038
-1081717
-1080744
-1075392
-1074461
-1068601
-1067002
-1065516
-1064700
-1052352
-1043824
-1040592
-1036127
-1034736
-1014792
-1007640
-1005741
-1005737
-992978
-983899
-980221
-977075
-974787
-973033
-972030
-970226
-969916
-963691
-962160
-953549
-950300
-949321
-946924
-946730
-945329
-939302
-937694
-931402
-931266
-926415
-922763
-918830
-918408
-912351
-910706
-905457
-900032
-899776
-879247
-878528
-876820
-874872
-873969
-870131
-868728
-866572
-862822
-862763
-862020
-859898
-859404
-858259
-852306
-845274
-838508
-829606
-828853
-819558
-817497
-813683
-813216
-807686
-801862
-797580
-796448
-795811
-794787
-792486
-791337
-790402
-790181
-788819
-775992
-773952
-773875
-773254
-766297
-765391
-756351
-748068
-746626
-745935
-743180
-741439
-740269
-736513
-735364
-730052
-728454
-727205
-726776
-714761
-711490
-710282
-709186
-703890
-700828
-696214
-695834
-688467
-685564
-684508
-682958
-677441
-675343
-665151
-651876
-651084
-648218
-646259
-644047
-641823
-638826
-634455
-628959
-626359
-621906
-621654
-620072
-612525
-609773
-608356
-607776
-603310
-601047
-595329
-588307
-586059
-585236
-583871
-579244
-576250
-575898
-574758
-573029
-568737
-562859
-560807
-560191
-550551
-546023
-545614
-532471
-530184
-529828
-513863
-504774
-504727
-504518
-502711
-496693
-494560
-483384
-482788
-480039
-475303
-475129
-473745
-473195
-472033
-471638
-468325
-467865
-467670
-466255
-450536
-450111
-448125
-443863
-439654
-435262
-434045
-431459
-425309
-423830
-417892
-416978
-410271
-409114
-407235
-404157
-399593
-396020
-390362
-379474
-372732
-371987
-369492
-363812
-363612
-357715
-354739
-350358
-341896
-340196
-330920
-326189
-323396
-319767
-305713
-296964
-294002
-291117
-289935
-287333
-285571
-278327
-268719
-257659
-256926
-251940
-251765
-243538
-242464
-242351
-241457
-238702
-231035
-227721
-222435
-220191
-218380
-209497
-208499
-205318
-204638
-194867
-192051
-191475
-187117
-186875
-183245
-175369
-173461
-169517
-142644
-142532
-138521
-134527
-128776
-128148
-121998
-116516
-110095
-80568
-78227
-71419
-70105
-65466
-59157
-48735
-37207
-34245
-31595
-19586
-12641
-4396
5396
6038
10156
10223
10360
12105
12298
12623
14249
27103
33268
38659
41114
45520
51132
52073
55817
56302
62226
73601
75377
76264
79827
85285
93292
93981
104431
125498
131698
132920
133515
137121
139333
142956
148051
159678
164346
171982
173856
186478
198552
207119
209670
211133
214463
218140
218703
222738
228714
231183
232464
233079
235493
235908
236226
241234
244121
251344
256339
260259
270296
271620
273530
281835
286804
288210
290373
294527
296341
296464
296888
297050
297118
297988
299689
303345
304104
307387
310654
318066
323316
324963
334867
338328
340566
353257
353293
355765
356906
361996
367726
373451
380363
382778
385895
387683
391212
392365
393020
393271
398222
402346
405246
406187
413812
417521
418056
429319
430784
431755
436831
447542
447796
459084
462918
470759
472529
475592
475636
477133
478447
482394
482543
483032
494643
495657
505454
511453
516789
524065
524198
527056
531115
539670
546059
552456
556531
564498
567523
571880
576474
583857
587951
588841
593207
593896
595572
602347
602631
603229
603477
604707
605095
608604
608882
612563
617854
619362
621755
630741
643142
645356
662322
664299
666486
676538
676907
681876
681978
687292
693491
702680
707766
708237
709955
711466
713070
713865
722126
723212
731378
738622
739651
745032
747895
749961
750760
752374
757040
760613
775987
777843
779503
782897
784889
788302
788796
791148
799313
803848
805578
813723
818459
823310
838314
839007
842555
848676
852533
861239
862249
862425
870093
871138
873344
873988
874036
881197
885038
885351
888978
891954
896452
897237
898364
901838
903329
905564
907015
909623
910035
914025
914455
921741
922351
930060
933430
935772
937460
943286
944150
950846
951606
954433
954989
955910
957343
975758
978655
982869
985234
988161
997796
1000861
1007986
1013662
1019145
1028749
1030149
1035689
1036201
1041767
1042372
1042842
1043390
1050591
1055463
1057853
1062348
1064496
1067571
1076830
1082817
1085247
1090375
1091334
1093132
1094424
1097699
1106427
1108243
1111148
1111188
1114831
1121408
1122259
1134402
1140672
1140918
1141062
1142092
1143160
1149457
1156691
1164039
1164757
1164939
1177917
1180954
1187099
1188840
1196517
1200183
1215852
1227026
1231561
1241811
1242589
1243271
1244090
1245943
1250349
1253267
1266955
1277089
1280680
1286306
1296105
1297789
1299394
1304529
1305655
1311767
1316740
1323054
1326639
1331916
1334694
1335573
1340432
1344126
1347358
1350290
1354145
1354188
1356653
1356751
1369360
1386181
1386578
1388943
1390313
1391299
1402486
1406314
1409048
1412747
1414822
1417667
1420924
1421856
1431475
1433570
1437837
1442091
1444790
1453866
1461027
1462284
1462389
1462707
1463527
1465749
1475063
1481243
1489708
1491698
1493156
1493382
1497158
1502104
1503465
1504334
1510377
1510879
1514084
1516673
1518842
1522392
1523943
1526453
1531471
1532175
1537577
1549412
1561249
1561957
1565698
1567755
1575173
1576014
1578799
1584093
1588887
1595976
1597482
1602335
1602466
1605117
1611997
1615017
1621630
1622658
1623415
1624609
1633823
1638480
1641534
1648047
1657065
1661296
1674683
1677217
1681518
1682101
1686905
1690879
1696187
1706897
1708555
1709510
1709943
1713336
1716050
1718379
1718450
1720937
1724208
1724259
1727584
1729158
1740252
1745608
1746255
1747355
1751124
1752879
1753318
1759499
1760378
1760459
1761215
1771248
1773685
1775605
1777492
1784214
1785269
1792134
1793218
1795047
1795541
1800843
1801971
1802847
1804830
1810956
1813912
1814032
1814541
1814657
1822236
1829288
1833087
1840882
1843765
1846030
1852158
1863876
1868161
1870794
1883197
1888816
1901159
1906058
1907550
1920099
1924210
1926547
1930195
1932437
1940385
1943146
1943165
1950140
1958903
1959974
1959996
1964991
1967559
1980447
1988696
1994627
