-1999945
-1997017
-1995517
-1994402
-1991068
-1990474
-1988363
-1983081
-1979395
-1976581
-1965885
-1954098
-1949761
-1948317
-1944919
-1940895
-1939757
-1932345
-1923595
-1922438
-1921905
-1918103
-1917776
-1908294
-1907517
-1901849
-1900953
-1900220
-1889774
-1886902
-1884234
-1876784
-1872369
-1869127
-1862633
-1846330
-1843498
-1840558
-1839768
-1838865
-1834123
-1832221
-1827289
-1819708
-1799910
-1798888
-1781558
-1780476
-1775605
-1759262
-1757748
-1750350
-1749128
-1742210
-1740159
-1736325
-1729342
-1727196
-1726587
-1724406
-1722846
-1722621
-1720195
-1716326
-1712982
-1711054
-1704921
-1702563
-1701858
-1699435
-1699279
-1695850
-1692070
-1688310
-1687219
-1687114
-1686897
-1682803
-1681277
-1680226
-1676671
-1676264
-1664685
-1655718
-1654643
-1648893
-1648787
-1645651
-1634745
-1634046
-1625956
-1625063
-1615093
-1610163
-1607460
-1605198
-1604316
-1599868
-1590326
-1587306
-1583221
-1579701
-1578769
-1577503
-1576006
-1575775
-1574269
-1570868
-1563920
-1562544
-1561328
-1558450
-1558338
-1542575
-1536809
-1531311
-1529185
-1521178
-1519734
-1517461
-1516559
-1514871
-1510474
-1500069
-1498230
-1495875
-1490490
-1487754
-1482655
-1478545
-1478012
-1476430
-1468599
-1460991
-1459577
-1452889
-1445045
-1443173
-1442534
-1438518
-1428456
-1426556
-1425627
-1422482
-1418049
-1414428
-1408584
-1401677
-1399634
-1396889
-1390188
-1385523
-1381038
-1380201
-1378029
-1373682
-1367953
-1366216
-1362972
-1360986
-1356273
-1354032
-1351882
-1351824
-1350452
-1349815
-1349516
-1347539
-1334690
-1332943
-1326000
-1322290
-1312028
-1308288
-1306179
-1304324
-1298988
-1295417
-1294258
-1284091
-1276704
-1276560
-1271431
-1264570
-1259424
-1258042
-1257240
-1256496
-1252527
-1248161
-1246496
-1242124
-1240051
-1237154
-1233044
-1229017
-1227009
-1226062
-1221119
-1217078
-1215669
-1209687
-1207987
-1205147
-1203730
-1198279
-1193971
-1186523
-1184032
-1176666
-1175056
-1174839
-1172540
-1167800
-1160281
-1156959
-1155666
-1154281
-1150438
-1144874
-1138206
-1134292
-1132116
-1131236
-1129491
-1123394
-1116992
-1102926
-1100199
-1089376
-1087263
-1081069
-1078834
-1076455
-1075767
-1072110
-1067881
-1067110
-1067046
-1066225
-1063691
-1060990
-1058249
-1053328
-1045586
-1037039
-1033406
-1029337
-1022195
-1019423
-1015731
-1013861
-1012989
-1008277
-1002766
-1000346
-997445
-983839
-977912
-975197
-974613
-969559
-953668
-953268
-942582
-941301
-938444
-935667
-935601
-935436
-929773
-923632
-923448
-917705
-910462
-906630
-905340
-905310
-903041
-898581
-891153
-887484
-885988
-884108
-882364
-878052
-877686
-877266
-872127
-870091
-862152
-858742
-857985
-854124
-848201
-845078
-840312
-835279
-834618
-834402
-821352
-817507
-815207
-809858
-807271
-805628
-802645
-797782
-786786
-783674
-780029
-773308
-772485
-754380
-747679
-747099
-746553
-744158
-744055
-741494
-737432
-729574
-729453
-723879
-712527
-712062
-711609
-702739
-698384
-696083
-695777
-694216
-691616
-684966
-678185
-677273
-671894
-667353
-663343
-656395
-655620
-653722
-646969
-646810
-642051
-635218
-630269
-624059
-621694
-611687
-610386
-608726
-607736
-607476
-605527
-603782
-600005
-598600
-595513
-594154
-593238
-590665
-575123
-563689
-560801
-558177
-557841
-557707
-549865
-544893
-541644
-537086
-535474
-533988
-521838
-517305
-503920
-503781
-499461
-495294
-494472
-491478
-487418
-484347
-476272
-473231
-463936
-461176
-457086
-456041
-444805
-441530
-439373
-431949
-427972
-421857
-410067
-400629
-390396
-387549
-384609
-381885
-373559
-369579
-365448
-354769
-348475
-338651
-337818
-329180
-323846
-317047
-315041
-309911
-305741
-304576
-301017
-300289
-299654
-286781
-285300
-282302
-279688
-272297
-272118
-267099
-266335
-264739
-264672
-260832
-259466
-258297
-257209
-253843
-253649
-249796
-249790
-246947
-242160
-240242
-239708
-237581
-237519
-237305
-235150
-235081
-234904
-233347
-228144
-225689
-224596
-223513
-223066
-222965
-210145
-204351
-201464
-199247
-191242
-189675
-183491
-183236
-181382
-177124
-175304
-174221
-173483
-172118
-168217
-168081
-166644
-158930
-157420
-157125
-144899
-139839
-136853
-133954
-132272
-127271
-121146
-119436
-107847
-104841
-101171
-97554
-91026
-85767
-73649
-63870
-62792
-61412
-61294
-59700
-58311
-56486
-43923
-42691
-42048
-39309
-30150
-28411
-23463
-14033
-11722
-8662
-5974
4174
12925
14651
19527
22223
25196
28004
35631
36830
41800
42501
43828
49723
60320
61945
67054
69605
70434
72754
73094
75036
84442
91599
95209
98937
101023
102825
103073
108646
109497
116055
128242
129045
133903
137401
149074
149342
150555
156424
162026
168357
189360
192130
193458
197158
201762
202131
210115
212156
215550
219230
234171
236377
236635
236676
237767
241758
242209
247719
253155
257748
267164
275319
276608
276949
278103
285153
285740
292824
295419
295420
296774
300836
302964
306709
314714
315497
320932
321447
322968
329500
336754
339587
342899
344778
352748
353658
362550
366763
372003
374558
375448
375825
383124
384206
384368
385820
398713
403487
412557
419490
428441
430984
431877
435959
439967
443514
444177
444976
446063
449708
450121
464392
467866
471955
473584
474926
478947
479648
483431
485799
486256
488130
490408
496246
496275
502265
502641
504236
508148
515172
518350
519213
531020
531135
536576
541984
542267
545168
546139
546335
550761
552249
555187
572206
585403
594774
595771
603826
612922
615157
618990
620654
621177
624961
627868
636022
640094
640661
641974
658709
661827
666264
666347
668295
668916
676954
677446
684613
705313
708772
709389
709732
722486
734031
738354
744750
752288
753217
756957
757609
758779
763214
773294
775924
777197
777631
779167
779919
791920
797631
801065
806617
808289
818876
819733
819877
823738
826060
831902
833282
838223
842750
843549
844863
847520
853654
855798
859581
873522
876778
880650
882818
886477
887384
887589
888057
895215
897130
902962
908239
910881
919423
924408
925665
926494
926512
931563
936468
937899
940446
949749
950804
955306
955599
963424
966283
967272
968790
973095
974374
975813
977565
978224
981626
982869
984579
985129
986139
997213
999670
1004020
1006040
1006634
1006741
1007218
1008885
1009657
1015500
1017071
1029188
1042089
1043312
1047547
1049093
1051922
1053343
1062711
1070172
1074048
1077642
1078242
1080333
1084827
1089944
1094114
1099019
1106867
1108271
1112476
1113897
1120606
1123659
1124967
1127169
1132525
1134486
1134878
1139785
1141264
1143075
1147794
1148465
1149771
1150507
1151162
1155131
1156481
1162919
1169684
1174203
1176435
1180754
1190736
1192591
1196459
1197803
1202509
1216795
1220079
1228836
1232942
1233127
1235763
1248032
1250915
1253151
1257731
1258811
1265455
1268917
1276107
1280643
1285354
1287770
1292815
1308129
1318257
1318624
1319711
1346197
1346658
1348022
1349529
1352063
1358152
1358554
1368289
1374439
1378050
1382647
1390700
1395268
1396402
1401366
1407290
1418568
1421467
1432431
1434649
1442120
1443584
1443934
1450344
1454828
1455883
1458260
1471639
1477376
1486454
1497834
1497879
1503300
1512344
1513236
1517249
1518751
1524740
1532075
1533188
1533966
1537121
1544207
1546650
1548570
1552085
1561080
1565359
1565540
1568428
1572589
1573291
1576459
1577922
1580827
1582052
1587664
1588038
1592084
1596455
1600559
1601070
1620718
1623551
1623843
1627635
1629515
1629938
1634299
1635528
1644442
1645362
1647876
1650273
1652536
1653226
1656392
1658834
1669111
1669538
1672438
1685690
1685961
1695720
1696202
1698402
1701503
1703760
1709835
1718325
1728386
1731658
1738135
1739221
1742159
1746399
1756651
1762693
1766464
1769263
1775439
1777593
1780937
1786327
1786854
1790945
1792416
1795641
1799855
1803297
1809691
1815273
1816260
1816297
1816486
1817451
1827274
1833277
1836417
1836706
1839854
1844715
1845095
1848615
1849463
1854048
1866761
1867085
1868471
1874400
1878347
1879256
1883926
1885134
1887726
1888544
1893924
1894451
1898985
1900943
1901664
1902058
1905496
1910857
1911676
1919695
1920425
1927767
1936333
1936530
1937241
1941519
1953221
1955276
1960846
1963124
1963191
1966728
1973758
1984274
1989237
1996056
1998843
