-1991824
-1977852
-1976617
-1973776
-1972261
-1971860
-1969530
-1966319
-1960093
-1960049
-1951863
-1948043
-1940619
-1939534
-1936158
-1935787
-1934235
-1934005
-1932070
-1927908
-1925004
-1918115
-1915710
-1911664
-1905467
-1901076
-1898900
-1889527
-1888217
-1886493
-1883882
-1878387
-1871241
-1869378
-1864392
-1863887
-1859634
-1859518
-1857174
-1845990
-1841868
-1837332
-1829311
-1827106
-1818297
-1813026
-1811050
-1800500
-1793472
-1793361
-1792122
-1777954
-1777221
-1771580
-1771395
-1764354
-1762487
-1762399
-1759216
-1758841
-1756171
-1753124
-1752931
-1752544
-1751832
-1739450
-1737052
-1735258
-1722265
-1721170
-1721090
-1715045
-1712639
-1712019
-1711928
-1708688
-1704565
-1695336
-1689194
-1687954
-1682191
-1681418
-1680566
-1680391
-1679556
-1677910
-1675710
-1667440
-1664950
-1664454
-1660391
-1659866
-1657647
-1654324
-1652700
-1650849
-1649034
-1647118
-1642182
-1640497
-1640074
-1637638
-1637469
-1628459
-1626920
-1626715
-1626421
-1625068
-1623497
-1619822
-1614778
-1613266
-1612430
-1609315
-1608528
-1605404
-1603810
-1601610
-1595493
-1591452
-1586750
-1582512
-1580632
-1578769
-1576356
-1568918
-1566301
-1563968
-1559377
-1554751
-1554682
-1552259
-1552004
-1548470
-1544912
-1544777
-1544600
-1543799
-1540881
-1539936
-1534214
-1530409
-1522746
-1504561
-1503591
-1498640
-1497244
-1494263
-1484783
-1481776
-1475926
-1473821
-1469650
-1467262
-1457281
-1454226
-1451150
-1445680
-1445320
-1444390
-1444260
-1442424
-1434546
-1426105
-1416011
-1411579
-1410795
-1405112
-1400233
-1395177
-1394900
-1390462
-1388715
-1388544
-1387949
-1385077
-1384690
-1379833
-1375296
-1370925
-1363145
-1355847
-1349275
-1344817
-1344569
-1339643
-1334885
-1329716
-1326897
-1326510
-1317730
-1317225
-1311778
-1309006
-1292105
-1291709
-1287642
-1277231
-1266515
-1259867
-1248704
-1246473
-1244328
-1241319
-1240573
-1237406
-1234004
-1233008
-1220459
-1207461
-1206342
-1201729
-1200394
-1199056
-1184162
-1183133
-1176917
-1171935
-1165722
-1156555
-1155431
-1152994
-1150469
-1140927
-1137982
-1134302
-1125664
-1124184
-1103470
-1103304
-1092194
-1081380
-1080690
-1080487
-1078249
-1077129
-1076605
-1065885
-1063241
-1063050
-1051163
-1048589
-1047686
-1042804
-1042541
-1040983
-1040447
-1037546
-1013492
-1011208
-1010982
-1009908
-1007327
-1007081
-980948
-980411
-972742
-970153
-968377
-964731
-964503
-959133
-958014
-957901
-955928
-955463
-949018
-945155
-937936
-935074
-933566
-930465
-926415
-924081
-923506
-922574
-921415
-919392
-918121
-911260
-909717
-909634
-897295
-885724
-885453
-882422
-882341
-881830
-879256
-878636
-878408
-874211
-871100
-870423
-869143
-865889
-862981
-857746
-854449
-851522
-843311
-842821
-841643
-836780
-834390
-832257
-831256
-824339
-823259
-810127
-806627
-801492
-783980
-769385
-765921
-764495
-763848
-760029
-759073
-749524
-741002
-740577
-738296
-730727
-730472
-722242
-721082
-720195
-715846
-714089
-710002
-707193
-706361
-706102
-705503
-704772
-700109
-699008
-697563
-690444
-689459
-686276
-686216
-666780
-666005
-665624
-663771
-660946
-658814
-658141
-656823
-655162
-646578
-633682
-630503
-628256
-616735
-616062
-611534
-611125
-608067
-607972
-604734
-603318
-602667
-594776
-580853
-579067
-576173
-572650
-572589
-567779
-561332
-557274
-554855
-552549
-544982
-544854
-536880
-530634
-518236
-509306
-505629
-501017
-498606
-497988
-496703
-492166
-487777
-487659
-480406
-477100
-473238
-468537
-465937
-465779
-461134
-458213
-457212
-456072
-451513
-437088
-431755
-428255
-427259
-426880
-423264
-421747
-419885
-414502
-410757
-405969
-404134
-400840
-395564
-393893
-386149
-381170
-378616
-375851
-369375
-358478
-350366
-344805
-343731
-333484
-333092
-331362
-330278
-327054
-325753
-323178
-320789
-318622
-317287
-316668
-312174
-304884
-301653
-300551
-300200
-292754
-291278
-291064
-288325
-282327
-280391
-274694
-271770
-268976
-264348
-255350
-249972
-240587
-234912
-228043
-222602
-219163
-218565
-218211
-216138
-206310
-201349
-199317
-199073
-188438
-166846
-163600
-160847
-159456
-151292
-149016
-147652
-145068
-143834
-131913
-121623
-110551
-102621
-98588
-91502
-91124
-90454
-83759
-82416
-81284
-79278
-69650
-59420
-58827
-56418
-46848
-44352
-44069
-43311
-37959
-30184
-28891
-15390
-10059
-5113
-2258
2399
14924
24196
39184
40219
44828
72112
77515
80416
80868
85792
89093
89510
95779
99707
101545
109452
110509
112814
114625
116868
118741
119981
120925
123597
128330
131974
132928
135132
139996
143374
150441
151708
153456
153501
153528
155135
155574
157595
170417
177924
181039
183437
193452
198106
201673
213982
223418
224195
226408
227206
229671
231235
237951
238433
245008
247171
248639
250293
251472
258871
262916
264803
266258
271858
275911
277169
280069
283176
285811
286225
287042
288161
289124
289695
295178
300450
304252
306520
314613
317010
324536
333757
340214
355043
356768
361075
367321
368764
375930
377051
383224
384236
396387
399353
402676
407114
409117
417480
419312
422110
426363
428751
434937
438279
440778
447177
447906
449865
456075
459860
474663
475119
478817
479153
479943
486465
489712
491073
499272
499774
500641
502980
504245
519109
519944
520982
522347
525838
529425
534358
536144
540294
550096
553456
554130
557625
567135
567474
568081
574318
575233
587509
588230
591731
591909
594450
608481
616220
625185
626125
633785
635000
641306
642766
646179
661565
662153
663711
665769
670479
671647
676367
688863
691788
693314
694507
696112
700508
701386
702148
702350
703965
704461
705632
708803
711121
713137
717777
719409
721358
724182
725438
730009
735553
748281
749144
756544
757403
757642
760281
761739
762619
763599
764267
776058
779284
783242
789150
789835
792213
794077
797473
799959
811755
811834
822720
824066
826401
827129
829784
832395
834973
839028
841975
842276
847302
853643
853707
853926
855496
864967
865426
869573
873994
878217
879329
881407
884945
885699
892563
903032
904054
905804
907344
907380
914677
915653
921382
921720
930648
934870
936784
936845
937331
939933
943913
945975
946110
953371
962573
966576
968882
972103
973104
974730
982991
992534
996702
1004223
1007359
1007939
1014686
1017361
1047252
1054389
1056816
1059391
1066456
1072120
1072202
1085148
1087372
1097851
1098703
1099870
1105523
1107445
1110123
1113997
1114910
1122509
1130054
1131002
1133037
1134620
1138208
1144803
1144854
1147357
1152113
1152711
1159321
1163756
1167011
1168811
1175685
1181809
1182084
1185106
1185737
1185875
1194004
1199417
1207421
1212916
1219024
1220126
1221444
1221562
1223224
1223561
1236102
1241755
1246126
1247084
1247761
1249129
1260123
1265312
1270487
1273880
1280956
1282742
1298455
1304273
1314570
1317513
1318082
1319014
1321025
1326697
1328049
1328275
1338048
1338999
1339315
1349805
1352021
1356872
1359846
1362369
1367450
1368020
1369669
1373860
1377147
1378998
1379523
1384802
1388349
1388423
1393281
1394567
1396680
1396852
1399041
1400594
1411497
1415703
1416497
1418788
1420462
1428226
1429782
1436919
1437482
1440273
1444871
1449965
1453847
1468097
1472505
1472825
1481541
1487505
1489289
1490493
1492293
1492969
1494661
1496406
1500416
1506505
1510266
1511167
1512151
1514145
1514535
1515013
1515165
1516018
1520274
1521761
1527265
1529866
1542142
1544935
1546516
1547044
1547248
1553793
1557478
1560892
1562643
1563280
1570152
1573266
1574454
1581159
1582655
1585746
1598103
1601641
1602372
1603527
1606828
1608020
1609524
1612767
1622474
1624993
1636988
1638870
1649433
1650863
1651148
1654185
1657728
1668885
1669260
1677451
1682267
1684564
1684796
1687898
1694415
1700476
1702829
1717930
1722023
1723460
1748028
1759897
1760480
1762367
1762879
1765451
1765965
1771852
1772269
1776533
1779142
1779880
1786596
1791167
1795961
1797831
1805115
1807660
1818152
1820586
1821427
1823069
1825602
1825850
1829241
1835061
1837881
1840994
1850359
1850731
1853295
1862719
1871094
1873823
1880599
1885840
1886701
1896164
1900315
1924550
1926461
1933298
1938156
1940005
1940898
1944187
1947952
1950572
1951669
1954647
1965872
1977501
1979924
1983204
1984087
1993918
