-1997724
-1995492
-1989645
-1989626
-1985717
-1985109
-1975984
-1973942
-1962329
-1949348
-1947959
-1942264
-1932820
-1923534
-1922801
-1920552
-1918441
-1907609
-1906498
-1906269
-1904472
-1899208
-1896036
-1894257
-1891233
-1889033
-1888368
-1882101
-1879308
-1873982
-1873483
-1870628
-1867682
-1862738
-1855633
-1854724
-1843233
-1839512
-1837530
-1833736
-1828239
-1826506
-1822656
-1821816
-1819644
-1818538
-1815413
-1813869
-1811141
-1803293
-1803186
-1802508
-1800731
-1792231
-1786993
-1782349
-1780834
-1771761
-1769126
-1766483
-1762925
-1761737
-1757445
-1752068
-1739075
-1731096
-1725684
-1723894
-1722059
-1719267
-1719185
-1719105
-1718954
-1717876
-1715570
-1711264
-1711158
-1710193
-1707634
-1707365
-1698479
-1697939
-1694633
-1690666
-1689965
-1681952
-1679597
-1679234
-1672934
-1666724
-1663532
-1656961
-1651207
-1646878
-1643117
-1639180
-1639106
-1635309
-1635222
-1635173
-1626460
-1624702
-1624290
-1618176
-1617437
-1616234
-1615523
-1598622
-1597224
-1589790
-1589398
-1580710
-1579583
-1576050
-1575993
-1570216
-1566902
-1566073
-1564292
-1564264
-1561276
-1559079
-1558204
-1555708
-1552694
-1546437
-1538273
-1530418
-1528940
-1527561
-1526808
-1518866
-1516984
-1516914
-1513905
-1510065
-1508386
-1506732
-1502388
-1500784
-1500060
-1485117
-1476447
-1475210
-1474941
-1472135
-1471452
-1466854
-1460881
-1452211
-1449827
-1444276
-1443251
-1438311
-1434835
-1434480
-1434208
-1429279
-1428487
-1425235
-1424283
-1421724
-1419217
-1418508
-1414995
-1405551
-1399574
-1393864
-1391191
-1389486
-1388278
-1385834
-1381509
-1380092
-1378779
-1377926
-1375697
-1374125
-1365250
-1359425
-1359287
-1358939
-1357099
-1356739
-1352150
-1348814
-1348714
-1347275
-1345951
-1337919
-1332512
-1327919
-1325915
-1309491
-1305105
-1303673
-1302560
-1301943
-1299048
-1298878
-1295325
-1291221
-1285766
-1276962
-1270134
-1267973
-1266834
-1263524
-1261311
-1260884
-1259810
-1257274
-1256492
-1241657
-1241287
-1239213
-1239003
-1225914
-1224017
-1221921
-1221537
-1216813
-1214158
-1209518
-1205860
-1204399
-1196419
-1195481
-1188949
-1187355
-1186098
-1182741
-1179614
-1173507
-1170709
-1167743
-1163778
-1158706
-1158203
-1147537
-1143919
-1141632
-1139661
-1134459
-1128879
-1125613
-1105569
-1098287
-1098232
-1097199
-1089796
-1089520
-1088614
-1086902
-1083875
-1071316
-1065523
-1061713
-1058696
-1058421
-1052237
-1049766
-1047870
-1047681
-1039258
-1034841
-1023610
-1015086
-1014680
-1014343
-1010021
-1009873
-1006300
-1006146
-996033
-993197
-992668
-981587
-977987
-974822
-971508
-959588
-958661
-958289
-956410
-954649
-954437
-951728
-948799
-940427
-932375
-918415
-918355
-918071
-910227
-905693
-905492
-901876
-894878
-894162
-890926
-890905
-882761
-870547
-866759
-866262
-863553
-843078
-842840
-839501
-837900
-837305
-835246
-833042
-828985
-826394
-819910
-819600
-811663
-794461
-793469
-792209
-783297
-782244
-781951
-777635
-776538
-774920
-773037
-772874
-764578
-764076
-752893
-746670
-745636
-741444
-739924
-734296
-730274
-715496
-710455
-703119
-700306
-699534
-696286
-693827
-685152
-680766
-680721
-673658
-671311
-668727
-662786
-655133
-653151
-650763
-647658
-642826
-639779
-633637
-631830
-629637
-628929
-623116
-621757
-619662
-619191
-618459
-613654
-613364
-607201
-606767
-594756
-585267
-584565
-583971
-580699
-580277
-579410
-576279
-573670
-572136
-568209
-566888
-558242
-549259
-547729
-527701
-526338
-526083
-523728
-501646
-497772
-489657
-487344
-485851
-482909
-480130
-457853
-448441
-442969
-441690
-438050
-437571
-436387
-428280
-426978
-424960
-422655
-421737
-421453
-400144
-397576
-393737
-366523
-363652
-361431
-356505
-356037
-354727
-344452
-344170
-343548
-342969
-338381
-336665
-334585
-333691
-323877
-323730
-323487
-320271
-301744
-301592
-300894
-296988
-287360
-286492
-281532
-275883
-275491
-272485
-270575
-265869
-264104
-258428
-256661
-254759
-250253
-248327
-242566
-234086
-232672
-229505
-225547
-225518
-223002
-221619
-213543
-213404
-210273
-209160
-207656
-206825
-205985
-197963
-193962
-192434
-191314
-188687
-187303
-186976
-181211
-180447
-178912
-177442
-174313
-171915
-166088
-162680
-157469
-156622
-148557
-146135
-141660
-140862
-134839
-132686
-132085
-129834
-129456
-129218
-128468
-124548
-121121
-119927
-119209
-109251
-105534
-102435
-97752
-97143
-97032
-89506
-84039
-83254
-81544
-68422
-67053
-66209
-65576
-62852
-56704
-52477
-52200
-44405
-38907
-35850
-29974
-29370
-27692
-26751
-22323
-17195
-14721
-8302
-4830
-1555
3801
7226
11291
11974
13772
21956
26737
32427
34568
34582
34591
36974
38361
43566
44735
45530
51300
58696
66379
68739
70908
71360
74678
74749
76337
99259
101388
103340
103888
104606
105554
114200
118036
130112
132849
155882
157144
159509
160519
165446
167465
179655
184040
187981
188113
191061
193536
194698
195334
195476
196448
208668
210451
222080
224856
226660
232746
236487
237382
238877
239213
245378
245526
253827
266613
267023
269699
273554
274315
274684
275091
278934
295393
296596
299343
302198
309247
309642
314310
314898
315528
331276
334386
335477
336691
349399
354957
356267
359811
364428
368741
372969
374078
375238
376106
376307
380562
381019
381218
388953
393278
393948
395001
408017
412619
413090
417141
421899
425313
426629
429256
431116
431289
433183
443202
450970
454983
456524
456567
464900
468132
468974
474063
491493
492186
505937
511714
526318
536683
537299
540031
540095
550610
553551
553652
553774
555642
557650
557676
558461
565307
565463
574527
578858
581602
590733
591999
594085
598234
600456
608378
615150
618308
621797
640756
645603
648124
649416
652066
659125
663969
673357
676518
677377
678277
685136
686504
687475
697529
700630
706053
708341
708767
710098
712623
719621
723301
723794
723902
725576
737341
738477
755064
756016
770243
772012
773638
775167
778655
784582
786510
799194
799642
799891
800867
802827
810205
812749
813107
825125
828032
828432
830705
830873
839382
845590
846173
847461
848478
848729
850243
856719
857492
857894
859108
859637
862318
869154
873676
878608
881846
893735
897219
907119
910774
918433
927137
932838
934564
942658
951649
953967
953982
962089
964177
967870
977136
977232
983131
985751
985792
986822
986946
989501
995728
1004897
1005197
1006993
1008356
1011545
1015741
1016063
1019475
1020691
1022298
1025823
1032373
1048406
1050591
1055888
1058605
1058906
1060261
1083960
1089430
1091875
1094290
1096850
1097982
1101786
1103829
1121520
1122739
1128408
1128812
1138241
1141267
1141819
1150241
1155381
1158572
1161629
1169757
1183575
1184886
1191436
1200643
1204170
1207026
1207165
1207840
1218392
1222661
1223167
1230261
1231791
1238483
1239034
1258499
1260673
1262116
1265350
1269490
1276260
1277232
1279462
1282606
1285147
1285403
1290546
1291642
1296580
1297175
1301913
1303218
1303328
1303457
1317881
1320202
1320254
1323418
1325135
1332949
1334688
1338579
1340131
1357008
1358898
1360307
1362530
1377507
1380389
1393995
1415031
1417609
1418318
1418951
1423599
1434050
1434736
1434835
1436337
1437042
1437896
1444155
1444595
1448102
1475275
1478346
1481195
1484457
1496026
1496047
1501798
1501824
1501927
1505583
1505777
1522098
1524572
1527351
1533445
1537529
1538259
1547029
1550370
1550774
1557622
1563606
1567967
1578780
1582055
1588560
1609490
1611071
1612756
1614747
1614942
1615439
1618663
1627137
1629766
1630570
1636913
1640987
1641519
1641927
1642809
1647034
1647847
1650974
1655145
1663456
1671830
1675525
1676375
1680922
1683598
1691190
1693597
1704130
1706962
1709062
1716513
1719724
1730230
1732263
1733413
1736703
1737050
1745966
1746684
1755300
1756662
1760497
1765614
1770111
1773003
1780876
1782246
1783134
1792302
1795204
1796609
1796931
1799212
1799947
1800564
1811569
1812365
1813630
1813986
1820015
1821727
1827998
1835725
1838556
1845625
1846224
1856448
1866801
1866814
1867576
1868489
1871185
1871823
1895631
1896609
1898852
1905930
1907157
1919521
1925048
1926152
1926944
1927158
1928138
1940148
1947017
1958741
1959655
1962520
1965999
1968111
1972619
1973537
1978471
1978806
1979370
1984845
1988157
1993839
