-1993160
-1992599
-1989649
-1988438
-1986875
-1982044
-1971676
-1970121
-1968519
-1967754
-1965949
-1961600
-1957369
-1954880
-1952725
-1944872
-1940541
-1932383
-1924430
-1924375
-1912416
-1895991
-1894906
-1894438
-1891276
-1890133
-1883840
-1877904
-1875886
-1869221
-1869170
-1868660
-1866433
-1865657
-1864061
-1863660
-1856500
-1848188
-1847137
-1845606
-1843276
-1833135
-1823898
-1811639
-1811531
-1809984
-1809231
-1808435
-1805581
-1804782
-1797188
-1797058
-1790392
-1785736
-1781800
-1778816
-1771314
-1770831
-1765452
-1765380
-1764258
-1762934
-1761432
-1761408
-1758788
-1756847
-1753673
-1752516
-1746111
-1739022
-1737035
-1728941
-1728897
-1728644
-1721622
-1720298
-1717244
-1704680
-1700867
-1695318
-1693611
-1683593
-1683206
-1677668
-1671699
-1670185
-1662949
-1643995
-1638656
-1638003
-1637215
-1637120
-1632827
-1630941
-1629837
-1626843
-1626118
-1605211
-1591495
-1590265
-1585337
-1576964
-1570957
-1566159
-1563519
-1546889
-1546072
-1545945
-1545918
-1544548
-1538245
-1534759
-1531197
-1524318
-1520715
-1520628
-1519162
-1517692
-1515674
-1514746
-1509551
-1508556
-1508031
-1498553
-1498353
-1492233
-1492007
-1484746
-1479108
-1478216
-1468873
-1465567
-1462587
-1458236
-1454388
-1450531
-1448269
-1448213
-1447460
-1444806
-1440865
-1423739
-1423070
-1421485
-1421372
-1421338
-1399708
-1396346
-1391781
-1391634
-1386257
-1383048
-1371771
-1369113
-1366869
-1363575
-1362102
-1359293
-1358699
-1350239
-1349444
-1347013
-1346675
-1341311
-1335330
-1334922
-1330664
-1327730
-1323680
-1323381
-1320210
-1319811
-1312140
-1308465
-1308319
-1303653
-1301860
-1301638
-1295076
-1282103
-1277769
-1270491
-1270035
-1266710
-1266660
-1259438
-1257428
-1247973
-1243512
-1241675
-1239696
-1233350
-1230820
-1226266
-1222205
-1212269
-1211685
-1208998
-1195853
-1194513
-1193667
-1191482
-1184461
-1175375
-1175180
-1173542
-1167338
-1163061
-1162329
-1157942
-1154239
-1152193
-1151442
-1147788
-1146375
-1143690
-1143211
-1136843
-1131427
-1118477
-1102621
-1097535
-1091502
-1089331
-1082771
-1061153
-1054568
-1049353
-1049353
-1048812
-1045673
-1045177
-1038038
-1036832
-1035518
-1033576
-1028318
-1026499
-1023357
-1021462
-1014462
-1013382
-1012477
-1009296
-1007753
-1002967
-999149
-992199
-991288
-991047
-981676
-973708
-966374
-962204
-951460
-937174
-929516
-927407
-921907
-912346
-902632
-899181
-888159
-888092
-880860
-878185
-870147
-865191
-865110
-859336
-858411
-858238
-854886
-848723
-841743
-828570
-822811
-822620
-818040
-815382
-815208
-810671
-805348
-802977
-797822
-795567
-791061
-790946
-788684
-771025
-766935
-760364
-760041
-759912
-756248
-753733
-742299
-741774
-740766
-738058
-736179
-731164
-729455
-723487
-722477
-721839
-712033
-706331
-702720
-696900
-695606
-683214
-676905
-674670
-673493
-668936
-665595
-665373
-661200
-660454
-659529
-657067
-654936
-654396
-643412
-643273
-643102
-642468
-637080
-635041
-633908
-632092
-629361
-628758
-622031
-619203
-614694
-612908
-612146
-607671
-601918
-597611
-595077
-593563
-591969
-589078
-583928
-582426
-581942
-581841
-575039
-569111
-562359
-559497
-553495
-549484
-548650
-544309
-539655
-536734
-528811
-527872
-508661
-505623
-503958
-501459
-491574
-480003
-477979
-476849
-476219
-473462
-472483
-469841
-467768
-458922
-456146
-455288
-451239
-449674
-444077
-437531
-434776
-434126
-429704
-429148
-427949
-426705
-426046
-419975
-416848
-413579
-408803
-407468
-401599
-395194
-389435
-380662
-377436
-368700
-363900
-353721
-346659
-344633
-335698
-325520
-314052
-310756
-308484
-301912
-294796
-291631
-288403
-286219
-283132
-278722
-267206
-265705
-265306
-262475
-258515
-255993
-253310
-249539
-247192
-246576
-246437
-246182
-236958
-234565
-226314
-223666
-219447
-219061
-218939
-218373
-218101
-211636
-211177
-206574
-205620
-201161
-197290
-186011
-180115
-175389
-173692
-173301
-172865
-169696
-168133
-167962
-167127
-165974
-163420
-159560
-151854
-151611
-150334
-141663
-136949
-134120
-125381
-123793
-121258
-120487
-118760
-114133
-110902
-109474
-106069
-104589
-104306
-104123
-100091
-98407
-94244
-91346
-86927
-83280
-76950
-65769
-63107
-60045
-51251
-48290
-47303
-37064
-30458
-28612
-20743
-20089
-9776
-5468
-4347
4366
5059
10558
15326
15883
16121
22274
24680
31859
37146
38845
40532
43441
47367
48327
51005
53193
55294
56105
56381
56384
56506
57222
58368
61356
63399
67985
72419
81788
83040
84493
88661
96720
96781
97161
98895
99534
109713
110555
113561
114065
115361
118888
128092
128912
129008
129865
130424
135565
143334
147360
152422
156427
164393
167166
169492
184339
184498
192616
193030
194412
194834
201916
208384
212464
212767
213774
214984
218604
220616
222047
222752
223610
227261
227734
231516
235038
242857
248104
248267
264264
269102
273713
288188
300540
308017
315154
319959
321380
331506
335317
337914
338685
343507
344087
345548
351322
352699
357830
359301
363353
363631
364474
369118
369400
370303
371019
371064
373882
374808
381923
382265
395659
404216
407492
409015
409032
411797
425470
427802
433885
435370
435638
446998
449259
463275
466983
468047
471910
475269
477004
480718
483308
488602
492672
492685
496822
507197
510712
519180
521416
526986
527582
532839
535390
536885
539125
545683
547634
552798
559158
564135
568877
572064
572980
579706
592270
592276
594347
594472
595060
602678
612631
616323
628153
637665
640674
654865
660633
662580
663041
665474
670777
675540
675946
679241
687120
690533
694723
699611
701576
701664
703876
705631
716811
717204
724444
727600
727725
729387
729547
732589
735729
738039
739117
740354
742505
743698
751573
752834
759053
763916
764369
766892
781851
784982
795092
803406
809097
814075
814810
816297
819626
821755
824790
828132
831119
836152
837316
837869
841958
851050
853130
855729
856923
862305
865840
871221
872928
879951
881890
892755
905630
916666
929786
932837
938223
942125
942199
944421
950345
951389
957770
964791
968218
968572
971724
971813
974455
978097
981763
987510
988959
994560
1005164
1006017
1007963
1008350
1015394
1020101
1034272
1038329
1041339
1042392
1049209
1053854
1055025
1055050
1066267
1067082
1070964
1078849
1081002
1087738
1088717
1093427
1094822
1095427
1104661
1110226
1115211
1116253
1134619
1139106
1150454
1152362
1160544
1163049
1164540
1166685
1170225
1186961
1187759
1189157
1192044
1207792
1209615
1210689
1212918
1216345
1218874
1220144
1226284
1233076
1234794
1235954
1242720
1245185
1245209
1245448
1247450
1250119
1251188
1252358
1258066
1260506
1261489
1273613
1274657
1276966
1279418
1280011
1284040
1287583
1288359
1288784
1290765
1303747
1304840
1306059
1309464
1317400
1318481
1320209
1321590
1326457
1332684
1333077
1337418
1339152
1344212
1345699
1347719
1349304
1349948
1358156
1363602
1370949
1371203
1375290
1382262
1390799
1392227
1393376
1397870
1401713
1402456
1405062
1411301
1412575
1413312
1415638
1416831
1420006
1426193
1429665
1431147
1431195
1432568
1434153
1446072
1448405
1451184
1452231
1461415
1474770
1475404
1484537
1486560
1495914
1496298
1504934
1520293
1529154
1529173
1536703
1543535
1550529
1550994
1552070
1555142
1555984
1556600
1561428
1566658
1568677
1578523
1580659
1584239
1586148
1590312
1592219
1593424
1611107
1615239
1617350
1622179
1631029
1632530
1650617
1650952
1653613
1653893
1655100
1663406
1663738
1686039
1689250
1689408
1694786
1698106
1699802
1704497
1712660
1719957
1727617
1728103
1732552
1734191
1742553
1746880
1750692
1757117
1771861
1774170
1775460
1775740
1776514
1778565
1781033
1781153
1781616
1784964
1790315
1791188
1794333
1800665
1802619
1803703
1803835
1807893
1810106
1810824
1820874
1821798
1822547
1822599
1823757
1825275
1827075
1828741
1842228
1842878
1849837
1850909
1851643
1853347
1854008
1857352
1859382
1864514
1873717
1876880
1880064
1881903
1884325
1894809
1898707
1899955
1902295
1907096
1908106
1916083
1916138
1917916
1919352
1920154
1920616
1922636
1929377
1933753
1934847
1945152
1945635
1954667
1959029
1964478
1965522
1971647
1976233
1987194
1988754
1989571
1994449
1996778
