-1997499
-1989376
-1989033
-1987792
-1985052
-1976362
-1971131
-1966943
-1962146
-1948290
-1943008
-1942737
-1939272
-1911898
-1909315
-1906009
-1905803
-1902587
-1902423
-1900020
-1899587
-1898047
-1895171
-1895038
-1894239
-1891693
-1874996
-1871947
-1848622
-1847041
-1840312
-1837772
-1834296
-1831254
-1828685
-1825758
-1825435
-1824282
-1824216
-1822963
-1822312
-1816048
-1813882
-1811278
-1809036
-1803745
-1802909
-1802061
-1800522
-1793444
-1784730
-1781129
-1780763
-1778332
-1771513
-1770883
-1761798
-1750777
-1743971
-1743238
-1741915
-1741596
-1741105
-1728322
-1727095
-1717551
-1711571
-1708186
-1705583
-1704191
-1704007
-1693897
-1692642
-1686975
-1683741
-1674289
-1669965
-1667683
-1657868
-1656289
-1653423
-1651854
-1647124
-1646641
-1646540
-1643845
-1641850
-1637086
-1634308
-1631608
-1630391
-1628208
-1613766
-1605867
-1605163
-1604490
-1591020
-1586088
-1582086
-1578777
-1575589
-1572206
-1568555
-1563777
-1561298
-1553736
-1546002
-1543416
-1541742
-1540841
-1540053
-1536777
-1530153
-1529280
-1522138
-1508465
-1498926
-1494722
-1493425
-1489007
-1483523
-1481938
-1481370
-1480467
-1478721
-1477493
-1458155
-1457145
-1454153
-1453761
-1451870
-1437731
-1432871
-1428226
-1426721
-1426624
-1425318
-1403533
-1392955
-1388607
-1388539
-1381817
-1381242
-1379081
-1377925
-1366549
-1355110
-1353454
-1351136
-1344786
-1344387
-1338859
-1336341
-1331908
-1320052
-1319351
-1317710
-1316367
-1314615
-1313608
-1304198
-1303300
-1282951
-1279467
-1273775
-1271086
-1265070
-1264648
-1263509
-1263333
-1263065
-1260859
-1251693
-1243158
-1242040
-1241426
-1239584
-1238377
-1237984
-1233008
-1230709
-1228863
-1214681
-1204975
-1197327
-1195109
-1194465
-1190789
-1190683
-1190012
-1181424
-1179560
-1174278
-1166872
-1160854
-1156483
-1156010
-1155317
-1154372
-1153613
-1153126
-1152369
-1148201
-1147585
-1143664
-1141462
-1138144
-1132693
-1128931
-1127602
-1123118
-1122877
-1119156
-1116248
-1104491
-1081384
-1079571
-1077829
-1077513
-1072722
-1068634
-1068570
-1068122
-1059429
-1057418
-1053777
-1049316
-1047384
-1043072
-1028621
-1027297
-1023855
-1016956
-1008087
-1004725
-1004626
-1000409
-1000398
-999507
-977747
-976958
-972073
-957666
-957293
-954611
-953601
-948016
-947741
-941708
-933166
-933164
-932405
-932346
-931530
-929365
-926353
-922996
-919309
-914032
-911593
-910885
-908784
-903371
-901903
-893453
-893252
-887924
-884666
-879823
-878655
-873550
-873312
-862908
-847667
-839706
-835294
-833220
-830202
-819792
-819726
-817295
-816211
-810036
-806667
-805853
-805285
-798346
-793602
-793053
-791469
-790452
-789135
-788924
-785554
-776907
-774089
-756210
-755906
-753604
-747082
-745645
-745305
-734045
-733328
-731200
-725024
-718063
-717039
-714105
-711035
-706621
-700690
-700580
-699718
-692742
-690102
-689056
-686297
-684572
-682714
-682616
-675656
-667690
-667027
-666306
-661472
-658667
-657455
-651542
-650824
-649478
-645289
-644374
-644104
-642821
-641003
-635204
-628302
-624363
-621752
-615659
-608035
-602651
-597581
-574883
-573441
-572589
-570799
-569955
-565096
-564904
-563477
-563177
-560022
-559444
-557655
-552924
-547096
-539845
-533623
-525304
-525227
-523891
-520494
-519744
-516986
-504927
-498665
-498649
-488054
-485046
-480654
-474880
-474220
-472070
-466124
-466022
-458379
-458353
-458173
-456818
-451264
-450216
-449784
-449770
-449395
-448441
-440887
-436948
-432732
-418582
-418459
-416148
-416044
-399021
-398698
-397698
-390086
-389024
-387881
-368905
-368012
-360369
-358906
-358721
-356800
-356224
-354023
-342822
-336544
-333913
-331374
-326367
-323307
-321281
-313306
-310999
-309136
-308360
-308154
-305892
-303919
-303597
-295301
-290033
-286684
-282651
-269873
-268239
-267398
-264677
-264110
-263062
-262924
-259970
-255986
-250210
-248033
-244274
-241182
-218090
-217007
-215549
-213045
-209230
-207984
-204584
-197828
-194527
-193045
-192897
-192328
-186041
-181283
-170455
-159730
-158414
-150279
-145738
-143510
-142363
-142206
-139709
-134987
-131936
-127679
-125530
-124952
-121225
-118205
-113136
-112526
-104538
-104473
-102680
-101443
-97614
-97268
-89514
-87799
-86092
-81107
-73807
-64643
-59993
-59884
-57880
-52538
-49339
-46234
-45264
-45104
-37680
-29530
-25430
-24067
-23595
-23421
-22503
-20909
-15972
1476
2013
5797
6907
10480
10976
11858
15020
29318
31631
33743
33773
44616
50570
51056
60960
62691
64082
66643
66946
73435
73499
74774
76180
76334
77445
80429
86801
92717
97553
98896
100520
103995
113943
119416
126289
126704
128813
135413
136103
144781
145535
148870
149726
149825
152511
163256
163422
171334
179850
183045
205498
209231
217281
220395
223317
224646
228222
229155
235126
237011
237110
240029
253093
253569
257881
260203
263946
268181
276614
279379
279785
282791
299922
301489
305745
306062
317401
319440
321530
330390
338748
344443
350534
350756
354971
357294
358344
362138
365131
366133
366546
374826
378858
379700
381575
382238
391483
403166
406230
409929
410509
413122
415831
417699
418345
418857
419851
423118
423495
423507
437300
448331
457815
457838
458728
459193
459384
463217
483650
491325
494678
500434
502007
503800
504428
504933
506641
513643
514247
527009
528925
531505
532866
539935
542966
543906
548824
557236
568532
575870
576025
585133
588510
588984
589481
596115
596999
619813
622220
624396
628976
635059
637184
646667
648343
649036
653499
662696
675180
676430
678514
680330
682069
683140
685684
686006
688286
695319
697564
700142
702184
705161
705536
714995
718440
721708
722194
724642
724938
725903
731347
737642
738891
741732
751619
753446
756493
757631
761403
761840
767869
769548
772320
777881
781898
786804
796394
797103
803358
804926
808939
814501
824897
828724
837951
842999
843952
845105
857323
860156
860366
862129
864425
867440
869889
884166
887276
895456
896137
898964
912804
917694
918443
918742
923365
931688
932921
945397
955257
959802
965825
967381
968977
969877
973333
976880
977151
977162
983278
984061
988400
994420
995844
1004389
1004488
1004866
1006212
1011654
1018861
1020101
1021336
1027824
1029942
1038900
1043403
1049767
1066198
1076704
1077763
1079383
1081954
1083034
1083782
1087711
1087902
1090188
1090799
1097086
1097257
1097828
1100373
1100804
1101884
1104285
1107193
1107221
1115726
1128518
1132913
1134943
1138344
1147285
1147714
1152675
1153718
1163259
1164521
1166376
1168287
1169938
1174283
1191413
1196252
1198152
1202292
1202939
1205495
1223208
1226831
1227615
1231532
1232456
1232934
1233565
1238356
1243198
1245148
1245838
1254429
1264233
1265959
1271145
1278701
1280666
1282805
1285436
1288833
1297137
1297178
1298676
1300510
1302746
1302905
1308227
1314624
1323001
1323846
1326149
1334596
1338643
1340376
1351483
1353695
1365346
1366863
1372840
1372896
1380185
1386558
1397453
1404879
1405113
1406824
1409130
1413093
1419973
1420514
1426935
1434444
1439809
1445012
1448051
1449492
1449757
1454213
1455616
1456726
1457039
1462042
1478541
1483577
1495422
1496893
1500129
1504173
1504214
1505216
1508471
1509361
1511539
1520535
1526884
1527275
1532820
1538777
1540442
1541273
1547367
1547849
1550345
1550719
1551889
1555576
1566433
1567856
1585912
1588208
1589908
1592934
1594239
1595094
1597208
1599345
1600445
1602849
1612367
1616399
1616475
1625006
1626000
1633484
1633809
1636855
1642742
1653996
1660211
1662077
1663321
1665895
1671339
1672086
1678563
1679975
1680056
1681506
1693751
1695906
1705176
1712826
1715719
1716548
1718118
1719457
1723134
1724706
1727116
1728789
1729031
1739138
1739212
1747779
1748440
1749488
1754982
1756361
1763669
1772887
1774786
1777106
1777875
1779633
1779681
1779974
1780793
1781452
1786125
1787573
1789542
1791354
1811416
1812066
1813771
1816753
1817731
1820500
1822896
1825235
1829337
1835669
1836480
1847650
1853163
1858235
1858526
1868913
1869128
1883290
1884222
1885244
1900287
1917968
1922170
1932350
1940004
1941960
1945995
1950590
1950760
1951094
1953498
1960913
1963525
1966215
1968276
1969329
1971986
1976150
1976893
1978015
1978099
1979232
1981806
1983129
1986223
1988844
1991911
1995460
1998344
