-1999199
-1998589
-1994333
-1991972
-1983837
-1983461
-1980010
-1977085
-1977056
-1974799
-1966088
-1962940
-1962896
-1960529
-1960132
-1950622
-1948764
-1945697
-1945307
-1942757
-1941745
-1940163
-1932958
-1932731
-1931813
-1928097
-1925681
-1924951
-1922230
-1920155
-1918231
-1916437
-1915656
-1913339
-1913286
-1907844
-1898295
-1892667
-1892594
-1892483
-1890138
-1884705
-1877288
-1875939
-1875709
-1874238
-1869128
-1865564
-1858998
-1856559
-1834573
-1831423
-1828504
-1824398
-1820583
-1820342
-1818169
-1815401
-1812555
-1811664
-1809905
-1802571
-1801711
-1801085
-1800706
-1799837
-1794303
-1789073
-1784623
-1784375
-1777929
-1768225
-1766799
-1765561
-1758449
-1757528
-1755343
-1754851
-1749215
-1745676
-1744812
-1733189
-1731456
-1731002
-1729971
-1722608
-1711592
-1695232
-1691202
-1689440
-1678342
-1672647
-1668044
-1662765
-1659510
-1658522
-1629111
-1627896
-1627634
-1623796
-1620247
-1615503
-1614535
-1608377
-1605988
-1589642
-1586051
-1573889
-1568155
-1566479
-1563551
-1562727
-1559245
-1553641
-1550014
-1547145
-1541884
-1540649
-1530257
-1525396
-1523636
-1515169
-1503280
-1503224
-1502031
-1501633
-1495016
-1494811
-1489602
-1486006
-1485479
-1484892
-1477884
-1472805
-1469187
-1468808
-1456935
-1455074
-1454012
-1452604
-1450262
-1449826
-1448045
-1445343
-1444287
-1436133
-1426413
-1423664
-1420836
-1417046
-1406189
-1405959
-1404901
-1396680
-1393211
-1389334
-1388695
-1375994
-1373403
-1371273
-1369409
-1367467
-1363616
-1362413
-1359806
-1359737
-1356862
-1355261
-1346516
-1339256
-1338191
-1324111
-1321281
-1317570
-1316758
-1312593
-1311847
-1309965
-1303112
-1302400
-1301216
-1297683
-1292468
-1282970
-1281214
-1277359
-1274324
-1272803
-1269167
-1263133
-1258754
-1258588
-1254617
-1252470
-1240392
-1240320
-1235769
-1232413
-1231559
-1228989
-1225814
-1212266
-1210292
-1208244
-1207493
-1206818
-1203602
-1197679
-1192607
-1192084
-1190895
-1189395
-1182549
-1181428
-1179234
-1178859
-1166728
-1164377
-1161086
-1156741
-1154121
-1154041
-1147708
-1143111
-1139502
-1138083
-1133016
-1132617
-1130641
-1128580
-1126887
-1122450
-1116941
-1112147
-1109615
-1106773
-1096817
-1085437
-1084372
-1075821
-1075787
-1074166
-1064970
-1063110
-1062969
-1061526
-1052012
-1050640
-1046291
-1045773
-1042163
-1041652
-1041362
-1038864
-1038604
-1030266
-1028371
-1025801
-1025565
-1024234
-1024160
-1020515
-1019974
-1019598
-1018734
-1005285
-1005030
-999738
-996281
-986577
-983699
-979150
-970035
-969288
-968224
-967226
-964254
-963231
-955968
-954810
-953630
-948681
-935388
-927988
-921148
-916240
-908898
-908562
-900288
-899879
-890182
-888278
-887316
-885131
-870894
-867642
-866921
-863455
-861228
-858774
-852216
-849230
-845162
-842524
-840939
-840081
-837580
-834069
-831709
-831572
-828398
-816618
-814599
-814073
-813511
-804255
-803371
-799458
-797770
-794754
-783594
-777792
-768927
-763917
-763016
-751754
-748094
-745521
-738439
-737210
-735714
-735136
-712205
-707858
-707058
-705008
-695021
-694249
-691694
-691608
-689779
-675522
-671482
-666770
-653134
-651658
-651106
-644162
-640145
-627792
-625566
-623359
-621546
-603508
-576685
-575932
-571749
-568855
-550659
-549975
-549485
-541639
-539713
-532443
-532033
-531952
-530691
-517350
-513161
-512847
-508017
-505823
-502294
-495529
-495323
-492053
-491219
-488010
-482506
-479784
-478830
-478025
-475782
-470123
-466516
-464200
-463381
-459151
-453733
-449895
-445820
-445659
-444536
-443633
-442873
-439344
-436209
-433542
-430261
-425657
-422566
-418932
-415007
-414315
-413965
-413938
-408137
-407431
-406738
-401062
-397059
-395777
-394288
-391115
-385675
-382469
-380405
-377545
-377216
-375458
-367110
-365991
-360642
-354500
-347358
-346006
-343168
-338956
-336600
-335523
-327883
-322900
-322455
-321779
-316622
-312257
-311770
-311492
-306961
-306092
-300685
-294242
-289138
-280503
-278713
-273205
-270299
-268866
-267679
-258415
-256138
-246880
-245218
-241905
-238337
-237521
-234260
-234042
-233894
-233322
-227337
-226829
-222993
-221966
-211611
-209124
-205988
-205431
-203837
-200637
-200627
-200258
-199412
-195137
-192014
-188478
-180601
-176499
-164001
-161067
-160971
-158373
-155547
-147631
-145679
-145568
-144893
-141523
-135116
-135061
-133185
-131105
-98534
-95245
-95038
-93610
-91199
-86315
-79214
-74918
-74447
-71256
-68012
-67073
-60621
-54814
-54489
-53376
-46025
-44146
-37278
-36429
-32364
-16971
-9649
-6320
-6034
-1050
9029
10820
14640
23344
30779
30833
43236
44074
45106
47835
48370
50799
58501
59786
60533
70696
70772
71059
71233
74212
77445
78481
79105
80884
83688
83877
85664
92819
95213
101662
103607
119570
121335
126634
141632
145772
148157
149633
150505
152112
152863
157721
161087
161552
162028
163879
170690
170799
171320
171741
173259
179161
180784
183445
188691
190908
194175
199657
203760
209432
209768
210345
211087
213215
221762
227274
229438
231398
232343
240729
242602
246511
248977
250560
260401
263599
265432
266281
268174
274239
287408
301544
302352
314096
321973
326068
327585
332285
342500
344247
356620
359062
359261
374709
377584
382803
385216
388359
390266
391676
400138
402294
410020
411172
411952
413249
419803
426419
436159
440038
441149
442445
450399
454031
460619
463929
464311
464995
468465
468648
470773
473226
485898
496997
498855
501387
504279
506398
510642
516161
520279
520891
521611
521815
522738
530069
530762
534296
534332
544927
559953
562936
574083
584208
586067
587630
593933
594562
600519
606752
608816
616552
620524
620818
628905
635831
639856
640563
642792
644006
651795
652865
654790
663356
667157
675989
687348
687757
693697
694613
710576
714024
716419
717952
717973
723369
724837
726034
726731
731681
732756
738084
740780
745048
748321
751449
754561
755170
761685
764059
786380
787988
792897
797035
797418
797573
797671
801868
802575
802839
807824
808390
809959
813159
818360
821499
825682
831465
840476
840974
846011
856291
857929
859321
862995
871416
871470
877246
880589
885123
885130
889782
895810
899351
900213
901301
904474
906771
906801
906928
908535
915671
919498
921310
922715
923315
924524
926984
927457
928793
930245
930643
936978
937285
946175
948229
952902
958069
966351
966661
966814
968278
978323
980667
983827
986650
986967
988598
990368
999069
1009361
1009574
1013379
1025969
1027811
1031958
1032755
1033281
1048238
1048591
1048793
1054278
1056618
1059710
1074598
1087511
1087789
1098651
1098772
1099460
1101594
1105053
1105982
1112039
1116190
1117840
1122977
1132326
1143992
1148301
1149873
1157232
1157534
1166410
1166639
1174159
1175131
1176416
1178978
1180672
1190844
1195196
1199183
1200702
1204160
1207058
1208895
1214857
1217191
1223948
1232907
1234413
1241347
1246907
1252168
1258359
1270927
1272699
1274944
1277591
1279253
1280280
1282105
1291269
1291496
1293955
1296851
1308848
1309980
1311039
1318695
1326227
1327692
1328871
1329961
1333366
1337890
1340171
1340399
1344674
1351377
1356409
1357929
1378776
1380628
1381570
1383455
1385862
1405199
1405869
1406580
1406936
1409271
1412403
1414063
1424916
1425549
1432601
1432814
1443418
1443856
1446052
1448101
1449400
1455318
1457515
1457954
1460527
1461882
1464355
1497717
1502038
1502337
1503017
1504332
1504431
1522400
1526836
1532226
1538454
1540689
1541544
1550201
1558811
1558984
1580122
1580994
1583164
1584987
1585425
1588082
1588765
1589321
1590415
1591192
1593586
1601689
1603854
1606688
1614290
1622843
1635522
1643520
1644528
1650953
1654518
1655687
1656777
1665305
1670863
1672280
1672705
1673650
1674520
1677595
1680006
1680774
1681839
1684837
1690293
1704564
1717379
1719519
1724675
1745626
1747500
1755694
1761389
1770790
1772006
1804117
1820471
1820703
1824860
1826517
1835752
1837106
1838292
1838731
1841451
1843514
1844983
1845618
1847456
1849780
1850183
1851049
1853821
1861255
1869134
1870295
1870672
1873025
1877194
1878426
1881836
1883320
1886644
1891409
1891616
1894356
1896907
1903617
1906140
1916525
1919728
1932861
1938835
1942446
1952769
1959656
1961010
1962776
1965749
1966665
1967089
1967736
1970788
1980700
1983451
1989985
1990018
