-1998617
-1996841
-1996690
-1995171
-1994376
-1985243
-1983103
-1978626
-1976179
-1974040
-1961793
-1955333
-1944929
-1942277
-1941590
-1935264
-1932322
-1928466
-1923321
-1916517
-1907533
-1893672
-1887400
-1887224
-1883960
-1882226
-1875837
-1874433
-1872781
-1870177
-1868011
-1858353
-1854639
-1844493
-1842345
-1840208
-1837294
-1836303
-1836075
-1831808
-1829390
-1827819
-1823328
-1816631
-1816597
-1812033
-1807547
-1804682
-1798191
-1783639
-1775781
-1774389
-1771992
-1768494
-1762680
-1760735
-1752665
-1749366
-1749225
-1746535
-1736044
-1735988
-1733215
-1732245
-1731505
-1724967
-1721145
-1715770
-1713352
-1709236
-1699519
-1697570
-1686944
-1680854
-1680374
-1678763
-1676858
-1667101
-1662307
-1661310
-1644723
-1638102
-1634432
-1632227
-1624221
-1622729
-1621910
-1621216
-1620259
-1615973
-1610604
-1607065
-1593669
-1591831
-1586118
-1585535
-1576776
-1572601
-1567983
-1564997
-1563149
-1555826
-1553061
-1548505
-1543392
-1542846
-1541435
-1536924
-1535499
-1533196
-1526647
-1515410
-1515384
-1514207
-1512632
-1512364
-1512156
-1501560
-1493706
-1491881
-1487841
-1483834
-1482724
-1481183
-1476164
-1473795
-1472424
-1472367
-1469787
-1462684
-1462594
-1461149
-1458967
-1454111
-1445586
-1444807
-1440720
-1440382
-1431030
-1427265
-1426206
-1424657
-1414174
-1413869
-1410721
-1409223
-1409058
-1408171
-1401872
-1398935
-1398524
-1384908
-1378074
-1361380
-1358750
-1358646
-1357083
-1350831
-1344102
-1332635
-1331644
-1322783
-1319070
-1315527
-1315329
-1314813
-1311321
-1304392
-1303348
-1299159
-1292852
-1292428
-1286321
-1285991
-1284397
-1283279
-1282300
-1277681
-1275448
-1275212
-1272259
-1267359
-1265059
-1259309
-1256897
-1248804
-1244866
-1242513
-1240979
-1240238
-1238966
-1233240
-1233054
-1224626
-1224619
-1222007
-1219586
-1216619
-1211503
-1209994
-1204968
-1201269
-1199920
-1194490
-1192950
-1192175
-1190488
-1189010
-1186230
-1181426
-1180475
-1176248
-1174678
-1174197
-1172977
-1171326
-1169585
-1164259
-1163911
-1159967
-1149552
-1138661
-1138400
-1136587
-1135245
-1135221
-1127788
-1120672
-1112242
-1111148
-1109234
-1105232
-1101538
-1096235
-1089768
-1088620
-1088579
-1083094
-1077356
-1074032
-1068827
-1066679
-1059420
-1051263
-1051213
-1047812
-1046709
-1044997
-1043091
-1036509
-1008720
-1008647
-1000834
-990262
-974786
-972211
-968891
-965921
-964193
-964159
-962482
-960577
-958863
-951330
-948029
-945258
-941589
-936718
-936334
-926983
-925805
-917811
-915844
-915800
-902287
-899897
-888412
-882346
-881041
-880090
-880056
-878257
-876983
-860574
-858972
-849486
-849318
-844960
-844943
-844658
-842959
-841432
-837921
-830954
-829750
-826713
-824688
-821374
-821248
-813020
-810097
-807676
-803154
-801189
-800768
-800652
-800285
-786325
-775514
-769957
-766878
-764458
-757378
-754353
-754302
-751835
-745192
-744365
-742678
-736897
-734142
-731611
-729688
-726792
-718599
-713643
-712098
-710745
-709164
-708639
-707393
-694830
-689227
-688492
-687587
-680728
-671532
-671210
-669425
-663316
-662928
-660863
-638998
-623154
-620029
-616982
-613491
-603147
-600146
-597533
-595606
-594908
-589460
-586373
-581118
-576839
-565299
-559508
-547306
-546083
-545998
-540125
-538033
-537116
-535488
-525338
-524518
-516636
-513845
-510962
-506353
-494091
-489060
-483340
-480301
-478839
-474232
-473411
-455818
-455812
-453410
-451828
-444987
-441218
-440728
-439773
-437705
-430150
-412820
-411674
-405462
-403114
-398535
-394569
-389169
-387802
-385102
-383530
-379846
-378604
-372517
-370316
-368049
-363877
-351229
-340876
-334199
-332081
-323913
-320402
-316754
-314287
-307236
-304656
-304267
-299104
-299018
-298629
-298414
-296353
-295511
-294257
-293300
-292847
-291958
-291177
-287409
-282771
-278999
-274432
-272674
-267723
-259368
-256317
-255247
-254658
-249875
-245996
-241413
-238207
-229309
-222380
-214534
-208952
-198858
-193015
-178809
-167242
-160817
-151338
-151093
-150049
-142746
-139543
-126066
-120458
-115159
-110381
-106841
-104083
-92659
-92111
-80072
-76364
-75179
-73791
-70381
-69313
-64336
-59147
-58506
-55585
-53292
-47912
-47322
-45820
-44515
-39752
-32919
-31271
-29396
-18482
-15168
-12479
-11198
-8804
-3426
2592
10816
16690
17306
19457
24592
29337
32980
42274
45589
46133
53460
53704
55507
57481
59251
60247
62564
64230
67015
71650
75961
81767
83598
86212
87172
89484
93023
94869
97773
98094
98162
99555
107783
110103
115146
116748
117478
120167
122350
128911
129329
136488
156361
161698
166872
170752
172170
173013
173172
173497
176800
176873
187762
192678
196809
197297
198010
198124
200482
200686
209133
228778
229837
234773
235387
244995
245489
250001
257561
259683
273285
274918
286694
291306
295479
296485
297572
299024
300016
305049
309439
322953
323293
343212
351169
355791
356798
356873
357079
360724
361898
364123
367507
372549
374635
381499
387309
387472
388548
390745
395918
402488
404224
409398
410991
421150
429698
430098
437449
439147
441851
445228
447857
450902
456150
463035
464703
465781
465832
469919
478003
480893
494538
497028
500667
505256
509611
513096
514945
515969
516491
520898
530485
533169
533677
537889
539525
545657
548205
552990
559557
560841
560856
561614
563662
564709
567902
571048
571057
574355
575428
584228
592241
593381
595720
597036
598475
601127
605086
608832
614343
618311
620233
623445
625003
625353
627310
636655
638575
647788
661226
670763
671596
672012
673329
676152
677643
678447
678955
682537
688802
694948
701040
703294
708733
712586
715134
724122
727935
731509
735583
736899
737389
740313
741192
755036
757635
761383
765050
767109
771720
772903
778980
780646
790062
793860
797281
801650
802303
805946
818016
823126
825683
827692
830663
838735
840387
849880
851637
858846
860472
860945
862177
869382
872779
880248
882154
885748
890440
896212
898156
901862
906146
907278
910376
911239
914196
915265
915525
928281
929323
931361
932261
938328
946160
947231
955192
964954
968035
968592
975390
976621
978931
980042
990684
994325
997637
1001053
1003827
1003988
1006881
1008136
1009646
1013603
1013840
1017816
1021964
1024745
1033015
1036813
1038651
1042400
1045501
1047047
1051146
1052624
1054940
1059323
1061625
1062049
1064384
1067581
1071218
1073792
1084797
1087047
1088084
1089199
1093296
1095388
1103117
1104073
1104364
1109966
1119450
1128899
1130424
1141770
1148745
1153620
1165105
1165202
1169954
1185235
1187602
1189972
1190990
1198604
1204072
1209061
1214435
1222497
1224595
1229030
1232160
1232795
1237625
1238864
1245632
1251616
1256347
1265508
1272006
1272521
1272817
1275098
1277979
1278263
1285049
1286179
1287058
1293319
1300398
1303740
1304427
1305793
1306946
1322941
1324741
1330122
1335670
1337776
1342320
1342344
1344235
1353976
1359863
1361452
1365885
1371094
1371395
1371829
1383682
1383945
1386233
1391115
1396952
1398167
1401020
1402078
1402622
1422952
1424465
1428634
1431910
1447598
1448554
1457127
1471997
1479469
1480131
1486296
1493724
1497278
1502312
1502779
1513655
1514805
1516571
1522890
1522962
1526517
1529331
1542593
1549894
1549988
1550034
1550624
1552009
1553686
1556309
1569629
1570579
1571005
1571451
1575999
1577063
1577893
1583487
1584654
1587401
1592370
1594904
1598696
1606065
1606901
1606932
1611218
1620506
1624171
1629206
1630102
1632225
1635468
1640425
1642652
1647968
1650307
1659076
1663307
1664179
1667493
1670841
1671200
1673422
1681345
1687094
1690567
1692527
1695514
1698845
1701359
1703603
1705807
1710190
1715770
1719352
1721560
1723515
1726073
1726727
1727339
1730304
1731508
1734762
1736429
1736607
1738748
1739301
1744564
1751284
1755069
1758655
1759331
1762758
1762902
1770198
1774181
1775989
1777843
1781800
1782768
1789883
1791912
1799689
1801477
1801580
1802379
1808490
1813432
1814728
1819296
1821858
1824318
1834165
1839419
1843410
1846950
1857607
1858842
1860639
1863030
1867464
1868786
1870670
1871798
1883072
1891855
1893540
1894214
1897832
1900007
1901075
1903876
1915406
1923761
1933118
1937736
1938412
1940521
1947515
1947538
1958664
1961940
1969650
1969678
1974276
1975818
1977079
1980345
1983068
1995349
