-1991092
-1984625
-1980169
-1977430
-1967397
-1961798
-1956485
-1954502
-1953724
-1951194
-1949666
-1947607
-1942330
-1941564
-1941289
-1939187
-1938931
-1934910
-1933867
-1930520
-1928337
-1928304
-1925899
-1925262
-1917441
-1913368
-1913003
-1912722
-1910254
-1908245
-1907739
-1907093
-1899739
-1899188
-1898361
-1898078
-1891210
-1890165
-1886179
-1885979
-1885851
-1884458
-1883869
-1863691
-1854304
-1853183
-1842526
-1837658
-1809818
-1808853
-1806764
-1806488
-1805419
-1796811
-1794200
-1788967
-1769286
-1764644
-1759551
-1756338
-1745219
-1743101
-1740979
-1731436
-1727986
-1722255
-1716900
-1703391
-1697446
-1692512
-1690748
-1689020
-1687669
-1686244
-1681927
-1666978
-1665720
-1662656
-1657842
-1636098
-1635970
-1632336
-1625816
-1619727
-1619605
-1618030
-1596872
-1588989
-1588288
-1588221
-1584540
-1568171
-1567571
-1566794
-1563188
-1553682
-1547012
-1546621
-1546257
-1541405
-1540268
-1538910
-1538534
-1536401
-1530842
-1526732
-1517726
-1515818
-1509342
-1501354
-1500725
-1495377
-1494370
-1492938
-1490245
-1475662
-1471229
-1470891
-1466114
-1465690
-1461836
-1456259
-1455220
-1453118
-1452082
-1448811
-1444988
-1436770
-1428436
-1428147
-1423536
-1418447
-1416581
-1414646
-1413953
-1409698
-1408196
-1407393
-1405781
-1402030
-1400831
-1400154
-1396343
-1388659
-1383402
-1379465
-1369689
-1367633
-1360888
-1356396
-1352787
-1351090
-1349012
-1333433
-1333264
-1329612
-1327464
-1319607
-1316057
-1314295
-1308198
-1303221
-1297134
-1296415
-1291901
-1291750
-1290509
-1276243
-1274761
-1271748
-1270874
-1270204
-1265221
-1265090
-1264669
-1263159
-1260264
-1260012
-1256073
-1255060
-1253790
-1242162
-1242014
-1233150
-1231527
-1227302
-1223270
-1210318
-1207295
-1205103
-1199860
-1197768
-1197395
-1190914
-1190056
-1180680
-1174358
-1173574
-1172863
-1166115
-1165223
-1156750
-1152733
-1148962
-1147918
-1143902
-1142531
-1141840
-1112993
-1112846
-1111220
-1107404
-1104129
-1104109
-1100525
-1099185
-1094457
-1093127
-1092635
-1088966
-1082180
-1078537
-1072794
-1067569
-1065735
-1062627
-1057070
-1056293
-1053525
-1045062
-1040486
-1031897
-1030803
-1020086
-1019125
-1010050
-1009041
-1002380
-994456
-992846
-990943
-990531
-983225
-979724
-976402
-972526
-970367
-968302
-968208
-967275
-964602
-957560
-943451
-937009
-931767
-930427
-924338
-922195
-914863
-909118
-907849
-906656
-895890
-882801
-881410
-877245
-872597
-868955
-866346
-859535
-858351
-856798
-848001
-845206
-845141
-844438
-843940
-835114
-829047
-823939
-821166
-818641
-809406
-797105
-796161
-794046
-792757
-792189
-791298
-787622
-786759
-780251
-779110
-775509
-775033
-766510
-763740
-752248
-750777
-748331
-747975
-744883
-743064
-742210
-742128
-739532
-739234
-728531
-726900
-716332
-709308
-709284
-708941
-707696
-690725
-686436
-677985
-675432
-670415
-670206
-666167
-663893
-656298
-655243
-652528
-651269
-645407
-645134
-642122
-638963
-638617
-634151
-619421
-617761
-612286
-606722
-598542
-590376
-588553
-577201
-575633
-569870
-563589
-562440
-557431
-552457
-544529
-539028
-538346
-535756
-531114
-529366
-527329
-524144
-517818
-515787
-513498
-512915
-504673
-503195
-494414
-486777
-486013
-481438
-479367
-474564
-472715
-470696
-457506
-455707
-454633
-453615
-451624
-451301
-443226
-437139
-430128
-423085
-422138
-421869
-419573
-414615
-412260
-403315
-400003
-394826
-393812
-384408
-384159
-382837
-380625
-370849
-370378
-370024
-363702
-357312
-337579
-336668
-332046
-331603
-326061
-322129
-322084
-321922
-321621
-321221
-318692
-309192
-294312
-287175
-284237
-283041
-282419
-275562
-273169
-271853
-269854
-266567
-261508
-257360
-251209
-250763
-244994
-243982
-242928
-241542
-240353
-236554
-228797
-226175
-223558
-222101
-220845
-219131
-216752
-215953
-215371
-214356
-213060
-203339
-194949
-189161
-186856
-185422
-182663
-172877
-172663
-171214
-170579
-162669
-153147
-152762
-143037
-128210
-127413
-122643
-119797
-117942
-112672
-105692
-97908
-94835
-91536
-90339
-85221
-81542
-80151
-77064
-74822
-68785
-67267
-64958
-55574
-54261
-54111
-50169
-49842
-49781
-49405
-43189
-41852
-34296
-34035
-32044
-30597
-28739
-25931
-19264
-19115
-15772
-6041
-4797
-3855
-3758
2184
10947
14147
16283
20966
21085
21261
23139
25240
27465
28159
32178
32431
41687
42331
50296
51771
53862
56436
73340
76053
80465
84961
85853
88994
113790
119372
128145
128927
139726
141583
141874
142817
156185
156531
162151
172570
173251
175462
179049
181116
183612
183700
189012
196696
197777
209642
214162
222460
223628
225431
228788
231924
236856
239376
245501
247665
252222
253222
258283
260772
269736
271484
275456
275536
281692
283724
289783
295628
299091
302898
308229
312556
316409
319642
323643
331166
331845
335970
336509
337372
337758
347552
347620
354631
368452
371260
371822
377171
377884
379450
385914
387626
390495
413869
425256
425410
427824
430227
434011
435470
436612
441152
441666
441793
445235
447999
451425
452614
455162
456096
457629
458906
459378
459847
460234
461178
465167
475720
479709
481237
484705
487017
491523
494483
500934
502196
502430
503041
503513
504662
517616
518742
524663
527204
550839
551003
556980
562023
563022
571385
573569
575849
576988
580872
591467
593049
595645
595808
596042
604417
605591
607692
612797
613480
615675
618838
625257
635033
636237
644053
645940
646270
647074
650850
661088
666372
673074
677719
687482
688930
689573
689889
692610
709648
716494
721139
723364
723433
724715
735823
739098
740342
753766
755814
756334
759588
760296
771690
772783
773131
784002
788804
797102
806313
807791
811964
820952
826036
826850
828283
828759
829108
829707
834296
836672
839712
842532
845756
852593
852740
855994
857509
865640
879503
880278
884537
891328
895972
898766
899918
907478
908239
908395
908432
917524
917838
929265
931187
931542
937250
938099
939733
949644
952013
954399
955676
957059
958417
962465
963478
974838
974848
982152
983518
984115
985119
986327
991915
994753
1006210
1012149
1019400
1021354
1025913
1026633
1030677
1034307
1034802
1035249
1036318
1036912
1037126
1041763
1056867
1057287
1058665
1059996
1062716
1066557
1069620
1072185
1074889
1075966
1079175
1080497
1081649
1083750
1098465
1100114
1108221
1110762
1123307
1123592
1123938
1130152
1132228
1136074
1138658
1141749
1144910
1145875
1146334
1147800
1157257
1159143
1161428
1161672
1163168
1167975
1173604
1183424
1184284
1189646
1189700
1190661
1194309
1197504
1204886
1215756
1216469
1224883
1228835
1232668
1241125
1248201
1248229
1263605
1264621
1272887
1273168
1279620
1284030
1287139
1288849
1289165
1290019
1292817
1293999
1302760
1304111
1305516
1308219
1314997
1315551
1316495
1317697
1322480
1325441
1336510
1347335
1350107
1361153
1366286
1369730
1370819
1373815
1376223
1378476
1380584
1382578
1391532
1391563
1392850
1402074
1405234
1410656
1413841
1413955
1418453
1423878
1428268
1430780
1436175
1437441
1438770
1440016
1442630
1444434
1445553
1449306
1455025
1456520
1462122
1467253
1467993
1471552
1474525
1478694
1482469
1485333
1490664
1491539
1505151
1507804
1515634
1516572
1518771
1519868
1521666
1522715
1527516
1529526
1535487
1540811
1541753
1547007
1549759
1553131
1558012
1560376
1561458
1561714
1562149
1565197
1570779
1571443
1582421
1587202
1595635
1596961
1601447
1601883
1608393
1612251
1624529
1634967
1635821
1636045
1636371
1636585
1638047
1641725
1645247
1648799
1650886
1654836
1656755
1661833
1662654
1662884
1670459
1672441
1683994
1687046
1690582
1694526
1695028
1696618
1699113
1704370
1713913
1714511
1723063
1725553
1728538
1729226
1737899
1738627
1744557
1745637
1747429
1747916
1749759
1750880
1754808
1755075
1766018
1769591
1772562
1782498
1786676
1788733
1792843
1798740
1828825
1841008
1841330
1848442
1850001
1851385
1857401
1859755
1859797
1864943
1866897
1867948
1868301
1870151
1879733
1880744
1882255
1885267
1887108
1895472
1908222
1917657
1919227
1923890
1927752
1929004
1932254
1934701
1935415
1940071
1948643
1957485
1962391
1964867
1969145
1978185
1983359
1990750
1996578
1998447
1999164
