-1999338
-1997701
-1995153
-1984179
-1976229
-1973871
-1961685
-1959949
-1956012
-1950657
-1949642
-1946386
-1941063
-1938796
-1933050
-1930342
-1926471
-1922052
-1919791
-1918685
-1917101
-1914182
-1911031
-1910950
-1909214
-1908735
-1906548
-1905195
-1902296
-1901753
-1900571
-1896716
-1895107
-1892544
-1883470
-1878700
-1877846
-1873998
-1870138
-1869819
-1864904
-1861336
-1860767
-1859303
-1858360
-1857684
-1846673
-1844478
-1843491
-1840652
-1835135
-1825790
-1818608
-1814747
-1810482
-1808231
-1802943
-1801880
-1793741
-1791772
-1787560
-1784276
-1782641
-1782465
-1777387
-1771041
-1770141
-1767537
-1766276
-1757258
-1749421
-1748265
-1738891
-1733121
-1716706
-1712970
-1708126
-1703355
-1700266
-1695896
-1694913
-1687255
-1683531
-1674176
-1672568
-1669456
-1668114
-1661739
-1654891
-1648081
-1647925
-1647893
-1644118
-1643834
-1637370
-1623831
-1619901
-1616008
-1610600
-1595083
-1589700
-1588662
-1588594
-1588128
-1585877
-1585508
-1585330
-1581590
-1581473
-1579051
-1578197
-1577914
-1576804
-1566046
-1565127
-1560504
-1558545
-1556661
-1554356
-1553553
-1544086
-1541329
-1540398
-1539293
-1537748
-1532421
-1531285
-1530362
-1525178
-1511347
-1506054
-1504764
-1499610
-1497762
-1473769
-1470892
-1470517
-1469752
-1468173
-1465228
-1463842
-1462011
-1459787
-1453293
-1452798
-1450966
-1447700
-1443130
-1441542
-1440400
-1438302
-1433772
-1433150
-1422441
-1420850
-1413735
-1412409
-1411578
-1409885
-1409146
-1408514
-1406556
-1402886
-1397537
-1395716
-1392879
-1389587
-1387329
-1385893
-1380136
-1379347
-1378099
-1377138
-1373952
-1372756
-1369860
-1368791
-1358643
-1357083
-1356855
-1351070
-1336209
-1331597
-1327927
-1321705
-1313611
-1310436
-1310277
-1310060
-1306158
-1304179
-1301153
-1297909
-1293058
-1288480
-1285792
-1271978
-1270995
-1258574
-1257335
-1253094
-1247090
-1244479
-1239682
-1237186
-1236112
-1228459
-1225830
-1224211
-1220029
-1218564
-1217419
-1215884
-1214682
-1209631
-1207110
-1202931
-1200508
-1200100
-1190332
-1186770
-1186410
-1185972
-1184576
-1178480
-1177765
-1175708
-1175664
-1172953
-1171094
-1170657
-1168899
-1162764
-1157656
-1156432
-1153587
-1152708
-1151370
-1147820
-1145075
-1131891
-1131552
-1123105
-1121804
-1113189
-1106628
-1104663
-1092685
-1089057
-1082784
-1070923
-1069614
-1064731
-1063694
-1049107
-1045776
-1045004
-1043220
-1037608
-1027956
-1023910
-1022174
-1015903
-1013940
-1013521
-1011432
-1011107
-1009453
-1007832
-1005966
-1003195
-995556
-993071
-985773
-983287
-982463
-976998
-972484
-971751
-966709
-965720
-965407
-963864
-955070
-953796
-948623
-943032
-938562
-938134
-932478
-931987
-930247
-927875
-925041
-918765
-917865
-915471
-906784
-905773
-902742
-900664
-895993
-887852
-873118
-869567
-867697
-863224
-862419
-855595
-854805
-842701
-836671
-834388
-833022
-832951
-826630
-820233
-820175
-818484
-816640
-814533
-804763
-796683
-795325
-794541
-793745
-792270
-775309
-769185
-767866
-765530
-763937
-762328
-756664
-749153
-749124
-746128
-720986
-720093
-718206
-718129
-716585
-712509
-707257
-706902
-704594
-692207
-692043
-689606
-667981
-658911
-653047
-649558
-647829
-643042
-642924
-632728
-632199
-628883
-628179
-626686
-621700
-619623
-618870
-609107
-607215
-606442
-596980
-596473
-593169
-588644
-569256
-568907
-564526
-563916
-563094
-561671
-559598
-558709
-552716
-550376
-538355
-537304
-534827
-532364
-531643
-527426
-525340
-523514
-520834
-520124
-514515
-509884
-507563
-499792
-492443
-491581
-481451
-480470
-477576
-475840
-471166
-470120
-469725
-468329
-464768
-460439
-460405
-460112
-456994
-447047
-446174
-444307
-440637
-438826
-437359
-430606
-426966
-423110
-422480
-415967
-401691
-400601
-398455
-391971
-385368
-384679
-384603
-383307
-379847
-372640
-364473
-364433
-362559
-360723
-354646
-353962
-352453
-342293
-342220
-338117
-335672
-328923
-323757
-318858
-315048
-314675
-313357
-295915
-292137
-274561
-273438
-272358
-270189
-266664
-264913
-261627
-258500
-257899
-253728
-248353
-244453
-244398
-235450
-228533
-228236
-226707
-222954
-222306
-221637
-216326
-214946
-205200
-203735
-199811
-195610
-194375
-192327
-191866
-191719
-190600
-188216
-185522
-185080
-184006
-182770
-164914
-151757
-147226
-122677
-102662
-91664
-89959
-88025
-81635
-80336
-80266
-66298
-61719
-49010
-48954
-48537
-48023
-42162
-33696
-21567
-19928
-14656
-12476
-11995
-9221
9857
11488
13334
13445
30348
36810
38558
41732
42093
46799
52323
52800
54199
67930
71681
72860
75301
76007
86099
88455
92569
95436
99160
99764
101871
118395
135843
138560
146685
149273
149965
152771
163922
166527
173803
174063
174105
178302
182063
183063
198289
201640
206765
210899
211828
216334
221909
224076
226176
229439
234409
234773
235635
235689
240182
240397
243934
244188
252047
263278
264129
267716
269812
270084
270985
277306
277558
279592
280329
280387
282355
283116
283768
296852
308308
308532
314862
339949
347988
348297
352351
352461
353059
353103
354823
357868
357980
368650
378531
380861
381700
384015
384071
389483
391427
401012
401168
407619
412034
420187
421874
430006
437690
440178
449646
466026
466096
475338
478666
481994
483475
484292
484455
485905
487468
491827
494201
498053
501372
508379
519098
521288
527076
528880
539435
539450
543387
555358
555814
560833
562114
563056
565655
568897
570865
572588
577099
581547
581771
583881
594301
600473
605268
611737
614244
615161
627616
631282
631916
638138
640091
643457
651595
651623
656589
662609
672221
672501
674400
682542
697327
704690
707598
707964
708640
714414
720370
734321
735488
735767
737738
742184
744888
745204
752923
753015
754579
761994
765330
766376
772102
772445
785290
792303
792833
796081
799435
806681
815435
816760
820877
823972
828007
834945
835763
840552
846965
864435
869738
874158
875670
876455
878217
888228
891241
896760
899437
902796
907370
908443
915338
916107
916208
927964
946624
956184
967521
969324
973527
987392
989025
991453
996141
996142
996683
1002352
1006468
1012599
1019317
1024812
1031251
1031711
1037406
1037528
1043522
1045502
1045542
1050459
1057716
1057880
1064903
1077483
1082143
1082552
1083685
1084079
1094019
1104328
1115525
1121359
1126842
1130417
1138282
1146999
1147562
1150041
1151301
1152007
1159022
1159976
1161931
1163053
1163256
1163596
1175463
1177616
1179836
1180671
1182628
1184326
1185945
1190443
1191830
1194317
1197476
1201696
1203251
1204278
1208440
1211844
1212404
1212525
1218391
1220864
1228054
1229485
1232967
1243082
1245968
1246109
1250109
1252587
1272520
1278008
1286033
1286262
1290754
1291443
1292245
1293462
1297130
1297508
1299056
1300548
1306982
1307765
1309598
1315418
1316433
1318464
1319821
1324355
1330393
1331599
1332332
1335443
1335847
1337348
1349028
1350241
1352213
1354779
1360436
1361067
1362532
1373889
1373991
1383469
1383627
1383777
1384587
1387630
1394501
1396571
1399163
1400771
1404286
1408220
1409029
1411192
1418765
1418909
1432485
1435886
1436331
1438050
1444707
1445352
1446602
1449367
1454754
1455295
1456329
1459313
1459715
1461097
1461148
1461778
1469255
1476014
1476363
1483829
1483896
1491752
1492588
1493774
1494807
1499879
1513482
1516594
1519851
1525958
1526739
1529632
1538011
1544490
1551839
1554737
1556703
1565558
1568847
1569779
1597662
1620106
1623330
1623449
1624067
1624196
1628010
1638541
1657527
1660504
1662483
1664928
1665258
1666295
1671294
1671451
1672415
1678269
1679115
1681706
1685358
1686535
1689860
1698779
1699686
1709670
1714384
1721222
1723711
1724039
1735311
1737556
1741047
1742465
1746576
1751510
1752124
1752463
1753953
1760853
1762595
1768250
1783855
1784418
1789722
1791241
1796440
1805381
1805917
1806382
1809390
1810675
1812541
1815590
1816648
1819423
1828115
1830595
1830629
1830928
1834573
1838741
1838894
1842248
1845189
1845486
1845524
1851445
1860775
1862194
1868706
1872560
1875011
1880990
1882275
1882935
1884245
1896078
1896469
1899325
1904594
1906734
1910091
1911033
1911994
1916904
1918570
1922908
1925673
1932175
1933346
1940045
1940508
1941737
1941779
1946978
1956091
1957552
1958866
1973446
1979390
1983599
1986427
1987296
1994992
1997108
1997209
