-1988213
-1987201
-1985127
-1980159
-1973927
-1969176
-1966560
-1966015
-1964255
-1962302
-1955228
-1946405
-1936777
-1936183
-1925708
-1912832
-1902626
-1901322
-1899271
-1896327
-1896285
-1894569
-1887488
-1881936
-1875326
-1870815
-1863804
-1861962
-1855910
-1854545
-1849343
-1848326
-1836190
-1833275
-1822391
-1819287
-1818154
-1815615
-1814158
-1812564
-1804937
-1803032
-1799015
-1796430
-1792967
-1786069
-1782003
-1778804
-1777221
-1763688
-1761638
-1760999
-1760768
-1756186
-1753642
-1752856
-1739218
-1737387
-1736761
-1735061
-1732691
-1730378
-1730053
-1721689
-1717925
-1702478
-1691750
-1686780
-1677123
-1676610
-1675348
-1674484
-1668054
-1659338
-1655707
-1653428
-1644344
-1643257
-1633391
-1631318
-1625308
-1616462
-1611559
-1608115
-1597605
-1594621
-1593801
-1590102
-1590078
-1586061
-1584946
-1579273
-1570787
-1566790
-1564766
-1564230
-1561804
-1558520
-1552337
-1547465
-1547196
-1544725
-1540654
-1539700
-1526477
-1523891
-1511778
-1506080
-1505051
-1504542
-1495229
-1490464
-1489272
-1488694
-1488586
-1488177
-1487248
-1479101
-1476586
-1474273
-1469586
-1456162
-1454222
-1453311
-1452126
-1452013
-1451972
-1450013
-1448103
-1436010
-1433116
-1431946
-1427321
-1415115
-1413688
-1413610
-1411855
-1409214
-1408791
-1407855
-1407705
-1406740
-1398078
-1396800
-1391673
-1391129
-1390084
-1389405
-1387202
-1383642
-1382993
-1374622
-1371868
-1365654
-1360454
-1357178
-1352068
-1351546
-1351469
-1347895
-1347770
-1347441
-1345624
-1342765
-1339894
-1339818
-1337917
-1336781
-1332335
-1330206
-1321719
-1320755
-1316574
-1316349
-1305082
-1304863
-1302434
-1299838
-1297230
-1286685
-1273988
-1271878
-1271583
-1266526
-1258242
-1257681
-1252822
-1243271
-1242536
-1235998
-1235086
-1234346
-1232385
-1230068
-1229829
-1222057
-1221221
-1218402
-1211834
-1210359
-1207162
-1204226
-1203821
-1201334
-1200719
-1198477
-1197393
-1197275
-1195983
-1195400
-1194883
-1194554
-1189747
-1187634
-1184491
-1183043
-1178668
-1177691
-1176163
-1174356
-1173648
-1171840
-1171336
-1170600
-1168258
-1161668
-1155616
-1148529
-1142395
-1135934
-1134442
-1130711
-1129744
-1123972
-1123936
-1122998
-1120715
-1115590
-1110589
-1107829
-1090336
-1086722
-1079525
-1071772
-1071128
-1065916
-1063319
-1062014
-1061570
-1061491
-1060534
-1056623
-1054343
-1053687
-1050469
-1047481
-1046514
-1035773
-1034252
-1032063
-1030228
-1026163
-1025576
-1025302
-1016991
-1013309
-1012203
-1009197
-1005982
-1000546
-997686
-997089
-996750
-995552
-993971
-990029
-988339
-974673
-974667
-973468
-962749
-951910
-951843
-948385
-945283
-940717
-937374
-925126
-917520
-904352
-900158
-900019
-883583
-881429
-880233
-880021
-874234
-870483
-868679
-859202
-852053
-849280
-843363
-841338
-837706
-829531
-827675
-818418
-815344
-815040
-810782
-799389
-789633
-786171
-778367
-770138
-768303
-765419
-760275
-758513
-751989
-740461
-739788
-738017
-737953
-729677
-711562
-707828
-707464
-701499
-698128
-697620
-694292
-688332
-681022
-676480
-674421
-674156
-671501
-668509
-663243
-663007
-662798
-661263
-659671
-657415
-648170
-646214
-645407
-642905
-640244
-638950
-632834
-625383
-621570
-616934
-614348
-613674
-605687
-592763
-592273
-584640
-582110
-577810
-564176
-563289
-552134
-549848
-547190
-542899
-537615
-533841
-530009
-526805
-522858
-521240
-520373
-509873
-508148
-505084
-504625
-501943
-497991
-497484
-496750
-491281
-489421
-488086
-484747
-481823
-472908
-472609
-469851
-465272
-465070
-462936
-461499
-461341
-459642
-458604
-456503
-455717
-454335
-453289
-432103
-431026
-425950
-425434
-422019
-416343
-407073
-400020
-394885
-376252
-365014
-360495
-359518
-347641
-344550
-343052
-332699
-326022
-325620
-324879
-322507
-314135
-307445
-307315
-307025
-302781
-301458
-300814
-299107
-296064
-293319
-291218
-284912
-282422
-273976
-272224
-264902
-263030
-262232
-262122
-243519
-242447
-241331
-239846
-226007
-219404
-212108
-211626
-209180
-205556
-205036
-202560
-198261
-192730
-189927
-188434
-181286
-177576
-173149
-171250
-169300
-155053
-152031
-151947
-144161
-142947
-138663
-131814
-131705
-129100
-127002
-125177
-123278
-123265
-121517
-120379
-117512
-116805
-113808
-113254
-110917
-109860
-108326
-107439
-105405
-97928
-94623
-93987
-89563
-88807
-85887
-77975
-74879
-72956
-65861
-63796
-60683
-59006
-58436
-53901
-53726
-47214
-46364
-45393
-42041
-40057
-33365
-26150
-25134
-10800
-10647
-8499
-6829
-5713
-4561
31
306
1472
10156
11400
12501
23165
24467
28972
30270
31961
43300
47189
48398
51057
63419
65270
65821
68379
79226
82482
87165
97095
104429
106245
106430
110342
120665
125513
129689
132845
133897
135207
135724
140037
140773
141939
146168
146745
148756
149446
159894
165081
166126
167362
169190
170599
173101
176215
177952
187430
201664
203066
209833
214433
218857
219308
229006
240161
247472
247726
248777
251475
254552
254779
265627
265879
274449
276712
284311
285366
287806
290740
293086
297544
298168
306075
316528
319174
321267
328465
328954
329233
338239
344067
346808
348502
348891
349043
349290
363072
365841
392435
395226
397494
397792
398327
399413
407082
409523
411936
420048
421046
423682
424069
425523
428450
433959
442245
463225
468863
472636
474073
474955
475807
476546
478869
499671
501612
504643
509114
511295
515654
520421
531999
534066
534115
538526
541139
554031
556975
560539
561171
562378
567526
574754
582467
586226
590862
595467
597235
601969
604137
606564
610751
611488
614547
617435
630875
637238
638188
642605
646273
648161
652615
653154
655894
656295
657158
662766
664814
674432
675713
675843
677086
680270
680708
684747
685638
687973
694787
696216
697048
699800
700039
702265
703398
707718
708322
714533
726941
734498
736074
737977
745701
746966
749602
751215
756279
757934
759421
764496
788106
788890
791543
796896
798138
798660
800242
801853
802468
813620
815000
816885
818192
819104
820182
822990
823303
827877
833041
840040
852613
853586
854850
863416
865114
869927
873294
874576
877643
877775
879791
879819
888633
890279
890471
894185
894561
902331
908040
929776
939286
946217
949156
949177
949901
956032
960050
966568
966755
969915
971100
975029
979467
987795
990480
993871
1007025
1009832
1010048
1022185
1027294
1027473
1031481
1043941
1044707
1049177
1051957
1067951
1069520
1070980
1074167
1082125
1084092
1086631
1088697
1096286
1102807
1107486
1108591
1134670
1137948
1142086
1143796
1145118
1145816
1146313
1147163
1148245
1150942
1162653
1163056
1165926
1169318
1169912
1169999
1173392
1173879
1178014
1179379
1190088
1190396
1195573
1197356
1201191
1210431
1215461
1227849
1227931
1229484
1244708
1247642
1259237
1259385
1266246
1266784
1274942
1277097
1281097
1286780
1289953
1300380
1304296
1311692
1316330
1335403
1336556
1347986
1353516
1357656
1358179
1372695
1372936
1375434
1379043
1387486
1390141
1395312
1396554
1401318
1401739
1402748
1402941
1404482
1408150
1412325
1413937
1425161
1430956
1431289
1431578
1434731
1436293
1440282
1441543
1441595
1444090
1449317
1450350
1459306
1464714
1465433
1466785
1491820
1493415
1497989
1500562
1501646
1506238
1506460
1509266
1511286
1513111
1517366
1520055
1520110
1524079
1524300
1528399
1552352
1557176
1557313
1558443
1563794
1569425
1574926
1580237
1592547
1600898
1606874
1607895
1608795
1626366
1626517
1638863
1639687
1642332
1645711
1649279
1657023
1657879
1662157
1663815
1667973
1668836
1673711
1679479
1683257
1686151
1686288
1688043
1689548
1690673
1697767
1698512
1705409
1709284
1710442
1714963
1736261
1757174
1759548
1763727
1771023
1771969
1773243
1775362
1775708
1776789
1777089
1777573
1787374
1789761
1811498
1811844
1812216
1812863
1814756
1822814
1823195
1825149
1826790
1828612
1831069
1838065
1840633
1850334
1851526
1859931
1861333
1862708
1868441
1868813
1870367
1870370
1887537
1891234
1895298
1899180
1906681
1908430
1910837
1912899
1913986
1914206
1919222
1926974
1932772
1935991
1936743
1937682
1941080
1942353
1942867
1946830
1948471
1956448
1956700
1971481
1974562
1975219
1975866
1977410
1978392
1980439
1983786
1986162
1987591
1992095
1999097
