-1998332
-1998070
-1994493
-1991279
-1970061
-1968765
-1967865
-1963528
-1958788
-1943664
-1940762
-1939201
-1939057
-1924147
-1922664
-1919086
-1918849
-1918761
-1915510
-1903648
-1885775
-1885756
-1884984
-1880818
-1880814
-1880281
-1878902
-1873393
-1872422
-1866546
-1862367
-1860060
-1845698
-1841368
-1837784
-1835894
-1835719
-1828065
-1826594
-1825018
-1805767
-1805468
-1782909
-1778793
-1777715
-1775513
-1772328
-1769030
-1767700
-1764869
-1760882
-1753213
-1748530
-1744530
-1744210
-1740196
-1739618
-1736817
-1736631
-1734769
-1726937
-1725190
-1722179
-1721793
-1717566
-1715964
-1713197
-1712185
-1711647
-1702697
-1698455
-1697015
-1687200
-1687110
-1679821
-1677645
-1676729
-1674902
-1673666
-1672415
-1663463
-1660363
-1658320
-1657432
-1657090
-1652446
-1639524
-1632775
-1626781
-1622486
-1616486
-1612212
-1612210
-1599104
-1594810
-1594668
-1594296
-1592871
-1577736
-1573983
-1573918
-1564799
-1561017
-1557875
-1557312
-1537698
-1535339
-1532212
-1528212
-1523501
-1518410
-1516346
-1515271
-1510346
-1499006
-1489382
-1487959
-1479164
-1475373
-1470276
-1467282
-1463059
-1460839
-1460252
-1459287
-1459065
-1454296
-1450914
-1449320
-1449057
-1447829
-1441366
-1439892
-1436949
-1435712
-1435534
-1432068
-1431821
-1423892
-1416208
-1409645
-1389804
-1384362
-1384094
-1383745
-1376630
-1366912
-1366640
-1361049
-1360507
-1351079
-1344172
-1343691
-1341873
-1340810
-1337823
-1331370
-1323588
-1315114
-1313596
-1312806
-1312316
-1308458
-1301830
-1300394
-1297183
-1296627
-1292474
-1288781
-1288424
-1288419
-1284789
-1269144
-1262973
-1259708
-1257967
-1253704
-1249186
-1243630
-1240132
-1238975
-1238702
-1236557
-1227846
-1226202
-1221004
-1213881
-1212133
-1212096
-1209084
-1208490
-1207834
-1202569
-1202006
-1200835
-1199250
-1199011
-1197483
-1185741
-1181669
-1180008
-1171260
-1169410
-1167480
-1166043
-1166026
-1165973
-1156313
-1155620
-1155543
-1154336
-1152065
-1149149
-1148125
-1140608
-1139585
-1138694
-1128926
-1128533
-1125615
-1124988
-1117952
-1116647
-1109286
-1107935
-1103386
-1098313
-1098149
-1094244
-1087775
-1087624
-1077791
-1075753
-1066054
-1064513
-1063449
-1062758
-1043022
-1042772
-1037179
-1035821
-1025035
-1024972
-1018096
-1009809
-1004393
-1002717
-984666
-980942
-979442
-973640
-970216
-964993
-959562
-957446
-956358
-953873
-953039
-952762
-946634
-932639
-924552
-920574
-919078
-910381
-907973
-901986
-901085
-894210
-892949
-891287
-890981
-890898
-887706
-880444
-875218
-874162
-873316
-873027
-871003
-870649
-867093
-864240
-862642
-860701
-848122
-844054
-839441
-836916
-836518
-834162
-831494
-831262
-818896
-817060
-816206
-812654
-812534
-805775
-799663
-797043
-792174
-779689
-777589
-766959
-763509
-758031
-757283
-753114
-751161
-749143
-742548
-741551
-738909
-733492
-729673
-726780
-726743
-721924
-719354
-718767
-718265
-718138
-717353
-713938
-704247
-694601
-690254
-688928
-686538
-682360
-679396
-679024
-677928
-668427
-667749
-662718
-650594
-644947
-643330
-643167
-641659
-640522
-637449
-637407
-634308
-630686
-629798
-629663
-628926
-616570
-616172
-608418
-605217
-601883
-600512
-594005
-580239
-577739
-575720
-575504
-572126
-563997
-562363
-546021
-541881
-538309
-536827
-534646
-533467
-528039
-525286
-512825
-511109
-509957
-508064
-504613
-503697
-497469
-496537
-492915
-489454
-486003
-478695
-478415
-477030
-476160
-471991
-471239
-468899
-468318
-467801
-462703
-459467
-451809
-441325
-439503
-435362
-430789
-426700
-426100
-417923
-417360
-403430
-395203
-394893
-370229
-366055
-357429
-353626
-353552
-350746
-342472
-342068
-340368
-338953
-336026
-329131
-325107
-322699
-322288
-308385
-307095
-305954
-304068
-293311
-290521
-290088
-288555
-286183
-285598
-284834
-281929
-281789
-267997
-267255
-267165
-265942
-263515
-257933
-257012
-245418
-239761
-238870
-237333
-234547
-231665
-229458
-227606
-226446
-222272
-221536
-220439
-215680
-214634
-200210
-194704
-185310
-181692
-166447
-157103
-156218
-153381
-145487
-139243
-137387
-136777
-133688
-133674
-129235
-124474
-116877
-113338
-107046
-106007
-97889
-95760
-95503
-87076
-85734
-81534
-81526
-80039
-73970
-71134
-64530
-40862
-34464
-16231
-15008
-14886
-7016
2146
2939
5237
11053
12255
12579
16748
17779
20222
32781
33464
39053
54538
61980
63883
70172
86892
90873
93920
101835
102378
104265
105080
106459
107144
114696
125294
143828
149564
149997
153033
159375
160361
161276
168909
172374
174290
181655
186746
205311
211421
215034
215406
218378
219133
219956
223880
225079
225322
228374
231075
233198
246475
270786
272056
279350
282138
285775
287097
288690
291718
293230
295509
297938
311997
313629
314745
315243
317287
324563
331397
336937
341699
359596
360245
360646
361744
362723
365818
367644
369097
369300
371966
372415
378750
379615
383461
390756
402347
406726
410176
411752
414007
414994
416081
424351
426493
428277
429582
435504
450838
450938
452521
452649
454990
469217
472596
474773
480173
490221
491821
492755
494273
504429
506206
512108
512915
516267
523939
530271
532918
538408
541107
541377
546319
554461
554868
559823
562107
569574
570764
575603
579559
581978
584749
596259
597314
602925
603460
609520
610585
616436
618488
620180
621618
636550
638083
638996
646567
646890
648404
648862
654295
655666
657985
661687
663865
668847
673682
680808
684053
684391
687382
691650
698952
701145
709267
709743
710142
710499
719593
720376
727100
728760
731174
740729
741089
741232
741908
747677
750701
769760
781182
783792
784498
791188
793259
799418
804407
806205
810495
810792
814691
815934
820996
832365
838929
865307
870775
875733
880683
883251
887652
888202
893347
901502
904606
904833
905890
911608
914232
916348
919524
920706
927485
927870
930738
931384
946418
948104
950871
950913
952101
953020
955198
967255
969206
977086
982190
989830
990402
996801
997153
998042
1000809
1008960
1015094
1017166
1018610
1022415
1024141
1024261
1024975
1027979
1029166
1030508
1039542
1039621
1043398
1045527
1046735
1055082
1056764
1064361
1064465
1067972
1071021
1085850
1086188
1088400
1090585
1090821
1093400
1097357
1098389
1100179
1108314
1108650
1108859
1114861
1118238
1119902
1123569
1127797
1130243
1133895
1134948
1136907
1140513
1144661
1145443
1148273
1151316
1155382
1161192
1161611
1165688
1165711
1167948
1173508
1176762
1180958
1181817
1182896
1184650
1187159
1187442
1199461
1201484
1211353
1212260
1213065
1213263
1213847
1216108
1217212
1223109
1223203
1228819
1234858
1237169
1240280
1241343
1257947
1259264
1264458
1265964
1268710
1270699
1271060
1273981
1276965
1277117
1282052
1292739
1293343
1293407
1302712
1302896
1307132
1307709
1314996
1317709
1319110
1319320
1326319
1334116
1337286
1344604
1349307
1351671
1351911
1353131
1355162
1360882
1364825
1373000
1379831
1381494
1382147
1386413
1389978
1396059
1399006
1401074
1401612
1408484
1409458
1410539
1410904
1414410
1418185
1420780
1429700
1432895
1438460
1462241
1466087
1467788
1472108
1474855
1475408
1482188
1484852
1487549
1490738
1491328
1494275
1494580
1496267
1500499
1500600
1502592
1506487
1515771
1517512
1522851
1523032
1525011
1526760
1526945
1529337
1531078
1531336
1535192
1536372
1536838
1542642
1551029
1552618
1556715
1559144
1576911
1578321
1588185
1589770
1589923
1590593
1597955
1601241
1605653
1607592
1619440
1620866
1622448
1624493
1625607
1627591
1628810
1631805
1631896
1633829
1637181
1638803
1642218
1646738
1649151
1651794
1655026
1660081
1661595
1664364
1666123
1673039
1673657
1676994
1680115
1682189
1685427
1690380
1690769
1693280
1696682
1709009
1711980
1715650
1722384
1730990
1732994
1736595
1739090
1741319
1743262
1749771
1755566
1755634
1765720
1770990
1773942
1777212
1777460
1780441
1787916
1790798
1794355
1795634
1800966
1801108
1803152
1809900
1809984
1812219
1814587
1825549
1835597
1838352
1842335
1848980
1854595
1860518
1860757
1871781
1882581
1886263
1890984
1893227
1904934
1905999
1907639
1910786
1917217
1920348
1925499
1938911
1945530
1946375
1948189
1948572
1952657
1968475
1975739
1978807
1979558
1982684
1987728
1991926
1996265
1998816
