-1999877
-1998342
-1998306
-1995526
-1992352
-1990272
-1987232
-1985216
-1977863
-1977361
-1975859
-1971831
-1967936
-1963723
-1963060
-1962896
-1962523
-1957187
-1954649
-1949992
-1946623
-1945142
-1941219
-1934794
-1933864
-1931353
-1928182
-1920885
-1920227
-1915584
-1910056
-1902086
-1896921
-1895418
-1894995
-1889067
-1882384
-1880544
-1879454
-1878166
-1875566
-1868530
-1858268
-1856854
-1855858
-1853184
-1852742
-1844582
-1835872
-1830449
-1827971
-1827125
-1826807
-1816782
-1815742
-1812167
-1799640
-1794015
-1787197
-1782586
-1780267
-1779977
-1777635
-1772546
-1772100
-1767818
-1760375
-1755157
-1750937
-1749096
-1746839
-1744684
-1743951
-1739605
-1737998
-1731198
-1728362
-1705437
-1694824
-1691215
-1677669
-1675986
-1668741
-1665669
-1662180
-1657232
-1655903
-1643817
-1640181
-1639181
-1636223
-1631175
-1626370
-1625641
-1610661
-1610593
-1610586
-1610182
-1609632
-1608703
-1607841
-1602704
-1592313
-1587437
-1585207
-1575853
-1574948
-1569748
-1568204
-1561756
-1558927
-1546268
-1544916
-1541828
-1534921
-1533836
-1533781
-1531281
-1527393
-1520667
-1513142
-1512273
-1506562
-1505710
-1502789
-1500634
-1491543
-1490066
-1487127
-1480946
-1461006
-1460526
-1459040
-1457907
-1456087
-1449192
-1437175
-1435992
-1429261
-1429027
-1426694
-1425842
-1414505
-1411271
-1410991
-1409016
-1407956
-1404255
-1400457
-1381513
-1378233
-1366057
-1361026
-1360487
-1350857
-1350822
-1348492
-1344965
-1344766
-1344097
-1339275
-1337712
-1335359
-1333077
-1332851
-1300540
-1298580
-1297978
-1296162
-1294862
-1294538
-1289530
-1285141
-1272002
-1269191
-1267041
-1266559
-1264945
-1262018
-1248207
-1245209
-1244780
-1238352
-1234722
-1231637
-1225880
-1225778
-1213579
-1210273
-1210000
-1207383
-1200252
-1196675
-1194200
-1192852
-1189365
-1186903
-1186755
-1186308
-1178887
-1176126
-1173856
-1169311
-1167740
-1164947
-1136050
-1129280
-1118109
-1110807
-1105596
-1105246
-1102982
-1096582
-1088201
-1079286
-1079042
-1077023
-1074351
-1059205
-1051476
-1049248
-1048923
-1044022
-1041465
-1040115
-1035924
-1031097
-1030515
-1023675
-1021875
-1004424
-1000076
-997780
-996963
-996707
-992520
-985889
-984958
-973161
-968239
-968175
-965076
-960660
-959397
-959231
-956174
-954322
-954154
-953155
-951606
-944474
-940043
-933423
-932731
-928557
-923104
-911439
-905492
-902738
-899566
-896169
-894323
-893324
-880227
-879828
-879607
-879370
-878699
-873431
-871577
-860620
-858403
-856552
-850687
-848898
-845774
-843605
-841015
-828146
-814027
-811570
-810400
-794817
-793831
-787207
-785849
-779859
-779311
-773356
-770319
-765779
-763883
-760478
-757440
-757210
-757045
-733799
-729082
-722818
-718347
-714889
-710641
-707725
-698078
-697336
-697004
-687283
-675034
-674622
-671815
-671371
-670185
-668561
-666784
-663702
-658895
-655625
-655355
-654212
-650757
-646588
-640252
-636753
-635719
-635666
-630882
-629519
-629391
-629251
-621082
-615092
-612255
-611522
-598494
-592356
-580794
-580257
-576698
-576379
-576152
-571216
-571125
-567286
-556768
-550730
-549541
-544829
-541410
-541042
-538758
-534818
-533857
-526873
-523606
-500783
-500732
-499893
-481765
-474777
-468688
-466408
-461400
-459723
-455548
-452847
-450174
-445478
-441920
-440430
-438339
-432802
-425449
-416010
-414606
-411419
-410104
-406688
-402526
-399966
-398320
-395340
-391104
-388372
-384561
-382340
-381094
-379979
-376553
-371771
-367948
-361528
-361068
-353422
-347561
-346542
-343504
-333890
-330715
-330390
-329323
-327586
-326468
-325002
-324701
-318708
-317457
-315840
-312163
-297084
-293393
-292697
-283752
-279480
-276114
-268822
-252299
-243043
-241595
-230684
-215311
-215031
-213047
-200341
-194288
-186561
-186083
-186069
-180918
-177407
-177404
-176242
-174504
-170861
-165621
-163106
-156600
-155399
-154902
-154901
-154289
-151972
-149101
-143824
-137991
-131680
-130660
-125752
-125685
-124633
-124363
-124291
-121177
-107125
-104413
-104098
-103368
-98449
-90199
-75261
-72630
-70385
-69453
-62127
-51292
-45934
-44609
-42932
-40892
-38751
-34004
-31684
-26407
-20075
-15378
-14561
-8094
-3045
-2148
-1489
-935
1631
3382
3399
15919
17841
18748
20669
21062
21430
24000
40328
40536
46052
50735
51936
58650
60556
61381
61648
68284
71419
74272
74363
75785
76087
78860
80576
81640
82872
85006
85514
87637
100387
100639
104472
107116
108738
109322
115805
117751
118147
120288
130686
137933
143042
155845
165566
165636
167090
168561
173494
180195
183855
184246
193338
198040
205853
210910
215802
215855
217220
218155
224756
227003
241583
247752
251099
256882
258068
266947
269660
271698
272586
283006
283570
298408
300576
303175
305917
311132
311330
313744
315197
316326
321006
323475
325592
329219
333380
335033
335853
337212
338181
338618
342209
343598
344692
350087
351189
360208
367668
369044
383983
402464
410448
416980
418382
420818
421814
424068
426993
428578
431882
434347
437624
439419
440691
443077
443249
443385
452810
454373
458594
460250
468437
470770
470910
473038
473065
474143
483084
493258
507726
513186
527939
528143
528395
530915
535015
535976
541135
541650
546714
550291
554256
558928
565747
570994
583113
584970
586228
590409
596046
608763
609356
609447
624308
629885
636388
649578
659185
663375
663731
669149
673832
675123
675408
677343
677761
677908
678561
678772
689171
690408
704520
705329
708191
721493
729026
730683
733239
737175
738563
739014
739110
739548
742180
748627
748888
750877
756383
759087
759693
762887
768634
768857
772594
773543
779933
780459
780587
782993
792237
798819
799423
811538
816569
820370
825950
831477
833669
851117
852387
856202
856238
856457
857275
857941
858967
861762
862695
866601
866909
870585
871599
872021
872243
883027
895236
895857
896675
900123
900209
904402
923353
925289
926106
930395
932944
934387
940208
943231
948504
954151
954523
955153
955267
955753
956492
964535
965030
973769
975497
979532
988061
988410
988630
994035
1000001
1003706
1006337
1010525
1011767
1015903
1017991
1019969
1022456
1027157
1032987
1034073
1034670
1039494
1040310
1043853
1044901
1045622
1047681
1050090
1050599
1051346
1061774
1067387
1071813
1072754
1073297
1073969
1080100
1082421
1084818
1086449
1087256
1101274
1102327
1112383
1114263
1118159
1118187
1120368
1126022
1135614
1146714
1147650
1153974
1159932
1167011
1169089
1172020
1172784
1174812
1178417
1185286
1185957
1188387
1189586
1190007
1190970
1192480
1200646
1204298
1207798
1209636
1211098
1213793
1216713
1218455
1219405
1221355
1222585
1228982
1231671
1235478
1237716
1240451
1240469
1242482
1242788
1251616
1257482
1271272
1272666
1282417
1283290
1283881
1292047
1296216
1304107
1304909
1308148
1313600
1318509
1322032
1326629
1326766
1333465
1341673
1342434
1343150
1344257
1344534
1345628
1354335
1358830
1359984
1360365
1363815
1382828
1384361
1385586
1394511
1395278
1411667
1414509
1426463
1431033
1432345
1446552
1454515
1457609
1463294
1467560
1467658
1467860
1478555
1481650
1482856
1493707
1493779
1495298
1497276
1498035
1498565
1500618
1501108
1501244
1501825
1503459
1509555
1511397
1511476
1512916
1517280
1521249
1523075
1525010
1530473
1533899
1534947
1536303
1536772
1548735
1551903
1552342
1554861
1555752
1557757
1559352
1559416
1563312
1563890
1564275
1564707
1568210
1570530
1571657
1574257
1575151
1577262
1592344
1607976
1608529
1609182
1610485
1621300
1623351
1630307
1631285
1634523
1634816
1635466
1640401
1642722
1644329
1645024
1648336
1649824
1650362
1659663
1661124
1666525
1668926
1674143
1679710
1688242
1690052
1692137
1693711
1695196
1700885
1703779
1713839
1715288
1721130
1731504
1738830
1739802
1752394
1756334
1757023
1762582
1775045
1775872
1782149
1785298
1787515
1792708
1793696
1797358
1802671
1804796
1805114
1807569
1830926
1830932
1834311
1836473
1838295
1847857
1848587
1856724
1876280
1880781
1882336
1885028
1885795
1886934
1889846
1890183
1898219
1900998
1903521
1907189
1908337
1910782
1915634
1928532
1942430
1943676
1943836
1952340
1955297
1961012
1963307
1963956
1967106
1974371
1976090
1990310
1994340
1998558
1999920
