-1999118
-1997909
-1993749
-1993654
-1991670
-1986870
-1983009
-1981870
-1972642
-1967446
-1966456
-1965140
-1952036
-1950270
-1944290
-1943612
-1939933
-1939931
-1939931
-1936498
-1933578
-1932804
-1930946
-1929897
-1926552
-1918199
-1917561
-1913364
-1897431
-1896378
-1892476
-1867255
-1857193
-1856737
-1851366
-1843019
-1834956
-1829801
-1827920
-1825847
-1823671
-1820025
-1819761
-1812481
-1808947
-1808391
-1800857
-1796625
-1795901
-1795766
-1788323
-1783657
-1780978
-1768378
-1754396
-1748599
-1745124
-1744877
-1729628
-1723237
-1718333
-1717436
-1716986
-1715215
-1713963
-1713627
-1692186
-1687946
-1685432
-1682835
-1680545
-1679642
-1674400
-1667087
-1659764
-1658904
-1655348
-1651133
-1635891
-1634021
-1628816
-1628240
-1626319
-1619912
-1618035
-1617592
-1612867
-1611582
-1604582
-1599311
-1597033
-1596330
-1596244
-1594041
-1593660
-1590610
-1589452
-1586310
-1581487
-1581448
-1577443
-1575885
-1572973
-1570619
-1565898
-1560099
-1553781
-1550819
-1543778
-1543079
-1541650
-1540250
-1512776
-1509624
-1508143
-1493949
-1477576
-1474366
-1469988
-1468015
-1465549
-1464462
-1461531
-1459112
-1459082
-1454452
-1452867
-1450622
-1445093
-1445040
-1442870
-1440700
-1440425
-1437255
-1434244
-1433188
-1430946
-1420088
-1410716
-1405896
-1405192
-1403768
-1401686
-1401489
-1396486
-1391331
-1389267
-1389147
-1384219
-1372515
-1367410
-1364973
-1361040
-1355722
-1351895
-1351732
-1346165
-1334226
-1321605
-1311563
-1309055
-1308712
-1294125
-1293247
-1289022
-1287763
-1287411
-1279930
-1274873
-1273854
-1273685
-1273336
-1270734
-1262394
-1256390
-1246300
-1244752
-1240111
-1235424
-1231472
-1231163
-1230254
-1227444
-1226481
-1219382
-1214251
-1213856
-1211102
-1207386
-1204547
-1203133
-1195175
-1194702
-1190476
-1188694
-1181906
-1177237
-1175753
-1174731
-1171091
-1166166
-1163916
-1161781
-1161279
-1160998
-1157980
-1151506
-1147868
-1144565
-1139994
-1137112
-1131562
-1130444
-1124869
-1122522
-1110043
-1105663
-1104203
-1104029
-1102368
-1101064
-1100230
-1100122
-1100060
-1092083
-1091679
-1090387
-1089158
-1084781
-1084271
-1083055
-1073305
-1070621
-1067444
-1064705
-1063104
-1062723
-1061422
-1058735
-1057796
-1055938
-1055181
-1054087
-1053970
-1049937
-1043560
-1042740
-1039204
-1039198
-1030581
-1028948
-1024461
-1024192
-1022563
-1022561
-1015500
-1013819
-1008220
-1001537
-994267
-989319
-985060
-980825
-980553
-971372
-968279
-967655
-956612
-955911
-953596
-952916
-948835
-946973
-945902
-942747
-941651
-941531
-924648
-917871
-917299
-910381
-907983
-899285
-897802
-897397
-894004
-891266
-890194
-881061
-876264
-871064
-869759
-865697
-861273
-851227
-851100
-849416
-848499
-845920
-844332
-840181
-835841
-821554
-809532
-808967
-804548
-793889
-790120
-775291
-773703
-761925
-758861
-758219
-756255
-751348
-751237
-745819
-743533
-741860
-737513
-735496
-732068
-731639
-730301
-721918
-721298
-716762
-713254
-712349
-709684
-698370
-695997
-693146
-691075
-679233
-671151
-669868
-660899
-659785
-652546
-651266
-648734
-635680
-635524
-634166
-633107
-627171
-625903
-625006
-606779
-604954
-593569
-592016
-580645
-573272
-557706
-557112
-549796
-548914
-545490
-544774
-532511
-532027
-527875
-504703
-502781
-500248
-497826
-496741
-495005
-494626
-493086
-484255
-484146
-474565
-470545
-468689
-465033
-453681
-452388
-441391
-441344
-440498
-437563
-437255
-436168
-432063
-428423
-426146
-424680
-421787
-415775
-414190
-407813
-403202
-398082
-395844
-391989
-388556
-386576
-367793
-365795
-361913
-356832
-354989
-353997
-349740
-342996
-339458
-338819
-337060
-336709
-331193
-330194
-323066
-317208
-316723
-307755
-294002
-293505
-288647
-281658
-280845
-280332
-277062
-275597
-264493
-259353
-257056
-255604
-254432
-253692
-251768
-240397
-238728
-234577
-228520
-226505
-226450
-223805
-221132
-220561
-220301
-218477
-217494
-214914
-211508
-210330
-206636
-197038
-195621
-186716
-185544
-184414
-181714
-178863
-166219
-156504
-155793
-148079
-147375
-146662
-141142
-139408
-137720
-134404
-133743
-132533
-131823
-125253
-124325
-123957
-114389
-113004
-110467
-97934
-93442
-91582
-91427
-89525
-81880
-79602
-77914
-73014
-65125
-63739
-55352
-48103
-40923
-37604
-34621
-25553
-24400
-20524
-19038
-18843
-14538
-8477
-8339
-8232
-2772
642
1147
2421
5173
10786
12843
14292
16542
17429
21240
29507
30136
33524
35037
39769
43557
52613
61211
65835
65886
66538
67750
68427
80012
80142
82927
88178
97773
110555
114651
118250
125063
138177
140027
141426
141872
142464
144938
146797
155053
158701
159466
159760
159785
161129
164095
171520
175502
180063
183202
187862
189388
192055
193039
193097
203865
204050
229202
233836
240679
242856
261584
274977
277382
280228
287644
295401
297909
298344
299640
300692
312734
314001
315019
327807
329740
330188
332447
341858
342600
345567
345762
347114
355346
356132
368316
377721
383680
384995
390028
391188
394243
399000
405891
409835
411963
414448
416010
421907
424383
438163
443950
444828
447189
449760
450224
455506
456090
461111
461938
463442
464485
465554
466740
468113
469877
471188
476556
478508
497877
499736
501455
501911
502031
505575
516766
516802
531882
535196
537180
537689
537779
551018
553396
567777
568375
576186
577857
587214
587888
589538
595404
606721
608642
610988
612174
623170
625135
631950
635575
641667
652756
654137
664828
672562
677607
679112
679438
687780
693043
695954
698946
709141
715224
719161
720207
728013
735298
736258
742817
749264
749954
753874
757396
760301
764014
766432
768978
772631
776463
783618
789705
790150
796630
799249
805571
807915
809991
813166
815220
821244
821998
826468
836716
837775
838467
843351
857799
858720
859412
865926
872156
879691
880384
884670
886802
887122
888632
895294
897641
901828
902676
913263
914303
914395
914732
916434
916945
919601
921757
924882
932637
953319
956094
964596
965173
970399
971787
976115
985289
993259
997108
998570
1000332
1003266
1004729
1008314
1011048
1016059
1026876
1028798
1034258
1035193
1036136
1041280
1042689
1048353
1051257
1053903
1053938
1063663
1070368
1073636
1077518
1077906
1087091
1089158
1092329
1092602
1099384
1099813
1107498
1112635
1113001
1117670
1118754
1118870
1119016
1128623
1131945
1138079
1138875
1144685
1157353
1162953
1163678
1171279
1179225
1180923
1182236
1185726
1188317
1199758
1200274
1201796
1202784
1208818
1211897
1218585
1219013
1219395
1221734
1223113
1225314
1225840
1227367
1234077
1237242
1240183
1243574
1244911
1250697
1252615
1254401
1260348
1261159
1272312
1273948
1274171
1280453
1283078
1283893
1285755
1303485
1308000
1308398
1319726
1320121
1330559
1334838
1344091
1346112
1349628
1350524
1351632
1359069
1359236
1363874
1371222
1373528
1376192
1376509
1379983
1387925
1395090
1398826
1401070
1401462
1406381
1406824
1409189
1422757
1426221
1436204
1436476
1436909
1445326
1445436
1445829
1445962
1450326
1451147
1451732
1455479
1456401
1459119
1461761
1466085
1466187
1473727
1474381
1475843
1489593
1489958
1493380
1493544
1493704
1503867
1509957
1511134
1514453
1526560
1528943
1530915
1531307
1542461
1542899
1543473
1545827
1546908
1548454
1550598
1551607
1569133
1569577
1570434
1576141
1577307
1584967
1584993
1588350
1601353
1602079
1604594
1609422
1611427
1612468
1619562
1620669
1624675
1628022
1628413
1629323
1629843
1630482
1631313
1637358
1644628
1645224
1653812
1655006
1659603
1661754
1666063
1670982
1671501
1680292
1682242
1683155
1695001
1695629
1698718
1699124
1711202
1719704
1721944
1726143
1727768
1729391
1730882
1736150
1736986
1737421
1741059
1742809
1747543
1754776
1760732
1761147
1762105
1767631
1773504
1773964
1781499
1787655
1794958
1795886
1796410
1801493
1806245
1808863
1811392
1821230
1824234
1826938
1829527
1833898
1840142
1840402
1841063
1852144
1856681
1863851
1870190
1874257
1874911
1876121
1877114
1879887
1883385
1885466
1890723
1899836
1901966
1903048
1904490
1906091
1911554
1912867
1915150
1916728
1918659
1920131
1922879
1927702
1928734
1929670
1935583
1953069
1967541
1970187
1970610
1972493
1982683
1990991
1991481
1992455
1993700
1994495
