-1985073
-1975443
-1974886
-1971385
-1964262
-1964167
-1956167
-1952217
-1945462
-1938514
-1935860
-1932754
-1929380
-1926089
-1924207
-1923867
-1917285
-1916032
-1914120
-1912300
-1909053
-1897714
-1897668
-1897106
-1896000
-1884614
-1881688
-1877295
-1867330
-1861704
-1861687
-1860342
-1860198
-1858160
-1856031
-1853915
-1850743
-1845853
-1843530
-1840813
-1840329
-1836905
-1832572
-1829673
-1824170
-1813799
-1808163
-1804484
-1802570
-1802404
-1797775
-1797553
-1792919
-1792298
-1788821
-1781460
-1781271
-1772512
-1772012
-1763911
-1748537
-1742905
-1734385
-1731580
-1724499
-1716917
-1714116
-1712501
-1709712
-1708375
-1706750
-1700514
-1686279
-1682860
-1672530
-1667561
-1662708
-1660752
-1655796
-1654364
-1645259
-1642466
-1637572
-1637035
-1635689
-1629758
-1628302
-1627036
-1609420
-1604398
-1601541
-1599147
-1597638
-1590274
-1590117
-1588867
-1587030
-1576079
-1568131
-1566055
-1564678
-1561832
-1558274
-1556358
-1555291
-1549583
-1544476
-1543443
-1542527
-1541423
-1535248
-1534147
-1528627
-1518963
-1517022
-1515518
-1507096
-1505173
-1499877
-1499237
-1497773
-1497259
-1496273
-1491945
-1490120
-1485066
-1482614
-1481068
-1476696
-1476512
-1475916
-1475801
-1472165
-1468970
-1462754
-1457228
-1451127
-1447535
-1447120
-1446885
-1443544
-1437106
-1435780
-1431374
-1429739
-1429065
-1427623
-1427459
-1419435
-1413188
-1409974
-1407350
-1406817
-1401546
-1396497
-1391657
-1390401
-1389883
-1389502
-1378475
-1375033
-1370937
-1366638
-1366288
-1359582
-1356993
-1348592
-1346878
-1330135
-1326462
-1324109
-1316482
-1308881
-1308046
-1304358
-1303553
-1302540
-1294120
-1292103
-1290857
-1276469
-1272729
-1253139
-1251741
-1248317
-1217527
-1209097
-1208332
-1199833
-1192776
-1192347
-1190193
-1188990
-1188810
-1180037
-1171382
-1170251
-1163222
-1158116
-1154259
-1142345
-1140317
-1136168
-1129327
-1116227
-1111297
-1110523
-1107533
-1105681
-1105326
-1101094
-1098575
-1090590
-1088590
-1085267
-1082957
-1081725
-1078684
-1068075
-1067367
-1062891
-1058817
-1049956
-1046736
-1042286
-1035211
-1027624
-1027328
-1026405
-1021945
-1021919
-1020737
-1010444
-1006538
-1006185
-997018
-993919
-987619
-986791
-982510
-977968
-975825
-971690
-970238
-969533
-963268
-949066
-948199
-947174
-944150
-942791
-939871
-937535
-932875
-930618
-926873
-926730
-926503
-926332
-925935
-925733
-924139
-924067
-918636
-917745
-916664
-916048
-908514
-907118
-906635
-903484
-896063
-893776
-888945
-885657
-884117
-875106
-868034
-865715
-861470
-861239
-856327
-853810
-852015
-847524
-843942
-843107
-841907
-836423
-835991
-834836
-824434
-823277
-823094
-815129
-812083
-803962
-798540
-796049
-793668
-790478
-785636
-782615
-781594
-780163
-770976
-769164
-764474
-762281
-758667
-753912
-747071
-744977
-741960
-739091
-738185
-734854
-734123
-722606
-718819
-716725
-714237
-714031
-710431
-710108
-709933
-704444
-702479
-698316
-690858
-688394
-680699
-680553
-680316
-678640
-669116
-660189
-658993
-658495
-652919
-651395
-648064
-631846
-612097
-603320
-603266
-603170
-599599
-594633
-589558
-588688
-585991
-584666
-580550
-578389
-571273
-567346
-567177
-566319
-564143
-562573
-562382
-560060
-550209
-544817
-543270
-536858
-534984
-532673
-524470
-523535
-521571
-513586
-513112
-508697
-504603
-498853
-495875
-493646
-489912
-485843
-481451
-481398
-480203
-477650
-476107
-470078
-466029
-457086
-446744
-446672
-442493
-439782
-439143
-434525
-433130
-421848
-416329
-404509
-402126
-396174
-392060
-388513
-387491
-385836
-380625
-376744
-370012
-365960
-360345
-356963
-353609
-353423
-344743
-341877
-339975
-334035
-326972
-320804
-317127
-314121
-310436
-310291
-308153
-303893
-299358
-298864
-296656
-293781
-283063
-281483
-265944
-264434
-263117
-262421
-256030
-255591
-255039
-251383
-248603
-245677
-244317
-241465
-240069
-239088
-235498
-229394
-214683
-211754
-211256
-204986
-203097
-199574
-197826
-190370
-190306
-188707
-185921
-169765
-168040
-167372
-166374
-160082
-158173
-157461
-157250
-152509
-152302
-131098
-127888
-125304
-107771
-106925
-103824
-94368
-93746
-91619
-88887
-86490
-83881
-82128
-78604
-77703
-69107
-64624
-62019
-59988
-56830
-50894
-45438
-41829
-36250
-36105
-35252
-35030
-34507
-31893
-25800
-19745
-16528
-6968
-6498
-4294
-2769
431
1949
4364
12263
13116
19958
22451
22575
22944
27649
29653
30480
31825
32735
33415
33828
41653
47599
65880
66789
67931
78656
83817
86177
88789
89978
90445
97647
111203
119290
122909
126851
133790
136441
142381
150766
156626
162019
166301
168029
170451
175043
178482
178533
183261
191316
192367
193713
197667
209344
213928
215521
218188
221169
233919
236736
238355
239237
243449
244779
248908
249343
252924
266285
269789
279838
281513
282894
289652
292368
295329
297988
305989
306644
313689
322350
324794
328670
329590
330204
330303
333202
336810
342951
351895
354466
357304
360533
362645
371831
372553
376006
377800
378619
382263
383560
385953
386423
386729
387231
400171
401484
406907
410716
417724
427389
440819
441170
441996
442946
444082
446570
447414
448157
452105
457060
469176
469592
474164
477386
478387
479301
484134
486181
487180
495755
501895
503877
510094
512263
525135
528401
532145
534953
536637
538054
541370
544802
545370
545436
555274
557987
558803
567710
568443
590863
609142
609823
609964
639610
640071
642480
648213
651679
653421
655474
661718
662873
663764
665033
666476
667190
668947
670681
671066
672002
673125
673895
674270
676696
686802
689520
689702
690829
703070
705171
711772
713103
718903
721188
727531
730516
738710
739856
749405
760351
766883
775591
775987
778882
783364
785687
790160
790846
790847
791321
795397
805785
805884
810369
814756
819710
824684
830231
832296
832359
838591
841495
841789
844824
853346
853986
857617
859142
865667
870687
871372
871408
875225
878243
881523
884106
886712
896045
897261
897787
898661
905673
912236
917357
920870
923672
923745
926658
943049
949417
951989
953314
953676
959705
960969
963361
967439
969679
971470
974672
983782
984929
986608
987502
1001265
1010420
1018185
1019831
1020431
1022042
1024290
1029409
1033404
1034800
1041708
1044051
1045308
1045765
1048947
1053072
1064475
1065372
1073942
1081372
1081651
1085050
1085125
1088913
1097530
1100195
1102235
1108311
1111709
1119101
1121222
1121262
1123753
1132419
1135704
1138400
1150200
1150761
1157055
1162370
1172985
1174140
1174432
1184792
1189684
1190669
1208155
1208360
1210589
1212580
1215517
1225088
1225939
1228335
1230373
1235086
1236031
1236213
1236432
1238039
1241982
1242632
1248281
1252520
1261575
1265487
1265543
1265618
1270199
1270822
1271161
1280685
1294791
1297042
1307548
1311789
1312120
1313734
1314500
1316843
1320842
1324139
1329414
1353898
1359235
1364941
1366331
1369402
1374698
1377087
1377124
1394834
1397063
1397309
1402680
1427700
1431758
1436500
1437384
1437558
1441865
1442501
1445907
1446885
1448635
1453522
1454701
1457864
1458917
1459144
1460044
1464174
1468361
1471368
1474646
1476441
1476705
1478292
1478323
1483139
1488052
1490369
1493274
1498075
1501507
1510599
1511657
1512194
1514085
1521421
1528272
1537398
1539683
1545456
1547149
1548102
1550060
1550507
1553801
1554346
1556615
1558581
1563891
1570404
1571194
1576665
1576855
1583833
1585431
1588532
1596728
1602830
1613474
1618270
1622705
1625465
1628149
1641253
1643292
1644979
1649809
1654627
1657265
1659735
1674705
1676263
1679221
1682233
1688360
1699625
1699914
1699915
1708217
1711664
1716595
1718343
1720390
1722279
1727436
1733360
1742351
1745074
1746795
1751616
1751924
1758691
1760611
1763851
1769849
1797162
1797463
1801267
1801735
1801941
1803263
1803660
1804804
1811151
1811523
1813983
1817055
1817772
1820986
1821719
1826584
1831210
1837915
1840248
1845715
1852415
1862773
1862854
1873631
1873835
1874906
1875788
1888411
1892676
1902863
1905844
1910737
1911020
1911320
1911586
1913836
1914152
1918893
1919671
1924283
1926030
1929728
1935668
1939104
1948408
1954624
1963574
1971267
1974922
1975319
1977094
1977982
1983696
1986205
1996950
1998162
1999334
