-1997892
-1995753
-1990930
-1983566
-1975106
-1965878
-1965791
-1960575
-1954235
-1953266
-1949153
-1948679
-1944117
-1939463
-1936303
-1935728
-1924303
-1923831
-1921764
-1912260
-1906055
-1895666
-1894952
-1892341
-1888164
-1879741
-1878261
-1877544
-1874597
-1874538
-1872825
-1865589
-1863831
-1862495
-1861761
-1858762
-1853095
-1843504
-1837854
-1831321
-1825377
-1823566
-1822998
-1818531
-1814403
-1813265
-1811545
-1806087
-1803939
-1802258
-1797106
-1797093
-1795788
-1777141
-1776639
-1774705
-1773343
-1771957
-1770367
-1768718
-1767163
-1765671
-1764528
-1759940
-1755936
-1743228
-1739803
-1738750
-1738337
-1733803
-1724893
-1711779
-1709881
-1707632
-1705202
-1700661
-1698368
-1691748
-1691111
-1686030
-1679850
-1673664
-1671341
-1670634
-1662471
-1661415
-1658718
-1656569
-1654385
-1647545
-1646769
-1643720
-1625309
-1621920
-1615799
-1614520
-1612406
-1609568
-1605150
-1590289
-1581151
-1579858
-1579824
-1569531
-1567892
-1563911
-1563267
-1560279
-1550975
-1544572
-1536553
-1531828
-1528651
-1527159
-1521786
-1520255
-1516481
-1512795
-1495994
-1489826
-1488777
-1487435
-1484364
-1479708
-1475524
-1473913
-1471982
-1470224
-1462504
-1459170
-1458758
-1458412
-1451233
-1450633
-1448735
-1448511
-1446619
-1444967
-1443202
-1441339
-1438794
-1436555
-1426209
-1422691
-1419774
-1417998
-1414614
-1406636
-1402892
-1401822
-1401109
-1399413
-1397800
-1394835
-1391322
-1391223
-1390183
-1381000
-1374193
-1370254
-1360155
-1359852
-1355217
-1353661
-1351343
-1346666
-1341952
-1337712
-1337304
-1336123
-1334816
-1329648
-1325986
-1322602
-1321721
-1319414
-1315514
-1313717
-1304209
-1299547
-1289118
-1287639
-1285132
-1280956
-1277600
-1276872
-1270724
-1267987
-1264765
-1262372
-1260902
-1259769
-1258183
-1254199
-1253743
-1250973
-1250814
-1233374
-1227708
-1220672
-1209841
-1204404
-1203654
-1201830
-1201665
-1201467
-1195853
-1194396
-1190305
-1190293
-1188721
-1186076
-1185562
-1184239
-1179802
-1160344
-1159955
-1153219
-1151155
-1149503
-1143673
-1139972
-1138933
-1138375
-1134988
-1134981
-1131216
-1127101
-1123143
-1122630
-1121372
-1109672
-1093375
-1090168
-1081208
-1072653
-1059780
-1057980
-1055309
-1055185
-1045763
-1045594
-1042645
-1042069
-1034055
-1025641
-1024748
-1022922
-1014410
-1003810
-1003040
-1000169
-991526
-982416
-974254
-966679
-964037
-956401
-951203
-950972
-949894
-945620
-937735
-935480
-928746
-928425
-927153
-921853
-912083
-911774
-910944
-906274
-895499
-893789
-886656
-883879
-883242
-876747
-872415
-869191
-866156
-865130
-860794
-848724
-845397
-844618
-842753
-838357
-837559
-829685
-829023
-828497
-822783
-821802
-819699
-815955
-812832
-809703
-808055
-802484
-799971
-797285
-780362
-775176
-770166
-769209
-768765
-762846
-751521
-750526
-750156
-748578
-746012
-738881
-736590
-736449
-735300
-729378
-727544
-722823
-722797
-720275
-720175
-711532
-709040
-708521
-707230
-702900
-688406
-675378
-674368
-673738
-669711
-661332
-657776
-654389
-651049
-640144
-637063
-635736
-633843
-630871
-626391
-620519
-614194
-610162
-609671
-605946
-599295
-592842
-591973
-589882
-585158
-584800
-583103
-579833
-577706
-577350
-576532
-573705
-572604
-562874
-559225
-555910
-553107
-552025
-552018
-550409
-547818
-535582
-535267
-530457
-525543
-524249
-524020
-523803
-520559
-513354
-507403
-506997
-501689
-491298
-489646
-487523
-481739
-481498
-473387
-468550
-462537
-451163
-444935
-443681
-434837
-429951
-427198
-425701
-421546
-415583
-414753
-411956
-409053
-394412
-394364
-390496
-387077
-378507
-374472
-372005
-363791
-363308
-360510
-354101
-353792
-351609
-340671
-321632
-307992
-301907
-296694
-294507
-290903
-288750
-287926
-278458
-272988
-258589
-254112
-250660
-248169
-245293
-243730
-238425
-237442
-235786
-235388
-233578
-225273
-221361
-219919
-218466
-217633
-217375
-212974
-202922
-194792
-185354
-182905
-182407
-181517
-180896
-180586
-178115
-171410
-167536
-165181
-154405
-150470
-138466
-138382
-134858
-131467
-124154
-116660
-114449
-111523
-103384
-96493
-88730
-86441
-83940
-81488
-78481
-76298
-70701
-68205
-65227
-64395
-61132
-60648
-57298
-57240
-55899
-55229
-54687
-53278
-50301
-42460
-33649
-30599
-27291
-25975
-22801
-22781
-22115
-19020
-16120
-12631
-11514
-9385
-7262
-4090
3434
6570
6740
12506
18045
23287
30535
36596
42348
44814
47364
50022
55098
58630
73297
76681
80118
82087
86626
87939
92818
100862
110389
113512
113615
120734
123505
137727
145876
148169
150747
155998
159188
161988
172812
175951
177307
182559
187446
192793
208146
212556
213450
219499
221526
224822
226882
229192
230864
237576
240992
241351
249660
255555
257456
258986
259934
262823
264305
285845
304996
305770
318527
321333
328326
330860
337096
341046
341356
347481
348521
351596
356178
362736
362892
363288
365528
366709
376318
377296
377611
380183
392737
393014
393214
394181
397392
401421
405272
406561
407923
422617
423611
427804
435808
437271
437343
441736
441861
445590
450063
453659
454163
455617
455954
459097
463299
466982
467579
471258
479005
488380
490632
494890
495858
496409
497778
503039
503288
505132
511824
518652
523664
527335
539251
539912
545072
552225
553500
555794
560684
563962
566709
568320
570666
576730
577864
586943
589458
591198
596952
597115
598801
600064
602710
606170
617981
622969
624065
624260
626924
632850
633134
640438
641409
646079
647581
648460
662116
668359
672668
673009
675307
676345
677174
678305
683353
690561
694386
698443
701851
702926
706121
708007
711990
713630
715725
721979
722026
723693
728532
729291
730592
732593
744791
747858
750271
755718
760506
764838
765283
771160
771324
772778
774590
779960
786303
789059
791691
791887
792314
795097
795294
798255
798294
800575
821300
824736
833892
837900
843750
844378
844958
852954
865993
867524
872156
873240
874177
874369
875259
899148
903489
907795
908773
914901
916896
922508
931595
933593
939281
942432
945374
946408
955872
959224
960946
970521
970631
976782
977621
981693
986074
992860
993154
1000647
1004581
1008289
1010747
1011262
1011485
1018852
1031307
1033188
1041221
1043007
1044147
1051260
1055976
1057493
1061678
1062324
1063094
1066575
1067005
1067884
1070534
1071109
1079377
1080323
1084622
1090985
1096200
1100380
1106240
1108972
1111922
1117086
1119571
1120733
1123499
1126311
1132780
1138393
1144201
1148577
1148700
1151778
1157304
1158175
1160531
1162728
1163679
1168970
1172572
1177331
1177744
1179092
1186187
1192594
1193674
1193921
1195374
1201833
1206913
1208028
1211217
1215099
1240024
1242089
1249767
1256509
1260987
1267692
1272662
1278439
1279605
1283513
1284110
1285873
1287834
1288122
1302059
1303050
1304222
1315784
1319141
1323783
1325610
1330340
1332268
1335733
1340451
1341542
1346791
1347732
1348429
1357278
1360001
1362368
1367085
1376828
1381597
1388106
1400613
1403139
1403336
1403434
1405054
1408878
1415776
1416198
1418603
1419159
1421828
1422000
1425318
1427389
1431438
1431975
1436487
1437663
1438934
1448577
1448744
1458028
1462655
1463639
1467409
1470542
1472457
1475320
1481700
1492556
1496239
1498188
1498534
1503017
1503038
1504252
1508636
1513566
1514426
1516285
1517208
1525372
1525849
1530764
1538186
1541782
1556239
1565723
1569020
1569041
1570047
1573878
1578367
1580227
1583671
1585734
1601516
1603059
1608528
1626195
1630250
1632715
1632931
1633011
1634053
1636681
1640120
1648693
1650832
1651611
1652608
1653874
1656375
1663608
1669796
1671910
1672233
1675030
1675245
1688160
1695522
1696319
1697088
1698885
1708611
1710655
1737869
1739442
1739994
1740715
1742462
1742643
1745108
1745155
1750681
1751663
1757898
1758377
1761132
1761630
1764784
1765397
1768040
1769004
1775048
1785966
1786148
1786191
1794290
1798143
1798506
1801224
1802709
1818490
1818964
1820767
1832590
1834048
1845181
1851911
1862355
1866583
1873994
1886162
1894049
1896043
1901667
1901841
1904005
1904743
1909228
1909566
1910459
1916996
1925875
1942916
1943517
1944407
1948535
1948702
1950544
1963598
1964599
1967989
1968882
1969266
1976934
1978001
1979055
1980009
1980457
1983893
1986094
1987659
1992162
