-1988172
-1980819
-1979077
-1964460
-1958814
-1956209
-1954327
-1944187
-1939941
-1927457
-1927068
-1926686
-1925330
-1924480
-1922004
-1920007
-1915509
-1911794
-1909893
-1902688
-1901330
-1897559
-1897175
-1884316
-1881901
-1875477
-1873424
-1871038
-1867109
-1862959
-1862135
-1859299
-1858751
-1855911
-1855480
-1853466
-1851912
-1851653
-1839490
-1838439
-1837684
-1821038
-1817920
-1817616
-1815981
-1807849
-1807209
-1805749
-1797119
-1796665
-1794417
-1793397
-1789165
-1786929
-1781255
-1774387
-1774045
-1772092
-1755069
-1753284
-1741053
-1737637
-1736708
-1727498
-1721319
-1710710
-1706052
-1703306
-1702708
-1696452
-1691722
-1682312
-1680764
-1680603
-1675932
-1671677
-1671331
-1670011
-1663189
-1660322
-1650799
-1649976
-1647987
-1645900
-1636190
-1631384
-1630459
-1624744
-1624039
-1616395
-1613108
-1610096
-1607698
-1604531
-1601750
-1598133
-1595682
-1591540
-1590067
-1585350
-1584240
-1580931
-1578884
-1575735
-1564274
-1563265
-1560435
-1545322
-1536216
-1536080
-1534048
-1511320
-1511310
-1509108
-1502577
-1490876
-1489655
-1483450
-1479734
-1478207
-1475864
-1472044
-1465093
-1459403
-1458316
-1450533
-1447953
-1445399
-1441713
-1441647
-1439580
-1436026
-1429886
-1425667
-1425463
-1410713
-1405597
-1402935
-1401153
-1401084
-1400301
-1394822
-1386577
-1384205
-1381605
-1380416
-1377648
-1375170
-1365896
-1364881
-1364586
-1361567
-1358495
-1357434
-1348057
-1340869
-1327235
-1323161
-1322382
-1319784
-1319718
-1306018
-1304481
-1302611
-1298308
-1292458
-1290132
-1283843
-1282076
-1279587
-1279041
-1275488
-1275453
-1270060
-1269307
-1269244
-1262109
-1255842
-1255493
-1255238
-1246418
-1234575
-1226675
-1223728
-1222689
-1220353
-1215533
-1214211
-1211019
-1197709
-1197400
-1194351
-1190392
-1178043
-1177422
-1177351
-1177338
-1173995
-1171630
-1168337
-1164909
-1164800
-1163347
-1163032
-1162777
-1159931
-1155492
-1146413
-1146395
-1142628
-1142328
-1140503
-1138320
-1136396
-1134283
-1134220
-1124511
-1112061
-1111676
-1111087
-1105926
-1103187
-1100957
-1100674
-1100425
-1095849
-1095073
-1089498
-1087095
-1086355
-1081814
-1081524
-1078052
-1077822
-1071123
-1070518
-1067747
-1066316
-1061021
-1057477
-1057124
-1054495
-1050380
-1048992
-1046360
-1043370
-1037804
-1026170
-1022105
-1018988
-1014437
-1008792
-1008187
-1003106
-1001436
-1001108
-997660
-984752
-975237
-974417
-973801
-969873
-967586
-966746
-957129
-955528
-946664
-944300
-939953
-938495
-932660
-932335
-925360
-924598
-922080
-915474
-914786
-912534
-910039
-905158
-902945
-897849
-894430
-893934
-882345
-879211
-879007
-878367
-877850
-872373
-867354
-859278
-857377
-856315
-845874
-843637
-834684
-830212
-827952
-818642
-812688
-808074
-805418
-804837
-802912
-801430
-801202
-799810
-796882
-784626
-783817
-783424
-779522
-778207
-777200
-770974
-765526
-761502
-748748
-748398
-740553
-738714
-737211
-734718
-732434
-732290
-731308
-724370
-719275
-717366
-716761
-711814
-705496
-691693
-691393
-685460
-676250
-675148
-673744
-671574
-668631
-668222
-662469
-661752
-652845
-652821
-648100
-648021
-643961
-643608
-637880
-636479
-634181
-634124
-633184
-616208
-601110
-597097
-585257
-578200
-576504
-574905
-558671
-549869
-541355
-538517
-537776
-528123
-525971
-507122
-500188
-496292
-480191
-477924
-477849
-475138
-465961
-457678
-456087
-448831
-448649
-443473
-440244
-437780
-435356
-434676
-434301
-424301
-422463
-416207
-411933
-411831
-405596
-397456
-395956
-387045
-386543
-385656
-378118
-377787
-377677
-374799
-367745
-367601
-365038
-364365
-362994
-342852
-336917
-326472
-323609
-322889
-321796
-318154
-310845
-310230
-309054
-307235
-298859
-297652
-289196
-287374
-284160
-281601
-280971
-275146
-273864
-271744
-257045
-252384
-240991
-226025
-224215
-219459
-218862
-212532
-212370
-206734
-202747
-201429
-201350
-189696
-184206
-183622
-181133
-169621
-166338
-164935
-158562
-153202
-150629
-150518
-146146
-137357
-126949
-123836
-122685
-118617
-115538
-115413
-109761
-106717
-99898
-98722
-95775
-90004
-89750
-78096
-72749
-70239
-68645
-66797
-66484
-64770
-62592
-62304
-61669
-61326
-53244
-45701
-45506
-39535
-26661
-24548
-22489
-20611
-18600
-16848
-12296
-9987
-9375
-5924
-5602
12618
15198
15427
20714
27116
35845
38519
39872
40721
44951
49211
52010
55815
59256
60675
62551
64395
65777
66229
68810
76281
76463
76972
90025
95963
100124
102249
103244
105635
109839
113219
113710
113931
117562
119277
125372
129354
129752
145617
158373
166878
167930
168934
187257
189835
190418
202091
203227
212306
214124
216150
216420
226556
227705
231175
234770
236280
237882
240401
241356
241495
243359
248239
250769
253187
254000
255137
255971
256585
258210
268489
268836
270534
273257
273938
276224
280991
286561
287988
291195
297041
306044
307130
312299
322212
324388
325175
327865
328068
341013
349135
349447
353213
376748
377578
379476
381730
387047
390167
393294
396224
401779
404396
416259
416870
425323
430911
435408
444765
447078
447300
451292
451769
462382
464131
464209
464984
470654
481064
488859
496888
497979
498156
500579
501139
502269
502928
508088
515136
517252
524614
528534
533201
535331
540727
544887
547713
551418
556284
566840
570994
584592
585442
595924
600245
600799
603968
604175
604313
605284
607481
610168
610688
612434
617172
624085
626064
627145
629911
637166
639143
640655
662453
663762
664584
665466
687356
697695
702599
705142
712448
712943
713861
718055
718986
722939
729373
730164
730325
732687
735675
737299
745892
750190
750556
754578
758304
759931
763019
768526
770864
771685
781603
782527
783734
789350
795495
797796
801720
803528
804021
806647
807945
820424
820967
825803
834109
834661
843906
852736
863049
864074
866678
867547
871948
875495
877281
877710
883778
883837
889282
889302
889796
893963
899260
906768
907567
910507
918497
924628
926216
926452
929185
935459
940616
942143
958769
964294
965369
965671
969250
973759
977800
981968
982154
982330
988590
989670
989752
990521
990590
992638
994342
995679
1017458
1021391
1030847
1035413
1037645
1038615
1044255
1044333
1051005
1051585
1052150
1056944
1070313
1070916
1075939
1078450
1081269
1082011
1082645
1090193
1091809
1100161
1107482
1116484
1120412
1122216
1123112
1126419
1134850
1135432
1137422
1137895
1145324
1149919
1154349
1157036
1158890
1162285
1165446
1172212
1178595
1180664
1184461
1185677
1187957
1191099
1193498
1194087
1194888
1199635
1200729
1205147
1212832
1215039
1216232
1217959
1219742
1221385
1228232
1231871
1243556
1252293
1253450
1263889
1265661
1270778
1273150
1274768
1275730
1275742
1280279
1284468
1286555
1299713
1312308
1314326
1315387
1315953
1317155
1317811
1324301
1325483
1332022
1332061
1332756
1337570
1344027
1344309
1348761
1349317
1353061
1354053
1354822
1355221
1360896
1363231
1383508
1384610
1387942
1392657
1393505
1394724
1396278
1397253
1399427
1402078
1402589
1403578
1405248
1407989
1409531
1410245
1411009
1415863
1416539
1420894
1422994
1423803
1424252
1424632
1424896
1427626
1434235
1436569
1442289
1443157
1448110
1455571
1456619
1458402
1458698
1468076
1471875
1472772
1474182
1474866
1482281
1488400
1489805
1491064
1494865
1494987
1497683
1499153
1505915
1508312
1510289
1516252
1520213
1530120
1538683
1546606
1548121
1552286
1557076
1564378
1567797
1575998
1577158
1583204
1594202
1596620
1597973
1600939
1600991
1601139
1605804
1608695
1621315
1624140
1632549
1637792
1638888
1639801
1640500
1641249
1656998
1663850
1665761
1667020
1670214
1681360
1687117
1699533
1700211
1704552
1706663
1709241
1726361
1737014
1738468
1757545
1757661
1770448
1782654
1790330
1793350
1793410
1794800
1799954
1804179
1811026
1821274
1825584
1831270
1831979
1842637
1843473
1843775
1845338
1846789
1849082
1855490
1856667
1866452
1866974
1872926
1874462
1881126
1881245
1882019
1885416
1886824
1887098
1889897
1892438
1903764
1909635
1916084
1921018
1921556
1934712
1936481
1937743
1949219
1951586
1955573
1959384
1964863
1964983
1968080
1968928
1973757
1975812
1977576
1978662
1980315
1981126
1990201
1991921
1998126
1998979
1999381
