-1996627
-1994141
-1990509
-1978868
-1976721
-1975124
-1973399
-1970441
-1961955
-1961145
-1952213
-1951790
-1944313
-1941173
-1940486
-1935653
-1934047
-1931060
-1930667
-1929899
-1926841
-1905678
-1901039
-1895191
-1888240
-1887542
-1882091
-1869073
-1859113
-1857443
-1855740
-1855065
-1847617
-1844799
-1843946
-1843016
-1842163
-1837961
-1832212
-1828274
-1827316
-1823830
-1823708
-1823548
-1823482
-1819833
-1815941
-1803914
-1796634
-1794287
-1791858
-1790016
-1787114
-1786438
-1785198
-1780953
-1779761
-1779216
-1778026
-1774267
-1765850
-1763756
-1754826
-1744068
-1743276
-1743065
-1738581
-1737302
-1736062
-1733984
-1728612
-1726981
-1720107
-1717222
-1715503
-1713877
-1712945
-1712507
-1706467
-1703751
-1703607
-1692521
-1684059
-1681839
-1662700
-1660129
-1659620
-1652210
-1648885
-1640982
-1638032
-1634744
-1630099
-1630025
-1617377
-1614866
-1611398
-1605830
-1597677
-1597302
-1590264
-1589096
-1585231
-1579928
-1573396
-1566585
-1564154
-1554093
-1548949
-1547719
-1542660
-1540228
-1533421
-1523318
-1516813
-1515438
-1515002
-1513043
-1505361
-1498643
-1497915
-1496391
-1490083
-1487365
-1486741
-1470104
-1468519
-1466684
-1464862
-1463561
-1462196
-1455672
-1441728
-1438604
-1438300
-1423908
-1422770
-1421206
-1418612
-1416248
-1415296
-1413281
-1404525
-1399459
-1391655
-1387180
-1382042
-1377092
-1373405
-1368377
-1363048
-1361105
-1360624
-1352655
-1350794
-1350288
-1335186
-1331493
-1327677
-1322377
-1321686
-1313561
-1304913
-1304854
-1295516
-1294925
-1292290
-1287045
-1286760
-1286189
-1282390
-1279556
-1278368
-1277989
-1277075
-1276791
-1273444
-1265405
-1260079
-1249948
-1247570
-1245433
-1245008
-1243258
-1240013
-1239822
-1239238
-1234271
-1232988
-1232826
-1230183
-1229690
-1229601
-1229020
-1228202
-1226435
-1223676
-1222518
-1210925
-1206821
-1206694
-1197394
-1191710
-1190972
-1175811
-1174354
-1170910
-1168092
-1167727
-1167570
-1161641
-1158559
-1153300
-1151411
-1149421
-1132037
-1124566
-1119165
-1115186
-1115123
-1114629
-1111147
-1107770
-1106627
-1103943
-1100841
-1085868
-1084563
-1083266
-1080854
-1078493
-1078221
-1072573
-1068619
-1068121
-1067030
-1064284
-1064273
-1062790
-1055905
-1051467
-1051308
-1048331
-1042949
-1029574
-1016031
-1002653
-997679
-989999
-976452
-949423
-942609
-934011
-931044
-925705
-922019
-911077
-904264
-898270
-894334
-890735
-885379
-872925
-869861
-868888
-865895
-863467
-861599
-860489
-856060
-849902
-847907
-844297
-839983
-836306
-832860
-830283
-827433
-820285
-820176
-815430
-811245
-807443
-801823
-801652
-796333
-795797
-795410
-768227
-765650
-756468
-748650
-732046
-728006
-721005
-712483
-703056
-702095
-698478
-684005
-677248
-676930
-675029
-667450
-656881
-655413
-654315
-650069
-649035
-648261
-648108
-645030
-626184
-622517
-617926
-605962
-596506
-596436
-595771
-593509
-590240
-588236
-585739
-576507
-574235
-573982
-566185
-562950
-552526
-551250
-549470
-544187
-541611
-541168
-540547
-539913
-539200
-537736
-528811
-521844
-518466
-497568
-495953
-490866
-484744
-479398
-479258
-471488
-471444
-468733
-454710
-449287
-448695
-436606
-432208
-429627
-414231
-412971
-410465
-410388
-410013
-409678
-408388
-404215
-399437
-398982
-397991
-395436
-392170
-389812
-370461
-368950
-367219
-366820
-359280
-354149
-350457
-347458
-347168
-344950
-341067
-340312
-339577
-336593
-333036
-325201
-318702
-317517
-315376
-313615
-312434
-312396
-310830
-306678
-304605
-303486
-298058
-296946
-294545
-294329
-294236
-291655
-290029
-287850
-278974
-274422
-272289
-269005
-264791
-264099
-262932
-262908
-261358
-258632
-258170
-257645
-257555
-256443
-252786
-246708
-245881
-241336
-240238
-239054
-238353
-235376
-234448
-231420
-230951
-225822
-218902
-213361
-209459
-206025
-195206
-195002
-194311
-193159
-189617
-188370
-182806
-180314
-178518
-176423
-175238
-159652
-149591
-135650
-131777
-130086
-124410
-124387
-123559
-118745
-116843
-110859
-109548
-108877
-106140
-103519
-100421
-99400
-96363
-91659
-89587
-80944
-79424
-64567
-62519
-55323
-46270
-44333
-42884
-42802
-33941
-30849
-26410
-26026
-25904
-19190
-18541
-3366
48
6654
12173
18668
33634
35510
38146
42739
48639
60214
61039
65230
66348
69181
71553
73121
77386
80504
83091
85507
88726
91103
102073
104283
105519
105613
112880
114350
127508
127761
127793
129092
135090
135623
143871
153876
158359
163632
163843
165373
165984
166856
167596
168303
170127
170709
171621
172370
175725
177491
178217
182631
184383
190858
196255
196434
198767
200880
206476
219501
224517
225151
225934
231107
231366
232026
235162
241652
241841
248950
255473
256303
260589
264706
271599
277171
277861
286035
289300
307838
307994
309890
313395
313919
316979
318625
321262
323804
323888
327230
329763
339665
345506
346962
363180
363781
374228
374682
375776
376753
384969
398326
406555
417912
418936
420416
427485
427948
440542
441217
450256
456523
457585
459085
459564
471728
472008
474846
483537
483882
485074
488069
489380
494555
494741
495199
496050
497243
499579
500687
508234
509817
512898
513822
514095
514554
519629
519912
521018
522742
528365
529662
532864
541995
545896
547135
547505
548129
552960
556399
558348
564246
571373
572612
577864
578813
583468
583792
586783
587859
596362
608007
613501
616690
617560
617799
623713
626249
635063
635560
638451
639976
647197
656848
661110
665340
667006
669267
671485
671852
672643
674753
675658
676065
677685
678187
680453
681301
686604
690604
691837
696121
698051
703367
703526
704099
705611
711350
716238
733260
736319
739073
745858
746106
747566
751832
752072
756993
758054
761455
763822
765303
771034
771074
771819
777460
778848
780561
782497
783353
785076
787677
788019
788894
793736
802353
815123
815955
825535
826925
830800
832707
848652
854706
860412
865491
865670
867347
879072
884383
892208
896729
900025
903067
904171
906116
912151
913605
919713
921779
923012
934991
939027
939129
941003
942775
943332
947751
956381
959731
960814
968793
972030
978612
979942
983881
987421
993000
994224
1002590
1002791
1004061
1005301
1006885
1019682
1024944
1031970
1036630
1041387
1043579
1044430
1046053
1050224
1055882
1056191
1065806
1068712
1082534
1083967
1086186
1099201
1099710
1110042
1110178
1116742
1121370
1135747
1147011
1148997
1151555
1154067
1154096
1156933
1157918
1163168
1169921
1170883
1172763
1176630
1180388
1183452
1183493
1189289
1190558
1194065
1195558
1208018
1219615
1226814
1227098
1228735
1230537
1235023
1237477
1240494
1246443
1254153
1258488
1259562
1264104
1271551
1276699
1290634
1292527
1294265
1296713
1299694
1301074
1309304
1311451
1312940
1314212
1317545
1324258
1325635
1326726
1338047
1344026
1345931
1350804
1351732
1351852
1353565
1360006
1361481
1367247
1370178
1371349
1373971
1373991
1380403
1380851
1381988
1383146
1388746
1395089
1396708
1397653
1397911
1399679
1406380
1407681
1409637
1413789
1422577
1429357
1435038
1438138
1446213
1446781
1448986
1454242
1458514
1460342
1465210
1466401
1472914
1475162
1475486
1483730
1485205
1491628
1493968
1496295
1500470
1501345
1507361
1519236
1523986
1524784
1524848
1528445
1529722
1532474
1540984
1543153
1547918
1550232
1552400
1552897
1562504
1565448
1567221
1574959
1575047
1578878
1588060
1589517
1590815
1591684
1593917
1594842
1602851
1605610
1607891
1609372
1620814
1622323
1626652
1628792
1630746
1631625
1647875
1658955
1662362
1662510
1671606
1674310
1675075
1675717
1676177
1679892
1688051
1688500
1689039
1689470
1690546
1696774
1698844
1708443
1713382
1713421
1719501
1721528
1722718
1724796
1733392
1736292
1745536
1754979
1756501
1757109
1758976
1764641
1771937
1774777
1778628
1778934
1782504
1801594
1806080
1806136
1806969
1819189
1820194
1823406
1824272
1830857
1839395
1840550
1849979
1854723
1855465
1859233
1859457
1860826
1862913
1863484
1866454
1866967
1873259
1877771
1879026
1883231
1883700
1885078
1885557
1898150
1905489
1910605
1916146
1933608
1936465
1938046
1941833
1951403
1955081
1958059
1965822
1969291
1970510
1971034
1974752
1977349
1988469
1989153
1993742
1995112
