-1998558
-1990913
-1983464
-1979179
-1976990
-1975150
-1973737
-1970732
-1970705
-1968464
-1967995
-1963013
-1959294
-1958133
-1942791
-1933486
-1926974
-1926296
-1922200
-1921087
-1914185
-1907122
-1905035
-1902272
-1900275
-1900023
-1896954
-1892779
-1885749
-1885440
-1881521
-1881327
-1880327
-1878637
-1876679
-1874094
-1871527
-1870089
-1867610
-1864327
-1859977
-1859936
-1857149
-1856854
-1856349
-1852299
-1851848
-1849462
-1849289
-1846622
-1842110
-1837410
-1820124
-1819240
-1817894
-1817549
-1816166
-1811311
-1811120
-1810209
-1809869
-1809076
-1808359
-1807920
-1800909
-1800056
-1797356
-1796043
-1792131
-1783549
-1783350
-1778630
-1770695
-1769805
-1768679
-1757875
-1755922
-1748915
-1742034
-1735398
-1734163
-1731782
-1726057
-1724725
-1718830
-1718371
-1716512
-1696175
-1685381
-1683833
-1672754
-1671798
-1653649
-1651259
-1648841
-1648099
-1648036
-1644614
-1631692
-1629334
-1628223
-1624377
-1623896
-1618240
-1616738
-1596444
-1592683
-1589407
-1586063
-1579596
-1575606
-1567508
-1567475
-1564985
-1560092
-1553794
-1551255
-1538471
-1536966
-1525699
-1525682
-1524182
-1524090
-1523705
-1521599
-1517042
-1506961
-1506892
-1503327
-1502438
-1498140
-1494215
-1485801
-1482715
-1473390
-1471554
-1470102
-1466553
-1463593
-1462184
-1462061
-1460495
-1457562
-1457429
-1456729
-1455545
-1448134
-1445297
-1441340
-1438146
-1413161
-1408065
-1402165
-1401620
-1400058
-1397018
-1395664
-1387986
-1387433
-1381537
-1380678
-1380279
-1379507
-1369367
-1366035
-1361799
-1360134
-1359148
-1357742
-1352285
-1352107
-1351256
-1350058
-1346575
-1345554
-1342044
-1341139
-1338193
-1335310
-1333263
-1333005
-1332102
-1331556
-1329554
-1327059
-1325786
-1321544
-1320480
-1312789
-1308265
-1308195
-1304991
-1297413
-1290025
-1284181
-1281939
-1281796
-1281397
-1273899
-1269097
-1266807
-1263754
-1257587
-1247319
-1246352
-1239728
-1234763
-1232424
-1230010
-1229733
-1224937
-1223872
-1219480
-1216739
-1211204
-1198097
-1197322
-1196571
-1185566
-1184128
-1180458
-1176865
-1169937
-1168217
-1154292
-1146890
-1141210
-1140296
-1139200
-1130080
-1119656
-1115437
-1114785
-1109007
-1105195
-1104006
-1099774
-1097829
-1092812
-1084416
-1078670
-1058965
-1057107
-1055637
-1054536
-1052299
-1046068
-1045282
-1041794
-1036228
-1031198
-1030480
-1028980
-1026247
-1024656
-1022498
-1021551
-1016201
-1015545
-1008749
-1007510
-1006421
-987822
-986147
-981001
-978131
-973489
-971780
-953785
-952493
-948879
-943538
-942145
-941527
-941525
-940518
-935156
-935143
-926224
-921416
-916609
-911638
-904437
-893169
-890201
-889563
-887297
-881334
-877917
-876446
-871982
-870837
-869607
-866326
-866196
-858300
-850625
-846839
-841259
-835947
-834702
-834006
-833687
-832738
-818099
-810965
-806127
-796299
-794986
-794410
-787228
-765400
-764425
-764395
-764293
-761252
-761168
-759917
-751539
-750194
-748071
-747618
-740833
-732972
-732218
-731892
-731843
-727927
-724013
-723664
-714576
-714281
-713484
-713155
-712348
-709066
-700279
-699454
-695824
-693901
-689725
-683536
-683359
-676497
-667307
-665771
-663661
-657615
-655517
-648005
-645535
-639977
-639413
-636278
-610205
-609194
-606474
-600334
-591786
-586702
-577195
-575689
-568084
-566133
-563888
-559833
-552553
-548516
-545247
-541958
-540089
-531834
-528138
-525239
-517761
-515036
-514303
-502968
-494022
-490390
-487069
-485668
-484169
-477758
-473566
-472757
-471665
-467871
-450099
-449761
-449468
-449357
-448805
-444015
-442786
-440119
-438079
-435474
-435444
-431408
-428070
-422422
-416944
-412290
-410495
-410001
-406233
-391950
-391693
-391178
-385766
-385522
-383134
-382682
-376594
-374488
-359169
-354029
-347300
-333611
-330376
-327117
-325228
-322282
-321830
-318602
-318371
-317065
-315399
-314284
-313899
-309124
-301949
-300583
-295091
-291908
-290055
-289434
-281268
-280864
-279939
-276602
-276466
-270323
-256445
-250210
-248932
-247238
-244503
-241005
-235765
-231147
-230959
-223744
-215741
-208960
-204136
-203133
-201000
-200381
-190724
-189852
-189313
-179196
-172693
-171839
-170722
-165780
-160937
-153201
-149999
-149718
-147120
-144871
-134737
-130881
-128891
-125483
-122066
-120095
-102891
-102095
-88269
-84676
-78426
-77682
-74973
-74799
-74221
-70948
-69568
-63482
-59339
-53952
-53739
-53194
-52846
-49922
-46825
-44714
-38172
-29530
-29518
-22493
-15450
-11532
-8212
-5302
-141
10305
14928
23095
23163
28907
33677
35354
37925
39772
40690
42876
47632
47667
53939
54897
61039
62648
64088
65896
73535
77343
79337
79382
80138
89186
90339
93506
96512
97687
107353
116720
118488
119382
134425
136538
139849
140101
149947
153679
154452
160816
161364
161505
167051
168647
176086
177746
185568
187802
192273
195965
196534
197053
197152
205165
207216
208638
215468
221104
224021
233080
236149
240794
242344
242796
249282
253298
261973
272408
277876
286349
302436
303600
305463
307570
317231
325928
330583
330647
335317
338673
347177
350476
354374
354752
356744
366989
368000
369081
372446
378589
379423
383120
384064
384349
395945
399675
406662
409863
409913
422891
424708
428141
430979
432836
434823
436928
437413
440676
445861
449741
452929
457107
461477
464256
464576
467987
468396
474166
478712
487076
494154
500456
504745
507122
517427
528048
530796
531787
541514
541603
542220
542888
545726
561265
564377
575565
577165
578751
582200
588375
590177
598138
599324
607646
610634
623920
626325
626366
640724
642130
647091
651411
661655
663312
663504
665313
666183
671714
674018
675457
677129
677689
686843
688940
689907
699777
700764
702498
703306
706873
710496
714042
719905
723674
728432
734046
736102
739903
740831
747636
755491
761270
767286
767323
769182
772453
777116
781588
785908
795377
801305
812002
822892
835397
842801
843923
847954
848093
848825
849187
855496
856986
859346
878506
883304
885369
889036
890794
892421
892918
899367
903346
910964
919913
922317
924697
929355
941205
945948
955791
961113
962737
964920
965755
970558
975078
981285
985763
988089
989713
991617
997992
1005929
1008345
1009566
1010235
1022129
1023314
1031624
1036143
1042781
1045880
1048211
1060036
1060536
1061054
1065626
1076962
1080059
1088729
1089830
1090796
1093566
1097067
1097711
1101571
1105419
1106288
1110213
1110545
1113000
1116634
1117559
1125159
1132189
1135288
1137814
1138907
1140481
1144848
1147815
1156221
1159932
1163078
1166977
1184699
1186564
1191935
1192210
1196324
1201084
1207418
1210128
1213243
1213284
1213982
1214297
1214607
1214666
1226080
1231726
1235519
1243376
1244082
1244327
1247704
1251234
1258615
1267667
1280012
1281187
1286526
1292955
1298402
1302306
1303913
1307625
1311268
1319497
1322049
1323677
1324765
1330305
1331560
1337596
1351755
1360230
1368097
1369912
1371321
1373785
1374726
1376835
1377592
1377976
1378876
1380253
1380773
1385693
1389922
1391225
1394594
1400462
1401853
1403960
1404172
1404689
1408815
1408956
1417579
1419639
1421261
1424475
1426131
1433658
1440374
1441466
1444572
1446775
1448527
1451161
1454284
1459111
1470983
1476187
1479978
1483957
1484241
1493608
1502666
1503306
1503375
1511195
1515472
1517614
1519937
1523118
1524807
1527282
1527548
1532423
1535381
1535446
1545998
1548170
1549006
1554521
1554657
1557690
1563902
1566422
1568944
1574227
1576001
1577230
1581358
1584979
1585248
1605813
1618950
1626955
1630499
1631173
1634048
1634318
1635934
1636012
1638089
1638100
1640565
1649668
1653366
1654241
1659188
1663712
1669942
1670356
1675604
1676282
1683877
1684942
1696831
1697973
1704584
1706170
1708079
1711217
1729196
1729861
1730248
1730415
1731771
1738425
1742679
1749969
1750782
1751426
1753187
1753695
1754086
1757176
1757711
1762488
1762710
1766860
1770317
1775380
1775876
1783183
1784707
1784861
1799225
1811638
1811908
1813979
1819400
1827450
1841525
1841890
1841933
1843691
1845771
1850405
1850741
1864006
1865352
1865514
1870474
1871345
1876031
1876292
1881802
1890031
1891827
1896069
1903546
1906058
1909455
1911910
1912618
1921647
1927657
1932299
1936533
1942361
1942684
1945836
1945860
1950248
1956283
1961732
1964522
1965803
1968872
1974040
1979668
1983598
1986662
1993255
1995182
