-1998384
-1994033
-1988425
-1983474
-1977214
-1973294
-1972258
-1969807
-1964176
-1963983
-1957271
-1954279
-1938116
-1937038
-1931976
-1916514
-1912657
-1909433
-1906579
-1904511
-1903874
-1897163
-1896274
-1883123
-1879345
-1873957
-1868003
-1867200
-1861138
-1859407
-1854014
-1850860
-1849666
-1845199
-1836308
-1831303
-1829820
-1827331
-1827299
-1826362
-1826129
-1825301
-1819918
-1816855
-1814133
-1812172
-1806296
-1800319
-1800133
-1795595
-1787445
-1785565
-1783479
-1771086
-1770340
-1757303
-1757004
-1755247
-1751590
-1739048
-1738584
-1736722
-1732442
-1732167
-1731700
-1731629
-1730885
-1727237
-1727146
-1711821
-1706588
-1703750
-1695423
-1693780
-1685265
-1684782
-1682391
-1682072
-1682005
-1679977
-1677560
-1674014
-1669222
-1664821
-1662825
-1660465
-1655055
-1653121
-1649172
-1646928
-1639718
-1633383
-1633239
-1627547
-1622825
-1621161
-1611694
-1609574
-1608144
-1602409
-1602090
-1601643
-1600097
-1592685
-1592057
-1589278
-1583049
-1582894
-1580767
-1576103
-1569527
-1566793
-1565654
-1553290
-1545802
-1541540
-1541199
-1539804
-1537527
-1534403
-1534388
-1531626
-1520115
-1516261
-1507134
-1505519
-1498784
-1497889
-1489424
-1487929
-1485691
-1481324
-1475560
-1470404
-1469757
-1466495
-1463420
-1461772
-1461725
-1461669
-1460885
-1460303
-1459374
-1459053
-1457826
-1455154
-1445056
-1444586
-1438059
-1436446
-1420032
-1411280
-1409379
-1408726
-1403630
-1391503
-1390382
-1390152
-1385190
-1381635
-1379346
-1365727
-1358162
-1357155
-1352822
-1349473
-1347849
-1339874
-1337815
-1336084
-1334706
-1330424
-1328681
-1322786
-1320641
-1314643
-1303493
-1301146
-1296803
-1294006
-1285037
-1284432
-1281542
-1278314
-1275865
-1272122
-1263225
-1245691
-1243932
-1239292
-1233657
-1228334
-1226336
-1221744
-1219265
-1218664
-1218644
-1212552
-1201021
-1194423
-1186393
-1184377
-1184019
-1172572
-1171061
-1166941
-1153987
-1153420
-1151963
-1149665
-1147959
-1147859
-1145757
-1137110
-1135982
-1133232
-1127486
-1126258
-1125370
-1121060
-1119372
-1112337
-1107267
-1094194
-1088334
-1081089
-1075844
-1069560
-1067111
-1061338
-1055316
-1054792
-1043832
-1043462
-1039863
-1038993
-1033265
-1031128
-1018849
-1012673
-1009677
-1006705
-1005850
-1005775
-1002838
-998440
-993105
-986494
-978762
-965478
-963145
-959681
-956618
-951989
-950264
-948471
-941756
-932673
-926618
-920243
-919502
-918291
-917158
-916877
-899740
-896985
-892024
-885707
-883939
-881358
-879393
-876805
-876328
-874205
-870033
-866743
-859842
-856650
-856140
-853022
-847477
-837292
-835341
-828669
-816767
-807767
-804330
-802333
-796680
-781880
-767088
-763361
-759398
-756640
-755284
-755060
-751205
-750335
-747272
-747108
-745695
-744756
-743987
-741254
-735837
-727728
-726274
-725488
-716776
-709964
-707877
-700080
-695610
-693625
-692044
-691092
-685498
-671748
-666317
-663204
-663048
-662887
-659718
-652999
-647485
-643005
-633266
-632031
-625715
-617892
-610797
-606441
-602657
-601656
-593403
-591736
-591528
-582203
-581499
-580623
-575986
-567250
-566376
-566294
-564200
-562569
-561037
-560967
-558498
-540192
-536220
-534670
-533856
-530094
-528744
-521432
-521271
-520389
-516810
-514222
-499110
-496943
-492778
-491198
-488583
-487361
-485103
-472660
-468104
-466792
-459946
-455649
-448745
-445299
-444709
-437265
-436723
-436032
-435074
-416289
-404975
-394548
-389535
-385420
-384242
-380717
-372808
-369424
-363706
-363189
-362255
-360764
-357243
-357056
-356818
-347039
-344759
-334700
-332155
-330222
-327626
-324020
-320071
-315049
-308580
-306245
-296038
-293464
-291459
-291231
-285813
-276321
-276112
-269385
-260209
-258364
-249082
-247578
-245437
-244635
-243642
-242810
-237336
-236561
-233275
-231018
-227046
-225178
-225173
-217369
-211082
-210700
-210658
-208728
-208479
-204374
-193865
-186394
-183200
-181850
-177220
-176557
-175233
-171348
-168853
-168558
-161414
-160468
-159421
-158514
-154441
-143596
-132734
-130683
-121186
-109127
-107513
-104509
-102605
-93897
-73154
-64963
-58434
-53779
-52265
-51995
-51448
-41203
-37368
-36598
-33590
-32922
-31537
-29686
-29492
-26375
-18576
-15727
-7245
-7151
10422
16653
20143
22873
33845
36169
37079
37813
39414
40528
46395
53816
53991
56101
56485
70608
71947
94383
97654
100165
101478
105413
120579
123745
124960
127062
136307
137878
142478
148966
149275
149784
150761
151021
152987
159445
161589
167172
167258
167939
170457
171440
171483
182544
184007
189142
192143
195083
202270
206595
209290
214979
219647
221332
223203
243774
244066
251531
256846
257813
261032
267289
267325
271067
274889
275345
277436
279737
280840
282245
283777
284573
295709
296310
297719
304215
314508
315678
320799
321734
327343
328945
332823
342720
345337
352978
358847
359030
360529
365999
369042
369433
371569
376139
379975
380500
384409
388551
389539
389803
392343
394075
395977
401163
409984
411950
415826
416457
416733
417438
422508
449091
455669
457192
459384
462825
464135
470861
472074
473430
473734
474830
477860
480429
482937
487046
487127
489391
492232
492718
494820
497306
500238
501981
502560
503402
503614
505560
510139
515854
516227
526783
528196
528833
539244
548911
549223
551582
556090
556345
562223
566799
571667
572113
576337
576411
587081
598339
598666
602101
621693
628751
632169
636198
645915
647247
651471
657706
661190
669122
676795
682613
687196
687394
699268
699808
708659
717130
728070
731253
734875
744036
749666
751855
752649
752833
756127
757477
761124
765745
766593
767377
767456
774489
775527
778025
779616
786767
790341
793514
805568
820343
822025
822852
827995
832055
832375
832647
833140
833205
838164
838675
840349
843017
849050
857402
859175
860216
860677
862331
864351
866426
875490
879740
886025
888748
889570
891094
895432
902128
913847
914757
920230
922981
929875
930097
935895
935945
936115
939053
939514
942735
946767
950358
952354
953133
955291
956243
961616
966292
973475
976151
981441
991605
993550
997393
1000377
1003143
1003917
1010742
1012371
1012985
1012994
1023891
1029353
1032846
1034889
1036112
1037174
1037610
1042453
1054988
1056114
1056642
1064045
1065010
1067591
1078089
1087886
1094118
1097613
1098055
1098531
1108251
1117012
1120612
1121599
1125664
1126330
1129903
1134295
1137330
1138367
1138470
1138823
1141655
1141701
1144472
1147473
1153076
1153328
1155042
1162297
1162774
1165791
1170275
1172840
1178669
1180757
1186225
1192021
1194251
1196738
1198288
1198367
1198567
1204482
1206104
1215336
1219553
1223819
1225791
1235115
1236606
1237102
1239777
1243581
1244983
1245080
1246931
1257748
1260203
1265430
1270190
1271170
1283059
1284510
1284680
1303184
1304699
1314903
1315030
1315179
1315485
1317945
1319872
1319937
1321997
1324510
1330646
1337521
1337844
1349954
1351285
1356258
1356729
1370295
1378752
1382880
1387617
1389631
1396383
1399546
1401176
1402342
1403310
1405235
1408564
1411597
1415261
1422383
1424684
1426648
1427500
1427620
1428251
1430260
1434804
1441017
1447860
1448241
1452936
1458450
1465449
1468574
1471651
1473891
1475354
1481025
1482434
1483388
1490478
1508659
1518800
1524868
1525434
1528127
1537159
1537229
1552366
1565590
1566307
1569830
1578286
1582190
1583880
1585896
1587199
1587482
1589824
1590109
1594749
1599148
1601229
1603019
1611876
1616529
1616737
1616831
1620497
1625468
1626931
1627511
1627626
1628349
1629108
1631995
1640743
1642952
1651377
1655704
1659632
1669016
1671259
1675020
1676596
1683585
1691471
1691654
1697577
1706084
1714205
1716950
1724174
1726377
1733387
1747656
1747937
1749600
1751742
1752815
1758418
1773293
1784229
1787735
1789989
1791653
1792156
1792799
1798703
1799516
1800110
1800800
1802991
1810468
1812680
1815689
1819172
1820347
1821458
1823271
1831572
1834332
1836219
1841327
1847035
1854895
1854992
1858225
1859941
1862939
1863220
1866913
1874533
1875734
1880689
1882683
1887443
1890115
1890271
1891415
1892802
1894963
1895152
1901562
1902163
1915394
1917106
1922688
1923038
1923219
1924822
1925522
1927647
1930701
1933534
1937456
1938430
1944061
1949692
1953258
1957809
1967444
1978668
1980464
1983841
1987113
1994128
1996067
1996493
