-1998137
-1996360
-1995747
-1994370
-1983898
-1982902
-1982744
-1971597
-1967420
-1956469
-1950535
-1945549
-1940933
-1937716
-1926499
-1924434
-1921317
-1920609
-1910848
-1910588
-1909771
-1907486
-1907184
-1899955
-1894871
-1891685
-1889934
-1887968
-1884745
-1868393
-1865722
-1850756
-1850261
-1848904
-1848013
-1840081
-1840079
-1838847
-1837106
-1835929
-1834961
-1829352
-1829086
-1822950
-1817560
-1816903
-1816348
-1813143
-1811827
-1798469
-1797959
-1790300
-1786560
-1785448
-1784731
-1783856
-1782731
-1781193
-1768322
-1764749
-1755622
-1755186
-1748847
-1747937
-1738688
-1736377
-1734173
-1729156
-1726206
-1722326
-1721638
-1719819
-1719362
-1708450
-1697763
-1697287
-1696174
-1695542
-1695212
-1685772
-1684827
-1678607
-1675212
-1675010
-1672227
-1671722
-1662002
-1658215
-1651860
-1647293
-1641256
-1637242
-1630928
-1619450
-1609733
-1609106
-1607166
-1605214
-1603338
-1596067
-1595566
-1592696
-1591996
-1591408
-1588836
-1587006
-1586801
-1585975
-1577391
-1567280
-1566278
-1564948
-1562349
-1558189
-1557674
-1557534
-1539518
-1539169
-1537895
-1508267
-1506362
-1502941
-1498817
-1492295
-1477069
-1464356
-1453151
-1451020
-1450245
-1449761
-1443896
-1443354
-1438127
-1436756
-1433556
-1431915
-1424954
-1418579
-1413596
-1407262
-1407128
-1403193
-1396288
-1395996
-1395881
-1394588
-1392892
-1389049
-1385504
-1379573
-1378707
-1370667
-1370215
-1365542
-1359608
-1359538
-1358518
-1347683
-1346427
-1342505
-1342264
-1332435
-1330630
-1328792
-1327669
-1325728
-1321091
-1320304
-1320159
-1313900
-1313145
-1309419
-1302662
-1294948
-1294480
-1291028
-1288734
-1276670
-1274061
-1267103
-1263043
-1261335
-1260469
-1260328
-1254319
-1249706
-1244710
-1239187
-1233115
-1232459
-1225329
-1219967
-1218681
-1217406
-1204684
-1204261
-1204130
-1203856
-1200588
-1198420
-1196127
-1190204
-1188259
-1184784
-1180869
-1180278
-1178583
-1176003
-1166276
-1164278
-1162462
-1161984
-1159917
-1152592
-1152433
-1141521
-1129082
-1126706
-1123560
-1123360
-1117202
-1113291
-1111431
-1108121
-1102486
-1099173
-1095050
-1094741
-1093846
-1090931
-1088237
-1084899
-1076823
-1075486
-1073323
-1070678
-1062018
-1059672
-1056607
-1056138
-1054193
-1048408
-1047083
-1040690
-1040196
-1040146
-1039766
-1033253
-1032869
-1032702
-1017198
-1013759
-1012348
-1010710
-1009697
-1008140
-1007479
-993364
-981478
-981420
-978745
-978663
-978643
-977611
-972681
-971210
-969416
-967246
-959165
-955347
-951808
-951635
-946424
-942614
-939259
-938930
-935370
-933916
-926674
-925377
-925303
-921015
-919641
-912339
-903363
-902270
-898690
-897902
-895276
-893671
-891739
-879838
-878660
-875686
-875613
-870127
-864712
-864288
-860703
-856620
-851200
-846340
-839893
-835172
-833480
-827023
-822643
-821258
-817578
-816731
-813362
-813222
-806412
-804578
-802065
-802023
-798923
-793423
-790051
-782194
-754576
-742609
-741419
-741260
-739889
-737784
-736148
-735266
-732194
-730024
-725532
-725192
-720260
-719871
-716923
-697476
-691048
-673777
-672594
-666374
-658502
-658158
-653173
-649744
-648591
-645691
-643126
-639662
-637493
-636657
-632978
-628963
-626514
-625177
-615196
-610344
-603097
-603083
-600520
-598607
-595333
-592916
-591106
-590330
-585569
-580907
-579219
-573691
-570427
-569327
-562475
-562355
-560292
-559005
-557961
-551181
-546924
-538358
-537111
-533589
-521849
-518860
-514590
-514351
-506624
-501044
-499018
-496479
-495607
-494391
-487388
-483029
-475379
-459141
-456814
-455644
-455576
-454841
-453959
-450650
-450166
-432564
-432271
-430767
-425291
-415974
-412892
-408844
-405514
-402093
-401546
-397450
-396860
-384919
-384764
-379922
-372303
-361705
-357121
-354792
-354343
-353018
-352978
-350426
-344679
-342831
-339976
-337431
-336336
-334575
-334110
-332948
-332271
-328456
-317132
-307975
-298441
-295344
-290691
-288518
-286339
-282281
-280906
-277778
-275226
-274232
-271442
-266852
-255357
-248591
-246872
-238546
-223997
-223077
-218085
-213329
-204725
-202109
-197578
-193300
-193264
-184685
-184084
-172206
-167076
-164672
-161057
-156272
-154201
-153884
-150255
-145857
-143857
-138816
-137451
-129583
-119112
-114553
-110576
-106534
-104120
-93986
-84674
-82807
-81052
-79446
-79203
-69559
-46147
-39406
-36477
-32947
-29880
-23897
-7520
-2801
-2388
4775
10471
16219
18218
20713
22396
28777
45261
48974
51750
58233
61188
63680
67553
77410
92455
93122
101418
106735
110159
110166
113055
113848
115104
117628
131602
138181
148576
156238
157160
157435
160592
167008
172815
173842
177089
180911
180955
181100
184101
189798
189960
194866
199249
203294
204287
210569
226690
229256
229394
232341
234415
238886
240231
251653
253190
255641
262556
264289
266013
280739
290847
294618
299763
305832
306383
315715
321755
323579
330932
332146
333927
335971
341743
341857
349360
353636
354321
356864
364627
377987
383484
384992
387063
388925
395484
406592
406887
419758
423327
425415
438719
443316
443656
444047
450270
451069
455168
455284
456992
457435
464677
467255
469559
473165
477889
486297
492011
498389
500287
501518
502440
510584
511399
512702
513415
513870
517655
521063
523054
538070
538987
543876
544418
545733
549465
553268
569873
575323
576677
578550
581264
582601
582949
593211
595385
604176
616818
625367
628997
630368
634059
635483
637062
637145
638819
646699
647444
647524
652055
653267
656919
658023
662195
663636
669993
670583
678100
679790
681637
684326
687195
689487
691630
700001
704392
707086
708893
713998
717301
718720
721915
722782
724707
726953
727269
729247
731348
734018
737282
741525
742462
746192
746409
747010
747154
748166
750711
758663
760104
763442
765301
766899
767294
780402
782404
784010
784156
784768
785002
787398
793231
793271
818318
824391
827321
830612
837255
838871
840934
851859
859550
874021
874473
874613
881206
881621
885342
885577
895823
898245
905052
906642
910708
911129
915616
916713
921588
924501
926853
930410
933984
935853
935985
940021
943116
946393
959198
963232
963743
974256
976496
976983
977828
978271
980465
986086
986503
991082
991330
992536
993405
997313
998279
1000121
1004275
1005888
1006768
1007547
1009581
1016573
1022413
1022485
1022991
1025244
1032757
1038394
1041355
1045892
1048437
1059095
1061005
1061661
1064995
1072657
1074989
1079000
1082599
1083155
1084410
1084595
1088923
1090137
1095653
1103218
1104340
1107622
1107982
1109940
1113352
1114678
1119148
1121207
1127752
1128367
1130005
1130422
1134608
1141165
1142842
1151981
1153951
1156433
1157068
1158861
1162981
1166455
1169202
1174294
1175000
1176507
1179704
1186647
1196136
1197325
1201330
1205160
1207299
1209246
1211279
1212365
1212526
1227894
1229989
1232733
1233581
1241129
1246778
1249954
1250164
1258726
1261085
1266701
1267693
1283110
1287693
1291395
1293241
1297214
1297359
1305649
1310049
1312952
1315118
1315125
1319404
1320167
1326920
1327037
1327098
1334514
1335191
1340895
1346455
1352296
1354853
1355232
1361203
1362396
1364341
1365129
1368579
1375243
1380116
1380330
1382850
1384328
1396032
1406631
1434271
1436471
1448242
1466125
1467393
1474117
1479883
1480034
1481243
1482011
1486140
1488161
1498217
1502410
1503445
1504853
1507802
1511252
1514551
1515668
1516703
1523351
1528945
1546857
1548002
1552222
1565095
1571448
1572895
1576465
1577772
1583884
1587435
1588526
1591321
1592516
1594767
1594804
1595326
1598387
1602041
1603397
1607892
1611438
1613027
1620188
1624613
1625023
1625927
1627205
1630251
1632635
1639928
1642388
1642474
1643649
1649688
1650280
1651457
1652774
1653435
1659863
1669827
1672463
1686849
1692113
1699271
1706389
1709777
1725816
1738550
1740932
1746387
1752265
1759595
1767278
1768115
1770161
1783208
1785236
1795104
1797635
1798142
1803227
1806962
1807188
1809158
1811990
1816856
1820076
1822832
1828774
1830414
1831937
1832009
1832754
1834187
1834646
1840882
1852522
1854539
1857686
1858326
1860061
1861181
1874444
1876533
1889427
1893099
1893524
1893965
1908762
1909576
1910009
1912554
1913809
1915829
1916426
1931578
1933881
1939236
1955182
1960126
1962592
1975178
1979579
1982981
1984582
1984638
1984933
1990744
1993919
1993931
1994156
