-1998366
-1992491
-1991652
-1990245
-1980118
-1976977
-1973325
-1972698
-1970814
-1960730
-1958239
-1953877
-1950021
-1937466
-1933567
-1925257
-1924956
-1920002
-1917585
-1915450
-1913985
-1911755
-1907206
-1903558
-1896173
-1894708
-1890847
-1884099
-1881415
-1877958
-1877216
-1867240
-1864858
-1863422
-1863186
-1863023
-1852150
-1846814
-1842117
-1839240
-1838448
-1838316
-1838261
-1834416
-1831664
-1825348
-1824723
-1812887
-1812711
-1800183
-1797980
-1796411
-1784842
-1781189
-1780069
-1772880
-1770240
-1770029
-1766718
-1764760
-1760970
-1759549
-1758130
-1753040
-1747000
-1742523
-1738214
-1736085
-1731427
-1730874
-1728074
-1722947
-1722557
-1717170
-1713059
-1708189
-1707082
-1697706
-1696307
-1692106
-1690142
-1684423
-1680321
-1679514
-1677230
-1675499
-1671892
-1666280
-1661356
-1660188
-1659101
-1650650
-1649419
-1643951
-1637559
-1626910
-1623732
-1623405
-1620099
-1616756
-1616180
-1612673
-1609326
-1609187
-1608741
-1604115
-1603915
-1593875
-1588186
-1582272
-1580548
-1573346
-1572586
-1571512
-1564155
-1562863
-1560452
-1560087
-1559060
-1552849
-1552305
-1549505
-1542849
-1535747
-1532675
-1532001
-1531778
-1530645
-1528404
-1527821
-1527557
-1527347
-1521106
-1517828
-1513355
-1512224
-1511542
-1510596
-1505057
-1503010
-1502866
-1501054
-1496378
-1490705
-1485801
-1485703
-1480908
-1475588
-1475334
-1466409
-1462042
-1456807
-1453985
-1433418
-1427288
-1420218
-1420032
-1418855
-1409760
-1409191
-1407109
-1402168
-1401609
-1398688
-1388719
-1375971
-1372515
-1368343
-1366950
-1354611
-1353630
-1350386
-1347092
-1345747
-1342520
-1340930
-1338223
-1335669
-1334121
-1330904
-1330074
-1328337
-1320232
-1315138
-1313791
-1302064
-1301344
-1299484
-1292381
-1283201
-1273197
-1270853
-1266072
-1260083
-1255070
-1251932
-1248533
-1245841
-1244818
-1242280
-1240255
-1229673
-1227407
-1216257
-1214997
-1191951
-1189737
-1186687
-1185418
-1180327
-1176838
-1169994
-1164867
-1161846
-1154505
-1154480
-1151112
-1148379
-1146649
-1145824
-1141482
-1136129
-1132518
-1130543
-1126976
-1120525
-1119993
-1116195
-1100492
-1099518
-1098527
-1095131
-1083505
-1082348
-1077537
-1066751
-1066066
-1065148
-1063916
-1063797
-1063129
-1052011
-1051383
-1044161
-1042147
-1040810
-1033719
-1033204
-1031698
-1031069
-1028320
-1025260
-1020194
-1019156
-1012230
-1011203
-1007204
-1006750
-994566
-993988
-991215
-990591
-989200
-985476
-980490
-976571
-975503
-972654
-971856
-968228
-968174
-968120
-967356
-959006
-958892
-957124
-956652
-952817
-950553
-950462
-945949
-944964
-936560
-934535
-932404
-932032
-925224
-923686
-923163
-923158
-920999
-918918
-917175
-914197
-913031
-913010
-910633
-910529
-894487
-881337
-879623
-875142
-867731
-858943
-858202
-855732
-838999
-832718
-832041
-830831
-826966
-820558
-815715
-814163
-812301
-810396
-800920
-799923
-789010
-784804
-775947
-769616
-768879
-764304
-763008
-754360
-754182
-752465
-751877
-748555
-744424
-737802
-733840
-731006
-725362
-720113
-718714
-718660
-718439
-716824
-713100
-711902
-711252
-705531
-703100
-700756
-698276
-687036
-685594
-683012
-678786
-678556
-676244
-676131
-671577
-671509
-670992
-666466
-661225
-652751
-650040
-644424
-643778
-638477
-638408
-629143
-617173
-617069
-615130
-611698
-609078
-608851
-607655
-590717
-589131
-587535
-587055
-584136
-572319
-571666
-571321
-570810
-570633
-567503
-561955
-554981
-554702
-553126
-552147
-551997
-548099
-545488
-535372
-532236
-530348
-529857
-529693
-529658
-526154
-524289
-520199
-510640
-510504
-509868
-508088
-502840
-501913
-499683
-490278
-483503
-479005
-478366
-474507
-470133
-465819
-464464
-461948
-460425
-459838
-453812
-450736
-449896
-438779
-432429
-429386
-423587
-418757
-416971
-415509
-406929
-405163
-397300
-396526
-396164
-390160
-388775
-386487
-381813
-378497
-374556
-374472
-372745
-370897
-370740
-369796
-360189
-351829
-326185
-316518
-308944
-307435
-304550
-302878
-294537
-293982
-290722
-284620
-282311
-279767
-275868
-275838
-274698
-270703
-261190
-261125
-259794
-254436
-253600
-244808
-239659
-239214
-239211
-238320
-235482
-234957
-233314
-221829
-214637
-213109
-207806
-204059
-201396
-198910
-198426
-193984
-193502
-173453
-173233
-171783
-171339
-168004
-163489
-162960
-161011
-158334
-153865
-150775
-150729
-147236
-143891
-139316
-117364
-115236
-108987
-105801
-94370
-92480
-85261
-78584
-76711
-71901
-70986
-70134
-57349
-56870
-45552
-44816
-42816
-42732
-39519
-37692
-30526
-29018
-23842
-23496
-22999
-16016
-3339
2098
17565
17905
23533
26188
26253
30206
30587
36672
41694
41768
49613
55055
63412
64590
67435
69184
73949
79382
80324
86280
90756
97138
106499
107337
110604
111910
119546
119569
119617
132279
138261
140005
143932
144948
147609
148040
148568
150749
150872
151112
153266
156761
163096
168652
175950
180648
185021
185426
186507
192960
199234
200755
207751
209202
209795
224769
229219
234400
236611
238194
240692
248768
254944
255788
260654
275267
286315
294579
298945
303193
303528
304386
311458
312322
317551
319598
329048
336581
338233
340279
342833
343967
344234
344443
345159
346121
355700
356247
358023
363058
366580
369111
369588
374760
375086
378308
385279
401836
403284
404259
405644
409874
411403
412618
414604
418862
419452
423980
425479
430622
431679
435998
437785
443318
448564
455321
456731
456760
460125
462092
464346
464370
476453
486201
489664
497429
498054
508604
508691
522488
525428
533494
535609
536523
536782
537783
539271
543000
552843
553489
561221
562833
566251
571994
575861
581121
585741
588825
592160
598793
603527
605465
611303
615021
619727
630319
631350
633146
638353
638575
641631
643269
647478
650485
657206
657488
660497
660888
661804
663628
664605
666513
666965
681002
681908
691350
694459
697391
703425
704702
706198
710043
710334
713281
714413
716092
728271
728893
733398
733896
736917
742111
743437
745775
748746
755022
761505
765778
767274
768883
780581
783685
794998
795381
799922
802412
804506
811915
824412
840032
854719
858498
866671
867791
880086
886510
895165
911490
913453
913537
913837
916054
918053
921446
921966
923357
934514
938605
942978
945254
960962
964598
978916
981966
991971
995814
998216
1004281
1010038
1012821
1016766
1019408
1020342
1022070
1028490
1041646
1041655
1046862
1051637
1054764
1060819
1063737
1065686
1066752
1068983
1070995
1075094
1075436
1076170
1093157
1097492
1098534
1106247
1107768
1119549
1126254
1130615
1138992
1141744
1144510
1154001
1155620
1166612
1166960
1171933
1176127
1183455
1183960
1187612
1195391
1200872
1201914
1219136
1219784
1221038
1221662
1222378
1231730
1232726
1245439
1247549
1248999
1253248
1253420
1261050
1263568
1269975
1270186
1278637
1280572
1287545
1297170
1297541
1299980
1300979
1307279
1307375
1314731
1315348
1315997
1323087
1326461
1326700
1327303
1330273
1331488
1337117
1341188
1341292
1342034
1347737
1356472
1357251
1362060
1366578
1382118
1385941
1397392
1401026
1401328
1402824
1402945
1403591
1407723
1417018
1418030
1418467
1426647
1428545
1437147
1442347
1443233
1443950
1446045
1451077
1454449
1457716
1458609
1460631
1463014
1466091
1470095
1471119
1474969
1483471
1485134
1487037
1490048
1492725
1494630
1502016
1502715
1505745
1505876
1506213
1507863
1509622
1510238
1526503
1527821
1531749
1532626
1535332
1537033
1537482
1544133
1546513
1549808
1557093
1559434
1564055
1564393
1580165
1586986
1589227
1589763
1592430
1599891
1603879
1612856
1616968
1622763
1625465
1628150
1631932
1635848
1638358
1645853
1645981
1647474
1654546
1657781
1659361
1662400
1671489
1684062
1707462
1709684
1712140
1714872
1715694
1717532
1727596
1728199
1728904
1736535
1738109
1739977
1742338
1749704
1757341
1779165
1785409
1788162
1789268
1798693
1809978
1813296
1816506
1825471
1831158
1831431
1849274
1855875
1859840
1865399
1865412
1867875
1868934
1870285
1870378
1872268
1872290
1874781
1875134
1878012
1886233
1898409
1908100
1909839
1914342
1916472
1918122
1918166
1919501
1921100
1922404
1924350
1934319
1938235
1948084
1949482
1949943
1950527
1965483
1967427
1969279
1972392
1977421
1979168
1995166
