-1994013
-1993560
-1991659
-1982371
-1976982
-1971546
-1964422
-1963498
-1961526
-1959439
-1956713
-1954187
-1940701
-1937837
-1931018
-1924879
-1917502
-1916917
-1914952
-1911414
-1910382
-1901416
-1894407
-1893464
-1892594
-1890191
-1885365
-1882117
-1876326
-1870105
-1866046
-1862042
-1859317
-1853969
-1850228
-1849690
-1841667
-1841533
-1833589
-1827519
-1827400
-1827036
-1825626
-1820832
-1819899
-1817754
-1817054
-1809825
-1807742
-1804972
-1802493
-1801862
-1796257
-1793904
-1790775
-1783347
-1781534
-1779247
-1766201
-1765953
-1763699
-1762304
-1761290
-1755868
-1753690
-1751292
-1748912
-1748401
-1747723
-1745488
-1743848
-1739108
-1737889
-1737248
-1736055
-1731647
-1731224
-1729802
-1723604
-1723102
-1718120
-1714301
-1714091
-1699086
-1699026
-1697669
-1692547
-1691366
-1689542
-1684184
-1675111
-1665868
-1663362
-1657669
-1655152
-1651100
-1650864
-1650797
-1645407
-1644427
-1642998
-1641613
-1636316
-1627863
-1622233
-1618051
-1611520
-1603755
-1601461
-1596912
-1579970
-1577645
-1576340
-1574810
-1573137
-1567638
-1560493
-1560098
-1559084
-1557565
-1552901
-1551615
-1548670
-1547812
-1531631
-1531302
-1530715
-1523486
-1523047
-1520188
-1515180
-1510223
-1505441
-1505083
-1493609
-1483307
-1477546
-1477004
-1465063
-1462246
-1454872
-1448793
-1444279
-1441002
-1437621
-1435989
-1435517
-1418786
-1418147
-1416105
-1411832
-1409744
-1404092
-1389561
-1387748
-1385757
-1382697
-1379825
-1379792
-1373515
-1370749
-1367648
-1363112
-1362581
-1359804
-1351938
-1346596
-1345548
-1338409
-1337510
-1335724
-1325861
-1323670
-1320198
-1317951
-1312777
-1311675
-1306449
-1306425
-1296524
-1294240
-1284882
-1283252
-1274222
-1273730
-1270906
-1261884
-1256183
-1251431
-1250787
-1244413
-1242896
-1241869
-1241542
-1235219
-1234541
-1232402
-1227813
-1224596
-1211380
-1208449
-1206312
-1205161
-1201870
-1193008
-1191095
-1190493
-1186728
-1185413
-1185243
-1185036
-1183664
-1182786
-1182565
-1176156
-1170225
-1168998
-1165793
-1154075
-1153101
-1151861
-1148439
-1147448
-1142802
-1137146
-1134531
-1129223
-1128240
-1125046
-1124608
-1122272
-1120400
-1119534
-1117708
-1112535
-1104696
-1101085
-1093411
-1092949
-1092100
-1086844
-1085225
-1082455
-1081982
-1081144
-1066751
-1066197
-1065648
-1058253
-1057879
-1044944
-1042122
-1040996
-1039488
-1036034
-1033219
-1003790
-999436
-999305
-996097
-994810
-990220
-984567
-982610
-969364
-968782
-966261
-958072
-952633
-944273
-941809
-930289
-929988
-928695
-927736
-926107
-925539
-923425
-911628
-909867
-908547
-906277
-901240
-892815
-892575
-888117
-885853
-871936
-869986
-869029
-864214
-860342
-859762
-851391
-849960
-849241
-847089
-845538
-844473
-839289
-838904
-837105
-830437
-828252
-827363
-825520
-824571
-814355
-805564
-803409
-801930
-792367
-787693
-784593
-781726
-781705
-775052
-772032
-771812
-759901
-758577
-750311
-743447
-732820
-730343
-730211
-725370
-721149
-713552
-710484
-705275
-703488
-702288
-700178
-697277
-692603
-686638
-684109
-682658
-682418
-676306
-669398
-663883
-663377
-658723
-652438
-651562
-650812
-639220
-635811
-630394
-629285
-627652
-615025
-613019
-610575
-606298
-605298
-605020
-601040
-596060
-590636
-589665
-587607
-587121
-578701
-567025
-563340
-557627
-555420
-554803
-543386
-538310
-536814
-534024
-528495
-527869
-525987
-522064
-513699
-493627
-492621
-491442
-491347
-483553
-479751
-471883
-469470
-468538
-467562
-448934
-431828
-429908
-426360
-425285
-415451
-411522
-411058
-404878
-402036
-399448
-397094
-396768
-394847
-394305
-389189
-388395
-387840
-387077
-372798
-372287
-366328
-365702
-363197
-358917
-357362
-346053
-343639
-343240
-342441
-341779
-329474
-322905
-315633
-310631
-304388
-297269
-295352
-289339
-283685
-268550
-267184
-258749
-244572
-224537
-207898
-201318
-199734
-195328
-191829
-185128
-171841
-170637
-167935
-161288
-159470
-157317
-145566
-132430
-118774
-103305
-97228
-92978
-77160
-76174
-73295
-72127
-59315
-56826
-52470
-48568
-42739
-41464
-38114
-35569
-30904
-29720
-28221
-14256
-11853
-10584
-10160
-3815
5224
6460
9780
14142
16774
19163
23090
23223
24011
27293
32204
34437
40662
44812
44907
45343
52176
59413
60352
63083
66934
67777
70469
80570
86084
89035
95778
96162
97121
98343
103132
108339
110628
111942
113779
116762
125586
127173
128563
133431
134266
147130
154511
155262
158745
164632
169459
175969
175977
181753
182479
183321
190993
192374
192927
193071
197208
202668
211431
220696
226550
226789
229331
230011
231602
233264
235945
238760
247007
250249
264581
271987
272859
279588
280617
281408
281665
284552
290361
306818
314639
315118
324707
328349
331600
341067
342704
344011
350023
351140
361269
369285
372400
373309
374458
376754
380868
386278
387852
389256
394527
396162
398387
400815
405567
406302
406466
409432
422681
423884
430866
431807
439503
441085
442948
448195
450454
458049
458083
462677
465868
468978
469681
477596
477647
486609
487720
500380
501010
501302
505219
509410
510050
511634
517229
518551
524977
530155
538829
544308
544690
549010
550644
560278
561186
565433
569044
569519
571847
573985
575491
576087
578962
581009
582326
583392
584786
588520
592064
595388
598360
598553
598625
599401
605034
610814
611588
612416
612982
617493
618366
621177
624491
624710
625241
629667
634606
639784
641939
650324
652455
654257
654685
656596
659832
660511
660938
661941
668574
669661
673559
678683
680314
683055
692151
697015
697748
701542
701755
702340
703270
706288
710004
712955
724097
727381
730110
730885
740360
741397
742765
746582
748906
754588
755869
760384
761560
762242
767203
769190
787095
802671
802829
806499
808458
813054
813713
817984
825082
828949
833028
841971
843799
850744
851012
853103
859221
863769
874728
876880
877326
883696
884279
884347
886230
896917
898700
902792
903522
906440
913925
917000
925584
925952
928490
939086
942552
944705
945059
953187
953751
958089
967476
968650
972723
978723
985648
991203
993345
1003321
1004487
1004502
1005451
1006553
1007779
1008198
1008263
1010444
1010466
1011552
1011962
1012371
1014432
1014566
1015887
1033408
1034606
1042422
1044571
1048214
1061395
1063170
1063666
1073392
1076600
1078095
1078360
1080206
1082170
1086910
1096044
1096875
1098477
1101224
1102457
1103034
1109284
1110714
1115291
1117696
1125108
1132312
1134321
1153880
1160058
1161563
1166951
1168198
1168416
1168691
1168693
1171704
1173664
1178578
1179282
1179889
1185658
1186566
1188307
1193511
1199888
1201242
1202359
1214493
1216368
1217601
1219397
1219824
1230721
1231681
1235353
1239716
1241159
1250563
1253481
1269964
1273469
1275469
1278140
1299302
1302120
1302730
1303753
1304546
1311762
1315193
1324233
1324858
1326235
1328780
1330510
1333446
1334623
1335428
1337579
1339080
1342338
1346903
1350729
1352539
1356781
1363335
1369386
1373906
1374152
1376312
1380907
1391910
1395219
1397713
1407767
1412439
1415947
1420446
1427889
1428246
1433399
1437803
1442656
1444013
1444713
1452421
1456288
1459753
1466411
1468607
1472314
1484288
1484647
1486126
1494673
1497472
1505496
1508500
1516607
1521433
1522310
1529602
1529824
1531271
1531779
1535986
1541511
1546201
1551391
1559382
1560001
1563993
1565898
1579990
1583650
1583820
1594264
1608776
1611507
1622861
1632452
1632634
1639208
1640595
1642118
1649287
1655376
1657803
1662992
1663487
1665946
1673636
1673916
1678365
1691434
1692753
1698800
1700170
1700506
1700624
1708534
1708836
1711441
1713562
1719118
1719334
1726710
1727509
1732258
1735984
1736461
1736901
1745256
1745991
1753569
1757675
1758921
1759848
1761976
1778594
1778876
1790851
1792997
1794462
1794932
1810638
1815994
1818934
1820081
1820405
1822157
1824086
1825343
1827240
1838968
1839813
1845587
1847517
1848628
1850484
1857554
1860769
1872084
1876460
1882905
1886323
1887968
1895339
1896679
1898803
1904004
1909215
1915521
1916779
1916960
1921781
1922364
1930298
1934248
1935800
1936102
1936111
1938650
1941969
1944637
1946152
1956370
1959088
1962682
1962726
1965811
1966135
1966732
1970002
1972581
1973604
1975357
1976565
1994128
1996338
1996788
