-1990068
-1981225
-1980352
-1973700
-1973389
-1969183
-1965461
-1965361
-1961171
-1960875
-1950467
-1946212
-1944031
-1936907
-1933085
-1929707
-1927273
-1922534
-1921852
-1917956
-1910345
-1909819
-1907750
-1905125
-1903504
-1894529
-1892582
-1881983
-1880506
-1862916
-1858408
-1856766
-1853932
-1851267
-1850299
-1850149
-1844096
-1843990
-1832193
-1832163
-1831474
-1829591
-1823164
-1801161
-1796141
-1793434
-1789145
-1781103
-1780372
-1779725
-1777967
-1767270
-1766195
-1756191
-1749705
-1748989
-1744579
-1740347
-1734429
-1733362
-1727768
-1724083
-1705044
-1704261
-1701298
-1699747
-1698077
-1694258
-1684135
-1655403
-1653721
-1652841
-1640769
-1635709
-1621985
-1621113
-1619242
-1614716
-1610638
-1607547
-1606596
-1606305
-1604455
-1601669
-1586029
-1581009
-1579285
-1576902
-1574891
-1572696
-1568686
-1565169
-1564578
-1563938
-1560035
-1559035
-1558539
-1553222
-1551437
-1548651
-1546559
-1546093
-1542300
-1542204
-1537255
-1536443
-1530775
-1530640
-1522988
-1520364
-1517118
-1515890
-1509152
-1496135
-1490341
-1470531
-1464901
-1464179
-1462310
-1460093
-1459749
-1459605
-1457238
-1450904
-1447068
-1437426
-1435153
-1435014
-1426636
-1420548
-1415751
-1415100
-1409620
-1404263
-1402140
-1398095
-1396703
-1393667
-1391066
-1380647
-1371823
-1371743
-1369961
-1367451
-1359397
-1356664
-1354592
-1351148
-1348055
-1340476
-1340038
-1334067
-1330322
-1325638
-1324635
-1323670
-1318964
-1313404
-1311944
-1310437
-1306428
-1305860
-1299484
-1293607
-1291846
-1288394
-1286320
-1283849
-1282173
-1280255
-1275858
-1273410
-1270216
-1270033
-1269966
-1264589
-1264173
-1256433
-1253716
-1250131
-1244568
-1243001
-1242034
-1228714
-1226288
-1225832
-1225525
-1222586
-1220344
-1219217
-1219103
-1214262
-1211948
-1209854
-1208210
-1204398
-1193594
-1188523
-1178147
-1165663
-1161821
-1159802
-1152616
-1148769
-1146401
-1146229
-1144767
-1141142
-1137694
-1136407
-1133038
-1131907
-1129877
-1126689
-1125882
-1115726
-1115711
-1102680
-1102480
-1101945
-1097495
-1097175
-1094165
-1089650
-1084210
-1083336
-1075476
-1050240
-1040705
-1037196
-1034961
-1030343
-1028112
-1021677
-1019070
-1018956
-1011478
-1008759
-1006787
-1005806
-999657
-997520
-991752
-988967
-985739
-982297
-977773
-976555
-971136
-969557
-967671
-964261
-957639
-954335
-953391
-953322
-953170
-952150
-950586
-949030
-947847
-940702
-937003
-935223
-928244
-922552
-921911
-911066
-910015
-908287
-907303
-892458
-885531
-885302
-881355
-880553
-880200
-874590
-871816
-869999
-864198
-848823
-846512
-841639
-839337
-837293
-834931
-821472
-813413
-812988
-804753
-803287
-802569
-801060
-796321
-794624
-792328
-790315
-784979
-781361
-776264
-763014
-760385
-756420
-755326
-754594
-754249
-754226
-752759
-749857
-742194
-740109
-738906
-734386
-732833
-729633
-727650
-718270
-708944
-708356
-706907
-691009
-686369
-677794
-670457
-669557
-668969
-667386
-664601
-663431
-654570
-652951
-647898
-645312
-641091
-635897
-633138
-632712
-630659
-629110
-628700
-608250
-602869
-602675
-601823
-598280
-596114
-578447
-577069
-575101
-566072
-550805
-549451
-546773
-542506
-532020
-521959
-521196
-520778
-520259
-517047
-514969
-514075
-513742
-513423
-513017
-512979
-512924
-507398
-499672
-486480
-479602
-479044
-474219
-471519
-469687
-469479
-465777
-464348
-462728
-459803
-456411
-456084
-453324
-448060
-446274
-445828
-441675
-438348
-436508
-433651
-433458
-429664
-423383
-423374
-413733
-411172
-405187
-403901
-403156
-393752
-391385
-389408
-387753
-379479
-375036
-371392
-371246
-368397
-367618
-361158
-355337
-354893
-345350
-345091
-340584
-339808
-333251
-328019
-323527
-319099
-317732
-315384
-309943
-306060
-294590
-288388
-283902
-282351
-280820
-279225
-274830
-272799
-271134
-265906
-264618
-259910
-257361
-253170
-252573
-252391
-232346
-228275
-228156
-225837
-197211
-189142
-187013
-184874
-179105
-175999
-173760
-163811
-162932
-160784
-153740
-151464
-142554
-141091
-139049
-138275
-137620
-136746
-134768
-129446
-125773
-125260
-123841
-122953
-120445
-117909
-112430
-112400
-105198
-93992
-88843
-85708
-83495
-82932
-75039
-74504
-66406
-61790
-60833
-58370
-50294
-37790
-37351
-33181
-32549
-28619
-27509
-24454
-5124
1466
17398
19096
19965
23499
23719
24664
28668
29321
29534
29561
30906
32832
39354
46384
48238
58169
58398
62288
66881
67769
71558
78758
83546
84628
85223
92055
92617
107492
109618
110088
113024
114531
118358
122184
128138
132941
137419
145148
146637
150092
151392
152981
161297
165163
171838
171869
174147
175842
179702
182862
193515
194021
195080
198447
206938
208542
210053
215670
225197
225310
234910
246772
247795
252021
256169
258949
272571
277064
281204
290588
298849
310199
311821
314129
320985
321868
324790
332550
333022
338966
343504
345575
346952
367047
383347
385747
386624
388378
391230
400255
408878
413248
416006
417615
419786
421160
421675
424335
426606
433978
435816
436883
437167
441681
445271
445680
450340
460404
464306
473573
476386
476812
477585
478407
488385
490588
493470
499917
503730
504729
507339
512553
513421
513883
514760
515163
516474
521180
522198
523299
523949
530393
534825
541437
548960
551195
557535
559692
570273
573483
575532
575638
585049
585562
588108
588750
594818
597253
598745
606121
606855
607393
612767
614056
626140
630688
631517
637218
645955
650787
655541
658185
660579
660812
661172
676126
679828
684271
690124
698964
703669
707466
711646
717320
720522
721118
726763
736658
738692
743918
744096
747236
749108
749426
749875
750910
752959
764774
765507
767646
771999
775817
779110
782593
782888
785876
794526
794697
808735
809537
813899
813989
814030
816825
819795
822253
823539
826853
840510
842701
847607
855435
857546
861904
863753
866664
871253
878949
879369
879995
881142
882074
893489
894147
895925
908683
909425
918102
919802
920457
933057
938592
938922
940261
941793
942117
950787
952657
952863
953517
956225
964897
968820
969229
972452
973020
976916
983229
986161
997000
997932
1000808
1010588
1013301
1014955
1017280
1025297
1030765
1043027
1043374
1046714
1051688
1061242
1061641
1064578
1065700
1065845
1066154
1069159
1071881
1073655
1077495
1078337
1080606
1088736
1089984
1091610
1093829
1094868
1096777
1105549
1106721
1108835
1113012
1115534
1119445
1125830
1127814
1134215
1134246
1138615
1140292
1156899
1160111
1165082
1171551
1173384
1175682
1179655
1181664
1207915
1208788
1208880
1209872
1210086
1211982
1214405
1215038
1221251
1229010
1236397
1237492
1242023
1247194
1248774
1249669
1259185
1261287
1261450
1261566
1267694
1272294
1275003
1275078
1276981
1284235
1298991
1299342
1300241
1307532
1309185
1316365
1318636
1320276
1320325
1328649
1334563
1334571
1337175
1338531
1342318
1344474
1347483
1348113
1350608
1352778
1353525
1373033
1373846
1375114
1376451
1377187
1381372
1381698
1385263
1388891
1391298
1396316
1396711
1413357
1418557
1423601
1423739
1443703
1452073
1455904
1457846
1458799
1464328
1466937
1469858
1476922
1478877
1482278
1483029
1490677
1496106
1500497
1503566
1511526
1511586
1515196
1515446
1516288
1517314
1523866
1525567
1531122
1538121
1539034
1545272
1546109
1547839
1555048
1569339
1569489
1576520
1577847
1581891
1587785
1591673
1597627
1601463
1604585
1607068
1608094
1608679
1609322
1610660
1614067
1618277
1619253
1622940
1623817
1629027
1638432
1640427
1646990
1648026
1656334
1656484
1662426
1673153
1673407
1675083
1676185
1678583
1680451
1688847
1696822
1701157
1706195
1706256
1710781
1716149
1720442
1731842
1734620
1739131
1743449
1744191
1745791
1746394
1747495
1756616
1763332
1763615
1767934
1772667
1778834
1779059
1784812
1785715
1790855
1792111
1797678
1805445
1806290
1806451
1811013
1819824
1820808
1820874
1821363
1823915
1824184
1824681
1829628
1831502
1832411
1839251
1847129
1859252
1864145
1869657
1869931
1870780
1878671
1884320
1894899
1899627
1900135
1914229
1915758
1923547
1935501
1944486
1945827
1947730
1950694
1953529
1955311
1955797
1956323
1956994
1961736
1967094
1967354
1969146
1972122
1977440
1979712
1980332
1992529
1993907
