-1999964
-1999419
-1996552
-1995681
-1992360
-1988608
-1987706
-1981936
-1976410
-1975357
-1972892
-1970313
-1965119
-1965049
-1960237
-1956063
-1956009
-1953571
-1945612
-1944698
-1942291
-1939691
-1931346
-1925124
-1923305
-1921915
-1913290
-1912683
-1912323
-1906293
-1900763
-1898897
-1895063
-1889501
-1875916
-1870441
-1869596
-1866135
-1854998
-1850845
-1850560
-1846333
-1845917
-1845707
-1841033
-1833364
-1829403
-1825083
-1823244
-1822429
-1821389
-1813674
-1802536
-1798400
-1784059
-1779077
-1776810
-1770738
-1765684
-1762256
-1753527
-1752744
-1750792
-1749823
-1741212
-1739779
-1723900
-1720228
-1719618
-1718059
-1714777
-1711355
-1706331
-1705179
-1704060
-1695707
-1690375
-1684531
-1681052
-1680688
-1679706
-1677273
-1675326
-1673548
-1664160
-1663241
-1653335
-1651605
-1650917
-1649584
-1647905
-1645380
-1641100
-1639468
-1639072
-1638589
-1630093
-1621903
-1615739
-1609711
-1592713
-1588502
-1585551
-1576983
-1574946
-1569453
-1568596
-1563266
-1555320
-1548795
-1545700
-1541400
-1537669
-1537528
-1536516
-1527915
-1514812
-1513051
-1509732
-1504880
-1504155
-1503084
-1501752
-1499661
-1499245
-1499171
-1498218
-1491978
-1490319
-1487252
-1461655
-1460989
-1460013
-1452333
-1447292
-1439370
-1438407
-1425657
-1421858
-1421624
-1420522
-1416479
-1393997
-1393609
-1390419
-1372765
-1353161
-1350437
-1350413
-1349996
-1344342
-1337946
-1329045
-1328095
-1323718
-1318668
-1313014
-1311138
-1310464
-1309357
-1299176
-1295063
-1294831
-1291825
-1289606
-1289003
-1283478
-1272887
-1272150
-1270850
-1269705
-1267218
-1266298
-1264714
-1264410
-1262976
-1261524
-1257397
-1256329
-1255521
-1251654
-1248992
-1236436
-1228537
-1220896
-1215322
-1211235
-1203719
-1196700
-1194774
-1192679
-1190630
-1189873
-1187884
-1185617
-1176504
-1167910
-1163966
-1158737
-1158656
-1158622
-1157143
-1153916
-1150708
-1144929
-1140863
-1139019
-1134257
-1132262
-1130265
-1127560
-1121023
-1113298
-1100658
-1100445
-1097599
-1096022
-1094724
-1093755
-1088670
-1086492
-1085050
-1078180
-1074037
-1072099
-1070140
-1061200
-1058930
-1054148
-1051715
-1042609
-1040411
-1037298
-1036344
-1034577
-1027793
-1021246
-1018583
-1015278
-1012334
-1011684
-1006827
-999458
-995182
-994388
-992388
-988403
-986632
-986450
-985698
-977897
-967689
-954923
-952999
-947573
-942291
-940707
-935846
-926626
-916640
-910280
-909535
-906876
-902597
-902501
-899802
-880064
-879321
-875300
-874635
-860911
-855714
-854661
-854549
-854474
-847113
-844259
-844020
-841957
-841932
-838768
-834246
-829765
-822371
-820343
-819523
-816992
-812037
-807975
-796339
-796175
-783404
-778381
-776564
-766499
-764416
-762320
-760399
-749804
-748518
-745505
-741352
-735204
-728893
-725312
-722255
-716076
-713779
-712253
-696545
-684105
-674933
-672192
-671053
-669600
-663095
-661212
-660578
-658575
-652449
-651726
-647682
-643380
-640693
-638726
-638698
-636861
-636632
-632727
-632285
-622254
-621531
-621064
-612564
-612023
-611791
-604430
-603808
-588937
-585030
-584262
-583635
-580388
-578949
-574769
-574085
-558918
-545112
-541113
-540190
-539174
-531166
-530407
-529628
-528087
-525807
-520327
-519768
-513917
-510708
-508128
-499147
-494382
-488980
-482569
-481894
-475528
-471610
-471570
-471314
-451072
-450629
-448913
-447336
-447168
-445097
-444416
-432315
-430685
-429965
-426482
-423014
-421570
-418936
-417621
-403744
-396914
-394835
-394201
-388820
-380038
-378074
-375875
-369593
-366849
-366190
-358796
-357609
-352033
-350336
-346354
-344539
-335100
-333440
-330530
-324740
-324401
-322551
-318073
-315641
-310679
-301844
-292197
-292114
-290794
-289737
-286839
-273692
-270911
-269799
-269643
-261581
-250615
-244767
-235500
-229174
-227372
-226373
-219332
-216521
-209804
-201693
-199330
-197537
-197533
-194296
-190659
-190510
-188174
-180367
-171597
-170083
-169069
-165053
-164004
-162075
-161787
-160150
-156851
-156608
-153074
-150803
-147411
-144800
-144095
-143793
-142778
-140313
-139785
-132681
-131327
-121564
-119173
-106126
-102735
-92159
-85038
-77764
-75375
-72889
-70010
-69359
-65509
-61929
-59266
-58979
-53106
-49499
-47580
-44347
-40309
-39903
-39708
-38548
-34722
-28213
-24453
-21686
-18758
-11900
-8795
-6957
1060
1209
2227
2757
14770
33888
34235
37584
40785
41878
43285
45632
47259
54153
58778
71557
74983
76829
78612
83404
85868
87170
95978
99152
108645
111072
112264
116269
126917
134076
139061
146229
148490
150739
151650
153632
158467
164540
169053
170787
173397
176206
178073
180465
184479
190107
194355
198021
198175
200024
203339
206544
207087
208011
208796
213568
218737
219471
219516
232705
236857
246764
254272
255808
258670
263334
268620
280985
283914
290736
294505
295344
295499
296680
303750
304576
313261
314342
314765
325301
334572
335032
336694
338341
340783
344109
352971
357460
358778
363083
367657
370916
371637
373501
375817
379861
386037
388268
389792
391036
395440
395475
398669
399796
409296
411811
415432
420107
423116
429827
433036
433830
436049
442510
443641
446414
450835
455833
460177
464679
466250
468316
469705
473382
482620
483329
483505
487957
488029
492527
501385
503640
504602
507372
508334
511326
514089
515813
518219
519009
521127
521306
522213
526271
528342
532867
534975
536166
537956
540125
547192
550859
556253
556285
557481
561223
566197
568458
568650
574214
576805
580521
587431
587504
587845
590831
594311
597992
599054
599867
608823
610650
622026
622816
630986
644149
644344
659139
669058
669163
669553
675511
675779
677724
680878
681286
682616
684519
687523
692426
697609
698493
708447
708818
715190
722246
723428
726568
731001
731614
733846
734134
737707
740772
746009
750570
755106
755481
759739
775620
783165
783246
799170
802846
806071
813194
816123
816882
832583
842156
847020
850691
851735
854414
861154
861751
862984
875254
876026
883542
884135
885513
893789
899594
901737
909189
911416
913085
916114
918554
918775
930685
940198
960761
962976
967668
970329
978694
986062
986559
987182
996225
997446
998520
999079
999234
1000386
1001797
1014632
1021412
1023421
1036381
1037362
1039433
1040142
1041513
1041614
1050283
1053238
1058118
1060360
1065098
1065992
1076438
1076781
1080089
1082623
1087510
1088271
1094271
1094891
1096963
1099504
1100900
1104422
1106810
1114105
1116448
1122673
1126283
1127746
1133078
1136486
1139667
1159235
1164140
1179250
1180485
1184438
1186576
1192360
1194987
1200475
1201929
1204956
1205089
1207409
1213438
1220524
1223224
1228592
1229252
1233648
1234055
1243842
1263936
1264998
1269361
1271334
1275466
1279365
1289656
1293482
1298105
1301195
1308255
1312152
1314050
1321621
1330023
1334774
1338355
1340607
1344773
1346394
1347800
1352488
1352828
1356239
1363973
1364553
1369784
1370159
1370459
1372884
1374970
1381453
1384645
1388660
1390887
1393197
1406033
1410210
1414266
1416154
1418109
1422535
1423454
1429407
1431534
1432268
1434826
1435313
1439645
1441488
1452807
1454181
1456681
1456758
1460438
1463313
1465715
1466463
1474130
1476517
1500421
1508264
1509294
1527607
1533699
1535588
1538975
1541360
1544829
1546108
1546709
1547117
1550067
1553493
1555010
1555876
1556787
1561984
1565722
1569230
1569535
1573983
1587448
1588838
1591840
1592567
1594950
1596568
1597596
1599575
1601702
1602281
1604027
1604963
1605276
1615798
1617756
1618052
1618197
1624097
1625524
1627355
1633937
1637208
1645195
1647312
1648193
1655788
1662573
1666356
1668844
1680336
1682422
1685832
1688063
1697581
1704476
1713361
1715695
1718959
1721341
1721669
1724066
1724582
1724755
1735540
1740047
1740261
1740937
1745071
1758783
1761674
1761902
1772257
1773458
1773800
1776695
1780901
1786247
1787718
1788005
1789372
1805900
1808977
1812008
1814090
1817557
1819420
1825733
1835127
1836426
1840480
1852311
1852570
1854862
1861527
1863950
1865354
1867363
1871669
1872699
1873560
1876454
1877353
1882530
1885681
1886748
1889035
1899491
1899906
1908322
1919571
1920678
1927790
1930834
1932438
1934929
1947452
1957867
1959506
1963395
1963440
1966919
1970312
1973215
1978285
1984748
1985842
1986620
1995547
1996598
1999069
1999241
