-1996875
-1994747
-1992774
-1990628
-1989880
-1989451
-1989319
-1982214
-1976799
-1972567
-1970584
-1970206
-1968623
-1966343
-1956879
-1948850
-1946402
-1944936
-1928821
-1928669
-1926025
-1920084
-1919847
-1919834
-1917483
-1916584
-1915903
-1914475
-1913884
-1911121
-1910058
-1909822
-1889676
-1888232
-1887951
-1882504
-1881265
-1877860
-1871477
-1867158
-1864555
-1863696
-1858029
-1856680
-1853238
-1852016
-1849888
-1847253
-1846154
-1838534
-1837162
-1829292
-1822539
-1822085
-1818884
-1817822
-1811491
-1802425
-1800311
-1797038
-1792832
-1780257
-1778080
-1775118
-1772073
-1769406
-1749004
-1748154
-1740402
-1736576
-1733815
-1729888
-1729338
-1725623
-1720662
-1713755
-1712411
-1686868
-1684883
-1684560
-1680674
-1679314
-1678936
-1655290
-1645854
-1644666
-1638793
-1626005
-1624608
-1624413
-1623434
-1614075
-1605970
-1603642
-1601123
-1597007
-1595519
-1582806
-1575356
-1573701
-1570138
-1563386
-1555344
-1550821
-1547996
-1547968
-1540524
-1538579
-1538335
-1537376
-1532993
-1529867
-1523037
-1522738
-1518770
-1516565
-1504711
-1501764
-1501422
-1501133
-1497766
-1493666
-1485645
-1483510
-1481291
-1481033
-1477265
-1475595
-1475365
-1473633
-1470663
-1469152
-1467538
-1460749
-1458793
-1448130
-1447552
-1442501
-1440232
-1430968
-1428409
-1424712
-1414942
-1414881
-1411632
-1409361
-1401321
-1399241
-1394211
-1392072
-1391998
-1391738
-1391409
-1365000
-1364793
-1362276
-1357025
-1354854
-1354753
-1348981
-1346987
-1346859
-1345157
-1344281
-1343909
-1340514
-1335051
-1332741
-1330912
-1328966
-1323973
-1323064
-1322454
-1320501
-1315313
-1312215
-1307302
-1303580
-1302794
-1301432
-1301237
-1301123
-1293780
-1292884
-1288778
-1284065
-1282304
-1281274
-1270855
-1269090
-1267851
-1255863
-1252675
-1252160
-1247502
-1237390
-1230216
-1226315
-1223708
-1215091
-1211076
-1205038
-1198051
-1197847
-1196900
-1191246
-1191143
-1190606
-1186771
-1184818
-1183232
-1180434
-1177092
-1173226
-1169639
-1166236
-1165717
-1162938
-1156210
-1155369
-1155121
-1144097
-1142743
-1139585
-1137985
-1131055
-1126664
-1123738
-1121785
-1120067
-1115894
-1112422
-1112348
-1111714
-1107801
-1104623
-1104193
-1103489
-1102895
-1085944
-1085462
-1084942
-1076747
-1071720
-1069890
-1065973
-1064712
-1064175
-1060415
-1053921
-1048901
-1044016
-1041923
-1035853
-1032259
-1022767
-1021866
-1018936
-1017837
-1017746
-1017696
-1004185
-1002778
-995900
-995238
-987622
-986575
-984643
-982335
-977706
-971370
-970480
-969416
-968327
-968231
-963116
-960870
-959781
-955552
-949329
-934360
-929880
-924847
-922782
-915386
-912380
-892143
-891765
-890213
-886793
-881931
-879695
-872769
-866745
-864609
-860585
-860531
-859004
-855995
-846564
-836545
-834798
-827434
-820343
-818857
-814784
-810797
-797969
-797926
-793648
-789229
-775782
-771603
-770781
-764126
-760170
-757695
-756511
-752192
-749950
-748922
-746579
-746062
-739490
-739073
-738041
-737182
-729415
-727120
-723367
-722070
-711233
-706408
-704834
-700144
-697945
-684570
-670913
-668864
-667840
-667291
-658116
-655270
-639193
-638964
-638128
-633938
-631971
-628572
-624048
-616833
-611123
-607791
-605445
-605260
-602379
-602113
-585236
-577245
-572778
-569463
-568038
-566498
-560293
-557993
-555859
-553941
-552907
-545977
-545092
-539176
-532494
-531081
-528347
-525325
-522923
-519746
-515682
-513069
-504217
-499701
-496255
-495222
-490458
-487487
-483460
-480996
-478917
-478058
-472173
-470779
-466907
-465072
-463469
-460278
-459651
-459457
-458767
-451191
-445659
-445577
-439550
-437839
-420376
-417437
-415051
-408282
-401737
-396507
-391426
-378286
-371650
-368427
-364081
-359935
-358829
-356501
-355467
-346832
-342416
-341908
-336236
-312338
-310786
-299562
-299479
-299451
-294639
-289610
-287215
-284474
-283891
-283526
-267112
-260800
-257865
-254659
-242044
-235147
-233639
-233554
-233171
-226203
-221934
-215840
-211371
-210586
-208296
-205565
-201474
-194604
-188644
-182237
-181267
-178492
-170572
-167785
-163450
-157074
-153463
-152816
-146497
-143668
-142132
-140386
-135435
-126174
-124508
-123366
-113771
-112516
-97314
-95569
-93971
-89393
-88399
-79146
-76908
-75776
-72706
-60458
-53729
-52623
-48138
-42199
-33695
-19568
-3890
-1871
6923
8512
9489
12561
15012
18611
26060
29894
39513
40587
47658
49217
54343
56299
59949
71498
75028
81129
83761
85958
89732
99128
101508
106397
111269
115969
119620
121225
121348
124182
126960
129289
132804
141720
145049
145990
146150
148315
152751
160060
167257
174125
174684
178138
184781
186468
191929
199315
202042
210626
212681
225045
226135
229451
230824
232571
238416
238452
243021
243619
246274
251421
255088
255607
260849
262871
273633
274731
275952
276996
277429
277503
279017
281292
288158
289339
291021
293545
294833
298628
303607
304182
305717
311069
325219
326409
335518
350799
352275
353406
355813
355994
370996
371131
380258
380806
383111
390228
391072
394404
398184
404457
407881
411107
415116
416618
418106
420626
421640
427854
429498
432249
440395
445800
458122
459728
471944
477757
478043
493899
502062
502293
502642
504201
504305
505177
507140
509420
513321
518808
518903
519266
520950
528358
528860
534575
542571
544232
547343
548145
551683
553558
559659
563908
569057
574743
583335
594024
598534
599737
604014
614897
615931
617828
618249
620936
622620
623934
632209
633543
634699
635161
638572
638879
642713
644943
647359
649937
660742
663443
676674
678270
678917
681160
683023
684666
689540
693561
693630
694604
697839
698220
708366
710848
710991
734696
735958
739215
741986
752931
756692
757721
775661
776249
778373
778634
781282
784679
786543
788683
797413
805487
809771
821137
822058
822277
825915
826631
830609
832113
834621
837658
839895
842049
847794
863128
864533
867355
869008
874493
877669
885133
890322
899961
910679
911588
913726
915785
921518
929760
934318
934782
937983
943706
948969
950198
953267
968309
971006
972719
987222
989777
994338
995419
998936
1007856
1011949
1013177
1018908
1024447
1024939
1029941
1033096
1034708
1036981
1045519
1048421
1051148
1053939
1055835
1056696
1065241
1067880
1070626
1076655
1078750
1084075
1084280
1084751
1096897
1098139
1100756
1102104
1105240
1106528
1108018
1108165
1108681
1111898
1112021
1114647
1121217
1122456
1126829
1135051
1137562
1137912
1139260
1143093
1151534
1156008
1158173
1164468
1168090
1171157
1171998
1174768
1179222
1181503
1181653
1182751
1197983
1199159
1201364
1201962
1222393
1226460
1226914
1230576
1234402
1237827
1240920
1243746
1246353
1251103
1252409
1253743
1255129
1261426
1265510
1266816
1276434
1277332
1278028
1282470
1282906
1287886
1290323
1294536
1297682
1298813
1305364
1311511
1315722
1317287
1319266
1319982
1322371
1323973
1326340
1328913
1331911
1332211
1332674
1338920
1343655
1345024
1351111
1354417
1364259
1366533
1366586
1367198
1371762
1372276
1376082
1381346
1382045
1384485
1386570
1389128
1390378
1391799
1394917
1398455
1399775
1401424
1406411
1406573
1409209
1420683
1423288
1424530
1426591
1432593
1434561
1435084
1438417
1441555
1447380
1451395
1452911
1453650
1454928
1462302
1467460
1468680
1472818
1472975
1474037
1482866
1488032
1496390
1497693
1501568
1504567
1510779
1514963
1518221
1529650
1534399
1539963
1548881
1550529
1551940
1557737
1558825
1560739
1561923
1562482
1563069
1568271
1571872
1572796
1575142
1575382
1577652
1577724
1578458
1582551
1585049
1587623
1593428
1600283
1601562
1602430
1603119
1607106
1610401
1612466
1630797
1631094
1632108
1633956
1644060
1650386
1652209
1663064
1668182
1673998
1693091
1693432
1699990
1708355
1711231
1717101
1718651
1729469
1731034
1740451
1741715
1744752
1746943
1750699
1754885
1766922
1768887
1774744
1774783
1784669
1789764
1790176
1792737
1793799
1797581
1798129
1805263
1814997
1819136
1820255
1820568
1822521
1827208
1839328
1843095
1844263
1844267
1844594
1847100
1857105
1858090
1858723
1865721
1870174
1872125
1872999
1874298
1876349
1878901
1889799
1889818
1893095
1894756
1900406
1902805
1902869
1904166
1908959
1915440
1924108
1932649
1952961
1953724
1958373
1963526
1966246
1983848
1993321
1997230
1998660
1999378
