-1998765
-1998193
-1997347
-1988150
-1987279
-1984365
-1983531
-1977993
-1976982
-1975860
-1974095
-1971005
-1965034
-1963012
-1958589
-1958055
-1956386
-1946378
-1944736
-1943118
-1938236
-1928192
-1915639
-1914579
-1914531
-1899156
-1892958
-1877671
-1877028
-1876949
-1873068
-1869445
-1868215
-1864565
-1863799
-1863295
-1858339
-1856208
-1855907
-1850631
-1848756
-1842504
-1837383
-1832795
-1828288
-1827926
-1811896
-1808910
-1806975
-1797200
-1793188
-1784815
-1783703
-1782550
-1782529
-1780754
-1779442
-1777770
-1777403
-1776313
-1769791
-1765455
-1764205
-1747447
-1742236
-1740524
-1739883
-1739274
-1737573
-1737329
-1732470
-1726553
-1721893
-1719602
-1719307
-1718212
-1709465
-1707139
-1706635
-1701243
-1693079
-1692203
-1686606
-1683886
-1676204
-1675084
-1673969
-1671808
-1670610
-1656402
-1654772
-1650778
-1648570
-1643767
-1641252
-1640482
-1633160
-1631449
-1627878
-1617495
-1616495
-1611153
-1609161
-1604472
-1602278
-1602126
-1601707
-1601634
-1597221
-1595565
-1589372
-1578891
-1578648
-1577578
-1570060
-1564791
-1555666
-1554305
-1554085
-1551232
-1544399
-1541721
-1540928
-1522189
-1522067
-1516220
-1512587
-1508087
-1507965
-1498812
-1498092
-1495238
-1488468
-1477364
-1476416
-1475765
-1470335
-1470038
-1459525
-1458753
-1456155
-1454533
-1450756
-1449912
-1448718
-1438270
-1428422
-1427146
-1425605
-1420432
-1420416
-1418786
-1412122
-1410343
-1407318
-1401052
-1398544
-1394301
-1390886
-1382811
-1379530
-1377473
-1371634
-1370175
-1369577
-1366803
-1364696
-1357645
-1356953
-1356633
-1356155
-1353710
-1353112
-1346299
-1341366
-1339411
-1336065
-1335154
-1333932
-1333927
-1331392
-1331387
-1329288
-1320433
-1315658
-1311893
-1304617
-1302430
-1300408
-1299186
-1297969
-1291525
-1288037
-1287405
-1283205
-1282034
-1270816
-1258257
-1250796
-1250211
-1246039
-1242679
-1241011
-1230498
-1228475
-1225810
-1223190
-1220672
-1213033
-1212589
-1211845
-1198042
-1197111
-1193586
-1188955
-1185919
-1185796
-1184099
-1178785
-1176578
-1159854
-1136991
-1136750
-1134922
-1132143
-1128332
-1120745
-1115130
-1111888
-1109603
-1105415
-1105339
-1102078
-1102057
-1098210
-1096471
-1095546
-1074866
-1067644
-1052947
-1049812
-1046671
-1030263
-1027974
-1023080
-1020638
-1014511
-1013291
-1009552
-1007928
-1007753
-1005160
-998042
-996273
-994180
-990825
-990075
-983551
-975948
-968155
-960133
-954002
-953484
-952187
-940672
-935701
-935001
-930863
-922068
-914540
-908423
-903029
-901930
-901188
-900964
-899445
-889615
-887136
-885923
-884427
-880850
-876403
-875614
-872029
-868727
-864597
-863797
-862483
-861586
-855719
-851330
-850001
-836892
-832727
-830503
-825335
-824284
-821185
-817924
-799471
-794284
-793064
-787829
-784241
-778728
-776703
-774011
-771432
-765724
-760992
-758053
-757222
-752538
-751375
-750233
-749222
-743288
-737478
-721423
-720067
-719258
-712778
-709021
-706851
-695498
-690585
-689851
-686955
-686039
-672823
-669299
-668438
-658182
-654916
-647772
-647506
-639638
-636628
-636465
-633544
-632662
-625885
-622305
-615085
-614619
-607621
-607214
-601963
-601056
-598635
-596348
-592872
-592453
-591838
-584948
-576048
-570627
-564896
-559452
-557186
-557151
-555842
-555822
-545726
-528240
-524914
-519986
-519149
-516307
-515336
-511901
-510333
-508817
-500802
-499885
-496599
-495383
-486727
-481324
-476577
-468344
-452583
-449738
-445447
-444766
-444604
-444478
-442496
-434593
-420497
-416920
-416709
-414637
-413965
-408309
-406100
-402901
-395991
-381295
-370739
-364201
-355070
-349545
-345921
-343242
-342177
-341589
-339638
-333922
-333409
-327583
-325561
-317870
-312483
-310811
-310714
-309317
-308720
-305514
-301496
-297739
-279913
-277663
-275700
-270630
-268472
-268424
-261171
-260717
-259922
-254063
-253365
-248433
-243981
-235978
-234181
-225433
-224854
-224212
-220846
-219676
-217212
-206026
-202005
-199050
-188981
-183584
-178333
-177141
-163052
-160441
-158510
-156310
-155711
-149983
-145805
-141190
-135750
-131789
-119361
-118983
-117037
-114656
-93415
-87950
-82435
-74933
-72128
-68022
-64020
-57955
-56739
-44913
-41170
-32943
-31151
-22013
-17228
-15647
-13961
-12876
-6237
-1046
903
977
9362
9792
11590
15156
16081
20793
37300
39482
43864
45822
51576
51708
56694
62537
68274
71310
73274
76078
83260
85328
88322
89996
92719
97242
98814
107020
107718
108197
113872
119468
123620
123915
133548
134571
138607
141363
144172
148402
153217
153623
155529
160127
165269
169412
170245
173462
177330
181727
183426
188730
190942
193198
198506
198743
205944
212383
220776
223964
225673
227181
231027
234808
242275
244139
248248
256710
261879
262470
264072
269243
272334
277145
286967
304488
316742
325704
333857
335031
339938
345065
348742
353022
353925
355265
359465
372352
376330
378691
378889
380109
383709
386923
395965
402406
412980
413978
418427
419776
419833
425065
429473
435471
437344
439188
440436
441624
443187
450704
461198
463032
470251
471375
477538
480546
495008
503338
511166
516210
517810
529663
546106
548638
550712
551011
554156
555695
563910
566251
566681
568951
572687
577003
577747
580487
580879
594147
595357
596111
597374
598040
602386
603991
604551
605217
605794
607458
609902
611567
612436
612451
614084
615442
616624
631289
632664
649122
649244
650131
650225
652209
657208
657681
657692
658606
659349
660735
664151
669824
675584
677534
678546
679329
682223
683306
685469
686166
693158
712336
717104
719127
721870
723411
727631
730046
730801
734197
736276
740634
742438
743981
745385
751276
751892
752790
757884
772203
777447
777737
781085
782229
792963
795572
814495
814930
816964
823241
825808
826235
827775
830050
836956
840239
843297
844610
844898
851685
863986
866772
867007
867613
871638
873161
875003
879456
881564
884636
888033
888788
890838
898754
899368
904143
905577
908261
913206
915051
933490
945020
946692
950041
950181
961042
975409
975800
980857
983858
990229
990754
1005716
1007472
1011793
1019605
1024478
1025090
1025096
1025434
1031383
1038951
1039620
1041420
1051926
1054398
1059124
1061232
1062205
1064072
1065800
1067669
1071110
1090132
1095155
1095336
1101274
1103209
1108170
1111291
1116390
1122671
1123196
1125022
1128076
1130564
1130790
1134997
1135171
1144299
1149609
1157132
1157553
1163375
1167163
1169799
1171225
1171290
1175430
1176022
1177381
1177751
1187055
1188090
1199830
1202891
1203328
1207121
1208742
1210250
1216699
1222162
1222264
1232406
1237353
1238094
1245171
1248448
1252945
1262249
1263644
1265874
1276969
1278609
1279806
1280729
1281949
1283026
1285988
1287150
1294966
1296563
1298985
1301940
1304042
1306979
1308493
1313915
1316357
1316469
1317687
1318951
1319083
1320524
1328884
1332333
1332715
1335146
1339397
1345745
1346841
1347617
1350683
1358330
1359822
1362120
1372239
1374017
1374019
1377386
1382027
1385639
1387659
1392157
1409575
1412212
1419269
1421157
1425804
1428460
1430626
1431215
1436499
1437239
1446215
1449176
1452123
1454246
1456205
1462648
1465015
1470535
1480424
1491902
1498222
1498291
1498919
1500671
1500934
1502088
1508082
1515617
1516906
1517616
1518768
1520576
1523194
1528052
1532140
1536151
1539055
1546505
1559347
1572688
1573242
1576065
1578168
1589153
1589543
1591021
1616980
1624721
1626810
1635696
1637910
1642592
1642785
1644674
1644911
1655058
1657938
1659751
1660884
1667936
1669609
1673072
1674112
1677182
1683581
1685513
1687535
1694420
1695260
1696774
1698765
1699016
1703090
1709499
1711136
1717456
1721015
1728392
1733711
1735704
1735968
1736181
1737417
1738792
1745712
1748970
1756721
1758997
1761403
1764109
1766805
1768792
1773756
1774957
1775188
1776538
1777358
1778635
1780570
1784493
1796384
1797861
1801593
1808060
1810551
1829682
1830596
1841344
1841880
1845711
1851141
1856931
1859615
1861360
1864524
1865163
1866064
1869936
1873715
1879115
1879177
1881057
1885248
1886867
1888436
1891958
1894506
1898985
1903742
1906732
1908116
1908593
1909363
1911817
1912909
1912966
1917963
1921482
1923085
1923649
1927098
1927697
1932097
1934590
1936653
1943280
1958435
1967057
1968720
1971290
1976081
1984955
1986176
1992282
1996327
