-1995005
-1991299
-1990732
-1987417
-1982801
-1975456
-1975024
-1973230
-1972020
-1971458
-1968534
-1965163
-1964711
-1960448
-1959319
-1956658
-1949074
-1948198
-1945979
-1943644
-1937350
-1929521
-1916468
-1911140
-1904789
-1898999
-1895372
-1887465
-1885698
-1882938
-1881560
-1881383
-1881175
-1879328
-1879206
-1873644
-1865165
-1859580
-1848871
-1846834
-1844169
-1843563
-1843372
-1837906
-1836166
-1831871
-1831120
-1822243
-1820669
-1819042
-1817464
-1816939
-1816250
-1814557
-1813296
-1812655
-1802873
-1798132
-1793084
-1787439
-1784954
-1784895
-1784672
-1781948
-1781671
-1780691
-1777376
-1776894
-1773222
-1768404
-1767072
-1754511
-1748745
-1743593
-1743369
-1730888
-1727127
-1726998
-1725043
-1722292
-1719629
-1705944
-1704649
-1700150
-1699769
-1692926
-1691679
-1691483
-1684945
-1684922
-1682949
-1678599
-1677084
-1652220
-1648901
-1641014
-1637317
-1631272
-1627302
-1626792
-1624091
-1620315
-1620097
-1616951
-1615525
-1615446
-1606495
-1601852
-1600862
-1599575
-1594205
-1593184
-1591307
-1588843
-1586671
-1582738
-1582726
-1582662
-1570713
-1567541
-1549044
-1547525
-1543472
-1535883
-1535337
-1532939
-1528668
-1526149
-1524951
-1522037
-1517907
-1513109
-1499536
-1497731
-1494882
-1492912
-1485335
-1484867
-1482909
-1481712
-1478498
-1478446
-1474042
-1464726
-1464491
-1455326
-1454079
-1452364
-1451511
-1446850
-1440897
-1440110
-1436877
-1431792
-1421470
-1418477
-1412089
-1402195
-1393417
-1393263
-1386261
-1384056
-1383700
-1373272
-1372594
-1371891
-1365187
-1364214
-1359457
-1355696
-1352953
-1349993
-1348496
-1342421
-1338239
-1337722
-1330446
-1327929
-1325784
-1311196
-1309518
-1300950
-1299671
-1295479
-1292003
-1278042
-1275803
-1275515
-1275370
-1265738
-1254518
-1253465
-1246663
-1245542
-1244767
-1243076
-1237115
-1237076
-1235596
-1232464
-1214432
-1211062
-1210837
-1207314
-1199434
-1196732
-1191692
-1190948
-1184878
-1184659
-1183936
-1182679
-1179344
-1176177
-1174850
-1173325
-1171297
-1170203
-1169286
-1165762
-1152990
-1152505
-1150857
-1150811
-1150068
-1139297
-1137602
-1131772
-1130317
-1123692
-1122958
-1121755
-1117836
-1117334
-1108633
-1102922
-1095142
-1089215
-1086054
-1070639
-1069823
-1069803
-1069676
-1069385
-1056590
-1036791
-1036480
-1029223
-1026654
-1025297
-1019071
-1018759
-1013447
-1006652
-1006131
-1002792
-1000150
-998742
-993144
-988718
-974733
-974245
-964708
-962040
-957683
-957517
-950546
-941979
-935332
-931793
-919496
-910454
-909408
-903399
-901654
-901521
-900905
-895214
-895103
-883427
-876747
-875661
-873599
-865143
-860297
-857255
-852400
-849453
-847990
-845886
-832633
-827595
-823644
-823436
-820086
-818177
-814569
-813456
-813011
-812887
-806916
-782855
-782187
-780787
-778105
-777498
-772068
-766929
-766651
-763551
-761528
-758495
-756182
-754607
-740756
-737063
-728290
-707453
-706605
-700891
-700712
-694790
-690569
-689974
-686961
-682005
-680592
-673559
-666647
-666196
-657793
-654436
-652035
-648877
-646978
-646284
-644847
-634887
-634692
-633158
-633143
-630805
-629277
-629254
-629165
-628555
-626991
-626474
-623950
-618483
-617602
-616671
-608102
-603560
-598060
-595423
-587148
-584629
-581359
-566001
-563186
-556206
-551253
-549216
-546858
-545374
-543532
-537327
-537131
-533919
-533782
-520178
-501095
-495944
-493919
-491567
-488014
-487590
-484923
-481575
-475958
-473428
-455732
-455713
-454057
-453160
-444867
-444268
-442253
-441247
-437025
-434013
-427487
-425838
-415715
-407354
-398199
-396080
-389802
-387337
-386017
-385570
-375250
-370669
-361281
-354995
-351118
-350693
-344323
-337330
-331190
-329169
-328907
-326045
-325930
-318911
-310933
-310424
-309416
-306446
-303763
-298933
-297548
-296188
-296099
-294840
-289316
-270579
-267988
-264070
-263021
-242189
-237923
-235359
-234793
-229739
-225747
-222922
-199988
-197434
-196676
-193240
-193064
-191351
-184801
-184242
-183724
-180129
-173181
-166668
-161227
-160758
-158912
-157378
-155430
-153573
-146428
-145846
-140032
-134851
-131445
-126375
-126123
-105559
-103840
-103559
-102878
-98590
-98262
-95028
-89770
-83887
-83620
-76875
-70702
-64916
-57257
-37391
-36487
-31872
-31591
-29448
-28781
-28706
-24469
-17570
-14310
-5579
-665
964
1219
3213
4528
9424
9939
17848
23562
27463
29381
29699
32620
33504
33636
35172
37899
43981
49203
52999
56049
57065
64285
69870
71934
72165
72684
77377
78272
79049
79476
84413
85641
86036
86246
87620
87930
89741
90593
95267
95273
113140
114307
116898
126926
127894
133196
135042
135490
140316
140867
146434
146949
149795
158855
163463
173522
175337
176451
180113
181239
184847
186184
187835
196377
197337
218366
220534
222495
224057
227015
242160
245531
245700
249510
249933
255275
256433
256978
257312
263225
271448
275053
275637
276828
281639
285947
289905
290443
292774
292906
301318
306157
315199
315893
317013
320955
328774
334286
339652
345716
363446
370136
373785
374234
377954
385794
385988
397022
403172
403715
403903
406742
415426
417565
419064
430037
434120
436068
440842
447562
451111
451862
461292
461962
463839
471024
472441
476310
476475
478894
481528
482806
483984
484349
486709
492073
495925
497362
497810
498695
501971
504103
509033
509539
517707
519339
521349
523171
526326
535344
542336
543145
545483
554127
554905
567169
568278
571865
573077
580121
580543
590455
595532
597019
598226
603327
605697
616364
616736
619332
629648
629963
632133
636169
640587
641342
644971
647572
650240
653841
661460
662352
664815
673860
675829
679313
689134
695885
698098
698658
703387
711959
713467
725742
725952
726060
729666
743653
743781
746064
746475
749079
750430
751529
766323
769659
771782
772847
773093
775906
780167
780349
783276
784581
789829
802839
813573
814133
822587
838840
849629
851527
854846
858424
863367
867597
871591
872006
877968
879523
880993
882503
883121
883282
896339
898618
902376
903797
905880
906963
907428
907722
908787
918505
929874
930564
936011
937688
943290
947094
952053
952494
954786
961881
964390
968545
969921
971323
973318
975296
983712
992384
992396
992449
993656
998574
1000726
1009654
1010438
1012706
1025131
1027563
1027869
1027968
1028723
1037096
1037537
1040673
1045014
1052154
1057004
1057034
1057366
1061865
1067951
1069085
1070209
1077278
1078661
1082600
1083838
1091070
1092023
1093863
1095992
1096729
1109802
1114630
1114716
1114923
1120349
1124947
1130442
1133792
1143604
1147820
1148370
1153029
1154547
1154709
1155819
1156852
1158497
1162735
1165778
1166169
1167851
1167959
1169433
1185400
1186489
1189078
1196619
1198055
1205022
1206098
1213852
1226900
1229646
1235745
1237151
1237294
1243679
1245688
1247680
1251559
1254805
1258061
1262430
1269366
1286105
1286475
1286533
1293731
1298863
1310587
1313024
1314476
1319152
1323141
1323171
1326245
1327567
1328653
1329156
1329618
1333803
1337298
1357980
1365958
1367182
1369842
1370809
1375774
1379058
1384452
1389370
1396744
1402166
1402543
1402562
1406609
1406751
1410809
1414905
1416901
1417561
1431402
1439343
1439418
1442456
1443140
1445716
1447166
1448596
1448765
1450800
1457160
1463290
1467112
1467277
1467303
1468275
1469691
1477020
1477563
1480623
1485326
1485860
1490782
1498059
1502158
1503261
1503541
1504769
1506188
1510107
1511143
1512559
1514277
1521522
1524188
1524874
1525563
1528306
1529091
1544049
1546984
1563147
1564153
1575798
1579610
1580189
1580578
1581752
1586752
1596277
1604919
1620011
1625830
1633601
1634689
1643819
1643899
1650575
1652809
1657394
1662802
1663113
1679691
1685135
1686533
1686604
1688051
1692552
1693718
1700298
1701930
1714537
1718090
1719609
1723902
1732756
1736588
1739963
1753418
1756243
1757301
1761801
1771271
1771523
1773136
1774044
1777013
1786302
1804220
1807117
1808622
1808706
1815250
1816199
1817197
1819473
1832015
1833341
1834893
1836220
1836464
1845059
1850118
1851913
1856228
1857030
1860192
1869435
1874774
1877649
1898284
1904147
1906352
1906744
1908665
1913475
1915618
1915918
1931337
1933891
1938178
1942613
1944021
1944264
1944714
1951728
1954946
1957729
1966687
1967419
1977305
1985309
1986846
1991501
