-1995157
-1993553
-1989363
-1988609
-1987360
-1984151
-1976271
-1968690
-1963127
-1956801
-1950246
-1948571
-1947743
-1946286
-1919648
-1915201
-1907234
-1905705
-1903811
-1896709
-1891720
-1889567
-1880212
-1878151
-1874092
-1873347
-1872933
-1872066
-1870400
-1861887
-1860023
-1859636
-1858911
-1855966
-1847668
-1843701
-1839111
-1824478
-1823717
-1819633
-1798487
-1797321
-1795067
-1788295
-1788093
-1781456
-1780495
-1780088
-1778240
-1774804
-1774375
-1772982
-1768628
-1757837
-1754510
-1754481
-1751859
-1750357
-1747008
-1746517
-1746393
-1739224
-1730541
-1716646
-1716320
-1705159
-1701603
-1700071
-1699470
-1698082
-1693973
-1691486
-1675684
-1669340
-1665526
-1661515
-1658497
-1657700
-1656530
-1655973
-1652261
-1641343
-1641165
-1638863
-1636549
-1635026
-1633605
-1632688
-1630129
-1629850
-1623365
-1620644
-1619089
-1618153
-1618067
-1615647
-1614391
-1612963
-1610054
-1607602
-1605659
-1603698
-1599459
-1596674
-1595489
-1585643
-1577254
-1574260
-1561558
-1560117
-1558596
-1557364
-1549522
-1546114
-1544040
-1537123
-1533726
-1524321
-1520981
-1516227
-1513065
-1508812
-1495927
-1494035
-1492720
-1490628
-1485943
-1485117
-1479672
-1475311
-1474776
-1474552
-1472181
-1468859
-1464511
-1463979
-1460763
-1460737
-1457086
-1456476
-1453728
-1450163
-1449342
-1442913
-1432292
-1426579
-1425510
-1424334
-1424053
-1418390
-1409031
-1406902
-1403781
-1401358
-1385061
-1384469
-1365673
-1361209
-1358146
-1351416
-1349525
-1347373
-1344544
-1343892
-1340291
-1332676
-1327839
-1325403
-1321054
-1319041
-1318865
-1313346
-1310631
-1306896
-1295500
-1281929
-1276310
-1253729
-1250539
-1245240
-1241263
-1239214
-1235109
-1232796
-1232140
-1222609
-1221462
-1219181
-1215200
-1194066
-1192423
-1186803
-1185770
-1184043
-1181525
-1175382
-1167481
-1157740
-1156597
-1143896
-1143728
-1140620
-1138759
-1134551
-1124761
-1112569
-1109212
-1093985
-1086632
-1078984
-1076005
-1074177
-1071498
-1068991
-1063905
-1060440
-1058843
-1058433
-1046763
-1040899
-1032673
-1014332
-1011508
-1009114
-1008440
-1007369
-994477
-988957
-987193
-982084
-968686
-967244
-963948
-959874
-958490
-954561
-947871
-944432
-944418
-940487
-924629
-923018
-919113
-916164
-910279
-906539
-900646
-897445
-894292
-878107
-875151
-871576
-860471
-853763
-840286
-823676
-822897
-822683
-822184
-819587
-818866
-817994
-816910
-815185
-813862
-813018
-802237
-800237
-796165
-795587
-795537
-793808
-791202
-789712
-785842
-779900
-779131
-774705
-774190
-769130
-767764
-765164
-764092
-760624
-758704
-755948
-754183
-752428
-738799
-738481
-737823
-733774
-726664
-725716
-725305
-715957
-714416
-705731
-684260
-682830
-676804
-670654
-668053
-660438
-657771
-655818
-653173
-648634
-648265
-641580
-641515
-639462
-635864
-632090
-629027
-628856
-627893
-620199
-614751
-606747
-603546
-601528
-599144
-598949
-594904
-593492
-591535
-588445
-586090
-585742
-584929
-584263
-580569
-576203
-569474
-569439
-553999
-550764
-542527
-535362
-528276
-523384
-522337
-516773
-515296
-505992
-504139
-504044
-503112
-495887
-495283
-488482
-488393
-483211
-480473
-479392
-478810
-472738
-471352
-470271
-468979
-468326
-466135
-459209
-458926
-458719
-457116
-454932
-443629
-443035
-442538
-442522
-442055
-432269
-430575
-428894
-422885
-421372
-420672
-420543
-417146
-401095
-397524
-395849
-395428
-395014
-385877
-382632
-378898
-377860
-376990
-374588
-371068
-368005
-360332
-354399
-351919
-343430
-340168
-340139
-335008
-329518
-322652
-313335
-306923
-306781
-306001
-301407
-295095
-291737
-276132
-268163
-251530
-249827
-249576
-246198
-244246
-240830
-238381
-234924
-226533
-224274
-223860
-223396
-209123
-208245
-208079
-204351
-202307
-197687
-186968
-176411
-175632
-173410
-167062
-166204
-164835
-156945
-156787
-146857
-145070
-141589
-137703
-136445
-135324
-131045
-130647
-122046
-120006
-117678
-117444
-114737
-114628
-113840
-110364
-106783
-104516
-101504
-98818
-98553
-94055
-91341
-90718
-86918
-86326
-83521
-83187
-77747
-74054
-72286
-70763
-61655
-56976
-55331
-50531
-48008
-46531
-16428
-14389
-10609
-8829
-3256
-2725
1188
2555
3233
8619
8640
16852
17460
21030
23716
25045
26599
27305
27770
30636
35703
46875
50567
50850
54641
57130
57933
58653
58825
60640
64963
71219
73490
78272
79893
84243
84653
89274
89602
96219
102098
105748
119609
134219
139973
140666
142882
148267
152667
152734
156349
160252
162536
165097
166595
166966
167864
168198
169895
174085
175938
177318
178027
178070
179641
186766
190195
200231
200608
206134
206461
212295
214232
220291
235479
255506
271489
274151
284866
285887
287001
287465
287479
303241
314263
315372
317419
328102
328304
328341
328466
329737
334953
335722
341734
349268
356330
357043
358418
360834
366598
370222
370256
378383
379074
379121
380256
383432
384489
388654
390049
392592
398552
400768
402180
421438
429709
431122
437342
437492
438180
438970
439916
442034
443394
449948
451152
452458
462092
462115
462163
463547
463982
469599
473955
475058
483559
488084
491515
500901
506082
512521
517006
519689
523594
532791
548373
558103
563920
566492
573319
577534
580351
584498
586049
591545
592010
597995
600329
604293
605601
606692
614747
614798
621749
622304
623436
623754
630303
630867
633969
634241
639091
641511
647100
648468
650630
653606
655746
665884
666643
668392
674310
677817
682394
685200
686525
689299
691322
695346
695370
699298
701900
703772
706958
707808
715520
722839
727298
728404
734030
738699
744250
754274
759163
762767
765217
768304
768343
768767
770343
770778
775548
777197
778291
787070
792891
794466
798711
799574
811663
811955
814397
815935
818413
819129
819704
822635
826138
826575
837328
838041
839243
848125
853973
854109
856146
861846
867080
868754
870659
870704
871061
872392
872844
874132
877087
890333
901898
902243
903645
905043
907614
908495
908783
910953
914559
921320
925439
929083
929390
931653
934886
945206
946650
961812
962042
962571
963647
969278
971094
971417
975292
976506
979164
989825
989890
992366
994500
995883
996423
1004274
1011737
1015585
1020164
1023939
1026886
1036402
1037844
1038636
1040407
1048057
1056462
1059116
1059315
1060474
1061258
1065861
1075928
1078629
1079327
1080582
1086181
1087704
1096058
1099607
1104883
1106040
1112655
1118683
1120259
1134250
1146822
1147251
1148110
1149927
1161267
1164415
1174788
1181682
1183922
1185264
1201606
1203363
1208489
1210910
1213553
1216920
1221814
1221912
1228923
1234969
1238186
1249567
1256014
1257953
1263626
1267001
1271436
1273176
1281283
1281873
1285699
1290157
1290953
1307431
1314642
1323894
1324552
1330296
1334612
1348291
1349170
1354886
1361190
1366027
1381403
1391313
1392243
1396199
1399727
1402485
1406690
1408333
1414807
1415607
1416295
1424054
1427852
1427980
1428372
1431750
1433642
1434503
1436453
1443014
1445334
1446449
1449331
1455910
1458377
1458567
1461024
1461153
1461728
1462210
1463406
1464104
1479402
1485041
1487245
1492357
1501748
1505256
1505550
1505882
1507545
1507920
1509392
1512667
1512844
1514968
1520425
1520695
1521636
1528608
1530587
1540555
1541152
1545887
1551410
1553909
1554108
1554119
1557142
1557709
1561462
1577128
1577512
1586081
1589527
1602535
1604240
1609399
1616843
1618975
1619249
1620093
1621687
1623587
1627150
1631529
1634991
1642263
1643573
1653786
1655322
1657876
1658956
1667571
1668276
1672754
1673033
1674689
1678882
1684093
1688097
1688790
1691209
1693488
1696031
1701743
1701848
1704911
1712593
1713639
1714355
1715379
1717253
1720565
1724790
1728570
1733121
1736070
1747244
1747789
1748362
1753891
1755900
1757088
1757712
1760924
1763109
1768804
1769126
1775564
1777109
1788751
1791171
1792015
1792071
1794704
1794734
1800943
1802688
1803099
1804851
1806738
1820482
1825359
1828788
1843772
1845749
1854842
1856230
1861002
1861987
1873523
1882670
1886556
1886729
1891190
1897272
1899755
1906009
1915298
1916800
1917718
1918066
1921271
1925868
1934120
1939960
1941446
1944564
1946891
1969949
1976749
1980527
1984859
1989180
1991854
1994230
