-1999921
-1998947
-1997183
-1979834
-1971170
-1968278
-1967932
-1964427
-1959878
-1954356
-1951679
-1947074
-1944608
-1942662
-1930797
-1923519
-1914430
-1905200
-1903661
-1903281
-1900989
-1898782
-1890719
-1888722
-1884684
-1883254
-1878310
-1872219
-1863501
-1860056
-1845326
-1844885
-1838756
-1828746
-1828243
-1825840
-1819421
-1818508
-1818067
-1805072
-1805000
-1801523
-1801057
-1789782
-1784669
-1782113
-1780575
-1779005
-1778675
-1773810
-1773427
-1767341
-1765322
-1760984
-1759703
-1752211
-1747871
-1747057
-1746031
-1740750
-1735320
-1735178
-1730629
-1722045
-1718217
-1716958
-1709795
-1703100
-1699180
-1698805
-1694158
-1692199
-1690348
-1689138
-1681301
-1679792
-1673281
-1672368
-1670880
-1667748
-1654577
-1650388
-1646613
-1640061
-1637933
-1637343
-1636360
-1621656
-1621353
-1617531
-1613298
-1600486
-1592228
-1588321
-1581429
-1580770
-1577975
-1577420
-1575844
-1572099
-1569338
-1565926
-1565000
-1562980
-1560538
-1556952
-1551452
-1550776
-1549061
-1544433
-1542998
-1541333
-1537363
-1536274
-1530507
-1523454
-1523384
-1521032
-1520533
-1520234
-1520016
-1520009
-1515082
-1513079
-1510424
-1510030
-1497168
-1494966
-1484787
-1481087
-1475586
-1473679
-1467739
-1465656
-1459706
-1458552
-1454951
-1451566
-1451516
-1442948
-1427918
-1417656
-1403170
-1391664
-1386467
-1384485
-1378761
-1374854
-1371310
-1369111
-1368352
-1365587
-1364804
-1364496
-1360809
-1356604
-1356183
-1355417
-1353179
-1346731
-1344680
-1340360
-1340298
-1336174
-1334641
-1330870
-1329209
-1326087
-1324348
-1323271
-1322278
-1320103
-1307985
-1303056
-1297886
-1297522
-1286416
-1284256
-1271594
-1270978
-1265834
-1260727
-1251561
-1250948
-1248627
-1245277
-1242826
-1242396
-1242313
-1240814
-1240436
-1224386
-1220026
-1215094
-1210620
-1208515
-1194622
-1184972
-1183294
-1181665
-1180255
-1179158
-1175295
-1169765
-1169200
-1166454
-1162846
-1162663
-1161875
-1161113
-1160140
-1155728
-1153470
-1150243
-1145456
-1141694
-1138848
-1134797
-1130806
-1130407
-1122249
-1116455
-1111018
-1110346
-1109777
-1101384
-1101169
-1092013
-1088141
-1087379
-1084168
-1059450
-1058651
-1056048
-1048858
-1046751
-1046376
-1045582
-1041827
-1040673
-1038734
-1028932
-1024937
-1022948
-1017654
-1009281
-1008365
-997005
-993611
-980531
-976979
-968285
-961101
-951459
-949421
-938822
-928477
-928299
-924593
-918819
-910399
-908290
-905042
-902041
-901533
-900754
-899090
-898554
-890633
-886771
-886400
-882894
-880618
-879032
-870294
-867397
-866766
-862751
-860375
-848715
-835498
-835369
-833001
-831506
-824621
-819143
-806094
-805544
-798744
-796824
-796085
-795706
-794193
-791329
-787111
-779545
-777570
-770549
-769008
-764885
-756530
-745434
-734487
-733995
-730046
-726458
-723736
-721560
-721310
-719668
-717574
-709498
-707248
-706653
-691598
-688410
-680702
-677155
-675200
-657231
-637306
-634637
-633981
-631968
-630798
-624032
-617652
-615982
-615757
-612128
-607761
-604397
-600071
-595150
-594369
-593580
-591944
-590400
-587124
-586750
-585410
-584945
-583718
-583620
-580853
-577235
-569218
-550923
-545483
-545371
-545058
-538880
-533868
-533172
-526404
-525819
-523946
-517381
-513050
-512295
-511507
-507065
-501381
-499043
-496390
-495345
-492552
-492292
-485742
-482292
-467517
-463305
-460518
-460239
-454220
-452680
-435582
-433838
-427945
-421355
-419426
-412556
-412356
-409613
-409230
-408612
-407118
-403188
-397551
-391587
-387889
-385639
-379857
-379023
-371705
-369862
-365704
-364531
-362601
-362594
-360285
-359085
-358071
-351405
-344172
-338992
-338651
-331182
-329185
-323050
-314373
-304022
-297083
-296518
-292000
-278068
-276484
-264818
-263978
-263030
-261172
-259703
-257081
-256067
-255465
-254418
-253363
-251274
-243238
-240928
-228598
-228318
-226835
-224285
-223456
-213296
-208009
-206841
-204242
-194206
-193821
-191859
-190501
-189355
-188939
-183404
-176773
-175808
-174187
-167256
-167034
-164842
-158946
-157998
-157797
-155462
-155408
-155048
-147181
-146930
-143103
-132575
-132242
-129971
-129503
-128251
-123920
-122906
-122290
-117416
-110002
-105620
-101873
-101454
-101219
-83527
-80781
-78573
-72543
-66645
-65878
-59605
-56775
-50412
-48258
-45207
-41699
-40174
-33438
-32240
-32042
-31928
-29597
-25853
-17713
-16836
-15238
-13916
-6529
-3400
-3119
-2846
-228
36
761
1042
8446
14484
15335
20258
22210
29840
31182
31790
32020
33228
34164
36037
36309
39023
41023
52040
52196
57506
60765
62166
63592
64818
70950
74019
80094
80364
81634
82020
85811
87722
96569
100539
103375
119725
123612
125217
129848
136114
136856
141416
142511
145685
147099
153368
156440
162463
164388
165392
165650
168213
170298
171393
177257
179327
181756
183540
184625
185043
192861
194410
195997
196992
198017
201230
209513
213888
215134
222408
225083
229641
265078
268475
271422
272545
275274
275959
276447
279932
280050
280651
281549
286060
286850
289818
310184
313445
319505
321021
322890
339635
339654
343241
345432
359697
363901
370005
373947
376434
395941
400415
404655
405065
408457
425692
426932
427535
433575
433974
439205
450990
453275
453379
455853
464347
469177
477863
481383
481666
485715
487468
487717
495307
496363
496374
498693
509647
512404
514975
517151
517561
518198
519055
521494
526256
529569
531728
539534
540575
544090
545990
549991
560226
560983
572269
574351
574501
578934
588224
594004
598329
601346
613930
618513
621164
621390
625500
625821
627473
639843
654495
662166
666150
667512
672434
673815
680207
681963
684374
685044
699405
710357
713415
715386
718291
727625
730347
732736
737919
741922
745065
752190
755979
764008
765400
774724
775877
775945
777882
778115
782884
789694
797678
800282
808684
809290
811323
820351
823124
831758
834521
836166
848485
852436
854396
860815
863074
864451
869849
875194
880879
887182
887337
891802
899842
903791
910236
911886
911890
917755
920371
920754
934220
945090
946927
947159
947235
948692
950888
957987
961485
964631
965281
965282
965992
973504
975691
979267
980813
985098
1000400
1002339
1011249
1014790
1018711
1023012
1026351
1028350
1028794
1028924
1033167
1035989
1043340
1043601
1045300
1045845
1046911
1047266
1049402
1049479
1056444
1061673
1062546
1064551
1074972
1083191
1090529
1095736
1096507
1097093
1097451
1099197
1103772
1106254
1116294
1119999
1122661
1129173
1138272
1140420
1145727
1146421
1157786
1159427
1160338
1161266
1164959
1170152
1173079
1177752
1179816
1179858
1180293
1181836
1185513
1186497
1186769
1187666
1202393
1203961
1209082
1209696
1211764
1214535
1216666
1217495
1236006
1239196
1244131
1249990
1251086
1261159
1263039
1265972
1267221
1268395
1274504
1278201
1283135
1292012
1297129
1307484
1307519
1309876
1310836
1329967
1331629
1334839
1340960
1341030
1342851
1347504
1359893
1363325
1364320
1368042
1369745
1378810
1381996
1392744
1392792
1396495
1397386
1404539
1408204
1415914
1421447
1422239
1424193
1433851
1439671
1442160
1443671
1444168
1447348
1447368
1447372
1452097
1452855
1453155
1463709
1465174
1467022
1467899
1468203
1469584
1471740
1474593
1477966
1482810
1487230
1492682
1496517
1507887
1518729
1518878
1523528
1523722
1523887
1524243
1529565
1530340
1530876
1532494
1535862
1537030
1538885
1541220
1543955
1556208
1558236
1559092
1566732
1569447
1576581
1577288
1578798
1579138
1580440
1585060
1585396
1588861
1595557
1596058
1597340
1601007
1602711
1612260
1619843
1623502
1625873
1626292
1637938
1640676
1642005
1645315
1650375
1653770
1654103
1655566
1656435
1657928
1663040
1663712
1664342
1668793
1675536
1687704
1688033
1688764
1692090
1692982
1694827
1699051
1704193
1720185
1725111
1728936
1731069
1735364
1743529
1754376
1757688
1762288
1769279
1770969
1777068
1788385
1790450
1791371
1795897
1799333
1803186
1805982
1806211
1807522
1810623
1811255
1815175
1822969
1825255
1825599
1827236
1833215
1843993
1851235
1856774
1857533
1861669
1863765
1867599
1880973
1884392
1884855
1887175
1887603
1900414
1906638
1908892
1919208
1920107
1926182
1931851
1932463
1955773
1964770
1965950
1967061
1972729
1974748
1978658
1980200
1984479
1991913
1997381
