-1997707
-1995978
-1989334
-1987136
-1982491
-1980975
-1974674
-1970396
-1957243
-1951713
-1951181
-1940745
-1940250
-1934902
-1934030
-1933238
-1932863
-1931588
-1917831
-1916661
-1902763
-1901731
-1900950
-1894142
-1889781
-1886895
-1880466
-1876533
-1872986
-1864131
-1861105
-1859728
-1851466
-1843747
-1841727
-1832620
-1828304
-1825937
-1816328
-1812282
-1809394
-1808739
-1805436
-1804994
-1804330
-1800654
-1797482
-1796579
-1791167
-1784123
-1778761
-1777643
-1774570
-1771232
-1768610
-1759413
-1758106
-1753405
-1739830
-1737164
-1734952
-1729757
-1726263
-1718717
-1714254
-1712177
-1710582
-1710060
-1709269
-1695690
-1690534
-1681971
-1674790
-1673573
-1663441
-1663203
-1660763
-1654103
-1644816
-1634922
-1626470
-1622440
-1621953
-1620971
-1620021
-1617281
-1610128
-1608331
-1589087
-1581452
-1575813
-1571670
-1569162
-1563277
-1554611
-1552771
-1546721
-1546409
-1541417
-1537667
-1516650
-1516484
-1515535
-1510446
-1508588
-1508006
-1505904
-1504532
-1503903
-1499519
-1498531
-1497455
-1487576
-1485487
-1478406
-1477736
-1476345
-1472248
-1471678
-1467765
-1459173
-1456925
-1454198
-1453605
-1449953
-1447102
-1440313
-1434966
-1427359
-1425515
-1416353
-1413099
-1413053
-1412294
-1395355
-1381814
-1371793
-1369976
-1367333
-1356605
-1351880
-1349238
-1341880
-1341488
-1334393
-1331700
-1323326
-1322519
-1321485
-1316808
-1315880
-1311728
-1309133
-1308171
-1307438
-1302522
-1298325
-1295742
-1289956
-1288856
-1282660
-1276267
-1273613
-1271267
-1264262
-1259201
-1247119
-1237110
-1230910
-1229321
-1228510
-1227994
-1225835
-1223880
-1219842
-1217607
-1217605
-1212271
-1205363
-1205289
-1196592
-1195396
-1194096
-1191459
-1189734
-1188729
-1183791
-1182349
-1179739
-1173763
-1172427
-1169819
-1167192
-1165649
-1165180
-1165111
-1158847
-1148978
-1146317
-1144315
-1140054
-1130653
-1130562
-1129027
-1124077
-1120844
-1119861
-1110230
-1105378
-1100034
-1098610
-1092204
-1092185
-1091451
-1087767
-1086566
-1084339
-1079514
-1078605
-1070153
-1066808
-1064513
-1063320
-1062005
-1058116
-1057761
-1044728
-1037670
-1032204
-1027528
-1026894
-1026559
-1023693
-1023498
-1021680
-1013337
-1004306
-1000595
-998755
-996879
-993002
-988315
-987747
-984502
-982714
-976282
-973740
-972777
-961991
-956182
-953990
-950943
-949124
-947725
-941963
-938485
-936754
-934195
-933302
-923797
-921683
-921145
-919218
-911170
-909300
-909247
-907713
-902753
-898547
-896897
-889402
-889084
-886032
-883991
-880052
-878760
-873476
-867807
-864732
-864552
-856126
-853521
-852338
-843497
-837927
-837853
-837775
-835841
-832638
-829864
-829163
-826311
-824506
-819168
-818485
-817200
-816398
-810339
-805449
-799118
-797829
-796161
-792561
-790277
-788815
-787695
-787556
-785095
-785019
-773187
-772215
-765530
-765438
-764349
-761387
-747776
-746893
-739897
-736823
-736816
-736541
-732041
-729428
-728306
-727731
-721681
-720796
-718056
-717579
-716854
-714830
-713066
-709110
-698514
-689179
-679976
-678178
-666519
-663879
-660121
-654381
-636588
-636291
-635486
-634898
-634089
-625910
-622721
-618735
-618505
-611194
-603426
-601416
-599568
-598925
-595268
-595044
-592227
-591522
-590088
-582592
-575996
-575680
-570149
-566801
-562412
-560518
-558633
-555812
-553665
-551768
-550278
-544268
-532960
-530075
-529174
-527503
-524159
-520452
-517125
-512458
-504750
-503763
-503050
-498957
-498108
-497854
-492412
-490831
-490046
-473566
-469149
-467141
-466627
-466397
-466301
-464859
-462684
-461967
-457458
-452538
-443753
-430208
-427930
-427491
-426072
-422017
-412051
-409412
-406042
-398461
-397624
-390068
-389705
-389178
-388496
-387932
-387646
-382549
-382152
-381745
-378522
-371535
-368325
-363099
-362559
-360806
-358882
-358491
-353540
-349322
-347483
-341135
-339477
-332968
-330946
-329966
-328265
-323110
-317856
-314927
-306655
-302881
-298811
-297749
-294194
-291629
-289947
-289602
-289478
-277119
-274944
-274594
-270863
-269794
-266169
-265969
-259633
-244560
-236724
-233599
-233527
-219953
-218616
-213080
-200239
-191334
-186918
-180669
-178979
-173575
-173042
-169918
-164004
-159460
-147110
-139189
-138892
-137226
-136606
-136470
-132041
-117591
-113665
-112453
-111483
-109426
-105800
-105577
-103086
-98709
-77064
-76208
-74021
-67973
-67628
-59878
-59092
-58978
-57768
-57126
-55191
-41401
-41324
-40583
-35870
-32636
-32228
-28579
-19177
-18317
-17910
-15069
-8025
-4649
5255
5284
7751
13633
15823
20386
32633
32931
37407
46742
55013
56688
68491
71089
74055
74447
82690
88131
90736
103150
103542
127573
146971
153078
154836
155568
158346
164250
176332
180981
182688
183771
187194
189780
191446
192238
195831
200575
203932
205063
211084
217162
217596
219067
221855
223247
229549
237126
238800
240233
245503
246358
250482
252611
257252
257713
258010
268367
274616
278918
279654
280393
282096
282169
283781
287741
288277
291631
298177
301702
303148
305211
309437
310622
317802
326655
343477
344379
347615
353753
354099
359774
361213
363056
365129
375054
375802
386893
390778
394016
398862
399779
403938
405119
408459
413583
422156
432208
437234
439520
445443
445637
446285
446776
457752
461424
463776
464273
468259
473476
474369
478354
479428
495135
496142
496436
504209
514978
519952
530026
535156
539354
542210
543293
548193
548400
548961
549955
554321
558441
564436
565596
572265
573144
581565
581996
583052
586167
593644
594340
597368
598700
602470
604241
610154
610770
618346
618681
621350
624103
634467
635765
639596
647372
654832
657988
658439
668651
670562
677400
683114
690847
694678
696729
698710
701796
705461
707589
708426
708965
713688
721201
721430
721990
725327
731970
749581
757034
767029
771571
772051
773297
777876
779199
783662
786825
790780
792827
797075
804788
812201
825677
829213
831712
833851
836584
841652
846657
847299
849707
849952
851410
851718
857100
857309
857463
871878
881393
883058
885415
886229
890490
910894
914055
915013
915038
919130
919415
931771
944018
953290
956222
962206
970590
971202
979356
984373
989087
992012
994743
998201
999612
1000652
1004852
1017042
1019717
1022904
1026336
1030084
1031342
1033438
1038987
1046104
1046902
1055340
1063179
1065952
1069633
1070769
1073814
1079303
1080483
1083143
1085527
1087708
1087753
1093921
1094478
1102238
1102903
1106030
1106998
1110924
1113000
1121893
1123679
1125062
1127678
1130074
1130162
1141187
1143698
1144176
1145134
1147737
1155149
1167682
1169032
1170429
1172401
1175563
1176186
1188062
1192169
1196485
1198504
1205452
1206000
1206281
1209326
1216005
1223304
1225535
1230240
1245578
1247928
1255443
1259449
1267098
1272779
1278632
1286962
1293036
1295348
1295750
1296571
1303054
1306983
1311419
1312551
1319654
1330454
1333377
1347867
1348657
1351004
1353499
1359330
1359699
1362706
1364740
1365043
1366239
1371200
1376839
1384629
1386214
1397190
1401586
1404751
1405682
1406863
1407765
1413398
1415810
1435621
1436178
1439665
1440075
1443061
1447642
1454609
1455111
1455943
1462585
1463869
1477926
1482222
1482286
1484363
1489032
1499587
1506276
1521133
1526942
1536222
1537204
1541753
1545226
1545257
1545299
1548153
1549427
1554048
1554228
1560661
1564089
1565869
1567073
1567424
1572208
1572500
1573014
1575579
1584559
1586427
1587836
1592446
1599036
1599852
1600680
1609587
1610291
1624186
1624561
1625072
1631842
1632863
1633422
1637898
1638098
1645593
1647334
1647515
1648340
1654611
1660184
1661221
1665162
1669620
1669888
1674507
1679061
1681919
1685775
1686593
1688924
1693086
1700056
1703643
1703666
1712330
1718028
1719974
1722781
1729301
1730585
1732221
1736651
1738223
1740038
1747688
1751775
1755289
1756423
1762756
1766480
1782595
1782738
1783866
1785744
1798625
1802074
1806057
1806748
1810789
1814469
1815908
1815996
1820400
1820691
1822727
1827126
1827680
1835428
1838036
1842211
1850053
1853038
1860191
1864236
1864281
1865282
1874348
1877529
1878983
1885964
1895808
1897030
1903283
1904859
1910997
1914081
1916334
1917186
1922672
1926698
1928436
1938786
1941837
1945476
1947147
1947344
1953514
1956897
1961626
1963378
1972558
1979123
1986556
1986878
1993393
1994797
1995172
1999288
