-1995802
-1995038
-1992081
-1987580
-1986489
-1985734
-1983577
-1981579
-1977485
-1972588
-1969391
-1965399
-1963769
-1951848
-1946785
-1944390
-1942864
-1942349
-1939038
-1935783
-1914783
-1907322
-1904659
-1901642
-1897935
-1892080
-1884074
-1883756
-1881061
-1875107
-1869275
-1868235
-1867321
-1867237
-1866030
-1861291
-1860910
-1854115
-1844854
-1834685
-1826678
-1818361
-1816387
-1808136
-1802497
-1801885
-1797785
-1795710
-1794725
-1794684
-1791776
-1781525
-1775359
-1767767
-1765322
-1757771
-1747002
-1746802
-1740889
-1739640
-1737478
-1731129
-1720249
-1716857
-1714770
-1712755
-1710700
-1709585
-1702927
-1702708
-1696953
-1695953
-1693295
-1691397
-1689916
-1684850
-1684714
-1675249
-1675096
-1673488
-1673190
-1672594
-1665511
-1654912
-1651743
-1649657
-1648974
-1644182
-1643574
-1640637
-1640466
-1636580
-1634386
-1631880
-1631618
-1628431
-1628340
-1621929
-1620104
-1619996
-1615368
-1612660
-1612553
-1608859
-1606937
-1603868
-1597234
-1589731
-1587143
-1584608
-1583611
-1580377
-1580209
-1576735
-1565418
-1560909
-1542157
-1538801
-1537564
-1537512
-1535944
-1531741
-1528699
-1526989
-1524297
-1519814
-1516954
-1515795
-1508280
-1502598
-1501337
-1490433
-1483833
-1477651
-1464730
-1457923
-1457584
-1453911
-1445333
-1443770
-1427811
-1423837
-1413865
-1406249
-1390198
-1385885
-1384543
-1372943
-1365782
-1364401
-1359706
-1352981
-1352474
-1351166
-1348351
-1344459
-1341153
-1335873
-1335091
-1333549
-1317961
-1317094
-1315066
-1313082
-1307027
-1303977
-1302313
-1299887
-1293296
-1292033
-1290983
-1287942
-1287270
-1277725
-1275770
-1262556
-1260207
-1241997
-1241903
-1241882
-1241085
-1237468
-1233986
-1231738
-1224068
-1220593
-1218752
-1209628
-1207157
-1205878
-1201447
-1199908
-1197216
-1194707
-1188545
-1186504
-1183835
-1181761
-1172350
-1167040
-1163565
-1161070
-1145872
-1143862
-1140378
-1138604
-1138280
-1138197
-1137523
-1135227
-1124652
-1119445
-1117086
-1116672
-1109098
-1108186
-1105638
-1104849
-1078750
-1078354
-1075821
-1075406
-1066329
-1057077
-1056028
-1053524
-1048697
-1044842
-1043875
-1043608
-1033784
-1027904
-1021847
-1018127
-1017704
-1015867
-1009680
-1009420
-991291
-990653
-988899
-978469
-967344
-965369
-958272
-954931
-951368
-949898
-935617
-930662
-930249
-926696
-925900
-922457
-921357
-912057
-909685
-906405
-904327
-901959
-901801
-898477
-888084
-880197
-872945
-868484
-863676
-861174
-855993
-855444
-855081
-850760
-846212
-842741
-833170
-822958
-820279
-820215
-818138
-815128
-814594
-804046
-803109
-799774
-795861
-791980
-780434
-779909
-776681
-774690
-773029
-772713
-767341
-757984
-754880
-752934
-749665
-737165
-726635
-725093
-719304
-715677
-711652
-704969
-700744
-681324
-679609
-678727
-677235
-676417
-676310
-674510
-672650
-670825
-669872
-657458
-652060
-652040
-651365
-651152
-650873
-640163
-639061
-630131
-627553
-624784
-617594
-616558
-616509
-608667
-602727
-602621
-595367
-590081
-588394
-585836
-585154
-576616
-574232
-572414
-571615
-570909
-569074
-562308
-558525
-555265
-552923
-552005
-546583
-541542
-539992
-536184
-535176
-533348
-529457
-528467
-522596
-512756
-511732
-511501
-504401
-502901
-499229
-494574
-485259
-483060
-478092
-475419
-473549
-473082
-471768
-471623
-468129
-467383
-461152
-458122
-453514
-452553
-450849
-449420
-447413
-446740
-446562
-446269
-442631
-440783
-437892
-437478
-436233
-435955
-435854
-434400
-430686
-419925
-419780
-413839
-412008
-409942
-403252
-383998
-382316
-376407
-375654
-374228
-371978
-367611
-364797
-363982
-362531
-361894
-359125
-357620
-357064
-349969
-345623
-344179
-341498
-340416
-337995
-331869
-326690
-318599
-316561
-313501
-310741
-309331
-301343
-297352
-292126
-287360
-281795
-281637
-277686
-274517
-274193
-273652
-272859
-269640
-267962
-266546
-263364
-263145
-256469
-255712
-248794
-239336
-237547
-236380
-232152
-230856
-230421
-229113
-228215
-224481
-223257
-222778
-221484
-219566
-218991
-216572
-215368
-212774
-203652
-203283
-194197
-193503
-193093
-189962
-189012
-188101
-178752
-177057
-174943
-163535
-160169
-156217
-153677
-152204
-151402
-149981
-145472
-140924
-136904
-136412
-131176
-129323
-117613
-114155
-110964
-110186
-107206
-106517
-103191
-101816
-93771
-92134
-87130
-71614
-66586
-66362
-65421
-62519
-47598
-42275
-41943
-35716
-34283
-33173
-5641
-1150
1092
4454
12159
12876
13929
15289
17339
17977
19775
43485
44747
45018
48169
51046
55695
58299
71303
88685
90826
94756
95952
99232
108620
112386
116140
146934
153165
154803
157262
160671
170676
174346
181583
182827
184324
191461
192950
203246
205553
211044
211496
218348
220854
229435
229908
239893
242922
245087
247368
250451
254065
258098
261494
268118
269968
288579
293471
293472
304057
308525
309185
315573
316682
321497
323781
327833
332294
333871
341532
341540
342103
345495
346330
347882
354684
356752
362437
367117
367742
368165
371264
373148
380052
384646
385683
392042
392049
397587
399819
402461
403061
405421
406379
408852
421383
429633
432563
436956
437975
459499
463648
466272
471328
478943
482615
486431
487702
490499
490915
493902
502512
507394
508145
509871
517773
524301
529917
532103
534085
534093
538181
543125
545926
546150
546360
546992
549192
554200
565205
570689
572202
573529
578944
580528
583900
589740
591075
598852
602029
602876
603117
603710
606226
606377
607065
610158
615056
617411
619556
620760
621849
624187
634671
635253
635451
644254
649932
650214
683886
684022
684297
690767
695427
697597
698541
700226
703062
704301
708172
710081
710590
711507
721418
726890
736526
737988
738100
744521
745133
745224
751966
753311
754659
754859
759818
766540
771786
773847
779308
779785
781236
785820
800341
807510
811198
818707
821902
826240
826773
829989
831917
837166
842154
843919
849375
853134
855353
857829
857935
861618
862249
863931
864189
867716
869550
869967
871811
875594
876274
877081
881811
883103
884622
887921
888360
890853
894647
898321
899817
904908
906290
913743
915531
916825
917649
919428
925961
927402
929294
929357
933000
934382
936680
941390
948038
949274
952050
955928
956481
967294
971309
975069
976481
980982
982632
984575
996062
996216
1000618
1004253
1007313
1015222
1021478
1021796
1025635
1026292
1030003
1032281
1036702
1039357
1044019
1045016
1047716
1049093
1049176
1050211
1053705
1054824
1057556
1061408
1063306
1063741
1072205
1075424
1083302
1093360
1094495
1095186
1102566
1103213
1106978
1108011
1109715
1112398
1118395
1120012
1135229
1144999
1152985
1154248
1154566
1157385
1162507
1164163
1170466
1173565
1181432
1184943
1187252
1189310
1200979
1206680
1210728
1213571
1221543
1222766
1228400
1239184
1245427
1251148
1261306
1263078
1264477
1265187
1270400
1271879
1272264
1272561
1274017
1274273
1281234
1284248
1286236
1299969
1308581
1309272
1309333
1310976
1312986
1322251
1323308
1333538
1339000
1340327
1344559
1349819
1354965
1361381
1366179
1374258
1375960
1378167
1381979
1382125
1392009
1393158
1401079
1414333
1429740
1429800
1433048
1435930
1436386
1439099
1440961
1441682
1455674
1458659
1460132
1464647
1465836
1468675
1472733
1479899
1479970
1488898
1499753
1500723
1505899
1515588
1526011
1527643
1544906
1550995
1563336
1565744
1565953
1569272
1570238
1575093
1589947
1590599
1591497
1598574
1600802
1605413
1606633
1608305
1620307
1624868
1638212
1639461
1639878
1643456
1649251
1654036
1654511
1658464
1660856
1666407
1668626
1673378
1676287
1678186
1680229
1681613
1682585
1685773
1688687
1693865
1694464
1695482
1702942
1704364
1705867
1706255
1709878
1718473
1721730
1722410
1723962
1738609
1742840
1748940
1749353
1752412
1753833
1765308
1777170
1781503
1792111
1795140
1797162
1802438
1804651
1807057
1807648
1809790
1817211
1822180
1832135
1832189
1834674
1835251
1842050
1843505
1848313
1849052
1849100
1852579
1853359
1862001
1870314
1880477
1882890
1885098
1890118
1896581
1901528
1907202
1913609
1919999
1921735
1924449
1935016
1939324
1940532
1942894
1957917
1963596
1965192
1971604
1974211
1980444
1984094
1987394
1991891
1992465
1993055
1998046
