-1999037
-1997099
-1989026
-1983553
-1979675
-1970002
-1969964
-1962398
-1959628
-1959619
-1958885
-1956834
-1953817
-1953054
-1952333
-1951223
-1944432
-1942896
-1941700
-1941478
-1930463
-1929630
-1927434
-1923054
-1922724
-1920192
-1919399
-1918646
-1914282
-1910484
-1905866
-1904770
-1895697
-1895418
-1894282
-1893169
-1889331
-1885689
-1885676
-1880315
-1878507
-1861608
-1854956
-1850370
-1849879
-1835721
-1826472
-1826404
-1822846
-1819228
-1817428
-1812176
-1809569
-1807129
-1798895
-1797648
-1796363
-1791912
-1791349
-1789270
-1789143
-1786449
-1783388
-1783158
-1782085
-1782054
-1781953
-1781284
-1779501
-1767271
-1767205
-1766528
-1765240
-1764135
-1758351
-1757609
-1756744
-1756294
-1751192
-1750824
-1746922
-1742331
-1738730
-1736107
-1734863
-1732351
-1731955
-1729169
-1719491
-1714470
-1712408
-1710207
-1708957
-1708233
-1707410
-1706628
-1702495
-1696625
-1691206
-1687527
-1680495
-1676473
-1665553
-1661768
-1658783
-1658263
-1656095
-1654424
-1652166
-1648853
-1645574
-1644389
-1642042
-1628390
-1623792
-1615015
-1614959
-1612501
-1610010
-1606023
-1604247
-1585738
-1584287
-1583067
-1582403
-1581566
-1577778
-1577456
-1575079
-1571634
-1570407
-1559054
-1552396
-1543817
-1543303
-1542856
-1535255
-1534425
-1533656
-1533329
-1529084
-1524489
-1517039
-1503976
-1502317
-1501039
-1495874
-1481924
-1478463
-1474389
-1470018
-1469269
-1468984
-1467473
-1463317
-1455321
-1454202
-1452950
-1452792
-1447320
-1443297
-1438888
-1435419
-1435363
-1431953
-1423974
-1420111
-1416168
-1410269
-1409644
-1405337
-1404412
-1404247
-1401884
-1400577
-1394960
-1394166
-1383897
-1381490
-1380803
-1379932
-1376736
-1375216
-1362860
-1356710
-1353014
-1352688
-1352523
-1351822
-1349752
-1347091
-1340973
-1340382
-1334526
-1330086
-1329349
-1328746
-1326674
-1326108
-1324041
-1320639
-1313920
-1309724
-1305728
-1304847
-1298082
-1292625
-1287474
-1284806
-1277999
-1275587
-1275304
-1275249
-1272065
-1265722
-1263120
-1250481
-1246981
-1242498
-1240846
-1231684
-1219732
-1216115
-1211842
-1211059
-1203237
-1201197
-1196163
-1190419
-1186923
-1185116
-1183222
-1182396
-1180939
-1180098
-1173662
-1172892
-1165920
-1165333
-1163085
-1159747
-1159349
-1153278
-1151968
-1149956
-1147026
-1136746
-1135411
-1128847
-1126958
-1121567
-1121399
-1121153
-1111669
-1111422
-1108038
-1095292
-1094939
-1092717
-1089915
-1088543
-1088311
-1088083
-1078336
-1077634
-1070336
-1069617
-1066070
-1061839
-1061356
-1043015
-1036135
-1033912
-1031554
-1029948
-1029049
-1028705
-1021800
-1020128
-1009731
-1003173
-1002692
-1001091
-999355
-973915
-971934
-969698
-966311
-966005
-964026
-962886
-961942
-954377
-945857
-938748
-937185
-934634
-920338
-913775
-911093
-910183
-908662
-904948
-897431
-891696
-888945
-888025
-885160
-881456
-874587
-869664
-868877
-863948
-858296
-844274
-840859
-839080
-837562
-828234
-825261
-821692
-815748
-810648
-810124
-809834
-797280
-794602
-790222
-784685
-784503
-783891
-782361
-773684
-760833
-758331
-757784
-753071
-752486
-751074
-738046
-734863
-726319
-720040
-716608
-712313
-710086
-702361
-700001
-699065
-697487
-688781
-688343
-688326
-680081
-677624
-677112
-666486
-664842
-663006
-662063
-661666
-661468
-660468
-648932
-648775
-647870
-641697
-641389
-639665
-635877
-635768
-632775
-631454
-631199
-627432
-623084
-617058
-616594
-613230
-613157
-612545
-610644
-604962
-604427
-604107
-602373
-594868
-587678
-585625
-583085
-576535
-572452
-571582
-567095
-566643
-562759
-557613
-549002
-545749
-541525
-535801
-534839
-524365
-515674
-507993
-505060
-502767
-484881
-478500
-473113
-467910
-465906
-462845
-462317
-459795
-459139
-456540
-453160
-450580
-450227
-450055
-447607
-438581
-434930
-430345
-430005
-429594
-428581
-427457
-426649
-424678
-423024
-422614
-422123
-419455
-416746
-409397
-406485
-399995
-393151
-391996
-389308
-388385
-387545
-386754
-379984
-379866
-375876
-371326
-368942
-367779
-362295
-360254
-359316
-346413
-345964
-344190
-344168
-336231
-326792
-323554
-323012
-319416
-305746
-301838
-297509
-286826
-281246
-281094
-262181
-261659
-256316
-256313
-251244
-251146
-239738
-238258
-230401
-229761
-229265
-222871
-218967
-212544
-205758
-198906
-187457
-187326
-180671
-172279
-169636
-161935
-154020
-144551
-144305
-142611
-141325
-140845
-140301
-126677
-122102
-119513
-100423
-97264
-93943
-93690
-90472
-80078
-77558
-65868
-54204
-53567
-51656
-49322
-47881
-39621
-39459
-38784
-31925
-28402
-27549
-18453
-14061
-7725
-5825
-886
3717
4872
6227
17325
23912
26908
30675
33808
36882
42439
46404
49029
49158
49879
52779
55583
66902
77734
84032
86604
93193
93634
95223
97091
106602
115124
122506
126264
134087
135483
135924
139311
144965
151884
157430
161139
162974
164921
172537
173105
180030
181477
185712
186158
187640
193805
194871
198406
198498
209690
213130
216225
218747
221071
223783
228701
229539
235851
239835
239924
240548
242673
254026
258403
258823
265424
268781
273832
274072
284704
289257
292734
312949
313451
317903
322903
327865
328826
333348
345471
348841
358455
359692
367962
369339
369963
374766
378124
379813
380750
385347
388529
390658
390865
393694
403821
411409
414481
421541
441568
447310
451517
451789
457105
457940
461329
462419
462458
462473
466131
466823
467299
468439
468518
468681
472239
475713
487610
488418
492069
493992
497967
502704
511589
511744
513515
523363
536062
539202
547269
549287
558255
559699
564454
566964
569159
570196
571538
573814
580991
583236
590080
590400
590943
604525
615223
619748
620372
623069
626170
631919
635586
635703
636115
647937
659286
671844
676092
677157
683369
694688
695507
713040
714984
715983
718803
724730
726056
726702
729699
732656
737559
741770
751847
753232
756908
757862
761055
763159
764156
764736
765801
769311
770477
773363
773671
777947
785378
786464
790404
793426
797687
800538
801019
804022
810602
817646
826150
828776
829910
832577
836010
846058
847816
848448
855961
859238
866555
869007
869265
869337
873349
873482
878553
881760
882096
890825
891215
892109
892243
894877
898678
901159
907872
911503
912522
915557
917841
928279
934626
936553
945463
949279
949292
949688
951936
956727
957199
958455
967918
970528
974234
976016
979301
983277
987689
993011
996481
1013337
1014068
1015419
1023186
1027012
1035039
1045271
1049626
1053449
1054013
1058045
1084430
1090247
1090908
1099407
1115378
1123036
1123748
1124948
1130725
1131038
1137469
1138224
1143283
1149066
1150100
1152457
1152998
1163691
1171013
1176601
1181046
1187120
1190100
1191426
1195192
1203573
1206054
1214726
1214895
1214926
1228710
1240937
1242344
1244826
1254882
1259460
1260173
1264460
1265321
1266536
1276512
1277362
1279241
1290229
1291955
1295591
1301696
1303606
1305039
1309633
1313359
1314089
1315885
1319520
1324835
1336583
1338520
1339734
1341492
1361518
1365994
1366207
1366461
1367694
1369019
1372634
1392257
1395145
1403558
1404282
1406763
1409619
1409685
1411596
1414847
1428421
1446755
1448849
1451782
1458271
1460087
1463808
1464377
1465401
1471613
1475880
1479329
1482788
1485159
1493854
1497769
1501609
1504789
1507592
1508323
1510355
1512836
1514017
1517980
1523242
1523499
1527323
1527633
1533442
1536827
1554304
1558868
1565326
1572837
1579178
1579334
1579825
1582253
1583691
1583722
1592156
1596748
1603746
1607594
1609345
1620226
1623246
1627840
1633452
1634565
1639116
1640322
1643183
1646560
1648891
1649818
1651298
1655920
1659766
1670096
1671750
1676054
1677625
1682374
1687267
1689330
1689474
1692206
1698972
1700855
1706421
1710819
1712563
1714142
1716646
1718133
1722168
1741544
1744080
1744105
1745378
1745510
1745692
1747874
1764794
1770022
1772634
1776610
1777025
1784022
1785799
1786913
1788423
1794596
1795953
1799798
1807487
1813922
1816123
1817442
1822495
1835425
1839709
1844758
1847008
1851396
1855552
1858248
1863646
1868366
1868711
1870505
1871380
1871865
1880610
1886160
1897376
1898979
1905891
1907757
1918038
1922322
1923608
1933925
1934508
1936350
1942245
1964414
1964508
1966099
1968431
1972242
1973976
1975881
1977053
1978383
1981028
1981822
1985628
1991919
1992425
