-1997936
-1996750
-1981655
-1977676
-1977347
-1966316
-1964477
-1964033
-1963498
-1963382
-1955073
-1954577
-1947653
-1946677
-1944605
-1935020
-1919901
-1919353
-1915573
-1914823
-1911967
-1908129
-1907702
-1905603
-1905126
-1901782
-1901318
-1893615
-1892504
-1891598
-1889569
-1884993
-1883292
-1877328
-1872956
-1872582
-1869301
-1868030
-1863956
-1862028
-1860443
-1859721
-1848829
-1845845
-1842137
-1838745
-1837081
-1834259
-1832011
-1824921
-1818129
-1816360
-1812646
-1806006
-1805187
-1803205
-1793351
-1779884
-1777648
-1767828
-1760805
-1759279
-1751138
-1750494
-1748429
-1748404
-1746421
-1743353
-1742977
-1729575
-1726793
-1726576
-1724886
-1720371
-1713343
-1708539
-1708033
-1703509
-1699153
-1696396
-1695690
-1691733
-1688906
-1687373
-1678632
-1676931
-1673637
-1673234
-1668919
-1667578
-1645736
-1644040
-1637558
-1637080
-1634207
-1623793
-1621745
-1618266
-1615462
-1610846
-1607774
-1594704
-1594175
-1591615
-1587024
-1579188
-1575419
-1574895
-1572718
-1571946
-1570370
-1568462
-1562738
-1561308
-1560694
-1558526
-1557657
-1557284
-1549921
-1545801
-1545125
-1536455
-1534312
-1523809
-1506392
-1505160
-1494246
-1493634
-1491785
-1486528
-1484308
-1473447
-1472785
-1472379
-1472328
-1472010
-1469674
-1469276
-1468790
-1455334
-1454077
-1453628
-1446290
-1443436
-1435997
-1435662
-1431900
-1425392
-1420339
-1420083
-1419898
-1413633
-1410333
-1407431
-1403966
-1399654
-1384622
-1375218
-1372632
-1365412
-1364087
-1354493
-1353919
-1350471
-1348626
-1346405
-1345020
-1340686
-1340627
-1330170
-1329717
-1325120
-1315832
-1313507
-1310983
-1309878
-1305257
-1299984
-1299466
-1288433
-1286820
-1273979
-1273596
-1266948
-1261719
-1258964
-1254814
-1254216
-1253938
-1249310
-1247303
-1246114
-1243628
-1229283
-1228169
-1221909
-1217840
-1212226
-1205637
-1203259
-1202602
-1201971
-1190881
-1188751
-1184769
-1182482
-1172982
-1170912
-1162378
-1157648
-1156398
-1153673
-1152391
-1139151
-1135894
-1135768
-1135552
-1129219
-1125167
-1125014
-1124398
-1118662
-1117723
-1116379
-1113593
-1095589
-1095503
-1095241
-1091585
-1090019
-1089638
-1085319
-1083091
-1076836
-1076115
-1074593
-1062242
-1061337
-1056435
-1055818
-1049235
-1046156
-1044301
-1030962
-1030306
-1027211
-1026911
-1022549
-1020223
-1013003
-1006185
-1005210
-998871
-975253
-973276
-972584
-971734
-957762
-954047
-950815
-948727
-947022
-941881
-937646
-932214
-929160
-922699
-918040
-914418
-914018
-913023
-912438
-911721
-910428
-902541
-896079
-894279
-893188
-882852
-882129
-880089
-871076
-864638
-859505
-855354
-854288
-849165
-848839
-848069
-846275
-834836
-831291
-828412
-822664
-822500
-821408
-821234
-811328
-810451
-809284
-807525
-804264
-793970
-793641
-791505
-786183
-783064
-777978
-776613
-775286
-770331
-764408
-760339
-757979
-751197
-750828
-745937
-740939
-740052
-722292
-721222
-716272
-715963
-709978
-707333
-704375
-701113
-695680
-668008
-666664
-666298
-663238
-662768
-645504
-642180
-636734
-634402
-629438
-629309
-628726
-625622
-624693
-614822
-599797
-596800
-592768
-588701
-583120
-580598
-580593
-578544
-578192
-568670
-562687
-557847
-546892
-544655
-542538
-540129
-537988
-534673
-526444
-523611
-516197
-510266
-508915
-502733
-502048
-497558
-492523
-489581
-489396
-486516
-483233
-480286
-478038
-477084
-468589
-462256
-452312
-449103
-430050
-429277
-420740
-419408
-410680
-408309
-398541
-398105
-393983
-392241
-387438
-385832
-382950
-377528
-375502
-372148
-363822
-361257
-360219
-358191
-355613
-338583
-334201
-325652
-323949
-323483
-320768
-318090
-311464
-303030
-301796
-300203
-297763
-285876
-282913
-274663
-271431
-259857
-256311
-253776
-250286
-246493
-245674
-244716
-244680
-243509
-241492
-240441
-240346
-236450
-224667
-224667
-220431
-218332
-217753
-216725
-203129
-202799
-194175
-184270
-183586
-167123
-165879
-162777
-160413
-160360
-157045
-153309
-143864
-143807
-138797
-138083
-137972
-135058
-132118
-131104
-110203
-107917
-103053
-99178
-97324
-89803
-67883
-65168
-64209
-58177
-57571
-57325
-56893
-46892
-43760
-40294
-39914
-39468
-37649
-36354
-30772
-22991
-17394
-16719
-12423
-10941
2596
6824
8423
10371
16025
16682
16725
18190
26611
27329
27866
28504
30047
34407
36225
39594
47352
53131
55467
58627
59378
71748
87532
88371
90349
93538
95345
99852
102695
104190
106591
106859
109193
110416
116880
117378
118998
121212
123593
132223
133657
135280
135816
137055
138105
162994
163879
171004
171770
178122
185198
193112
194037
196178
197144
202537
208260
210443
211371
213151
219540
220666
222684
224783
232104
232418
233006
234040
237297
238126
238662
247367
265135
266729
273205
282909
286507
290552
292633
294258
300331
301411
304889
313675
319443
327765
330739
333679
337048
352209
357311
357328
374904
384325
385857
396938
398035
399970
400121
402717
404688
416851
417961
420454
421882
423995
429811
449336
449364
454184
455675
466715
468334
485691
491352
491622
494005
509140
513942
518683
523221
523975
525251
529103
531809
534431
535622
535879
540166
557111
564722
568921
570584
571831
572576
578114
578336
586709
587304
587774
588193
588907
589203
590946
596982
602446
631106
631460
641203
642913
645815
646907
649010
651591
663149
664037
666870
669795
673152
677592
678255
684239
685436
694782
696031
696683
698952
701409
701783
702704
708285
716484
724020
727276
739459
739486
742329
747703
749994
751136
755383
756172
764635
764944
765701
767771
773511
791260
793084
797218
797649
799789
812995
814561
817625
831306
831449
832844
836303
847623
854293
856912
858516
858693
866322
867730
877302
878362
878399
879679
882165
882182
882800
884628
885424
895769
898162
908002
915085
917174
918109
931501
935092
935143
936946
941617
944919
945559
948343
949995
952021
953834
955515
962548
965625
966428
966515
973256
986347
990597
992448
1004734
1005236
1006000
1006644
1021052
1021338
1029776
1033008
1033507
1033859
1038434
1039816
1046608
1048056
1050060
1050321
1053952
1062253
1063282
1065425
1068169
1069284
1080595
1089154
1092381
1103941
1115683
1119502
1119521
1124377
1128128
1128752
1129469
1133306
1133904
1145925
1159146
1159839
1162932
1165065
1165815
1175488
1177791
1184273
1185732
1191456
1192892
1197237
1197955
1198090
1199082
1201491
1206774
1207386
1209753
1212845
1221099
1223914
1230758
1235277
1235393
1236786
1238209
1240162
1246362
1248600
1256252
1259654
1262223
1269742
1287902
1289971
1291327
1296522
1297174
1299087
1304167
1304689
1306532
1307650
1310918
1317858
1320761
1328875
1331566
1334286
1334553
1338211
1341015
1342279
1357101
1358410
1359473
1360147
1365884
1369124
1370752
1372213
1373079
1384840
1387103
1388772
1389429
1389726
1391971
1395857
1397326
1403011
1404308
1406212
1409329
1433371
1440847
1441093
1441563
1443258
1444518
1452718
1454353
1458987
1464597
1467102
1469361
1469965
1474240
1477707
1480895
1483132
1483486
1483496
1488654
1491843
1506102
1507317
1514212
1517100
1517103
1519247
1525277
1529592
1530715
1531887
1535869
1537815
1539268
1539965
1545253
1545489
1548501
1554490
1554925
1571604
1581394
1581956
1585416
1587525
1588661
1594657
1596682
1597876
1603922
1608404
1615070
1620615
1621776
1627393
1633348
1634598
1635068
1637334
1639052
1641108
1643154
1644967
1649672
1662977
1665030
1665776
1667409
1667601
1667613
1669278
1670102
1671890
1677755
1680572
1681463
1683954
1687336
1688765
1695475
1696752
1703648
1706574
1713389
1714619
1719479
1726855
1729005
1737101
1740293
1742139
1744652
1746332
1753451
1756332
1758797
1761831
1764631
1773340
1775784
1779758
1780026
1781799
1782606
1785015
1790624
1790723
1794920
1797208
1799076
1799953
1801859
1804539
1805809
1809996
1810268
1810400
1811786
1819075
1823407
1827410
1828218
1831207
1832955
1834337
1835937
1837227
1840865
1841687
1843762
1853772
1854737
1856606
1859842
1869319
1876584
1878530
1884426
1885302
1886006
1894566
1897878
1900380
1901666
1902785
1907704
1911984
1916481
1918981
1921496
1928214
1932781
1937104
1942686
1949951
1960473
1966683
1969598
1970424
1973476
1975698
1984927
1991880
1997347
1998636
