-1994260
-1993463
-1991292
-1986178
-1979687
-1973825
-1971990
-1970001
-1960115
-1950205
-1947493
-1940854
-1938717
-1938534
-1932412
-1929082
-1927139
-1926962
-1922399
-1918509
-1913986
-1907914
-1903509
-1901964
-1890833
-1890382
-1890045
-1880772
-1874200
-1871991
-1865502
-1859704
-1856987
-1851410
-1851117
-1849616
-1820342
-1820221
-1818292
-1814330
-1813389
-1810896
-1810368
-1805313
-1800533
-1800281
-1796697
-1793847
-1791507
-1791419
-1781207
-1781184
-1777719
-1772398
-1771286
-1769235
-1764960
-1764451
-1764159
-1761625
-1756345
-1755964
-1753289
-1753104
-1751115
-1748209
-1747856
-1746912
-1730751
-1728337
-1710385
-1705568
-1703312
-1697741
-1697368
-1684442
-1675865
-1671827
-1670897
-1670703
-1666697
-1662897
-1656371
-1650216
-1646258
-1644364
-1637670
-1635479
-1633644
-1629023
-1625638
-1623843
-1620446
-1618675
-1617110
-1613697
-1599347
-1594089
-1587369
-1581471
-1579825
-1578408
-1578158
-1576800
-1575269
-1574712
-1567821
-1561905
-1555011
-1551279
-1549664
-1539765
-1533083
-1532777
-1530909
-1530874
-1526398
-1524960
-1523812
-1521195
-1520704
-1520479
-1518730
-1510698
-1510406
-1509221
-1496724
-1494413
-1493298
-1490411
-1489361
-1488536
-1488050
-1486125
-1485160
-1482231
-1472599
-1472566
-1464471
-1453569
-1452367
-1451195
-1450972
-1448401
-1444953
-1442735
-1429028
-1428508
-1414612
-1412820
-1407739
-1407179
-1403986
-1397240
-1391199
-1385535
-1376017
-1372635
-1359851
-1358224
-1356016
-1348951
-1341358
-1339256
-1334907
-1332303
-1331838
-1323739
-1321611
-1321584
-1319713
-1318331
-1317728
-1314741
-1313821
-1313130
-1307139
-1305911
-1303014
-1302243
-1300432
-1286453
-1282865
-1277696
-1276747
-1271307
-1263445
-1260088
-1259265
-1256033
-1254827
-1253597
-1247481
-1247049
-1243988
-1239113
-1237140
-1236690
-1235908
-1233552
-1229775
-1227957
-1225473
-1217940
-1216936
-1209036
-1208948
-1199750
-1199422
-1198660
-1196784
-1195783
-1191605
-1187302
-1186748
-1177318
-1175623
-1166892
-1166020
-1164799
-1163682
-1162279
-1161465
-1154253
-1150676
-1150388
-1136647
-1134923
-1133505
-1132773
-1130976
-1129463
-1120848
-1111589
-1110779
-1109105
-1107029
-1104461
-1103724
-1102522
-1094027
-1091437
-1090699
-1089005
-1079592
-1075309
-1073452
-1073432
-1073187
-1065009
-1061465
-1061273
-1060928
-1058546
-1057760
-1055603
-1048361
-1045997
-1045479
-1036106
-1033214
-1031444
-1027985
-1021497
-1019549
-1017458
-1011296
-1009766
-1008773
-1008437
-1008221
-1004367
-1003513
-999275
-992589
-989093
-987382
-986279
-982133
-976616
-976384
-975605
-965504
-958614
-957876
-956990
-949698
-947877
-943320
-939894
-936452
-934061
-933556
-932881
-930302
-925377
-923007
-917770
-909954
-908860
-908169
-898664
-891686
-889694
-887318
-877256
-871357
-869250
-866660
-866416
-862133
-857341
-857259
-854599
-851309
-850304
-850115
-850018
-844038
-842999
-834879
-829206
-827442
-817991
-808360
-808055
-807756
-804227
-800783
-787663
-777303
-776992
-773794
-771555
-758360
-757947
-753680
-746910
-744477
-736923
-734203
-732765
-725017
-720190
-711297
-711031
-695342
-694676
-689501
-688069
-688044
-686197
-682843
-680561
-669686
-662759
-662244
-660621
-659619
-652627
-650479
-627765
-621424
-621045
-618800
-615075
-613489
-605750
-602029
-599592
-594330
-588692
-575638
-570361
-570000
-569537
-564744
-563958
-561648
-560272
-555521
-555021
-553339
-541599
-541084
-529896
-513863
-511206
-509751
-509734
-509647
-500348
-498836
-494850
-493809
-489317
-482416
-476905
-475835
-471513
-460287
-455313
-452693
-450790
-433870
-433820
-432925
-431480
-421208
-401954
-394570
-390552
-386281
-384839
-380900
-380365
-379265
-372887
-359804
-359299
-350816
-339665
-338693
-337251
-332655
-325195
-323023
-315193
-311194
-309232
-307978
-303741
-301924
-299509
-294811
-292284
-285673
-282204
-281155
-275614
-275159
-273890
-271940
-270949
-268692
-253014
-251462
-244749
-243609
-241397
-234334
-232979
-225604
-225124
-220059
-219696
-216202
-200280
-197932
-180876
-180611
-178721
-175796
-172284
-171439
-170110
-156084
-151446
-151149
-149021
-144861
-141932
-137913
-133001
-130123
-123207
-115020
-111004
-110144
-108213
-106090
-105816
-105118
-101285
-92158
-86190
-80254
-75575
-75108
-70083
-68947
-64420
-63198
-56091
-51924
-49975
-47425
-47063
-46577
-45895
-37913
-37610
-34357
-33449
-33175
-32789
-32062
-25375
-24731
-22313
-20936
-20325
-17125
-15304
-14596
-12171
4892
13660
14606
18296
24763
33554
33728
35347
41720
45743
50956
56020
57688
66481
67424
73624
75877
78474
86516
86963
95546
96894
116756
118720
121161
128900
136525
139122
141163
143554
146726
147484
150666
157314
164544
164888
173065
174908
175673
179469
182426
184449
184932
189003
194891
197145
198395
199789
216773
219734
223031
230272
230835
232511
241059
245258
248395
262909
267301
267767
268493
269724
271030
275683
278952
282597
287415
295332
304933
306216
307733
309057
309977
310484
311347
312189
312542
316895
323117
339213
343564
346542
347236
348185
356799
363842
376627
377913
379935
391726
394508
401835
405393
406375
408646
409287
428413
438584
442753
444913
446503
448916
450289
455854
456190
464859
473779
474311
477424
498686
503349
503469
504076
504481
505036
509498
513641
527110
530238
547464
548796
556110
561495
567473
572299
573950
574114
585747
586778
587118
601775
601803
602510
606063
619286
622756
624613
625167
634041
638730
639623
639947
641724
642077
642186
645480
651597
656898
661503
664260
689651
690367
695234
695382
696436
700447
700530
702294
703493
705852
708586
717158
719427
720730
724909
727952
728364
732414
733775
740861
741776
743183
746445
750225
750877
750891
751272
751935
755709
756351
760433
760785
760950
770435
771208
772483
779797
780618
784406
785222
788629
797725
798784
799238
804414
806893
812607
821646
827050
827190
827426
828252
828494
831299
836394
852668
855409
857524
857624
858190
860503
861681
883962
885513
890696
897651
904042
904234
907876
910889
913000
917142
931967
932332
934359
935286
946263
947712
948248
950764
958155
968151
975300
979395
982850
982924
986948
987618
988155
992694
1008247
1009073
1010928
1012067
1015344
1016600
1021617
1025876
1029614
1032720
1037880
1041114
1043219
1052419
1053236
1058495
1058818
1058926
1063417
1064915
1065196
1070338
1074094
1077828
1079530
1088701
1095820
1097765
1101692
1102800
1112647
1118872
1120103
1120982
1142747
1144568
1146543
1148649
1149463
1150534
1150804
1152955
1161944
1162980
1164607
1171135
1173095
1173825
1173901
1175992
1178806
1180330
1180877
1184006
1189980
1191395
1193511
1198382
1202155
1209948
1212499
1225380
1237232
1243566
1245399
1245921
1247828
1255735
1258104
1258356
1266761
1267378
1277988
1280165
1281353
1289008
1291798
1305280
1306921
1309025
1310742
1311303
1312267
1312741
1318770
1326350
1327485
1327608
1328244
1334757
1335181
1349263
1355780
1358441
1358653
1358672
1367989
1369294
1371639
1376171
1377102
1378171
1382683
1389707
1396542
1410859
1414192
1414469
1424283
1429177
1437859
1450823
1455008
1459735
1473038
1475686
1475892
1476717
1478859
1479161
1499833
1503495
1505348
1512073
1539759
1545466
1548003
1548269
1548479
1548894
1555451
1555766
1561526
1561861
1562949
1566922
1576337
1579067
1581177
1592098
1592321
1595104
1595919
1597134
1599124
1600908
1605295
1606876
1608224
1609738
1610467
1611823
1615692
1620114
1629005
1630862
1635838
1637443
1638879
1644215
1649297
1649428
1657575
1659804
1666668
1669653
1693655
1698860
1701739
1714231
1715895
1718617
1721658
1726598
1735951
1736482
1739190
1740590
1744466
1748436
1751912
1752744
1752924
1755520
1760009
1762203
1765223
1768162
1770680
1791571
1800253
1809384
1818324
1820938
1825577
1826743
1828269
1831989
1839115
1844771
1845812
1845849
1853878
1855481
1858030
1862633
1863342
1867492
1871748
1873726
1875541
1878759
1878897
1880646
1881588
1889704
1892799
1893370
1895180
1898221
1900095
1900303
1900363
1904236
1909503
1914083
1918223
1921432
1925551
1926280
1928853
1950145
1951005
1953185
1955564
1959837
1965390
1971009
1976726
1977405
1977575
1978313
1979291
1992821
