-1996005
-1995946
-1993453
-1981148
-1977457
-1972213
-1969614
-1965638
-1964715
-1961321
-1959692
-1946080
-1937772
-1928327
-1927259
-1924118
-1923275
-1912568
-1909834
-1904899
-1895790
-1894092
-1891554
-1890254
-1886698
-1878384
-1868758
-1866949
-1864376
-1864310
-1863083
-1850119
-1847730
-1845574
-1842917
-1839322
-1829786
-1828975
-1827609
-1820239
-1813075
-1809426
-1801540
-1800916
-1797585
-1793119
-1775825
-1774064
-1764603
-1764562
-1755010
-1746346
-1745314
-1742065
-1741518
-1740005
-1737606
-1730285
-1725071
-1719459
-1711963
-1708805
-1703838
-1701886
-1701027
-1698517
-1692617
-1684345
-1676636
-1669516
-1668383
-1667899
-1667882
-1661733
-1661453
-1652649
-1636346
-1633593
-1629475
-1629035
-1625634
-1619983
-1619220
-1617848
-1616606
-1606044
-1603374
-1589856
-1584409
-1583846
-1579987
-1576713
-1572185
-1567754
-1564833
-1563799
-1555873
-1552517
-1543105
-1541730
-1541272
-1536409
-1531624
-1530413
-1528589
-1527304
-1522898
-1519576
-1517913
-1517904
-1512428
-1508711
-1492706
-1489218
-1485805
-1478952
-1478262
-1477031
-1474008
-1470490
-1469195
-1465808
-1463045
-1455220
-1453777
-1449538
-1437643
-1436442
-1432601
-1430876
-1423613
-1421803
-1415818
-1406830
-1406177
-1402069
-1400737
-1388976
-1386251
-1382363
-1381775
-1379997
-1377128
-1371151
-1365480
-1364464
-1363456
-1359384
-1350468
-1349806
-1349732
-1346677
-1336304
-1328346
-1318161
-1313109
-1305605
-1300389
-1299750
-1297892
-1295107
-1291116
-1282778
-1282063
-1281641
-1280322
-1277623
-1262879
-1260846
-1258185
-1257811
-1255801
-1254002
-1247301
-1243243
-1240545
-1237631
-1234501
-1232807
-1229811
-1223131
-1220488
-1213326
-1199486
-1187153
-1185606
-1182761
-1175707
-1175069
-1164623
-1163595
-1160134
-1154696
-1154060
-1146822
-1141875
-1140184
-1139883
-1139813
-1126492
-1113279
-1111373
-1104769
-1101380
-1100840
-1097425
-1097087
-1090955
-1086313
-1086138
-1081399
-1081250
-1080608
-1077436
-1076623
-1076450
-1074721
-1072123
-1071758
-1069403
-1069282
-1064962
-1062375
-1053708
-1051326
-1044254
-1038904
-1036674
-1034978
-1023948
-1021697
-1019055
-1017601
-1016221
-1011605
-1006695
-1003151
-989459
-989144
-987198
-982566
-977461
-976324
-975126
-972013
-970589
-970173
-970122
-965866
-965677
-956275
-953915
-949960
-948814
-942670
-942256
-940940
-940749
-936579
-933840
-932246
-922212
-915293
-913767
-906666
-906628
-906617
-900442
-898840
-897553
-890520
-890356
-890233
-887658
-887193
-886256
-871974
-871742
-870516
-869409
-868960
-867373
-864648
-863406
-860965
-859684
-853335
-849634
-843724
-837909
-832668
-830888
-828642
-819622
-815732
-808896
-805535
-805015
-803450
-796194
-795819
-795238
-794216
-792353
-791482
-790564
-783292
-782766
-775798
-766048
-758290
-756362
-754892
-748799
-744321
-742263
-740284
-739305
-737417
-734251
-728769
-727826
-727527
-721319
-712636
-703606
-699540
-696509
-695126
-688062
-685265
-680474
-676838
-670134
-668042
-667412
-664629
-661196
-660477
-659455
-653818
-642932
-639781
-636127
-632084
-628612
-622798
-621883
-608469
-602722
-598780
-594827
-594565
-590216
-579387
-577507
-573183
-572754
-569791
-567856
-541677
-536312
-534500
-524564
-522005
-521193
-519146
-513936
-511977
-503279
-500698
-500592
-497036
-494587
-490835
-486125
-482189
-481172
-478995
-477016
-476797
-470739
-462491
-462364
-460271
-450577
-448241
-442172
-438223
-435603
-422466
-421524
-420200
-419098
-417487
-415764
-412695
-409605
-409297
-406168
-404466
-401150
-396698
-395845
-392948
-389232
-387866
-382915
-382149
-382105
-378440
-373369
-362210
-360327
-358907
-349944
-347206
-335043
-325321
-322837
-321389
-315537
-304529
-301001
-300245
-299788
-299774
-297044
-289540
-286631
-285084
-267350
-264358
-261673
-260757
-257732
-256677
-255717
-254969
-251334
-240729
-230804
-227767
-215589
-211463
-210482
-210219
-207427
-202319
-199110
-181291
-180705
-179899
-177365
-177265
-176224
-174939
-174605
-170034
-167479
-167092
-155123
-154126
-152375
-149838
-145378
-140721
-140015
-138138
-127939
-119310
-118754
-115116
-106539
-91200
-91185
-90983
-78950
-78501
-68784
-66728
-52738
-51316
-50547
-45293
-43606
-41267
-34018
-30997
-25673
-20263
-739
-673
2273
3059
8303
9316
12534
13961
14873
14947
20570
20699
23207
27081
29338
33496
36429
38013
40518
44518
45028
46668
48493
54101
54322
56134
56477
56592
57730
70422
74215
80716
81370
83427
89426
94956
95705
96730
97559
108213
133534
141052
144949
147308
155572
157464
158000
158372
163246
163610
166076
172111
173264
176847
181254
184294
186900
187226
189665
190812
191980
200154
203364
212955
214629
221990
224944
225037
227294
231838
234054
234348
235015
240211
243436
254633
262696
267347
274713
282507
284816
285459
287023
295059
309534
314811
315504
317631
319774
321493
330973
334885
342923
349263
362823
366962
383132
395831
396356
398763
400410
404815
406686
406748
415635
420805
424565
429062
429885
434838
435161
441020
444753
449042
449946
451528
451858
453933
458708
460104
463012
463028
470847
472505
472508
474267
481154
484708
487824
493880
506987
508375
511764
511825
513988
514067
520799
526401
526733
537232
538732
540537
544211
545741
547618
561218
561400
568970
569298
579078
579203
589479
589631
590490
591191
594280
602561
603728
605771
609466
616776
618015
627538
650116
652995
656676
659588
664559
665787
669602
675237
675790
675949
680077
682062
683109
688505
689568
699736
702904
704806
705074
707693
710553
714116
721020
721253
723825
726141
727129
747467
752769
753299
756397
756895
759547
762793
769002
769804
782782
785586
790988
793577
793726
794459
797718
798663
800521
804407
810130
821620
822090
822991
836934
853463
855029
858417
867307
874190
878068
882222
886686
890226
893451
894335
898427
904234
905957
914188
915106
921010
932771
932985
952569
954782
954821
954961
958710
960160
963666
976413
985549
987746
990962
993364
996246
1002519
1002614
1006095
1008154
1022138
1026196
1029120
1041256
1044709
1046738
1049195
1056435
1061461
1064709
1064785
1068232
1070374
1071974
1079176
1081464
1088972
1089008
1093686
1094549
1096501
1101089
1102267
1102439
1109087
1109296
1111077
1111364
1111727
1112071
1122816
1123821
1127647
1135671
1138536
1139577
1143204
1147026
1147255
1147987
1149878
1153498
1155630
1164341
1167137
1170174
1173204
1177298
1178469
1199491
1206438
1206738
1208890
1220852
1225777
1225841
1229060
1230546
1239822
1241528
1244352
1247577
1251928
1253738
1255039
1258027
1268002
1271187
1271868
1274789
1277476
1282696
1283565
1289022
1293815
1299582
1301590
1303775
1307084
1308194
1308963
1310433
1310921
1319293
1325496
1329648
1334666
1334690
1334848
1338521
1339981
1343424
1345437
1352719
1357083
1359208
1360627
1360832
1370446
1372569
1373333
1376215
1383832
1384682
1385296
1390331
1392346
1394957
1394979
1396465
1396775
1398005
1401485
1402047
1402818
1411119
1411839
1413523
1417479
1421646
1423616
1425914
1426632
1429027
1432415
1437963
1438879
1457601
1475022
1487014
1490507
1492582
1496331
1500577
1512948
1519025
1528606
1535965
1541022
1543341
1551285
1554348
1559917
1561392
1561967
1562056
1569367
1572654
1579875
1580793
1584717
1585636
1587312
1590050
1590535
1594271
1595547
1597427
1605494
1606100
1612217
1618334
1619635
1624622
1624871
1625050
1626473
1627360
1629283
1633107
1639638
1642894
1643792
1647636
1651256
1656674
1658771
1675635
1680159
1682667
1687554
1688061
1693065
1694516
1702935
1707063
1710975
1711522
1711952
1712468
1727615
1736137
1740568
1743573
1750517
1753968
1754483
1760435
1766562
1768171
1768582
1770412
1773703
1775667
1777930
1779319
1782892
1787926
1799867
1801419
1804139
1825361
1828381
1829089
1831850
1833571
1835696
1836010
1838895
1841136
1845694
1854048
1861258
1861842
1874777
1879838
1879921
1884337
1889871
1892763
1896821
1898729
1900599
1901511
1909061
1910097
1919365
1921188
1927655
1927893
1928737
1931312
1934567
1936132
1950074
1953294
1955213
1971850
1978235
1979934
1985702
1986799
1987576
1989075
1989649
1990182
1995308
1995965
1998244
