-1997936
-1996761
-1993770
-1986876
-1986595
-1981047
-1980946
-1977885
-1976475
-1967701
-1959361
-1958164
-1942103
-1940865
-1929248
-1928453
-1922614
-1918064
-1917083
-1915508
-1912391
-1911175
-1901203
-1899944
-1897709
-1889147
-1887838
-1882773
-1880725
-1872503
-1872284
-1871996
-1871310
-1859889
-1855681
-1853995
-1849630
-1845427
-1842698
-1841030
-1839897
-1831859
-1823752
-1823662
-1819462
-1812064
-1808061
-1804649
-1799874
-1798592
-1797882
-1797214
-1789358
-1785783
-1778445
-1774132
-1773046
-1772974
-1759672
-1758535
-1753491
-1746134
-1739770
-1735417
-1732052
-1731874
-1730046
-1720855
-1717048
-1713355
-1712489
-1710931
-1710420
-1708637
-1692866
-1688558
-1686644
-1685892
-1677049
-1676519
-1676286
-1673781
-1658270
-1655835
-1655600
-1639554
-1638114
-1636329
-1635429
-1632687
-1626834
-1618603
-1616622
-1613661
-1609333
-1607008
-1603484
-1600683
-1584139
-1582174
-1580394
-1579293
-1569313
-1562917
-1560664
-1559965
-1556987
-1556743
-1554030
-1548197
-1544429
-1542876
-1542497
-1542194
-1540090
-1521702
-1516427
-1504595
-1504479
-1500596
-1493150
-1490361
-1484407
-1478606
-1474603
-1474211
-1473497
-1471417
-1467148
-1467050
-1466047
-1459354
-1450268
-1449896
-1449185
-1447618
-1442923
-1442723
-1439763
-1439327
-1438025
-1437190
-1436583
-1431161
-1429116
-1427553
-1427191
-1427172
-1423783
-1415933
-1412802
-1406005
-1394431
-1386348
-1382685
-1380342
-1361345
-1358078
-1357656
-1351148
-1326982
-1323110
-1322116
-1321920
-1321260
-1320680
-1313235
-1302144
-1301563
-1299102
-1295930
-1295550
-1288706
-1282965
-1281264
-1280147
-1278186
-1275400
-1275396
-1272371
-1265055
-1261731
-1257868
-1251076
-1241084
-1235288
-1225992
-1224194
-1221368
-1220932
-1217688
-1205292
-1182981
-1178387
-1177730
-1176152
-1172800
-1172112
-1167088
-1165985
-1165913
-1158159
-1158048
-1157875
-1157525
-1154092
-1148916
-1145691
-1141519
-1140159
-1139767
-1132933
-1131190
-1125247
-1123414
-1117026
-1115003
-1113131
-1109069
-1106107
-1105366
-1102357
-1100425
-1099241
-1098305
-1096258
-1090743
-1086824
-1086340
-1077359
-1074454
-1073183
-1068012
-1066318
-1066084
-1061303
-1054349
-1052244
-1052160
-1052126
-1048729
-1043996
-1039031
-1023900
-1020877
-1019875
-1010055
-1008930
-1002806
-996927
-990447
-986743
-980766
-979306
-977275
-977120
-972841
-971922
-969512
-968119
-954799
-954570
-945821
-942039
-934416
-933668
-930196
-930125
-930094
-922850
-921720
-910356
-904003
-902863
-901429
-891268
-886818
-885845
-884464
-883086
-881378
-879491
-877693
-876662
-870993
-864550
-862082
-859548
-846092
-844016
-840997
-835355
-833533
-832677
-815448
-814610
-811001
-807898
-807488
-807418
-806535
-806326
-806320
-803113
-802663
-798398
-790429
-784305
-778927
-778374
-777113
-772095
-769162
-768758
-767324
-760940
-756339
-754211
-752214
-751158
-741564
-740424
-738773
-737760
-733686
-733182
-728575
-725232
-723241
-718434
-706596
-705027
-701433
-697874
-695542
-691811
-688897
-681014
-678056
-677171
-663274
-662712
-660959
-659772
-650953
-642250
-642199
-637869
-636803
-636795
-636762
-621475
-618578
-617187
-604189
-603830
-599300
-598206
-596014
-594387
-591045
-586170
-585947
-582623
-577967
-576330
-574804
-573755
-573235
-571704
-570256
-562737
-560151
-557761
-555447
-534976
-533711
-532820
-515660
-514651
-494928
-491519
-484130
-477650
-473501
-471275
-470776
-465404
-459033
-457289
-450059
-448944
-443262
-441402
-436127
-431973
-421688
-416605
-414993
-410560
-408076
-403519
-402858
-398474
-396493
-385308
-381418
-375937
-372654
-372159
-368353
-365240
-363746
-362998
-362478
-362026
-359884
-359479
-356733
-354662
-350919
-347094
-345796
-337968
-331656
-328494
-328061
-322730
-316672
-311228
-311179
-309277
-305509
-305174
-286397
-278582
-277217
-276140
-268405
-264681
-260477
-259985
-254717
-249876
-241369
-234695
-230047
-224061
-218135
-217344
-217000
-208041
-198723
-198497
-194904
-189779
-181872
-176408
-172525
-167539
-166813
-163924
-163801
-154068
-152399
-148631
-147379
-146907
-146446
-133873
-132669
-122668
-116532
-114535
-87746
-84579
-78967
-72600
-71300
-64108
-54468
-53958
-30023
-27152
-17390
-12872
-11994
-9079
9172
9997
23791
24144
29687
42416
43465
50771
52186
53017
59199
60248
60954
63215
65346
71811
72409
73693
75906
76157
80138
80681
82558
86272
96122
98773
103899
108465
109368
118860
122795
124701
128660
136682
137728
139576
139906
147447
154149
154508
171587
174107
178359
182809
182900
184428
185496
187031
191433
191523
194556
201717
203530
204368
204581
207587
210341
234257
234653
236766
247411
257108
261398
265470
265537
266267
266389
269609
270779
271999
278297
280601
285086
288847
294698
297777
299507
311133
314899
316431
316690
326614
341081
343202
349137
349498
354124
362196
364375
368694
371729
388098
397342
402365
412737
418033
419072
423405
432241
432325
440729
443863
446147
454062
458411
462919
468118
473591
474848
475927
479404
485783
485932
486904
490012
490915
495209
502501
504346
505377
507265
512487
522735
524425
537297
538846
540082
542129
542365
542540
547909
550918
575608
579221
582752
590401
591471
600934
602068
605044
605741
607201
608668
617692
618023
619021
625123
627458
630538
638925
640725
644087
645051
654269
655082
658134
660880
662936
667528
671549
676284
678849
682953
686313
691535
698271
700601
703306
707129
710072
714676
715272
718087
719758
727003
728355
735220
735732
738281
744220
747815
758590
760207
783119
784847
791619
794828
803143
805624
807458
809992
814387
824549
832140
833628
834148
835777
835825
842245
847249
851346
874381
876322
876850
877533
881594
882058
882120
891850
894148
894970
900569
902074
902165
905106
906939
914554
916720
917862
918197
921246
924420
927890
930051
936583
937147
939391
939441
945720
946870
947949
968098
970205
970496
972325
974532
979466
983266
996914
999079
1001760
1004947
1008187
1008394
1011885
1012873
1024011
1025535
1028113
1036100
1040652
1042683
1045995
1046864
1048331
1048631
1051854
1061127
1063020
1063717
1069876
1072386
1078459
1078772
1087278
1097757
1107471
1110022
1110576
1113069
1114611
1117813
1117884
1119824
1124447
1126892
1131190
1140691
1144023
1147537
1148254
1150188
1150778
1153772
1154197
1155930
1163633
1167501
1171431
1173195
1174063
1178437
1183102
1184746
1185203
1195464
1195555
1197100
1199550
1201265
1204842
1212524
1213915
1215406
1215709
1221384
1222628
1224263
1225800
1228403
1229546
1239543
1243329
1246022
1247636
1247958
1257231
1259448
1259788
1266013
1269699
1269959
1271227
1272591
1277050
1280996
1283050
1285872
1288173
1288775
1290985
1302924
1304336
1314929
1315568
1318669
1324236
1329089
1342393
1342987
1346745
1346984
1354186
1359880
1367165
1369415
1370776
1372239
1372772
1373649
1382740
1383054
1385051
1394072
1394849
1398066
1400048
1400236
1405714
1405716
1407948
1409797
1411635
1411821
1415584
1417611
1419696
1424132
1426520
1426691
1429419
1431693
1432495
1437686
1438546
1439533
1441151
1444259
1446228
1449618
1452595
1461703
1463950
1464117
1467769
1474680
1482636
1483327
1484467
1490873
1491103
1491282
1496268
1498574
1512277
1513816
1513990
1516269
1518626
1518762
1519383
1522002
1527565
1529403
1531695
1546475
1548325
1560583
1561053
1561185
1563777
1564848
1565160
1566939
1570181
1579574
1591713
1599322
1601991
1604053
1605944
1609535
1612197
1614188
1636413
1640842
1640964
1646787
1648405
1651693
1661214
1661556
1666086
1668276
1672136
1682947
1686012
1686714
1686808
1691092
1694289
1699382
1701458
1703005
1710423
1716145
1720570
1722161
1724391
1727989
1731705
1735111
1738904
1742340
1756117
1758984
1762711
1764600
1770015
1777678
1782579
1785926
1814835
1816628
1821253
1829130
1833016
1833264
1835171
1837481
1841281
1844416
1848116
1851626
1852257
1852651
1863410
1864642
1875548
1878657
1879219
1884646
1889210
1897105
1903971
1907712
1908524
1910528
1914196
1915114
1917442
1924623
1927721
1928250
1934267
1945798
1945911
1953238
1956979
1965589
1965593
1968980
1970474
1970859
1974780
1982226
1983550
1984277
1984436
1991926
1993082
1998369
