-1995769
-1995340
-1990477
-1979323
-1960791
-1958738
-1958412
-1952972
-1948594
-1948494
-1945139
-1940203
-1929586
-1913291
-1907705
-1898845
-1893315
-1881407
-1866520
-1863012
-1854742
-1846335
-1836121
-1834012
-1832981
-1829061
-1824101
-1820754
-1816295
-1815208
-1810034
-1809260
-1808737
-1803416
-1802681
-1785153
-1783547
-1781951
-1770114
-1767365
-1765581
-1764045
-1762898
-1757025
-1749685
-1749046
-1748517
-1744770
-1744570
-1738528
-1737831
-1722997
-1720752
-1720565
-1716611
-1716153
-1710406
-1703290
-1700292
-1696928
-1685188
-1674120
-1672469
-1660311
-1653662
-1652201
-1650994
-1650819
-1647832
-1643556
-1639501
-1638244
-1634320
-1630249
-1628125
-1627449
-1622626
-1622210
-1620404
-1618680
-1614514
-1614482
-1613426
-1611578
-1609498
-1603544
-1599689
-1589943
-1584721
-1581305
-1581297
-1579354
-1576747
-1575245
-1572352
-1570482
-1562767
-1555512
-1554524
-1554431
-1549766
-1548873
-1544880
-1544644
-1534672
-1531944
-1530457
-1526408
-1524981
-1518536
-1516676
-1513405
-1507836
-1506580
-1505321
-1501577
-1495295
-1494180
-1485755
-1484954
-1483724
-1476874
-1475813
-1471590
-1470439
-1468806
-1462895
-1454733
-1453833
-1449618
-1444892
-1443724
-1440774
-1439124
-1434996
-1426159
-1425800
-1424633
-1422377
-1412539
-1412235
-1401998
-1399305
-1393478
-1393099
-1391899
-1385396
-1382529
-1380807
-1379871
-1377497
-1376437
-1375977
-1375809
-1374142
-1373769
-1371644
-1362418
-1360408
-1357558
-1350873
-1344935
-1339417
-1339096
-1335382
-1332718
-1328894
-1328572
-1327994
-1323250
-1315771
-1304703
-1304235
-1292256
-1290745
-1287840
-1285932
-1282051
-1280728
-1280471
-1271566
-1267627
-1263536
-1254557
-1252507
-1252305
-1252079
-1252060
-1242471
-1235329
-1232302
-1227904
-1217659
-1214792
-1213080
-1210548
-1203399
-1201208
-1196735
-1194491
-1193912
-1189587
-1188739
-1180121
-1173645
-1169326
-1161843
-1161446
-1159710
-1144861
-1141540
-1138638
-1133331
-1119742
-1117786
-1117431
-1110690
-1109709
-1101172
-1100846
-1099266
-1097221
-1093833
-1092282
-1078922
-1068917
-1068811
-1063968
-1061034
-1059808
-1050631
-1050614
-1050261
-1048168
-1044750
-1044514
-1040935
-1038777
-1034658
-1034464
-1032917
-1031851
-1030711
-1029917
-1029666
-1029171
-1023732
-1018112
-1009500
-1008639
-996727
-986461
-984107
-978653
-976145
-974066
-971754
-969800
-968153
-961502
-959763
-957280
-950852
-942069
-934479
-926497
-921296
-919375
-910691
-909691
-903739
-903646
-901123
-899858
-899581
-893867
-888258
-886456
-881807
-881611
-879676
-872975
-867498
-863378
-860340
-857711
-856430
-852904
-850919
-847287
-842988
-840636
-839642
-838182
-836256
-836157
-829301
-827770
-825786
-823988
-819473
-818501
-816735
-815989
-814996
-810964
-807751
-793486
-792565
-789408
-785555
-785352
-778182
-769866
-764596
-763930
-755401
-752485
-751856
-751690
-744444
-743513
-737310
-735348
-732291
-726083
-725718
-725244
-724607
-715626
-707532
-702328
-700047
-689034
-686307
-684901
-678133
-677792
-666589
-661339
-649446
-646211
-639522
-632243
-632121
-630806
-626936
-626283
-625643
-613095
-613089
-610858
-610619
-609087
-608651
-606103
-604514
-604054
-602190
-598176
-594497
-591970
-585604
-574126
-572579
-569354
-564044
-563310
-563176
-559176
-556420
-555467
-553211
-550509
-547954
-547050
-546597
-539348
-535017
-528828
-528487
-526375
-525262
-524428
-524365
-523407
-522518
-521855
-519652
-518111
-515687
-514328
-505819
-499747
-490818
-488278
-487463
-484650
-482260
-470829
-465807
-461716
-449023
-446519
-445637
-436960
-436486
-434673
-430395
-425073
-421494
-420021
-410289
-399920
-391470
-385646
-384825
-380856
-370426
-367776
-363070
-358053
-355231
-348754
-344222
-343609
-342674
-328722
-326988
-320853
-315320
-313449
-309931
-308353
-306728
-305379
-296236
-291690
-287958
-285220
-284941
-282420
-279304
-279238
-276165
-272331
-269369
-267905
-259006
-255062
-253675
-251983
-251603
-230461
-229740
-229401
-227524
-221729
-211384
-209281
-205679
-202634
-196108
-194395
-193235
-189400
-189016
-183696
-183167
-180635
-173049
-164494
-160395
-158532
-149620
-146571
-143935
-134352
-133864
-132750
-131825
-124357
-122671
-119587
-119338
-118677
-117531
-116625
-109831
-99252
-91312
-89728
-89308
-78633
-64460
-62476
-60195
-57996
-55421
-54408
-45386
-40709
-37865
-36763
-34986
-33565
-27533
-15393
-13112
-8630
921
7797
8883
11905
14369
14624
16555
19541
24571
27646
32644
33679
42754
44229
47173
47293
49101
54237
58815
67258
67501
67519
70258
71029
72900
73545
74731
76721
84399
85253
85838
86659
89975
91135
96501
97866
101479
101767
108734
108788
116998
119232
121314
121560
125103
125356
125597
127595
134074
134207
138246
143229
151761
153472
154862
155975
160455
163635
165398
166898
169375
169457
182995
186606
192901
199872
209973
216610
218197
219471
235288
237174
243234
245587
250191
253292
253845
254206
255869
257861
259697
260270
269422
272804
275284
276040
277177
277179
290800
291676
299846
305199
308895
311751
322069
328229
332375
336824
337139
342402
344229
344657
352196
353475
355007
357539
362240
362623
366048
369883
371188
378357
381343
382096
382659
388737
389648
399572
402651
408626
409436
412049
419460
427327
436832
441927
450329
450993
455819
455973
460530
461536
466316
467920
470436
471195
475084
479198
487927
490141
490815
491316
493472
495827
500403
506233
507503
508354
510632
511315
511863
514131
518786
520329
530350
534353
536274
540208
540944
546987
549819
552322
554059
554482
562466
579766
583992
600169
603627
605661
609441
611372
616632
618661
619561
622984
628227
639876
646353
651733
656636
656645
661401
669518
673602
679721
691099
691975
695168
698036
698756
700376
701889
702096
704277
709399
716008
718646
732582
742776
745221
749689
766404
770935
773705
789237
792874
794200
797610
809145
810311
812361
814164
819864
825871
827900
836112
843109
845439
851540
852478
854780
856613
856774
858735
877596
879921
884815
889722
895258
896810
896860
899251
908771
919120
925102
927206
927218
932029
935952
938469
939876
941114
945679
949233
954793
956227
960644
961084
965275
966656
970322
978654
992602
997342
1000200
1000258
1003208
1003973
1015640
1024298
1028228
1029161
1031958
1032217
1034545
1037128
1040075
1051849
1052521
1062520
1069548
1081141
1081631
1108793
1113880
1116699
1118543
1118616
1119701
1124858
1124907
1131826
1133296
1135820
1145682
1149379
1150145
1158671
1158809
1162122
1164857
1164874
1166482
1171670
1171782
1174179
1179760
1185172
1195528
1205407
1205447
1205633
1212125
1213509
1213655
1214149
1214158
1215244
1229586
1230185
1231436
1234101
1234521
1237356
1244032
1247187
1253734
1254309
1263325
1264850
1271693
1275840
1276187
1281383
1286044
1291006
1291278
1297056
1299011
1301669
1302684
1307682
1315019
1316516
1316667
1318625
1320060
1322310
1333452
1341337
1346380
1346420
1357224
1374670
1375228
1376757
1376791
1394046
1396256
1396466
1412863
1417658
1431180
1434743
1435831
1446559
1452490
1453618
1455276
1467738
1472016
1473340
1473794
1478960
1482957
1489615
1497953
1500078
1503995
1506917
1508578
1513289
1518161
1520402
1531542
1532624
1539140
1554848
1556827
1559096
1567989
1569872
1570782
1571665
1572686
1579695
1582061
1595722
1605833
1608646
1617026
1618161
1622300
1630345
1631220
1634971
1646259
1651297
1652397
1663688
1677823
1684721
1684781
1690066
1692446
1694500
1697710
1701749
1712315
1717017
1720454
1722535
1723679
1734863
1738515
1744506
1745362
1746886
1749246
1756315
1760764
1766882
1767320
1767505
1771896
1775519
1777178
1777672
1780167
1785444
1788449
1792030
1800237
1804621
1806163
1814232
1816228
1816754
1819086
1820522
1824635
1829459
1841696
1852113
1854880
1855006
1856891
1860987
1870172
1873045
1880040
1883468
1888444
1889635
1890064
1892776
1895793
1898074
1898804
1905050
1905378
1905996
1907455
1908924
1909994
1911316
1911892
1921779
1925272
1927245
1932846
1932875
1933276
1935232
1937178
1939551
1941115
1946221
1946740
1953117
1954715
1955534
1967404
1981462
1982232
1985383
1986505
1988027
1989542
