-1982056
-1980363
-1975155
-1973131
-1972844
-1967403
-1966501
-1962016
-1961511
-1957534
-1953876
-1952518
-1949695
-1947793
-1946728
-1943252
-1938041
-1934220
-1931907
-1930782
-1926139
-1923380
-1922598
-1920300
-1916807
-1912727
-1909276
-1903915
-1903161
-1903075
-1900633
-1899251
-1893862
-1893281
-1891270
-1890875
-1885304
-1879732
-1877631
-1873056
-1869992
-1858964
-1852510
-1850451
-1846747
-1843803
-1838911
-1837147
-1836473
-1827924
-1822268
-1820936
-1819289
-1818526
-1817921
-1816772
-1815793
-1811237
-1810264
-1803547
-1803089
-1791569
-1790816
-1788260
-1782296
-1780720
-1775996
-1766423
-1762988
-1760460
-1758683
-1757513
-1749856
-1733495
-1731321
-1718726
-1714622
-1711168
-1706048
-1704031
-1701397
-1699410
-1698090
-1696304
-1694812
-1686561
-1680423
-1678202
-1677417
-1673075
-1671220
-1670485
-1670420
-1669805
-1668619
-1667016
-1663083
-1662962
-1657232
-1654531
-1651768
-1647841
-1646071
-1639904
-1632585
-1625133
-1622371
-1616621
-1612196
-1608641
-1605077
-1599299
-1599271
-1591416
-1587052
-1580816
-1571042
-1566222
-1565911
-1561949
-1546403
-1541156
-1537496
-1531780
-1526270
-1521899
-1520715
-1520219
-1515557
-1511092
-1509837
-1509707
-1505198
-1501666
-1499786
-1499336
-1498778
-1498634
-1492424
-1491937
-1477933
-1473552
-1471668
-1467706
-1461990
-1460910
-1440451
-1436073
-1428487
-1427329
-1410884
-1404380
-1393594
-1392274
-1391473
-1386351
-1381038
-1378401
-1357348
-1355180
-1354859
-1346335
-1343992
-1340959
-1336543
-1332959
-1331647
-1328752
-1312801
-1310942
-1306535
-1304676
-1293634
-1277900
-1276305
-1273852
-1271587
-1264993
-1252379
-1250019
-1241207
-1240860
-1231702
-1227948
-1225055
-1218633
-1217259
-1212736
-1211552
-1210962
-1201202
-1200488
-1196930
-1195322
-1193648
-1193360
-1191949
-1189027
-1178484
-1175234
-1173038
-1170103
-1167268
-1158597
-1158118
-1154598
-1148094
-1144939
-1131578
-1113793
-1111660
-1110484
-1108538
-1108353
-1107770
-1103897
-1103045
-1102017
-1098581
-1094974
-1090037
-1088807
-1088356
-1085261
-1079641
-1078733
-1078451
-1077695
-1067793
-1060754
-1058327
-1052661
-1047452
-1046040
-1041505
-1038394
-1028868
-1027682
-1013802
-1008814
-1007984
-1005293
-1004967
-1002040
-998755
-994517
-991794
-986692
-985107
-970571
-968496
-968420
-967044
-965144
-964013
-962972
-959063
-953651
-953364
-938353
-937799
-936894
-935771
-929927
-929383
-925284
-922524
-922451
-916988
-915573
-904660
-901111
-894342
-891942
-888351
-882619
-871720
-867425
-860829
-860423
-860059
-859953
-857395
-856536
-854234
-853886
-851546
-850799
-850368
-850140
-845165
-841289
-840668
-833655
-829378
-809059
-808818
-805827
-795425
-795085
-791929
-787686
-787504
-787504
-787486
-786515
-784193
-776347
-768618
-760587
-760543
-758082
-755076
-749548
-745823
-741537
-738739
-735344
-734414
-731459
-727439
-723211
-720387
-720328
-718546
-717870
-714445
-711270
-710350
-709232
-706802
-706401
-704321
-703256
-700791
-695590
-690496
-687891
-679762
-679542
-679358
-674309
-672693
-672583
-670605
-669156
-654042
-651131
-646282
-643841
-639365
-638727
-628999
-623002
-613617
-613423
-604744
-604624
-590418
-589000
-586687
-584182
-582629
-580754
-579826
-575540
-565545
-553376
-549147
-548946
-546652
-545920
-529850
-521914
-519278
-512619
-508674
-508005
-505395
-502035
-501719
-500150
-495907
-490948
-485147
-484859
-480326
-475192
-474674
-470649
-470288
-469850
-469538
-469375
-467023
-464823
-463795
-462553
-461536
-461535
-459188
-454356
-452211
-442135
-440801
-437979
-436225
-430052
-428955
-427745
-425949
-414976
-409594
-404926
-396110
-393897
-393369
-393337
-389470
-389086
-384704
-380770
-375527
-373583
-371863
-369927
-366174
-357864
-357251
-357041
-355126
-347408
-338169
-334522
-323705
-323551
-321791
-317233
-317172
-314622
-314502
-312820
-312155
-310277
-307543
-300229
-300208
-298061
-293077
-290757
-286610
-283830
-275974
-271116
-267348
-260178
-258716
-258162
-257471
-247027
-240579
-239492
-237547
-231573
-231075
-221754
-214973
-214085
-208804
-208086
-203028
-201250
-194006
-190940
-190684
-183484
-180429
-179949
-172949
-170549
-167317
-163257
-161259
-160760
-156754
-153908
-152884
-151351
-144685
-142877
-128778
-127638
-126137
-123785
-121983
-121191
-112936
-106480
-104500
-100625
-92366
-86569
-86203
-85327
-82811
-76780
-75723
-75629
-70158
-70103
-67057
-59699
-59068
-38947
-35612
-34946
-29700
-25684
-18013
-12035
-10699
-9507
20332
26053
26835
29299
29554
30578
31812
32605
36901
41415
46249
57073
61002
69458
81294
81745
83376
102640
102948
105780
111649
112410
116095
116219
126472
132548
139649
148235
153395
157189
161599
164265
166942
167020
167468
179972
189159
190615
190625
192698
194092
194635
199917
200524
201849
201864
202997
207009
211361
213766
215057
215684
216965
225612
231213
236430
237494
239396
241562
242505
243484
249284
252762
255044
256331
258250
259335
262547
263376
272453
275117
275289
275294
277653
277692
280265
281848
297407
297909
298104
298219
299757
306627
307088
311788
311973
312614
313269
313893
315907
321931
331361
333999
338393
349127
370769
374199
374872
378256
383989
385236
385790
387429
400515
409291
410029
412744
416502
419900
421634
422480
422954
432549
435165
437067
438525
444863
445263
448163
450186
452142
461125
467734
472629
473346
482790
483351
490973
492820
497229
497683
511588
511972
521992
531014
533650
549733
551999
556627
557904
564073
570195
571677
573730
578670
584905
586396
586939
589377
603326
604608
611293
615084
618889
618994
619295
621972
626165
632982
635934
637923
639798
642521
642703
657408
659746
661971
664973
666999
668757
669314
691337
691624
695608
698489
700128
703375
705452
709174
710119
710988
717839
720932
721920
728489
730082
730117
732369
732542
733410
739789
741468
746009
749331
755227
756305
759834
763519
763700
768168
772285
772307
773138
776861
782827
788470
794658
795177
799807
800384
807659
811357
812218
819318
819907
820907
827977
828184
830824
838237
845960
847604
851977
866087
866573
868431
876250
886374
889017
890002
891105
907709
908803
911811
921389
924411
924597
929665
938676
945896
947386
951460
952940
954323
957283
960502
975851
978311
984990
990973
991705
1005920
1011168
1012282
1018169
1030915
1052587
1055549
1057139
1057325
1059616
1064708
1065982
1076160
1079374
1084416
1086384
1086561
1088862
1089176
1091143
1100343
1101084
1104169
1118830
1119440
1120237
1120319
1137152
1137999
1138024
1139869
1144373
1145957
1150871
1152399
1158887
1159304
1159414
1160847
1164328
1166662
1177139
1178939
1178974
1180774
1183236
1184288
1185682
1188092
1188520
1193329
1201482
1215723
1218220
1219768
1223424
1223825
1225806
1227254
1235117
1239725
1247696
1256880
1279612
1285051
1288943
1292017
1304406
1314027
1320931
1322600
1328303
1333454
1343683
1346998
1348260
1352540
1352858
1365778
1367122
1370628
1379551
1385992
1386206
1386451
1387024
1387846
1392340
1394157
1402188
1403067
1403526
1403758
1406132
1417542
1419891
1419897
1422824
1423623
1424654
1426868
1428423
1436348
1440522
1451953
1456990
1475966
1476808
1480027
1488426
1490474
1498844
1504840
1505820
1513471
1518009
1526906
1531542
1534560
1535524
1538531
1541661
1544539
1551123
1551136
1554699
1558517
1562223
1562532
1563705
1564504
1564529
1565383
1566463
1571532
1573689
1578388
1591849
1592418
1605585
1606561
1612248
1614099
1615419
1618042
1618469
1624999
1626496
1628295
1631391
1632203
1634411
1665128
1670414
1674211
1684100
1684593
1695355
1695587
1705385
1706392
1707248
1707919
1707985
1711974
1719421
1726921
1730665
1735969
1738349
1743549
1756432
1759537
1760441
1764606
1766981
1770986
1772337
1776736
1783354
1791435
1803311
1805118
1806641
1819626
1821956
1822381
1828163
1848408
1853125
1867722
1872423
1872496
1876401
1878899
1881197
1881532
1897714
1898509
1898674
1902705
1903792
1909206
1912891
1913767
1924559
1926419
1931737
1935504
1944586
1952199
1956643
1959293
1962368
1967231
1969767
1970887
1972322
1975637
1976845
1977853
1980235
1985746
1987859
1996282
1997088
1997839
