-1996747
-1996467
-1993496
-1980777
-1978452
-1959567
-1959192
-1952753
-1952635
-1944519
-1944139
-1940131
-1932556
-1931014
-1930506
-1926702
-1918521
-1917287
-1908941
-1897615
-1893840
-1886872
-1885113
-1880650
-1878162
-1876151
-1869718
-1866302
-1861810
-1861683
-1854667
-1854403
-1853629
-1852795
-1848914
-1840739
-1839139
-1833437
-1832079
-1830676
-1830445
-1828469
-1824977
-1820295
-1810064
-1805730
-1803817
-1800354
-1794312
-1790423
-1785882
-1783774
-1781896
-1780794
-1780442
-1780433
-1770885
-1769267
-1768000
-1766559
-1755374
-1752031
-1751164
-1745804
-1745053
-1741043
-1738338
-1735528
-1733495
-1732925
-1731161
-1727443
-1726554
-1724819
-1724012
-1721681
-1719758
-1712227
-1710331
-1703330
-1701949
-1696008
-1689235
-1682128
-1680174
-1676966
-1664200
-1654195
-1648935
-1646934
-1644792
-1641696
-1641329
-1640609
-1638579
-1636529
-1634792
-1629186
-1626123
-1625378
-1623688
-1618468
-1617629
-1612927
-1612690
-1602177
-1600610
-1597653
-1593814
-1590259
-1587692
-1583951
-1583333
-1577388
-1565845
-1565565
-1564873
-1557684
-1556748
-1556078
-1549055
-1541614
-1531613
-1527887
-1527167
-1526962
-1525583
-1525464
-1517155
-1513030
-1509167
-1508481
-1506735
-1502979
-1502374
-1501006
-1499018
-1492299
-1476508
-1467793
-1463096
-1463013
-1445797
-1445309
-1444196
-1441288
-1439136
-1438638
-1436295
-1435211
-1433614
-1433595
-1433101
-1430149
-1427398
-1423291
-1418933
-1408811
-1405488
-1404451
-1402986
-1397839
-1396834
-1395253
-1390900
-1385771
-1383056
-1379970
-1375373
-1359238
-1356848
-1355697
-1347282
-1338260
-1333402
-1330306
-1327449
-1324668
-1323729
-1318305
-1315441
-1313050
-1312694
-1309961
-1308783
-1307661
-1306628
-1299538
-1299011
-1294233
-1292378
-1291140
-1290407
-1290164
-1284631
-1284383
-1282643
-1274521
-1271385
-1268836
-1259173
-1252264
-1243019
-1241592
-1220170
-1217706
-1214851
-1213450
-1206809
-1204688
-1189410
-1185985
-1183984
-1173147
-1160727
-1152877
-1151979
-1150964
-1148889
-1145877
-1145873
-1143217
-1142211
-1139637
-1127592
-1125242
-1124228
-1123732
-1115608
-1115085
-1112606
-1107556
-1105994
-1105714
-1102134
-1101902
-1101647
-1094690
-1094457
-1093765
-1089357
-1083799
-1083641
-1081311
-1073372
-1071438
-1065090
-1063441
-1059864
-1040247
-1039092
-1035887
-1030533
-1029279
-1016600
-1008401
-1007574
-1003498
-998997
-995532
-994373
-988062
-984390
-983948
-981663
-980314
-976219
-976054
-973667
-970932
-968820
-964697
-960331
-960111
-959688
-950826
-934073
-932837
-926558
-921533
-921442
-921418
-920752
-911918
-908264
-907623
-905306
-904939
-904500
-887205
-885555
-883061
-882712
-879002
-873112
-871764
-869260
-862177
-859840
-858703
-857386
-855699
-852685
-849107
-841833
-841386
-840449
-838459
-832614
-828616
-828444
-817594
-815761
-802106
-793721
-790542
-786217
-772886
-759245
-759163
-758728
-755524
-751830
-751019
-742889
-739197
-738792
-736351
-734689
-730034
-728883
-716168
-716080
-706459
-701310
-683085
-679745
-676250
-675090
-671494
-670768
-670202
-663398
-659129
-658336
-657149
-656379
-654392
-653266
-641758
-640086
-633361
-630936
-630284
-623150
-622955
-619206
-618001
-615049
-612640
-606476
-601827
-600014
-599877
-595779
-595122
-590551
-586372
-581648
-580768
-576004
-575700
-573146
-566966
-563203
-561049
-554883
-547543
-543505
-535251
-529544
-527264
-520000
-505549
-504943
-497214
-495747
-494762
-485905
-481840
-475165
-467442
-463006
-459930
-458600
-456037
-454865
-450647
-444576
-443708
-433615
-430157
-428455
-425442
-422884
-422718
-419444
-418936
-416891
-416768
-415628
-412968
-408124
-394888
-389229
-386706
-386589
-385918
-379377
-376542
-375294
-368708
-365802
-361322
-360083
-358088
-352204
-351836
-346379
-345891
-343446
-342817
-339726
-337560
-337513
-335864
-335399
-334650
-333960
-326110
-323478
-310843
-308336
-306594
-306512
-302509
-295838
-293401
-290328
-281897
-276741
-276346
-272059
-268756
-267409
-266867
-264020
-261009
-259840
-259083
-248817
-239525
-226055
-213179
-211480
-208884
-201047
-200583
-183447
-181419
-175020
-174388
-173148
-166127
-158994
-158244
-151872
-148642
-142038
-140845
-138331
-132752
-128141
-126573
-122530
-117914
-117908
-112416
-110561
-94196
-94052
-89138
-88503
-86461
-79410
-77949
-65840
-60159
-57074
-55538
-54112
-52393
-51497
-50998
-47541
-46644
-26805
-26472
-23913
-18526
-12210
-8801
-6286
-4517
-4170
-2628
2352
3940
7085
22415
22943
23285
24036
27384
45013
45870
49927
53940
59620
60083
63885
65486
65760
65946
70563
75302
78465
79375
82252
86703
89643
91121
93729
95445
105850
108844
112243
119429
121846
125024
128325
131988
139736
140677
140867
144834
150630
156648
156849
160616
161715
162796
170665
170724
171612
173774
175888
176643
178418
178500
182056
184116
194062
203777
206453
206803
212035
221904
230407
238722
241309
244510
256319
257240
257994
258475
259793
260175
260571
275547
277714
277848
280264
287021
289909
296337
308143
309454
311270
316893
322770
323420
326560
348737
351090
359049
361197
361852
364512
370338
375055
382360
398595
402167
402648
403911
407074
408304
417488
417520
424224
424732
426150
432148
432560
436342
445628
450164
455180
458071
460722
460821
461210
461225
462612
464867
465729
468559
475546
477834
483677
485782
494866
508077
513785
515152
515492
517940
519741
521571
521572
524435
529842
534592
535076
536306
554488
555943
556322
558609
559820
560499
571158
571784
574568
579048
579571
580033
580214
581033
581110
586376
587213
588454
588517
593404
595888
605043
605736
609443
617887
619935
623277
629687
629730
638206
638677
639179
639892
642457
649863
654328
663774
669171
669480
672365
677523
688979
704395
710009
712542
713514
713916
713928
721556
730798
733959
738316
746007
754389
756825
761282
762291
762522
764638
765407
771965
772663
775879
776669
781375
784151
790192
791826
794297
798397
800861
802312
813400
814355
816041
817356
838769
840329
847470
850189
851985
854378
855774
860657
861284
864822
865536
868423
881772
883265
893934
908251
908765
909163
914152
915337
918392
922814
934290
941414
943338
948566
952684
952790
953137
958128
972595
972984
975394
978061
978896
981812
983079
987125
988066
994901
996294
998661
999240
1002569
1004266
1007817
1015110
1016946
1021810
1025020
1044296
1047292
1054231
1056033
1056793
1058839
1065574
1067959
1068675
1071407
1072425
1072593
1082143
1095096
1096627
1097225
1100624
1102801
1108182
1108638
1110118
1110176
1113469
1114895
1123514
1124604
1130654
1132088
1133238
1137274
1140421
1144682
1150250
1152420
1158032
1166548
1171730
1174102
1175143
1175827
1178002
1178252
1179358
1183923
1187401
1194072
1194784
1199818
1203478
1205804
1207648
1210130
1211113
1212529
1213050
1218056
1221571
1228908
1233080
1245792
1249974
1250583
1251318
1264171
1269543
1272315
1287845
1289902
1300372
1310294
1328500
1337098
1347122
1347922
1363425
1369188
1376657
1381581
1382223
1389956
1392810
1394461
1395763
1396150
1406671
1415421
1432884
1432892
1439224
1453221
1453799
1463753
1469105
1471186
1473174
1480771
1491236
1492211
1505113
1505985
1506282
1514541
1516611
1517293
1523393
1529147
1529923
1531963
1534897
1535031
1542260
1548903
1558981
1563812
1564781
1567851
1579652
1583018
1583023
1583653
1584374
1585164
1589058
1589861
1591528
1594122
1594150
1596295
1598132
1599502
1600774
1602626
1605257
1605868
1613756
1614043
1615820
1625905
1628549
1639184
1641106
1642203
1645338
1652661
1653574
1653685
1653788
1668346
1669961
1672294
1686666
1686878
1696286
1712318
1713450
1714259
1721887
1726593
1727677
1732191
1732321
1733385
1738843
1752091
1759755
1776085
1779328
1780066
1781160
1782367
1783994
1786225
1791633
1797251
1803718
1806842
1810152
1812937
1818849
1819609
1824914
1848261
1849143
1851738
1852934
1857509
1861988
1869027
1871372
1875259
1877020
1878671
1879958
1892556
1894224
1898436
1902022
1911657
1925378
1930515
1935437
1939674
1948171
1950571
1954456
1959152
1961219
1961983
1965260
1969431
1969982
1973972
1978094
1981772
1982069
1994897
1997967
1998893
