-1990853
-1990277
-1986471
-1976346
-1964052
-1963707
-1962871
-1957564
-1945605
-1943107
-1940575
-1938476
-1936422
-1936238
-1934953
-1934828
-1933658
-1927760
-1924723
-1920823
-1916683
-1908159
-1905902
-1905853
-1905543
-1903527
-1902788
-1902689
-1896309
-1886363
-1883717
-1866775
-1856412
-1856236
-1854262
-1848911
-1848849
-1840298
-1840233
-1839321
-1838094
-1835427
-1833652
-1832463
-1831093
-1829982
-1824765
-1823264
-1821623
-1821578
-1812117
-1809136
-1807661
-1804499
-1804377
-1803633
-1801600
-1801073
-1795354
-1793725
-1792512
-1783525
-1771264
-1764468
-1762032
-1761013
-1751253
-1747575
-1738169
-1735394
-1732098
-1726978
-1718558
-1715616
-1714219
-1710348
-1709974
-1708306
-1704669
-1700958
-1697427
-1692783
-1692083
-1687520
-1677737
-1677225
-1675543
-1673913
-1669279
-1666140
-1665525
-1664623
-1662422
-1660921
-1656624
-1656393
-1653579
-1652904
-1652877
-1649968
-1649678
-1646272
-1639305
-1635423
-1634814
-1623644
-1623089
-1620156
-1608829
-1608165
-1605615
-1604871
-1600068
-1597823
-1594913
-1593614
-1589085
-1584183
-1579745
-1578027
-1573168
-1571864
-1568911
-1568310
-1559083
-1554774
-1544965
-1542855
-1541972
-1541661
-1533489
-1532976
-1530444
-1523215
-1522459
-1521769
-1520937
-1517219
-1510581
-1507180
-1502675
-1495319
-1491155
-1485089
-1482403
-1476388
-1472443
-1467444
-1466776
-1461356
-1461277
-1454419
-1450122
-1447821
-1445375
-1442206
-1438052
-1420809
-1417059
-1405322
-1404165
-1402539
-1402018
-1395655
-1394734
-1394219
-1389628
-1381990
-1379160
-1378030
-1373129
-1372740
-1367299
-1356133
-1352782
-1350556
-1349422
-1348687
-1347970
-1340512
-1335893
-1318228
-1314794
-1311844
-1304168
-1302858
-1298811
-1297063
-1290546
-1290442
-1290121
-1274460
-1271941
-1267237
-1264429
-1262131
-1260621
-1258120
-1254575
-1248413
-1247341
-1244307
-1241310
-1239980
-1239107
-1238553
-1231252
-1220159
-1218260
-1209520
-1201761
-1201141
-1200468
-1198224
-1192875
-1186510
-1183116
-1183035
-1181245
-1180427
-1179141
-1176549
-1172656
-1166863
-1163054
-1160041
-1160034
-1142861
-1136657
-1135771
-1132754
-1117862
-1105161
-1101670
-1101486
-1096724
-1094219
-1092270
-1092091
-1086723
-1086580
-1072204
-1064186
-1061285
-1058939
-1057664
-1056164
-1055921
-1050283
-1037398
-1036160
-1033311
-1027515
-1026250
-1025364
-1022825
-1012639
-1011699
-1011227
-1000699
-997015
-993834
-984037
-982532
-981130
-980910
-974520
-969653
-957129
-955877
-953366
-950982
-950748
-949352
-947623
-946700
-944574
-943306
-942781
-918693
-915239
-914680
-914317
-911259
-906609
-903723
-895906
-884446
-880275
-879822
-877201
-877091
-874571
-873326
-872302
-870641
-870471
-868533
-863043
-862622
-858962
-853193
-843235
-841279
-840339
-833752
-833182
-830743
-826096
-825644
-823508
-819686
-819496
-811386
-807666
-805268
-804845
-799655
-796555
-784752
-784442
-777790
-773678
-771950
-768220
-768012
-767351
-761257
-760566
-751103
-751084
-750868
-743993
-742442
-728377
-722494
-720557
-716377
-712221
-708531
-707645
-699636
-699427
-695769
-689955
-688207
-686352
-684367
-680329
-676249
-672044
-671558
-671249
-670675
-669170
-666450
-658469
-656807
-656146
-649031
-643979
-638815
-638426
-623325
-618291
-618176
-615468
-607164
-603146
-577607
-572925
-563726
-558407
-531836
-530044
-527741
-511481
-510252
-510226
-509684
-506093
-505826
-503554
-500754
-491688
-489852
-487541
-485953
-484144
-482226
-481535
-480462
-471569
-466671
-462034
-461805
-458954
-454508
-449676
-449039
-447494
-446972
-441655
-439804
-437295
-425414
-418805
-418416
-412990
-408819
-407819
-402756
-399478
-396669
-394532
-389349
-372609
-368462
-364882
-361298
-360892
-356329
-355210
-354950
-354618
-347665
-342845
-340213
-339818
-337449
-332142
-326199
-324435
-318947
-318068
-312090
-307582
-306943
-305216
-303247
-300721
-295098
-293496
-282016
-267535
-266407
-262945
-252810
-251872
-244403
-235495
-227450
-222428
-220753
-217584
-212915
-210186
-209407
-192796
-192056
-180564
-180532
-172823
-169682
-159150
-155539
-154192
-148799
-148366
-147235
-146605
-146564
-142996
-139296
-136627
-136440
-134446
-127031
-126603
-115861
-112133
-111517
-109498
-107903
-107574
-103595
-103102
-100673
-97387
-97226
-95975
-94522
-94309
-90410
-89519
-86114
-78757
-75507
-75366
-70958
-70873
-67938
-65442
-62329
-58693
-54116
-53180
-51499
-48814
-45803
-43486
-39815
-33797
-26147
-24683
-20343
-11908
-8696
-7423
-691
2712
3167
16508
25036
33355
33903
37262
37698
38930
42075
47495
61323
61787
65540
75714
78544
85373
90267
93815
95256
100026
103568
105374
105708
106448
114243
118572
119618
121667
122181
122343
127221
135359
140984
143106
149462
149588
160305
166266
170861
179731
184429
198276
199813
202639
203118
208073
208910
212394
217903
219638
235023
237030
239108
240284
243408
247264
249928
250049
253835
261870
266289
270765
273792
278877
286520
288752
296575
297426
299777
303076
305369
327982
330296
340126
344655
344670
349624
355076
355641
369299
369457
385997
387611
388482
390992
392760
410686
414265
419389
428549
429529
430204
432445
440953
441853
444778
448290
451981
457940
459847
460715
468906
481330
482745
489682
492098
493648
496300
507454
508881
511940
515716
515732
519414
521036
521596
526025
528944
531314
535410
535435
536228
539831
540020
540936
542867
551757
557942
560811
561377
564760
569410
569924
571941
580467
582997
586689
587013
588294
594179
601354
603034
606727
608052
609730
617975
621867
622028
624990
625795
626302
627195
627790
630107
630926
639221
642387
647173
650283
660022
660819
663645
667646
668992
673961
678925
679288
680231
681122
682932
684294
693335
695418
695561
720618
721157
729092
736613
737700
740964
743048
752242
752321
766850
782335
784401
789859
794191
800591
806296
810714
815182
815470
821083
823779
824281
834038
837184
840121
845462
851949
854310
858748
867967
870223
870897
880733
888134
888439
889350
889630
890288
890707
891237
892357
892831
894432
898080
899431
900194
904687
904962
914017
925899
934179
935702
937073
939015
939835
943535
944670
950237
957759
962710
964112
966616
976390
977943
979012
980590
990015
1000632
1001512
1002841
1003999
1018171
1018716
1021039
1022092
1026646
1029685
1035112
1035401
1038052
1038671
1045482
1053705
1058916
1060545
1060877
1064355
1069981
1071294
1076006
1081690
1086403
1087828
1089831
1089838
1098875
1102307
1106194
1119033
1126903
1137123
1139927
1141182
1142393
1147148
1148815
1154524
1161297
1164058
1168479
1171604
1173115
1173682
1179964
1187310
1193280
1202113
1203235
1204874
1207169
1217536
1217660
1230549
1233751
1237788
1243084
1243265
1250369
1251841
1255019
1259644
1260470
1269995
1278001
1281589
1283130
1285355
1288300
1294792
1294846
1295144
1297831
1297884
1315967
1317326
1327443
1336884
1338025
1338319
1338915
1343318
1348548
1350285
1355873
1363944
1367122
1367991
1368085
1373479
1379234
1380283
1385352
1385898
1388636
1390519
1391317
1400117
1403615
1406308
1407401
1409087
1414662
1421552
1423436
1424576
1427541
1430798
1446899
1448105
1457403
1457859
1461368
1470804
1480999
1482433
1483265
1485877
1494479
1501922
1512150
1515767
1516803
1517304
1537710
1540439
1541777
1546204
1549410
1557964
1559807
1573377
1575547
1580094
1580182
1588002
1594062
1600526
1600813
1601342
1606955
1607531
1608374
1613093
1615667
1626758
1627513
1627517
1631658
1647555
1650068
1650081
1664915
1665900
1674452
1674882
1683690
1684559
1689348
1693353
1705124
1709099
1712270
1712467
1716082
1719051
1719591
1724295
1725194
1725517
1731574
1739538
1743620
1745285
1747619
1751816
1754498
1755917
1760629
1761451
1762071
1762622
1770229
1772468
1772951
1775938
1777961
1783169
1783603
1783644
1790692
1791129
1792099
1801425
1804503
1807448
1812346
1812855
1814409
1820251
1821203
1832623
1842701
1853264
1854443
1856844
1857988
1862579
1872244
1877316
1881417
1883399
1886329
1899106
1910466
1911052
1913916
1914306
1914381
1916365
1920242
1928991
1932076
1942021
1943611
1947097
1956221
1957644
1965702
1965702
1968560
1971300
1979097
1982081
1992294
1996097
