-1994973
-1993940
-1993514
-1993218
-1990790
-1977542
-1969036
-1962129
-1957666
-1953728
-1953644
-1951100
-1950955
-1945909
-1943556
-1938925
-1937709
-1935837
-1931458
-1928604
-1925260
-1924227
-1920923
-1916055
-1912557
-1903113
-1884328
-1879673
-1870187
-1855948
-1855562
-1851328
-1847874
-1838675
-1838485
-1837039
-1829652
-1824913
-1820789
-1810164
-1807801
-1803214
-1801134
-1800467
-1799599
-1791759
-1787848
-1777194
-1773938
-1772427
-1768227
-1766473
-1765221
-1764744
-1761600
-1759173
-1746671
-1746071
-1746058
-1736360
-1734250
-1733323
-1732842
-1731012
-1723568
-1719641
-1716061
-1714849
-1705833
-1703331
-1699674
-1698818
-1697170
-1693909
-1690385
-1686675
-1681103
-1678593
-1673062
-1670484
-1668998
-1668569
-1655056
-1654081
-1649878
-1645679
-1638281
-1630005
-1627666
-1616856
-1614951
-1609165
-1605472
-1602003
-1599505
-1596283
-1586758
-1581261
-1581113
-1578426
-1577819
-1569301
-1568672
-1554911
-1542415
-1538346
-1528006
-1524447
-1522032
-1521451
-1521230
-1517998
-1517081
-1516683
-1514587
-1500977
-1493581
-1492760
-1490440
-1487203
-1485450
-1483505
-1479657
-1467715
-1465756
-1462006
-1459519
-1458525
-1453339
-1451707
-1451022
-1450188
-1446965
-1436577
-1432859
-1432022
-1431741
-1429598
-1423180
-1415891
-1407484
-1397347
-1390841
-1389332
-1389129
-1387733
-1385663
-1381994
-1380473
-1379760
-1374640
-1374360
-1370759
-1369868
-1367591
-1358711
-1358570
-1356071
-1355172
-1348437
-1348127
-1345825
-1344058
-1341895
-1340632
-1340478
-1340159
-1339650
-1338020
-1337268
-1334736
-1332482
-1329602
-1329387
-1321070
-1316393
-1316042
-1313468
-1310773
-1306413
-1304161
-1303387
-1298267
-1295610
-1295114
-1292019
-1287538
-1287302
-1280021
-1277789
-1276103
-1275915
-1268913
-1266514
-1266288
-1265482
-1256195
-1247006
-1245851
-1238845
-1233675
-1232255
-1230886
-1226881
-1219530
-1215217
-1210084
-1209446
-1205246
-1204393
-1202114
-1200676
-1199665
-1198525
-1191470
-1189183
-1187334
-1184532
-1184012
-1182730
-1181819
-1168841
-1156940
-1156481
-1155652
-1155373
-1146082
-1140932
-1139492
-1136338
-1134734
-1129172
-1123035
-1113648
-1109773
-1109015
-1090307
-1082606
-1079185
-1077744
-1072476
-1065821
-1061600
-1061402
-1051105
-1040928
-1038819
-1035521
-1034123
-1033369
-1022309
-1016674
-1014549
-1012820
-999543
-994945
-987557
-976351
-970837
-968679
-967825
-966541
-966478
-965517
-965333
-965310
-958746
-958727
-957576
-956521
-953132
-948112
-945133
-933207
-928917
-924200
-914010
-906135
-903627
-902393
-902034
-899608
-896692
-879887
-877778
-876997
-873634
-872341
-868831
-867622
-863084
-857952
-853692
-849729
-844264
-841072
-839018
-837734
-835061
-829431
-819668
-814819
-813625
-807730
-806876
-800777
-799918
-798888
-798587
-789989
-784922
-774272
-773814
-769133
-767573
-763541
-760880
-760212
-758957
-757192
-744969
-743063
-739600
-731625
-726833
-725839
-722611
-721006
-719228
-706601
-705078
-701256
-700354
-696350
-690731
-683442
-676888
-674105
-669976
-658331
-643836
-643555
-630469
-629559
-624314
-622705
-622093
-613896
-611320
-602198
-596622
-594969
-580295
-578369
-575314
-573432
-568450
-566499
-562450
-558838
-558386
-557591
-553740
-553061
-546834
-546410
-541497
-539116
-537203
-534361
-523463
-520896
-508194
-506877
-506022
-492277
-487152
-477166
-474464
-474431
-473562
-465212
-462953
-459186
-452465
-448827
-444203
-441453
-435660
-434672
-433860
-429852
-420849
-418082
-416973
-415709
-414998
-410163
-409794
-408855
-402039
-401087
-383973
-376366
-368475
-365449
-359183
-355495
-347971
-347236
-342329
-342235
-340631
-338522
-332361
-319702
-315323
-305016
-303585
-303242
-300138
-298613
-292691
-289261
-287410
-286673
-285232
-283654
-282678
-279181
-275085
-263591
-263370
-261742
-261410
-261056
-260097
-250734
-248196
-242197
-238645
-236223
-233654
-229006
-210148
-207342
-207226
-202806
-201079
-186014
-181543
-170094
-169769
-168360
-160601
-156888
-153329
-151153
-145461
-142710
-142494
-140641
-140354
-140263
-132820
-132518
-129155
-128222
-127106
-124782
-118899
-116900
-115642
-115546
-112764
-111561
-108581
-98255
-97816
-88512
-86331
-86327
-84778
-80250
-78804
-78230
-77472
-64781
-63528
-63497
-62001
-60896
-60086
-58448
-57483
-37416
-37123
-28555
-26481
-24482
-23375
-14887
-8029
-5830
-4166
-2024
13660
19236
22315
24604
28025
33713
34864
34893
45052
45546
48836
59670
62184
64242
85272
88037
88849
91078
91872
96664
102055
113815
113872
117228
124109
129150
133575
134383
135867
137130
138212
139867
145400
150408
171345
172587
174378
182841
192733
194418
196838
196849
200001
204549
206668
208055
212998
217614
218026
219180
226528
230353
234137
249339
255101
259091
260255
265970
270342
273545
277429
278505
282145
285538
291645
295141
295226
298046
299726
307725
308614
309409
310827
315534
317898
318349
320470
325393
328568
330432
330867
335098
337923
343937
349296
349884
351603
358272
359481
362035
362959
363370
364326
365101
367056
369528
369560
371184
374291
380939
384558
389082
389282
394135
395264
396416
402088
408693
409614
412256
412473
416963
438911
449242
452420
455558
457735
459217
470166
470664
472347
472781
474226
479572
501066
504540
504819
517883
518166
523590
526605
530142
530227
533292
556068
558724
565691
573803
573970
578922
579297
579910
582551
584677
588477
592826
597508
602021
604756
605635
611540
612574
613189
614356
614803
619882
622118
626769
631254
633020
636432
638107
644660
648579
652104
657441
660420
660905
663570
674479
678584
679362
679507
684192
684497
684666
692184
700108
701022
708240
710419
710767
715948
719432
725068
725197
727759
732767
733033
735676
737846
742427
743292
750487
758304
772689
775282
777106
777743
787203
798375
801624
806950
811721
814347
817543
822810
823913
824333
828549
828963
830031
830525
832873
837009
841217
841990
845248
847044
850293
854508
855020
858897
862964
865771
874923
875816
880838
883965
884683
888013
889272
893490
894785
898326
898426
908776
911884
917813
918831
928515
931071
939597
940571
943730
946740
946874
954905
957298
960046
961312
961897
966768
976724
977287
977483
981380
989447
997683
1001395
1004137
1010070
1010693
1017623
1021160
1021816
1025385
1040510
1048724
1053817
1056302
1056826
1059796
1070333
1074515
1079680
1083684
1086943
1089177
1089983
1090769
1095722
1096864
1105595
1108851
1110140
1110989
1115249
1122939
1127172
1143417
1147448
1149420
1155028
1167319
1175701
1176463
1183874
1194015
1196923
1198845
1199883
1200120
1200736
1200894
1201824
1207581
1209318
1215526
1222800
1226510
1227670
1229008
1234859
1238138
1240554
1249269
1254609
1255741
1260939
1262434
1263739
1267270
1272384
1276846
1277307
1285172
1285984
1290670
1296656
1302953
1305020
1306390
1308295
1313115
1315811
1316084
1316788
1317159
1320840
1325193
1329204
1332200
1340743
1356593
1356618
1361791
1363265
1364734
1365657
1369955
1377291
1380064
1382072
1388168
1395429
1397468
1403713
1404120
1409691
1413202
1414306
1422562
1422593
1429894
1443094
1446355
1446424
1446892
1452261
1454099
1487517
1489152
1494825
1504543
1506474
1510963
1525138
1530946
1538949
1542435
1545730
1548160
1549850
1552755
1554674
1557855
1558441
1566111
1567994
1571506
1575390
1578388
1578496
1580824
1584313
1593470
1598254
1602307
1606928
1612402
1614370
1615421
1621470
1623014
1626608
1631433
1632878
1643051
1643606
1660455
1664693
1670707
1673975
1676433
1676805
1677690
1678161
1684215
1687381
1691328
1697699
1699745
1703260
1710082
1714662
1715585
1726908
1730788
1731697
1735470
1737495
1742369
1743554
1744008
1744341
1747306
1751267
1752255
1761332
1765662
1770915
1776621
1777663
1786195
1788772
1790376
1791581
1797823
1800471
1802300
1804346
1809022
1812754
1825895
1826001
1832006
1832346
1852950
1854623
1856772
1860795
1873377
1875999
1876576
1881349
1882807
1885844
1887272
1895172
1896380
1900319
1900539
1901524
1907548
1919130
1920777
1922459
1924258
1928590
1929375
1934656
1943436
1945722
1945867
1958201
1962523
1963058
1963731
1963803
1973814
1987240
1987679
1990228
