-1992634
-1987481
-1983191
-1975902
-1974358
-1970018
-1961304
-1959840
-1959723
-1952165
-1950281
-1948363
-1948086
-1946462
-1942700
-1942138
-1939518
-1934647
-1931776
-1931713
-1928341
-1922903
-1921788
-1916027
-1913416
-1911903
-1899697
-1893494
-1892467
-1890994
-1885894
-1872686
-1872364
-1864746
-1864049
-1863854
-1861080
-1855445
-1854089
-1851466
-1843305
-1841124
-1838827
-1829338
-1827336
-1825750
-1822210
-1817343
-1814655
-1810338
-1799858
-1794970
-1794068
-1792869
-1790590
-1786780
-1786297
-1779888
-1776148
-1766669
-1765987
-1763353
-1763045
-1753141
-1737697
-1736594
-1734979
-1732230
-1722347
-1713138
-1709487
-1698356
-1698004
-1696429
-1691022
-1686998
-1685958
-1682219
-1679448
-1673935
-1673516
-1671541
-1661631
-1654650
-1640481
-1638565
-1637574
-1632756
-1630520
-1627120
-1610433
-1605017
-1603364
-1601477
-1600385
-1600291
-1600267
-1599419
-1598512
-1591940
-1589496
-1587116
-1579396
-1577062
-1576041
-1575918
-1574031
-1561064
-1547243
-1546698
-1542714
-1538791
-1520555
-1520553
-1516644
-1512026
-1511067
-1506572
-1505824
-1504334
-1502415
-1501172
-1500507
-1497056
-1495821
-1493938
-1485209
-1484820
-1483533
-1481156
-1480886
-1470787
-1468739
-1466624
-1464308
-1463427
-1457049
-1454605
-1452428
-1447078
-1446769
-1437739
-1437684
-1437538
-1425288
-1424611
-1422529
-1422119
-1407001
-1406834
-1397584
-1392823
-1392028
-1391977
-1386545
-1386406
-1385803
-1374664
-1371107
-1367845
-1366184
-1366170
-1364221
-1340885
-1336795
-1331181
-1324992
-1320170
-1302829
-1299821
-1299186
-1298732
-1298667
-1296769
-1296710
-1294559
-1293781
-1289335
-1289199
-1287173
-1283413
-1279677
-1277422
-1276708
-1270600
-1270341
-1252296
-1244875
-1243555
-1240144
-1237310
-1237274
-1235910
-1232967
-1230604
-1230444
-1222437
-1217957
-1215190
-1205712
-1204645
-1202934
-1200544
-1200219
-1200040
-1196913
-1193019
-1187097
-1185889
-1176690
-1175654
-1169029
-1166933
-1166674
-1166431
-1162969
-1155554
-1150482
-1148039
-1145794
-1139939
-1138003
-1132660
-1119670
-1109060
-1108899
-1096014
-1094881
-1093557
-1088737
-1086966
-1080426
-1080180
-1078856
-1075815
-1073618
-1073127
-1072325
-1063360
-1058951
-1058470
-1056383
-1049200
-1046890
-1040641
-1035640
-1033161
-1030791
-1028936
-1028620
-1027210
-1026508
-1024494
-1015700
-1015571
-1014074
-1009960
-1008049
-999501
-997223
-989054
-987396
-984504
-976412
-975490
-974897
-969365
-965419
-959783
-954674
-952505
-939022
-930420
-917057
-905942
-898004
-891873
-890078
-889866
-888118
-884048
-872336
-871662
-867909
-867047
-863596
-857911
-854985
-843428
-842120
-839639
-825731
-825430
-822627
-822573
-815564
-810876
-810183
-809778
-805498
-805025
-802847
-802216
-800757
-797265
-794526
-775869
-772392
-771820
-771022
-768558
-765220
-761360
-753429
-750716
-745555
-737443
-729887
-724720
-720499
-719757
-716144
-715282
-715234
-714889
-713271
-707666
-707125
-706914
-704938
-692771
-691074
-691031
-688575
-688160
-687156
-678659
-671844
-668821
-665178
-665104
-662217
-661578
-654300
-652168
-648172
-647351
-645302
-637778
-637087
-635375
-632616
-631142
-620101
-618742
-613612
-610372
-596899
-594687
-594543
-589441
-581796
-580695
-579910
-577184
-574915
-573513
-568395
-565683
-561518
-555935
-554202
-543603
-532679
-532148
-527020
-523161
-520963
-501581
-497354
-491198
-489699
-486782
-484329
-481775
-479032
-477640
-475661
-472020
-470525
-469289
-462736
-460093
-459443
-455666
-449209
-441960
-438718
-436865
-424535
-417534
-407307
-399987
-396290
-393243
-387862
-386175
-384503
-378718
-377341
-373910
-373633
-368898
-367209
-357846
-356495
-354088
-351276
-344364
-343816
-339575
-336003
-335639
-334561
-332139
-325643
-324771
-318122
-314576
-309480
-309406
-307757
-299352
-295739
-295734
-282508
-282140
-280691
-280628
-273074
-263023
-260496
-257011
-244925
-243951
-243478
-242224
-232688
-223538
-222911
-219029
-218690
-213697
-212871
-212469
-211416
-209392
-206821
-204529
-201476
-201057
-199920
-188576
-183971
-179638
-177904
-173235
-172611
-166305
-164946
-160629
-151630
-150134
-149673
-149009
-148333
-147961
-146289
-144182
-143318
-139008
-136495
-130954
-127269
-121082
-120595
-120547
-117169
-115841
-114301
-109730
-108443
-108163
-106560
-106532
-104953
-91130
-83863
-80334
-79320
-76571
-64591
-52330
-51627
-36503
-34688
-28876
-28214
-26191
-24413
-20996
-20873
-15754
-15727
-13505
-12420
-11766
-8671
-2829
-1821
52
668
10769
12487
13488
15588
27565
27974
28484
30472
35460
40656
41901
42604
47343
50194
56139
56240
57332
59730
60466
74018
77009
78873
93371
93411
100375
103365
105272
105509
113467
113475
113718
119178
120880
121448
127902
140317
140383
145938
146824
150953
154358
159494
160853
161166
164022
172204
176065
176185
184452
190451
194494
196093
198708
199390
199905
206076
222113
233095
237582
240614
241928
248756
260662
261362
264700
268731
270158
280422
281237
284644
294292
298901
304899
306014
312306
321390
335947
341311
343361
350002
350115
350725
352752
361527
366888
370062
371927
381635
381930
388932
390707
399001
399527
400090
408235
411507
418362
420412
422008
425355
430062
431251
434646
439683
451290
451532
454137
459409
459617
459782
461480
463621
468793
471577
472615
476361
481059
484427
490134
491740
493381
493668
498852
510614
515840
525220
527652
530758
533114
533980
550448
551506
554728
554885
556225
557331
561524
564389
564643
568583
571264
574413
575675
578719
579017
584305
589278
590181
598286
601075
605990
606031
607241
609988
611121
612534
617923
618496
619276
622114
626516
632469
638866
646515
649823
655187
655639
686639
687171
691631
699021
703880
716270
717420
717952
717975
724870
734409
739316
740222
744111
744236
744752
754575
757116
757286
761723
762427
769152
769253
774557
775105
775971
776881
778592
782029
782272
788187
799515
800574
803044
805754
830119
830584
831634
836726
849204
850054
850644
861315
878211
882734
889685
890761
890845
893219
893692
904429
911944
917292
918214
925893
928090
928405
932139
934964
941951
943296
946628
947582
951465
955281
960447
967856
968595
975701
976577
984551
989446
996142
999131
1000620
1002435
1004416
1011204
1015117
1032270
1032711
1036189
1039125
1048044
1066974
1067902
1071847
1071886
1075205
1078592
1085571
1089397
1095579
1097623
1098012
1111397
1115368
1129255
1129735
1134174
1135295
1154452
1155510
1158395
1159509
1161950
1164512
1166297
1166828
1169276
1170064
1176283
1180881
1193776
1201747
1202552
1202857
1204844
1212110
1216775
1217581
1219440
1220140
1228273
1233632
1234529
1236704
1237461
1238763
1242086
1245917
1247202
1247417
1250914
1257208
1261429
1262289
1264944
1267197
1272767
1275492
1277517
1285130
1289742
1290335
1291931
1292323
1296566
1310468
1323801
1324332
1326555
1327404
1338212
1339303
1348107
1349704
1356982
1357809
1362159
1366721
1368663
1370147
1379044
1383564
1392574
1399200
1411436
1415455
1421816
1426587
1432707
1439096
1446555
1447811
1463317
1465774
1467933
1468953
1469287
1479215
1482723
1483598
1485635
1489910
1490336
1507803
1511400
1514118
1514174
1514590
1518841
1526421
1527646
1528918
1530194
1530689
1531636
1533973
1553406
1561462
1566165
1566378
1573333
1578266
1579393
1584495
1589450
1589830
1589927
1595442
1595524
1602345
1613314
1616678
1622126
1623642
1627678
1628592
1630062
1635326
1636669
1639716
1640180
1646153
1647420
1648768
1650226
1653583
1660460
1661161
1666794
1671759
1671974
1680467
1682873
1684492
1691035
1692059
1693504
1697886
1700905
1702289
1707529
1708983
1713016
1714033
1714155
1714705
1714715
1715884
1716085
1718168
1726369
1726906
1727165
1732031
1735358
1741619
1756451
1756493
1756539
1756720
1773733
1779908
1790113
1791640
1799537
1803572
1810141
1817106
1819288
1821624
1825388
1825428
1826417
1832679
1833677
1835603
1855315
1860107
1870579
1881152
1883611
1889949
1890795
1891527
1893714
1898634
1900709
1902624
1910426
1910464
1914056
1919447
1924789
1925320
1925525
1925990
1926783
1928187
1928932
1929239
1929447
1935220
1945303
1946621
1965269
1970174
1981346
1997360
