-1992067
-1986904
-1978882
-1974215
-1974122
-1968647
-1960821
-1960774
-1957919
-1941231
-1927849
-1923508
-1921548
-1916933
-1912497
-1911087
-1909401
-1907810
-1902754
-1898355
-1898066
-1896218
-1888869
-1888425
-1885785
-1877891
-1874228
-1866422
-1860152
-1845631
-1844020
-1834994
-1827226
-1827159
-1810901
-1809793
-1807408
-1804099
-1802903
-1802695
-1797500
-1785842
-1781030
-1776857
-1773550
-1771723
-1756261
-1751196
-1749582
-1747456
-1728639
-1723642
-1720629
-1719155
-1713639
-1713021
-1706337
-1705786
-1705070
-1704932
-1697192
-1691973
-1688761
-1679702
-1678609
-1672768
-1671887
-1669944
-1667681
-1658436
-1657617
-1657311
-1655340
-1652961
-1650775
-1649220
-1649217
-1644629
-1643845
-1642297
-1639466
-1634875
-1633738
-1623963
-1620251
-1616684
-1614482
-1606494
-1603735
-1600135
-1585763
-1584789
-1584675
-1580458
-1580252
-1579482
-1577836
-1567588
-1566825
-1556882
-1551741
-1550237
-1543444
-1533388
-1531838
-1522145
-1516785
-1512118
-1511653
-1510816
-1510156
-1508517
-1500047
-1499290
-1498105
-1497972
-1496673
-1495678
-1494429
-1489907
-1486648
-1482818
-1478625
-1476248
-1472539
-1465838
-1465195
-1464541
-1464459
-1458877
-1458675
-1453438
-1446951
-1440728
-1439857
-1439840
-1439239
-1436261
-1429161
-1424340
-1422175
-1421283
-1419903
-1414886
-1413944
-1411949
-1407135
-1393965
-1389805
-1389730
-1388266
-1386105
-1382934
-1374151
-1365994
-1365279
-1355609
-1354310
-1347061
-1341557
-1336696
-1333722
-1331450
-1328492
-1323138
-1322378
-1316012
-1315759
-1305883
-1305231
-1302537
-1295116
-1294687
-1294370
-1293295
-1292849
-1288854
-1270835
-1263394
-1258684
-1250374
-1248215
-1239889
-1226462
-1225430
-1212931
-1212906
-1210589
-1208489
-1183821
-1180470
-1173318
-1170730
-1170191
-1168042
-1167109
-1143938
-1139459
-1138738
-1123333
-1121027
-1120636
-1120505
-1120267
-1116074
-1114483
-1114303
-1103695
-1103171
-1101952
-1100591
-1099657
-1096791
-1095487
-1089126
-1086445
-1079849
-1074917
-1073653
-1068986
-1067924
-1064323
-1061230
-1058281
-1058252
-1045228
-1044000
-1043475
-1043310
-1038925
-1036236
-1035756
-1032013
-1031473
-1028380
-1020265
-1016782
-1007609
-1002593
-1002054
-993962
-993884
-986795
-983978
-971090
-962624
-944172
-942469
-941385
-935514
-935139
-933364
-928330
-922095
-918574
-917567
-913100
-911554
-903742
-898536
-885976
-883486
-882574
-869921
-867222
-866842
-859914
-856741
-854320
-842146
-842058
-840746
-839489
-838303
-838052
-834319
-821989
-812403
-812400
-810682
-810673
-798145
-795359
-794415
-793644
-793294
-792975
-789328
-786435
-781356
-781286
-780169
-778280
-776176
-775263
-769624
-766931
-765730
-757753
-756566
-752444
-745993
-743068
-742726
-729991
-726529
-719245
-711491
-711046
-709471
-709153
-708851
-700278
-699868
-690535
-685455
-678380
-668297
-664471
-652775
-648662
-645170
-638094
-632273
-627196
-621225
-621163
-619192
-613309
-608988
-607945
-602942
-602730
-596998
-595313
-589052
-587709
-584234
-567238
-563753
-560467
-555749
-549681
-538476
-530909
-529213
-529165
-526926
-522918
-520089
-519207
-518322
-513400
-500765
-500026
-499800
-496954
-484594
-475035
-474295
-463145
-457863
-446861
-434411
-430583
-427765
-425177
-417092
-410513
-406496
-404236
-403781
-400953
-398131
-397879
-397095
-393638
-384010
-382098
-381707
-381217
-380624
-379705
-377625
-371968
-369627
-366564
-359311
-355718
-353874
-351131
-348797
-344567
-344204
-343642
-342484
-337030
-335466
-334695
-333038
-332133
-328772
-322656
-318867
-315668
-310066
-300487
-300323
-299342
-295798
-289326
-286570
-282992
-280676
-275647
-274719
-273761
-270706
-269267
-263447
-260207
-257772
-246165
-243627
-238984
-233057
-229127
-228055
-223832
-221926
-220798
-203532
-200879
-197249
-194335
-185536
-184143
-175629
-173196
-161952
-154599
-153354
-152776
-151060
-150548
-149090
-148735
-142948
-141259
-135398
-133453
-131066
-119653
-119249
-114069
-109462
-91138
-87978
-84860
-84790
-83534
-76566
-68336
-67040
-65813
-57935
-57810
-56019
-52185
-50649
-50286
-48226
-46536
-40484
-39955
-39675
-36794
-34745
-22230
-19714
-13979
-7862
-5951
3173
6478
9530
11382
20009
21133
21455
21936
22189
24644
29398
31726
38001
40383
40915
49509
54531
55071
56124
57088
57338
61947
62368
65717
65845
65888
66606
69923
71235
71800
72082
72244
77866
80252
80356
84196
96930
98124
103218
106153
110616
111797
118783
120686
125229
126956
128587
135070
135393
136553
139313
142882
145486
158894
158973
162224
168848
182606
183533
196009
201728
208239
209018
209607
212200
213078
216058
223119
223719
224527
225318
226119
226818
227096
230385
232338
232887
238213
239568
242989
255663
260693
260946
265143
266679
276735
279304
280847
285789
297650
299783
300780
308807
317384
318800
319666
320755
323212
324866
327994
329968
337208
347675
348758
349473
350119
351519
356046
364053
364139
369040
369494
373455
376354
377183
388108
399690
399793
402451
402797
408798
410106
419215
419418
421915
422793
424377
427748
432393
434053
442280
443790
446217
454873
457356
457778
461527
474299
474782
481336
487545
488217
488484
501906
509411
511938
515610
516479
526779
529630
530908
531737
532884
535671
549005
553484
566255
569636
574409
578960
579325
586205
589054
605499
613907
614636
618135
618196
630594
638778
640366
646055
646462
653010
657373
657897
660772
662097
665885
666562
672776
674414
679465
684047
684302
684951
689032
690235
700055
708165
709076
711444
712894
716072
719163
719283
719882
721087
732424
738167
738873
745228
746354
746724
749635
750909
751520
754689
755510
764464
765334
765386
769822
772853
777247
790981
800555
800965
801975
805550
811154
818025
819851
821240
825997
826487
835017
838204
839795
841181
852719
862050
865939
870586
873344
873533
875979
879560
884590
889158
894630
895102
898280
905963
909384
917342
922584
924572
934190
938580
939957
940525
942056
944705
947329
949359
951528
953166
955200
956926
962957
969716
975859
976358
976902
978848
981800
982379
982861
992678
1000561
1001929
1003493
1003807
1010349
1021905
1022897
1023345
1024171
1028969
1033131
1033500
1041756
1044142
1044820
1045247
1045744
1048187
1056467
1061010
1061078
1071316
1073503
1080499
1085399
1085536
1091950
1095622
1103027
1104526
1113299
1121300
1121316
1123519
1125071
1126174
1127898
1128752
1129619
1132060
1134482
1135050
1135104
1135186
1145499
1148372
1156366
1158826
1167840
1170375
1177142
1179145
1183494
1185271
1189149
1195458
1198930
1205631
1219452
1229018
1234779
1240376
1245575
1248453
1251622
1255209
1257475
1258561
1285145
1286271
1287874
1290594
1291684
1292705
1293962
1294616
1300978
1306331
1308051
1308950
1311030
1314331
1315478
1317937
1325441
1331917
1338834
1340700
1353682
1354640
1358235
1365208
1365453
1370851
1371100
1378222
1381394
1392891
1393577
1394233
1395516
1400785
1403546
1403890
1403898
1407526
1410415
1413799
1414576
1423768
1424539
1428017
1432165
1432317
1435264
1435773
1443468
1453504
1453990
1456550
1456810
1457267
1469931
1470888
1475882
1476969
1482249
1484680
1497060
1498852
1501600
1507985
1513445
1521448
1521989
1527367
1531203
1539132
1541641
1542803
1546130
1546816
1546900
1547941
1553322
1555708
1564621
1568596
1578388
1578565
1581796
1583404
1589190
1592204
1593374
1607735
1608915
1610495
1619939
1620118
1630799
1640756
1641766
1651623
1655676
1668071
1671582
1674975
1680499
1682774
1684578
1688539
1691402
1696388
1702169
1707837
1708275
1712350
1714815
1717333
1718240
1736862
1736995
1738762
1746602
1753405
1756049
1757882
1758235
1773702
1780073
1783936
1786102
1786363
1793916
1799352
1806352
1807832
1809353
1813508
1814544
1818562
1826711
1831643
1832571
1837559
1838886
1840527
1841357
1844357
1850635
1851026
1852861
1864867
1865626
1865796
1866320
1866966
1876419
1878603
1882399
1883669
1883810
1886885
1887219
1887958
1890519
1902868
1906669
1915003
1915469
1915573
1916822
1927751
1928956
1936688
1938660
1947925
1954447
1957977
1959954
1964118
1972492
1977222
1979672
1980651
1984835
