-1999459
-1999055
-1996035
-1994400
-1992041
-1984126
-1984026
-1976002
-1963311
-1962251
-1960204
-1959445
-1955331
-1950909
-1949051
-1947001
-1944477
-1944454
-1942287
-1942062
-1936802
-1935438
-1928155
-1917258
-1908121
-1896939
-1893080
-1893072
-1892239
-1890326
-1890035
-1886876
-1877234
-1875325
-1875171
-1874686
-1867807
-1867423
-1864475
-1859914
-1859262
-1858007
-1854779
-1852369
-1849072
-1845571
-1835957
-1830652
-1824393
-1822954
-1821452
-1818892
-1807807
-1807483
-1806923
-1806570
-1802216
-1802213
-1801716
-1790668
-1790395
-1786734
-1785149
-1780875
-1772461
-1765874
-1764611
-1763972
-1759828
-1757127
-1751746
-1732634
-1730582
-1724093
-1722477
-1721558
-1711613
-1698024
-1675987
-1675429
-1667846
-1667175
-1663650
-1658961
-1654161
-1650180
-1647881
-1627343
-1625181
-1620011
-1618148
-1617836
-1616983
-1615004
-1613762
-1612922
-1610813
-1609200
-1605950
-1605628
-1602431
-1600880
-1599754
-1599736
-1595707
-1592968
-1590402
-1588654
-1586374
-1572011
-1568608
-1567596
-1555389
-1553177
-1552842
-1551872
-1543376
-1542886
-1540157
-1534503
-1530046
-1529604
-1527149
-1519825
-1512210
-1503993
-1502663
-1494767
-1491224
-1488654
-1488447
-1488392
-1487402
-1487051
-1484870
-1483918
-1483656
-1476292
-1467233
-1459085
-1458912
-1456884
-1437419
-1434529
-1429143
-1426493
-1426473
-1422894
-1410048
-1405498
-1405406
-1402098
-1401596
-1397069
-1388844
-1386677
-1383249
-1368401
-1363463
-1361283
-1360105
-1357867
-1357361
-1355421
-1345710
-1343987
-1338826
-1337549
-1335380
-1335058
-1332277
-1329337
-1327225
-1322316
-1319581
-1318137
-1316414
-1313038
-1308622
-1306424
-1305945
-1305139
-1302064
-1300956
-1299863
-1296842
-1282558
-1279246
-1276288
-1273814
-1269094
-1268845
-1267562
-1264077
-1257724
-1256337
-1252130
-1248850
-1246524
-1245210
-1243034
-1242396
-1240985
-1239786
-1225316
-1217433
-1211554
-1192620
-1190630
-1188594
-1187489
-1184986
-1184463
-1180181
-1161761
-1158067
-1157697
-1155461
-1146134
-1141904
-1139363
-1138246
-1138198
-1136991
-1134812
-1133221
-1126995
-1126978
-1124296
-1121675
-1104872
-1096333
-1096147
-1093317
-1093314
-1092719
-1081173
-1069914
-1069832
-1068186
-1066126
-1063058
-1056989
-1055048
-1047478
-1047300
-1047014
-1034390
-1029419
-1027052
-1026300
-1026032
-1019255
-1013043
-1010904
-1009084
-1007683
-1000193
-992993
-991107
-987186
-982887
-978777
-977564
-971998
-965122
-965099
-961770
-961647
-953152
-951673
-947705
-944619
-931279
-931015
-927229
-925583
-924430
-923613
-916150
-905725
-898820
-895138
-894359
-884812
-881423
-879170
-875174
-874161
-868896
-868493
-861530
-855496
-849479
-848845
-845500
-842728
-837132
-829719
-827616
-811714
-811469
-808303
-807465
-801763
-797595
-796841
-792957
-785919
-781456
-772888
-768554
-753692
-752787
-747955
-741844
-741538
-741145
-741045
-732081
-730412
-729804
-728148
-726283
-722176
-714691
-714155
-704360
-702017
-700529
-698326
-695176
-694008
-682054
-681698
-676968
-667346
-665177
-656801
-652692
-651477
-650440
-644770
-642749
-640082
-639430
-637264
-630285
-625988
-619373
-607216
-600185
-593025
-591784
-586414
-586060
-585333
-583672
-581031
-580437
-575563
-566702
-566449
-565785
-563369
-557785
-554802
-554589
-554377
-550435
-546895
-542656
-538923
-538107
-537167
-531087
-523406
-522882
-521737
-521110
-517471
-516310
-512362
-510498
-509883
-507869
-504135
-502849
-500977
-499331
-490550
-480946
-479676
-474838
-471204
-469977
-468275
-464799
-461448
-458434
-449192
-444138
-440296
-432795
-427582
-417472
-416446
-413769
-407380
-403915
-400214
-393160
-392641
-384327
-382716
-369832
-365789
-365075
-355864
-352191
-350576
-345568
-343607
-331444
-327892
-320324
-314514
-311678
-309726
-309354
-306318
-304820
-303431
-302760
-296102
-286844
-275693
-272002
-269000
-266572
-261167
-260640
-257341
-254998
-254270
-249558
-245865
-242912
-242429
-236542
-235440
-232365
-221953
-213767
-213632
-213166
-212982
-210298
-207977
-191776
-188510
-188257
-182653
-167828
-167107
-165149
-160240
-157271
-147147
-143025
-140868
-140680
-139523
-136506
-136200
-125694
-123059
-119696
-117251
-113926
-111075
-110258
-108382
-106626
-104467
-98262
-95668
-95074
-94571
-92173
-90965
-90207
-80335
-77228
-73589
-67676
-61050
-55083
-54469
-53842
-53729
-51675
-51646
-46753
-39468
-34554
-34327
-28689
-27555
-26520
-25711
-16001
-15314
-8691
-2767
1633
2104
2798
4876
12404
14402
19376
22448
25782
28303
32609
32880
35231
35466
36076
37549
37706
38644
42449
42656
49420
49560
50832
62186
71273
71984
74292
79553
84426
85125
89296
91598
93099
99802
104088
111575
117850
121566
122650
123278
124798
130052
134663
137059
143155
145108
155547
156991
159047
161674
162559
168954
169702
171846
179783
180163
180248
190203
192556
196145
207780
211097
219478
220256
221388
226216
227442
227817
236230
242172
244181
247759
251369
253385
253854
256569
260217
260415
271233
272141
273719
278808
278826
281317
303765
305067
319990
325575
326354
329323
331937
336012
346523
349031
358688
359683
360471
365158
366726
368031
369534
370821
376132
376774
385259
387904
388748
392710
395663
400743
401889
406790
412419
416981
419064
444953
447754
451269
452110
457774
468038
469603
477178
479242
480958
485208
486876
486930
501832
502612
505273
517623
521278
526233
527631
531526
549046
550268
550835
554666
555231
556104
558736
562951
568836
580130
586121
591036
593151
594463
602127
603103
606753
613408
621309
623171
625825
635086
637941
651698
676141
681125
688003
691015
691211
695002
700659
701242
702985
714951
715126
717062
719693
725276
730003
731978
748234
752622
761018
762374
778096
788429
791113
791204
806783
807757
809513
812384
817208
819739
820088
821747
830910
835565
839361
842966
851563
867985
870969
871851
876171
893410
901273
906719
908515
910258
910563
914695
916052
918179
918292
920089
922413
923704
926001
927356
928407
934867
937193
941009
944395
950638
955465
960241
963248
969152
974476
980779
981464
984256
988503
993104
996087
1002632
1004132
1010711
1015686
1018740
1022944
1030603
1042874
1046604
1046989
1047211
1056137
1056755
1065598
1066019
1066146
1071475
1077011
1077591
1079642
1083614
1088982
1090014
1093617
1096450
1100924
1103359
1103715
1105203
1108801
1108801
1113906
1115251
1125342
1125899
1127467
1130763
1133570
1136521
1139745
1140156
1142602
1144203
1151948
1157459
1157620
1159840
1170860
1177574
1180954
1181017
1184483
1187335
1196117
1201579
1203399
1203910
1209566
1218266
1219788
1225696
1228791
1230729
1232444
1246262
1246803
1254698
1260998
1263151
1268564
1269825
1284903
1290853
1293297
1293738
1301141
1302952
1316193
1317266
1317492
1317979
1323169
1323568
1326516
1331608
1332842
1336273
1336411
1338387
1343602
1351164
1352548
1358174
1362860
1362988
1367539
1373441
1374309
1378681
1380625
1384618
1385646
1392047
1394576
1401632
1403414
1403453
1403847
1405247
1410602
1413112
1414102
1417281
1419285
1426864
1429495
1429802
1430765
1431186
1433471
1433758
1437063
1443392
1449930
1451198
1456079
1458174
1459937
1467134
1468450
1472502
1473110
1486629
1492141
1498713
1501285
1514464
1515948
1519272
1520845
1524122
1527345
1543316
1546913
1547102
1548340
1550496
1554888
1555991
1561174
1561226
1561770
1563714
1568038
1570151
1573333
1575428
1576623
1577313
1578030
1578139
1579026
1579510
1585783
1591885
1595671
1607202
1618333
1627677
1628877
1644974
1646037
1651201
1656179
1665545
1666085
1671209
1675818
1676067
1678784
1679419
1683298
1687306
1688130
1693677
1693913
1694684
1700671
1705623
1721737
1726596
1728519
1733746
1736740
1740071
1745592
1750514
1750709
1752208
1758662
1760773
1764886
1766906
1774287
1778788
1781073
1781555
1785775
1787557
1787847
1790345
1791302
1798768
1808564
1810570
1816369
1816374
1825123
1829769
1835278
1843655
1846701
1851214
1862220
1863965
1875401
1875930
1882133
1883277
1889033
1911335
1915781
1917707
1928946
1930493
1934121
1936272
1936563
1937127
1939472
1958119
1963568
1964964
1972347
1974323
1977409
1978662
1980875
1987534
1990811
1994644
1998746
