-1997716
-1996175
-1988297
-1985107
-1983256
-1975288
-1962277
-1961690
-1939329
-1936590
-1935924
-1933792
-1926464
-1924842
-1922471
-1918797
-1912658
-1910636
-1910068
-1897869
-1897692
-1890256
-1888439
-1882267
-1880344
-1877739
-1869691
-1868683
-1863946
-1863221
-1862422
-1845403
-1844900
-1844529
-1843741
-1843669
-1838940
-1830957
-1829675
-1827699
-1823005
-1817313
-1811874
-1809895
-1801123
-1796549
-1784176
-1783978
-1777265
-1772931
-1769954
-1760743
-1756529
-1752652
-1749568
-1743507
-1738346
-1730474
-1724137
-1721236
-1699777
-1694746
-1694675
-1692516
-1681710
-1673266
-1672162
-1668623
-1666188
-1665459
-1664563
-1663806
-1660125
-1658780
-1658208
-1657924
-1656365
-1655350
-1654541
-1651717
-1649968
-1643841
-1639126
-1632726
-1628164
-1618906
-1613276
-1609752
-1605157
-1604456
-1604134
-1603934
-1601489
-1598076
-1596764
-1592092
-1580981
-1576258
-1570562
-1569108
-1566994
-1564771
-1554077
-1550881
-1549707
-1547210
-1544606
-1540571
-1525570
-1523106
-1518587
-1514890
-1507378
-1501510
-1500888
-1498339
-1493990
-1490040
-1486362
-1484719
-1483240
-1482133
-1478523
-1477789
-1475558
-1460245
-1455000
-1447615
-1438109
-1436706
-1432518
-1428661
-1423825
-1423441
-1422874
-1418481
-1413038
-1407875
-1406853
-1402199
-1394446
-1388180
-1382704
-1375711
-1373485
-1371037
-1369228
-1367561
-1366524
-1365654
-1364722
-1354832
-1354116
-1352749
-1340836
-1339266
-1338685
-1338131
-1335164
-1329609
-1329457
-1328665
-1327408
-1320457
-1310860
-1307570
-1307254
-1305258
-1304947
-1303627
-1299009
-1298946
-1298535
-1297406
-1294372
-1291946
-1290321
-1288402
-1286948
-1285544
-1277264
-1272453
-1269648
-1266995
-1248291
-1243758
-1239349
-1235147
-1234562
-1233640
-1231135
-1231012
-1225231
-1209491
-1204655
-1195064
-1191059
-1189518
-1187009
-1175921
-1169359
-1168754
-1167828
-1167607
-1167142
-1146214
-1140103
-1139830
-1137155
-1119715
-1108862
-1107044
-1106936
-1105281
-1100185
-1083270
-1077425
-1071524
-1070048
-1066654
-1066303
-1061683
-1061000
-1053712
-1043877
-1037303
-1033272
-1030015
-1029848
-1026199
-1025179
-1020961
-1012111
-1011726
-1011049
-1003152
-1003106
-1001145
-999768
-997096
-991363
-987597
-984611
-983222
-981193
-970354
-958649
-958530
-957721
-954263
-950664
-947102
-945227
-933163
-925859
-925510
-925374
-924547
-924147
-922182
-914306
-913880
-911081
-888396
-884321
-881236
-881073
-877421
-872407
-870291
-866488
-861437
-859255
-853014
-852856
-852195
-849432
-848722
-847117
-842911
-829696
-817455
-812586
-800587
-793112
-786673
-784578
-780459
-778806
-775204
-773198
-771934
-769211
-766573
-765948
-765930
-762313
-761280
-748710
-745478
-733023
-732749
-724347
-720342
-719328
-716854
-715956
-708634
-704375
-694392
-694145
-694002
-689153
-688087
-681855
-669515
-668939
-667280
-666930
-665502
-657787
-655018
-645693
-645396
-645064
-641685
-640163
-638964
-637630
-630872
-626992
-622750
-621139
-620251
-619055
-616879
-608934
-606701
-606700
-606619
-600206
-593904
-587942
-586606
-566553
-552364
-548599
-543121
-541212
-530330
-524038
-520580
-516640
-512554
-508214
-506205
-502914
-490346
-490228
-486944
-478116
-477699
-474049
-472618
-471820
-469177
-466125
-464942
-461932
-460771
-459476
-456017
-451225
-446222
-445568
-425613
-419553
-416217
-409986
-409821
-409123
-407569
-401457
-397646
-393538
-392774
-381203
-380441
-370890
-366704
-361731
-357808
-357262
-357014
-353437
-351694
-349964
-346709
-339599
-333787
-333630
-324125
-320840
-318702
-306407
-298723
-281801
-277883
-272036
-270407
-255981
-255018
-249745
-249140
-246867
-246087
-245699
-245001
-243066
-240640
-225134
-221365
-217550
-209521
-205657
-205559
-197872
-194864
-178718
-178028
-175806
-174966
-171423
-164069
-161274
-159073
-156236
-155585
-154463
-150839
-147864
-143284
-142154
-140807
-138038
-130702
-130577
-129363
-122134
-118820
-114659
-103352
-100280
-99324
-99275
-96112
-93794
-91835
-75687
-73015
-64055
-60509
-57924
-41767
-36081
-34774
-32453
-31835
-26040
-11721
-1665
4991
5313
6730
7147
7219
14223
18736
22191
27713
36827
42959
45248
49348
55107
60142
62665
78420
78759
80848
101373
108012
108371
109392
116389
117433
122600
124394
124626
127613
131215
131540
136818
138908
148907
153802
155974
156302
161651
169964
172525
178648
183339
185148
188348
195454
199848
201014
204530
206148
215976
227640
227931
229247
232600
238965
243415
246093
248628
255372
259545
262759
265198
266294
269854
276068
277161
279446
279530
281366
283573
284378
284610
287833
298016
298610
300871
307910
309475
312513
314337
325335
326906
327259
333049
333092
338003
348954
351691
353293
355155
358267
362570
363790
386670
399557
407038
420015
420822
423572
433142
442429
453369
453424
454814
456045
459696
461285
466629
466795
468265
471004
472979
482392
482444
496308
497135
499535
500018
502528
504040
506009
508596
516563
516987
524277
539851
544809
546166
546730
551380
557119
558516
559733
564337
565107
566232
570596
579933
588276
590255
590985
593398
594392
606818
610798
615623
628379
629733
631101
634594
638180
648748
653180
654639
654799
654823
656112
661649
663024
665307
673887
678358
680013
681372
687520
690255
696288
700582
704614
706524
710047
710167
711446
714358
717906
735904
737076
738281
740979
746271
749099
750437
750573
753607
767411
770306
774034
775709
778294
783398
784941
785894
786261
789623
789908
792959
803485
803881
804009
804389
808825
813626
818403
825320
829506
829746
829983
843157
843255
843447
846173
850091
859685
869272
870990
878126
878499
878874
880345
881492
890554
893435
899415
901463
902368
902612
909730
914300
915326
922257
924859
925635
927174
935821
941999
954407
959860
961186
961213
961667
965934
966700
968640
968749
973473
976391
978641
981420
983530
985297
992430
993656
997576
999457
1002353
1004993
1005441
1008651
1011300
1012711
1013338
1021322
1024842
1026423
1028449
1032046
1054501
1056209
1067978
1068536
1071891
1079200
1079280
1079386
1080695
1084177
1084336
1088669
1088813
1090149
1090973
1091180
1093850
1094997
1105407
1107085
1114090
1122163
1126367
1146470
1155824
1157389
1158320
1160784
1162201
1163367
1166496
1167769
1170267
1173348
1174672
1181403
1183095
1193646
1196548
1200923
1204794
1206014
1207698
1208945
1210171
1216006
1220923
1225975
1232842
1239358
1242683
1242985
1245370
1246541
1249932
1250496
1258332
1260721
1261104
1263952
1265304
1267635
1272127
1277414
1283280
1292916
1297068
1305991
1309588
1315672
1316288
1319172
1319223
1320705
1322466
1325136
1327405
1329650
1332333
1333854
1336284
1344661
1348494
1349614
1351178
1351736
1359965
1372917
1390124
1395817
1399935
1401165
1402668
1405149
1413915
1414716
1423151
1424589
1438806
1446576
1452333
1453531
1454556
1455301
1458304
1462470
1465127
1466628
1473181
1474984
1475052
1475688
1477061
1478206
1489641
1489835
1491329
1494950
1496241
1499437
1508271
1511984
1512911
1516717
1516867
1524920
1526245
1527360
1532007
1534225
1539075
1539724
1548937
1549227
1549251
1553218
1553688
1554141
1565052
1568044
1568518
1570500
1577950
1582923
1587997
1588931
1589396
1593191
1604904
1604953
1606943
1607643
1608342
1611248
1615101
1616864
1617740
1618015
1618933
1621143
1638172
1638245
1638323
1645301
1646611
1648783
1649366
1649597
1655449
1656819
1658732
1672068
1675425
1682924
1686483
1687091
1688240
1690058
1691339
1697130
1698714
1708840
1710292
1713603
1717706
1719010
1719490
1720041
1727686
1731158
1734504
1741000
1741281
1743655
1745062
1749717
1750823
1754076
1754363
1755440
1756282
1759629
1761709
1767911
1775981
1777390
1779855
1780345
1783655
1784323
1797111
1801983
1804322
1809496
1810951
1821655
1825282
1829493
1832879
1835842
1836759
1844048
1855358
1858510
1868783
1871095
1871789
1874175
1878022
1878187
1883714
1888737
1888810
1889040
1889638
1899709
1899753
1900617
1901957
1905761
1907443
1910977
1917236
1922865
1923007
1925032
1925816
1934358
1936065
1952052
1952135
1952802
1958477
1961725
1963920
1968913
1970755
1971313
1976725
1980589
1981728
1994267
1995447
