-1988108
-1985002
-1981754
-1976922
-1975379
-1973607
-1972342
-1971146
-1970502
-1969421
-1964432
-1961933
-1960547
-1950135
-1944476
-1942403
-1939154
-1937855
-1925531
-1920137
-1918732
-1917771
-1917554
-1910734
-1901711
-1900530
-1894515
-1891496
-1888144
-1884855
-1877894
-1866662
-1865597
-1863469
-1861968
-1860191
-1852886
-1850443
-1849708
-1845683
-1839651
-1835745
-1834483
-1833426
-1830452
-1830192
-1823508
-1819884
-1806620
-1806254
-1803778
-1801890
-1801602
-1799851
-1795960
-1794322
-1792323
-1786588
-1782782
-1781463
-1776878
-1775539
-1770274
-1767798
-1764186
-1756772
-1754670
-1752522
-1751144
-1749517
-1744822
-1740199
-1739829
-1736560
-1732486
-1731186
-1730833
-1715437
-1713958
-1713863
-1713479
-1713247
-1710054
-1704037
-1693869
-1693142
-1691236
-1688860
-1684141
-1681632
-1677251
-1674450
-1671566
-1667491
-1667340
-1665483
-1660902
-1660111
-1659880
-1656283
-1644197
-1643437
-1639700
-1639279
-1631748
-1630240
-1627231
-1619419
-1609846
-1609283
-1609031
-1605165
-1603678
-1602673
-1600453
-1598741
-1593672
-1591539
-1590924
-1584991
-1583849
-1582293
-1578266
-1572403
-1568333
-1563012
-1559347
-1548084
-1542530
-1539298
-1538405
-1537568
-1535541
-1533985
-1533116
-1528960
-1528011
-1521814
-1518138
-1517136
-1509245
-1502418
-1498604
-1486085
-1484195
-1483278
-1479713
-1478953
-1473923
-1473037
-1471141
-1469579
-1469287
-1461267
-1459996
-1458870
-1457031
-1456526
-1450363
-1449436
-1449175
-1444342
-1440154
-1439110
-1433550
-1428237
-1426162
-1422261
-1420069
-1417169
-1411156
-1396308
-1392791
-1392710
-1388974
-1383587
-1380592
-1368461
-1364528
-1362762
-1351875
-1348271
-1347415
-1346340
-1344378
-1339376
-1328245
-1326226
-1324078
-1322268
-1318973
-1318880
-1318328
-1318071
-1316034
-1298971
-1280232
-1256608
-1255779
-1254864
-1248701
-1248025
-1244471
-1234350
-1230005
-1229957
-1221270
-1220826
-1217913
-1217115
-1216734
-1211305
-1202273
-1196162
-1194384
-1193362
-1193015
-1191474
-1186963
-1182682
-1182150
-1166359
-1164799
-1162833
-1154263
-1151800
-1151140
-1145189
-1143363
-1142591
-1140658
-1134979
-1129831
-1120681
-1117662
-1117582
-1110759
-1109435
-1107827
-1099820
-1099207
-1097611
-1093555
-1090296
-1085950
-1083084
-1078117
-1065295
-1064681
-1063958
-1060011
-1059337
-1048449
-1046911
-1044631
-1044391
-1041677
-1037690
-1034113
-1032157
-1028768
-1020555
-1019473
-1019193
-1018765
-1016659
-1012202
-1011709
-1011258
-1000980
-1000458
-995196
-993174
-992716
-988104
-976102
-973983
-973628
-970489
-970060
-968785
-965367
-957032
-951739
-945633
-945208
-931756
-928122
-923825
-920296
-918988
-918368
-909953
-904542
-901247
-900045
-897161
-897006
-894342
-883375
-881577
-868694
-851180
-846433
-845058
-844569
-840177
-840167
-835028
-834722
-829882
-827486
-824471
-821925
-802990
-800253
-794148
-789865
-788979
-787877
-787499
-782587
-781522
-780736
-773103
-770775
-770095
-769573
-768243
-761987
-760082
-757797
-755586
-736816
-733874
-733200
-727780
-726994
-722718
-721868
-717832
-710813
-697471
-696284
-693484
-689317
-683368
-683006
-679125
-671878
-669046
-666118
-658562
-657768
-650489
-647492
-641969
-635208
-634164
-628245
-627162
-626172
-623533
-613340
-607425
-605542
-599550
-592269
-591421
-584459
-584312
-581028
-579983
-569319
-568850
-567848
-567764
-565451
-551784
-551465
-550873
-536704
-535519
-534533
-534331
-531193
-530192
-529849
-513993
-508850
-505743
-498309
-490915
-490764
-489277
-487730
-483462
-482137
-481795
-481594
-467188
-466629
-465802
-462824
-460112
-454098
-444917
-443059
-432883
-424211
-423689
-420949
-415486
-415445
-414934
-413610
-408448
-406431
-404813
-403284
-402100
-398686
-396449
-392011
-391106
-383958
-382387
-376823
-375478
-366379
-364143
-356918
-353059
-351592
-343767
-342308
-334342
-323907
-322482
-310549
-304278
-293536
-291710
-290151
-286265
-285163
-284805
-276832
-274960
-264747
-263412
-255558
-254557
-253966
-247292
-245510
-241465
-235413
-233100
-221616
-217204
-215057
-210337
-209487
-206886
-205817
-204660
-202456
-201437
-185173
-184169
-182186
-181240
-180366
-171872
-170845
-167881
-167689
-158969
-158604
-157669
-156002
-152218
-150714
-144922
-130305
-129345
-128931
-128645
-127287
-121712
-120601
-118177
-110987
-106581
-101510
-100448
-95923
-90449
-73888
-64737
-63597
-57005
-44725
-44115
-42496
-40477
-38912
-38148
-36718
-33026
-26951
-18774
-17598
-13981
-6041
-5144
-1952
2725
2861
10310
13154
15684
16213
17677
28926
29468
31951
33736
35980
39896
45615
45640
47320
53185
64515
68827
69091
69724
79199
82266
86425
90365
96107
97763
103688
107986
112339
123603
126978
127733
129174
139500
148082
150091
154125
157182
158642
166890
167335
169798
171862
172458
175086
175708
176477
184644
186971
190901
192138
209373
209796
211102
214726
216428
221762
222181
230525
237313
249319
253296
253479
258614
258645
271045
272166
283316
286800
288621
291630
291866
296811
309026
314118
317795
319973
328486
330585
331467
332843
338083
343585
345019
346833
351589
352813
354694
367850
369302
377191
381937
386166
389671
395709
398745
405155
417703
418796
419810
420588
420792
421949
425954
427656
431377
434195
438044
440883
440940
441596
448287
457625
459011
462395
466801
477709
481642
483539
485727
490435
504186
511441
516415
518352
526469
528277
532484
543573
561744
566650
568805
568901
573051
576821
577931
578336
579393
580287
581939
586167
587616
589657
590559
592070
595364
599869
601787
602305
604607
607716
608114
616323
616330
617396
629326
629940
632158
636984
640441
644095
646664
649799
651328
673505
674321
680307
690888
691223
702304
705147
707400
712073
714821
736148
737172
748086
749314
752769
756801
757299
759180
769919
772080
777344
779860
791980
794413
795032
796247
805533
810061
812222
815306
817727
820984
824558
825135
828020
830744
830767
836222
839449
846666
852785
856876
857492
859951
866280
868297
872219
876102
880299
881430
887541
899143
901999
903976
913836
918285
930741
939752
941954
947926
951064
957495
971748
972935
978779
985868
989273
993871
1005382
1014288
1015026
1017682
1028396
1029598
1030677
1033910
1037387
1039017
1040584
1055769
1061212
1067355
1071793
1074051
1074101
1076588
1082067
1085047
1085837
1086670
1087771
1094578
1096527
1097380
1104150
1112511
1112765
1117849
1129470
1131080
1134986
1137077
1141893
1144484
1145710
1163359
1164577
1167611
1177194
1177626
1178649
1185966
1189803
1192387
1196468
1196542
1199954
1203522
1206044
1210134
1220111
1221943
1222110
1223081
1234258
1234926
1248957
1251732
1254572
1259028
1265807
1271249
1273220
1278520
1288090
1289867
1290579
1297335
1299191
1300546
1302556
1313681
1319475
1324220
1328154
1330829
1331945
1334951
1343743
1344861
1344876
1345051
1355822
1361749
1379795
1380623
1389988
1394130
1394244
1395442
1400453
1402518
1410904
1418306
1420017
1421063
1422552
1425114
1425615
1430275
1437127
1446271
1451368
1455330
1455406
1456052
1460293
1466209
1473722
1474527
1475912
1478300
1481016
1495486
1505319
1505498
1512680
1515576
1517852
1518419
1529867
1532606
1533969
1535270
1538486
1541548
1542157
1546912
1556583
1561918
1562055
1566112
1569268
1571687
1576638
1581270
1582949
1583447
1583684
1586584
1587155
1587831
1593391
1593661
1599651
1601513
1604790
1608376
1611246
1617409
1621523
1626420
1628737
1633906
1635043
1635517
1636299
1641375
1641667
1643197
1644677
1648768
1652984
1658097
1659585
1660250
1660515
1666776
1674239
1674622
1680978
1681794
1682502
1686696
1688288
1692583
1692686
1693845
1695848
1696612
1698779
1705014
1712377
1718091
1725948
1733511
1735004
1738502
1753555
1754970
1756584
1757651
1759686
1763387
1766458
1769265
1773404
1773788
1784906
1791374
1820249
1822232
1823626
1825128
1827284
1832790
1833772
1835211
1835845
1846839
1848097
1848548
1848821
1852235
1862652
1868207
1876528
1879703
1882027
1886979
1890251
1891982
1896331
1899340
1904160
1904808
1917659
1918769
1918912
1920219
1922042
1922481
1922588
1922726
1926042
1926684
1940338
1943381
1951683
1955180
1967736
1973993
1982690
1986468
1992669
1992688
1996495
