-1997279
-1997020
-1991917
-1986691
-1981926
-1977905
-1972037
-1967453
-1967238
-1962577
-1956765
-1949443
-1943663
-1943514
-1940822
-1938121
-1936252
-1933499
-1931074
-1928063
-1925409
-1921185
-1910936
-1905964
-1902715
-1898620
-1891528
-1891088
-1888355
-1887628
-1880108
-1879788
-1876084
-1873711
-1865825
-1862664
-1860358
-1858260
-1850006
-1849817
-1846223
-1845543
-1844643
-1841732
-1838202
-1827296
-1826263
-1824741
-1814408
-1806275
-1805862
-1800265
-1785850
-1782923
-1782264
-1781892
-1771534
-1766556
-1765956
-1765126
-1760757
-1757331
-1756732
-1756155
-1753829
-1745448
-1743480
-1739163
-1735919
-1729974
-1719937
-1719148
-1714832
-1711107
-1710913
-1707066
-1704671
-1698104
-1695349
-1694028
-1691202
-1687157
-1686337
-1685953
-1685207
-1680257
-1679776
-1678636
-1677389
-1673139
-1670616
-1670172
-1667606
-1664448
-1661114
-1658676
-1653378
-1652745
-1648760
-1647073
-1636136
-1633359
-1632000
-1631241
-1623623
-1620455
-1618202
-1610052
-1609793
-1607432
-1607266
-1606427
-1602945
-1601109
-1598797
-1589425
-1584524
-1584456
-1583876
-1574180
-1569547
-1568651
-1567944
-1566925
-1566101
-1559998
-1557087
-1553101
-1552382
-1546089
-1545682
-1535858
-1530725
-1525779
-1521162
-1518384
-1510558
-1509914
-1505887
-1505553
-1499345
-1493915
-1493789
-1488251
-1485432
-1485120
-1463884
-1463625
-1452963
-1442753
-1442230
-1440720
-1430397
-1426849
-1422968
-1420781
-1412700
-1394784
-1390759
-1389598
-1383827
-1383304
-1378446
-1378126
-1375685
-1370566
-1369852
-1366393
-1364416
-1361375
-1353654
-1349896
-1344856
-1343438
-1341720
-1337346
-1336480
-1336138
-1332752
-1326873
-1326230
-1319504
-1317445
-1315227
-1312558
-1312081
-1310460
-1299184
-1291876
-1290329
-1279689
-1279219
-1278176
-1275570
-1275356
-1268359
-1266279
-1262624
-1260110
-1256120
-1249283
-1239470
-1238273
-1225242
-1221471
-1212509
-1211450
-1208953
-1208316
-1206549
-1205383
-1205280
-1200759
-1199991
-1194208
-1193818
-1191937
-1190937
-1180168
-1176826
-1166762
-1165107
-1154632
-1149913
-1145943
-1141187
-1138305
-1132080
-1130908
-1129432
-1125243
-1117091
-1114720
-1111955
-1106530
-1091808
-1078632
-1075746
-1069544
-1060581
-1058578
-1057312
-1056742
-1055697
-1054361
-1051399
-1051163
-1050012
-1046183
-1043778
-1040491
-1039120
-1032508
-1030344
-1023926
-1022852
-1017982
-1010290
-1007422
-999892
-998034
-997518
-996976
-990563
-981855
-981699
-976082
-971264
-966669
-966326
-964863
-960481
-960266
-958302
-955229
-950396
-946920
-941194
-938723
-936568
-934094
-931818
-927322
-925536
-915242
-901614
-898644
-898355
-892765
-891870
-885287
-880408
-876966
-875452
-874112
-873420
-867199
-865610
-862934
-853137
-850965
-842815
-835960
-834306
-834115
-834068
-834019
-833085
-825945
-815365
-814379
-811626
-806414
-803745
-802770
-801823
-801755
-799103
-793342
-790176
-787535
-782472
-782292
-780741
-779639
-775467
-768563
-767405
-763183
-763000
-751394
-742171
-740952
-736578
-734032
-730404
-724777
-719470
-716645
-704872
-696051
-692038
-685925
-683714
-682060
-681900
-679089
-678045
-676996
-675501
-673620
-668016
-666051
-660314
-658502
-647785
-644272
-640420
-633758
-630170
-620491
-613707
-610790
-600936
-597381
-596666
-587860
-587584
-583403
-578943
-567200
-561671
-559712
-558740
-543005
-539642
-539230
-538889
-528381
-524147
-523393
-520591
-512041
-511732
-499394
-491945
-487545
-476470
-468131
-466466
-459738
-453005
-439584
-434988
-433308
-432955
-428726
-415586
-408985
-407814
-404957
-404279
-403988
-402196
-399012
-398676
-397197
-393272
-388700
-388380
-384817
-384677
-383641
-383290
-379610
-362003
-357464
-354583
-353971
-353743
-349939
-349600
-341233
-339596
-336940
-329804
-327636
-325082
-317802
-317431
-314459
-313379
-309914
-308894
-304849
-295513
-294694
-270407
-270344
-254613
-246882
-246742
-241486
-235582
-234581
-234059
-233491
-228407
-222723
-221937
-219127
-217806
-213065
-202955
-200710
-199731
-193193
-182244
-179924
-176227
-173188
-164934
-160085
-148536
-146865
-144972
-142301
-138835
-133270
-130550
-128261
-125478
-125337
-120835
-119186
-110066
-108098
-103215
-100542
-98103
-93354
-86798
-85306
-83212
-82868
-80027
-78242
-68843
-66043
-61928
-58536
-57144
-37327
-36414
-33243
-25153
-22039
-21590
-19953
-12108
-9125
-8152
4627
11114
12469
12665
17908
19971
31947
34439
38511
41003
42778
43931
45477
61704
62026
67485
68057
70050
71470
74038
74126
74553
77763
78158
78739
82261
88052
91917
92382
95516
96029
118743
118926
122980
128653
132608
133037
134715
139343
143483
144543
151779
155219
157524
159158
165969
174705
175705
184412
188476
191466
193366
196880
201437
203323
213307
218332
222111
229212
239516
240840
249413
257414
261546
265419
265907
266924
270653
270960
274984
276878
278093
301297
305919
308853
314497
315232
323872
326007
330043
331924
332550
337756
345275
346751
347077
347639
352144
352799
358712
372814
373007
373266
378509
379402
381470
381530
383567
384818
385343
388054
389660
398669
399152
400824
401266
405204
409133
409443
417446
417624
429969
430620
433768
439053
443885
444546
444577
462969
465594
468354
471382
475116
475502
477609
478358
481849
485715
490521
512212
512956
514912
515218
515961
516230
516274
524050
526400
530595
544837
556638
563502
567085
570251
570484
571642
583303
587030
589532
594640
595491
601583
604321
607615
607790
609672
613631
621571
622395
622929
625319
625733
626714
628497
635346
642024
642085
650708
651183
652561
655024
660997
675624
683328
684246
688912
690795
697890
698338
699834
701005
702844
704485
705408
708266
709381
709631
709725
711363
711765
720230
721146
723878
724258
724907
725666
729165
730052
737340
737380
740195
748046
758411
763053
769411
774294
775366
777225
788778
788878
789214
793805
796138
800716
805943
807996
811216
829786
830819
831105
834514
835158
837895
840407
840641
843505
845712
847838
857695
859184
862555
867985
870653
873925
875162
876606
877561
879408
879642
883368
892378
896499
899163
899847
902626
903917
913213
916974
919129
926062
926300
928356
929510
939436
939792
940553
943752
953636
963293
965720
969173
971180
972532
973488
974070
978089
980900
981522
984056
984891
986850
993249
996806
999100
999524
1002401
1009087
1020257
1029595
1030166
1039091
1043543
1047894
1048234
1054725
1056996
1057225
1065046
1065639
1065793
1068752
1070971
1071241
1073975
1077195
1081839
1084572
1090651
1092014
1094299
1099623
1102043
1102700
1103125
1106550
1113334
1116588
1121680
1122084
1133897
1138972
1142447
1142608
1146553
1164826
1171883
1176516
1183213
1184355
1189176
1191633
1194782
1196613
1201169
1207156
1207705
1207937
1215704
1219038
1226176
1226201
1226206
1229866
1230323
1235129
1238464
1240057
1241069
1242133
1247432
1253823
1257156
1258261
1262396
1282088
1287128
1289321
1295842
1306411
1310289
1319056
1320450
1321623
1331655
1336549
1337250
1338723
1341708
1345690
1345945
1346991
1355560
1356931
1358182
1360351
1364028
1367247
1375380
1375827
1392037
1392610
1397323
1409046
1414631
1419436
1425822
1427393
1445899
1445907
1452257
1459851
1460838
1460946
1467442
1467970
1469923
1473883
1485558
1486895
1489319
1494264
1497199
1498127
1508363
1508972
1510649
1513088
1520048
1530793
1531380
1541743
1553249
1554605
1570373
1571075
1585056
1586202
1593155
1595080
1598284
1603970
1606496
1607170
1608394
1615392
1620314
1634201
1639149
1639279
1640426
1642532
1644600
1646793
1648900
1649581
1652459
1653491
1659854
1662879
1670587
1686290
1687090
1694729
1694786
1701326
1703843
1705101
1705728
1738311
1743881
1744359
1745887
1748919
1750105
1752932
1754161
1755537
1756510
1760975
1761817
1765734
1773565
1783061
1793229
1799671
1803568
1803731
1808783
1812723
1835258
1835524
1839251
1841684
1842544
1862174
1863779
1865430
1865817
1866677
1867322
1867981
1870185
1874717
1883406
1887553
1888874
1890816
1893337
1894848
1897551
1910481
1913753
1913925
1919003
1925531
1925860
1927745
1928057
1935429
1938135
1949247
1958024
1967555
1967633
1973142
1983380
1986429
1986457
