-1998376
-1995791
-1992169
-1988361
-1986329
-1984854
-1977372
-1976065
-1972279
-1967537
-1966429
-1965862
-1965225
-1960693
-1957929
-1955898
-1944161
-1940075
-1939817
-1938798
-1934497
-1927653
-1919341
-1901032
-1898733
-1898681
-1892920
-1891626
-1886223
-1882686
-1879650
-1877974
-1876832
-1875966
-1874560
-1873506
-1864749
-1864300
-1864080
-1863742
-1863714
-1863397
-1855127
-1854325
-1852741
-1852706
-1844827
-1840211
-1837126
-1836851
-1833319
-1828747
-1819268
-1812924
-1810109
-1808750
-1807010
-1805012
-1803490
-1799714
-1795398
-1786302
-1778161
-1773982
-1771662
-1769819
-1767783
-1766618
-1755350
-1753233
-1752721
-1750849
-1744420
-1741056
-1739858
-1734360
-1731271
-1730424
-1730120
-1730045
-1728433
-1725888
-1721067
-1719628
-1719512
-1714609
-1709339
-1700698
-1693242
-1692551
-1688767
-1688646
-1681008
-1679102
-1678132
-1675429
-1669334
-1667762
-1665184
-1663997
-1662801
-1658223
-1656268
-1654486
-1653672
-1647468
-1638427
-1638357
-1634186
-1633880
-1630188
-1628800
-1625994
-1624689
-1621434
-1620264
-1619650
-1618022
-1617097
-1615223
-1612126
-1608143
-1608135
-1605357
-1603168
-1590031
-1583573
-1576750
-1568237
-1566854
-1549119
-1548915
-1547004
-1546338
-1545987
-1543562
-1542459
-1527398
-1526546
-1523051
-1521141
-1519304
-1518479
-1503350
-1495092
-1493040
-1492758
-1490266
-1489080
-1478643
-1473372
-1469836
-1469386
-1462272
-1459664
-1456439
-1456433
-1456167
-1455027
-1446366
-1444204
-1442922
-1441811
-1437576
-1430987
-1430095
-1429640
-1426646
-1425020
-1423629
-1404359
-1403156
-1401659
-1395804
-1394279
-1392346
-1389372
-1388031
-1387726
-1387137
-1386022
-1385662
-1381013
-1378253
-1368989
-1359455
-1352466
-1328678
-1328339
-1325742
-1324124
-1319435
-1315610
-1315282
-1314616
-1314482
-1307945
-1306279
-1304232
-1299499
-1297503
-1292407
-1291405
-1285409
-1284722
-1282275
-1277479
-1273277
-1273200
-1271263
-1267969
-1258336
-1258200
-1254331
-1246067
-1241053
-1235223
-1231020
-1230996
-1230362
-1218102
-1210261
-1206115
-1205077
-1194833
-1193404
-1189890
-1188371
-1179063
-1175420
-1169538
-1168655
-1168326
-1168096
-1162457
-1156019
-1155796
-1154326
-1150631
-1150172
-1146532
-1144572
-1135429
-1125946
-1120917
-1119313
-1116799
-1116642
-1116389
-1112060
-1106760
-1106397
-1105537
-1098290
-1096861
-1090513
-1085687
-1084500
-1080499
-1076012
-1074121
-1073879
-1065621
-1061536
-1060384
-1059755
-1058292
-1057929
-1054757
-1042658
-1041664
-1040147
-1038829
-1035909
-1030345
-1027958
-1026659
-1000101
-999097
-998579
-997817
-996990
-993399
-992265
-990528
-987307
-977285
-963921
-958112
-955958
-950364
-941804
-938495
-934736
-933754
-933160
-930107
-927601
-921731
-912719
-902902
-901212
-888810
-884905
-882137
-881096
-877691
-871103
-867891
-859986
-857902
-855932
-855692
-848731
-848062
-842207
-835601
-828496
-827754
-823882
-820229
-818758
-818045
-817182
-816166
-814049
-801495
-794324
-785076
-783180
-782199
-779424
-777476
-767273
-763155
-761471
-756731
-754207
-748889
-746096
-744190
-739686
-734645
-733766
-731959
-727602
-725953
-720924
-718534
-712184
-711614
-710407
-707962
-705227
-702856
-700784
-699872
-681970
-678425
-674376
-673699
-669486
-656621
-654971
-654648
-650197
-650152
-646566
-642922
-637811
-628869
-625435
-622361
-621197
-620929
-617093
-609024
-605990
-598599
-596243
-588318
-584973
-582742
-581167
-581020
-579682
-579551
-579537
-560747
-554951
-546681
-543510
-536121
-531593
-526596
-515194
-512824
-512714
-511118
-509070
-508674
-504898
-496846
-496553
-495333
-482384
-477371
-475655
-472717
-472163
-466809
-466625
-462454
-439091
-439017
-438863
-432156
-427482
-426733
-419795
-417819
-416833
-413288
-410232
-407825
-393831
-391984
-385484
-382235
-372558
-370936
-368409
-366197
-365453
-357201
-356403
-354885
-347121
-346679
-344668
-322346
-317646
-317268
-313908
-310658
-310248
-310024
-308351
-304305
-303286
-288764
-287835
-283913
-280630
-277531
-276572
-275400
-273503
-272976
-266042
-264512
-258682
-254134
-253400
-245306
-242375
-239636
-237067
-231521
-228652
-227534
-225383
-221573
-218207
-210103
-196808
-195688
-191258
-188741
-187015
-186151
-176755
-175095
-174994
-171733
-171420
-169250
-157960
-149849
-145819
-143294
-142573
-141886
-139587
-133420
-132216
-124920
-124820
-119280
-118931
-114109
-113081
-106672
-101513
-99985
-96981
-96119
-93693
-89563
-86308
-85133
-81685
-74396
-71006
-62476
-61182
-53312
-53269
-51774
-50031
-47924
-45297
-41421
-40963
-37519
-35756
-25971
-24371
-23756
-6208
-1676
1213
2015
16417
18234
18566
20942
22898
24222
27502
29960
31261
34409
36136
36351
38559
40245
40764
40765
54586
55393
57787
58454
60310
70147
70987
74574
75003
75663
82838
86652
91724
96097
104484
112470
115393
126272
127232
131604
132024
140912
141742
145813
163691
165177
165489
166754
166970
174713
178700
195265
197845
203948
208978
211463
214804
223665
226168
228878
234277
236855
243106
249583
252057
265322
265448
291565
293637
293882
297692
300897
301912
303745
304329
307617
312096
316300
323721
329502
330372
335309
343915
347675
353843
362262
362948
364265
372457
375382
380483
397392
411588
413825
415704
424960
426163
427324
428757
433638
434317
434560
446445
449288
454189
459284
459588
477176
477710
479231
485236
485740
493874
496233
501488
505080
505754
515547
517411
523576
526498
531540
533926
534766
536450
539281
550657
559659
560417
561611
573291
574093
574848
582212
583931
584025
584122
595105
600171
609169
609449
616661
618297
636747
636799
649012
654504
663069
665178
665314
668301
668323
681029
681856
690439
692823
696373
698243
699083
701215
707806
712153
713762
718252
721287
728451
730842
731022
733615
738961
748230
749050
750936
752790
756660
760910
771443
774871
777259
783782
789019
791434
794364
794735
799455
804035
804333
805063
813598
815806
819908
820163
822653
830171
830908
835862
842089
842352
842495
842642
843038
847610
848859
855081
862957
865101
871736
871785
875266
876171
881372
881881
882227
893624
894856
911280
911751
916152
917213
924385
927578
927644
927765
930859
941758
942079
944647
952075
953989
958134
961588
963881
966058
966066
968886
973787
999742
1003890
1005795
1011404
1015433
1016069
1016361
1021698
1030276
1034359
1037171
1040448
1043387
1045112
1046895
1052013
1052435
1052591
1054917
1057142
1074855
1082066
1082764
1089627
1099881
1105523
1108061
1125245
1131606
1137115
1137127
1141191
1150443
1152491
1162281
1165803
1169257
1169496
1173966
1177225
1180073
1188534
1189367
1189711
1190890
1190990
1194956
1200999
1202074
1203372
1207646
1211846
1221270
1221836
1221884
1230063
1237615
1237895
1246895
1266585
1278889
1279891
1281282
1299617
1301381
1307006
1312135
1314525
1325484
1333629
1336458
1336505
1338559
1338608
1346633
1347462
1350918
1353786
1365345
1374897
1379454
1381954
1382722
1391832
1397207
1423552
1424521
1425278
1426783
1430989
1435860
1440683
1448017
1448275
1450965
1458743
1459795
1459939
1467264
1471324
1472008
1472768
1478581
1492292
1492884
1498621
1498672
1504609
1517735
1524117
1530873
1531328
1534991
1536007
1540764
1542057
1544285
1544722
1559398
1564197
1566323
1569060
1574273
1576355
1580520
1581269
1586308
1594473
1599147
1610880
1616510
1621349
1629560
1630014
1630879
1630910
1636706
1648225
1648822
1649931
1650824
1652668
1654338
1655828
1657148
1659850
1661620
1671499
1680169
1689231
1689606
1692384
1692423
1694605
1701001
1704204
1716324
1716877
1719187
1721313
1723675
1724697
1726590
1726714
1731173
1731275
1735221
1737401
1746300
1747295
1747437
1754153
1773084
1773747
1785230
1785983
1786060
1790642
1791333
1803150
1807625
1809852
1811629
1811876
1813124
1818386
1818907
1824225
1826104
1834874
1840862
1845055
1846415
1858216
1860013
1869429
1874489
1875095
1879296
1883794
1888704
1888959
1891117
1897055
1904628
1905530
1909512
1918993
1922752
1922758
1923962
1930282
1935730
1937865
1940039
1940062
1945728
1949056
1949127
1952450
1952909
1954128
1955115
1958059
1961632
1964871
1965394
1966442
1966666
1971583
1979944
1982294
1986559
1991494
1999344
