-1999376
-1993731
-1990034
-1989362
-1976758
-1974945
-1973712
-1969611
-1967619
-1959304
-1956083
-1953261
-1947900
-1947520
-1944264
-1938934
-1934100
-1931015
-1921534
-1918215
-1917408
-1913696
-1912716
-1911840
-1911154
-1904623
-1904445
-1903647
-1898535
-1898486
-1898261
-1893370
-1882399
-1878373
-1878205
-1869436
-1869374
-1865612
-1862787
-1862206
-1861797
-1852312
-1843373
-1839943
-1828812
-1821985
-1821916
-1818017
-1817986
-1814244
-1806437
-1801573
-1798219
-1796446
-1796184
-1795365
-1794316
-1788727
-1786902
-1773467
-1758775
-1756852
-1752397
-1747329
-1746482
-1745550
-1745328
-1740706
-1740669
-1733529
-1728288
-1723161
-1716026
-1703300
-1698360
-1697571
-1692778
-1688678
-1686067
-1679537
-1674748
-1672583
-1666798
-1664791
-1662430
-1662109
-1657958
-1650708
-1647540
-1640247
-1631367
-1627387
-1625609
-1623423
-1614146
-1611428
-1603718
-1603664
-1599149
-1586141
-1586139
-1584045
-1579248
-1558742
-1544899
-1544223
-1541886
-1538695
-1535731
-1531382
-1518844
-1517002
-1515834
-1513701
-1501701
-1495093
-1492343
-1491066
-1490446
-1489748
-1489101
-1486034
-1484677
-1483808
-1480748
-1479733
-1477443
-1476705
-1475191
-1461243
-1461206
-1460064
-1458682
-1457667
-1444818
-1443917
-1438241
-1431697
-1431040
-1430099
-1421730
-1420526
-1416654
-1404160
-1394373
-1394347
-1393910
-1392112
-1391431
-1384294
-1383255
-1377170
-1369254
-1366822
-1365740
-1358928
-1351638
-1344329
-1336054
-1334377
-1333303
-1329975
-1324009
-1323669
-1322920
-1321016
-1318686
-1317941
-1307485
-1302398
-1298574
-1296921
-1296896
-1288391
-1285937
-1276616
-1275035
-1274298
-1273694
-1273474
-1270269
-1270176
-1269440
-1265412
-1264063
-1258916
-1254544
-1248745
-1248314
-1245373
-1244881
-1226317
-1225442
-1222852
-1218786
-1212255
-1193835
-1184626
-1182519
-1178364
-1162217
-1159358
-1158387
-1156326
-1154880
-1150726
-1143186
-1142414
-1141993
-1140870
-1140512
-1137567
-1135135
-1133993
-1131275
-1124021
-1121039
-1114065
-1109511
-1109332
-1108728
-1108149
-1102191
-1100068
-1096363
-1091783
-1090234
-1084077
-1083202
-1075438
-1072760
-1067180
-1064860
-1062719
-1056979
-1056599
-1049396
-1048361
-1048045
-1045907
-1045260
-1041054
-1040229
-1034648
-1029252
-1027675
-1025320
-1023197
-1021131
-1018095
-1017157
-1015551
-1005299
-1000107
-994162
-993490
-983713
-982971
-981067
-965525
-962592
-961320
-960386
-956587
-956322
-954451
-953294
-926240
-925290
-917784
-903131
-899685
-894655
-886260
-878580
-871304
-870392
-864923
-863585
-862873
-852110
-849334
-847705
-819359
-815080
-811463
-802394
-802355
-801259
-801086
-792039
-789068
-781184
-779978
-753944
-751029
-750752
-747221
-747110
-732017
-723969
-722615
-720850
-719681
-716941
-716087
-714837
-714676
-711459
-711413
-710738
-709855
-705241
-689830
-689141
-682776
-679930
-678582
-678122
-673741
-663691
-659640
-645892
-643077
-635345
-634988
-620348
-608640
-607402
-607132
-606759
-597676
-592503
-585574
-576952
-574332
-571272
-566080
-562247
-561076
-558979
-552157
-548680
-541754
-537426
-536522
-532728
-532487
-531385
-522607
-518272
-516721
-510320
-505484
-501768
-495513
-494132
-491204
-488291
-486109
-483228
-482770
-479806
-476079
-467104
-465535
-465447
-453736
-448875
-439358
-435154
-433173
-425641
-421689
-409782
-409190
-407754
-407601
-407582
-405436
-404838
-404578
-401819
-394606
-387475
-386582
-384746
-378005
-375457
-372208
-370033
-367196
-365038
-364638
-364118
-362062
-358453
-349481
-348527
-343709
-343295
-340973
-332025
-328292
-327741
-327669
-320976
-302595
-293827
-292693
-287227
-272906
-271879
-266576
-264743
-262161
-261397
-246295
-243700
-242888
-241555
-239302
-235018
-231202
-229121
-227686
-220631
-220299
-209924
-209780
-203683
-202918
-187528
-185397
-179982
-177010
-165014
-162937
-159590
-158010
-155296
-154104
-149375
-148116
-145840
-139095
-132013
-130005
-128556
-124065
-114197
-104612
-104000
-97101
-93099
-92391
-92350
-86963
-70075
-70037
-67857
-67331
-66726
-63063
-61951
-54815
-45999
-43071
-39076
-33801
-31555
-30137
-29022
-26436
-25005
-20862
-13475
-13179
-8899
-3919
3543
15297
24652
27640
31795
33612
35172
41806
45506
47137
48138
57100
62322
66102
66687
69290
77895
85213
90677
90957
93938
94679
99012
108900
113281
121955
125270
127431
128027
133951
140613
154240
160376
164882
171870
171980
173203
173399
173498
175600
186828
186927
190773
205096
205749
207608
210584
213813
215895
222382
225741
230803
231344
239075
239102
240366
241069
244761
246459
249373
261612
265184
269339
275006
276793
277016
279497
279605
280485
289216
291169
291963
292791
298260
298587
302343
304762
305436
310289
310649
310803
311415
327989
331641
333517
335027
339179
341385
344420
345897
355245
355468
358143
360783
364114
364503
365556
373657
379532
388301
392459
395831
399007
413524
413833
414468
417679
420548
432621
433961
436626
442490
443323
446680
448359
448378
448432
449295
450203
451429
453055
453337
454113
454137
457428
462799
472259
478156
480053
486358
489932
492002
496360
497674
504248
510362
511260
512159
514518
524057
524566
525568
526668
530326
536056
538177
540316
542666
546885
551866
557056
557188
557418
558331
562654
563674
565454
570751
578190
578288
581051
583391
584527
589714
592474
602903
620017
622882
624954
630303
633601
635797
639872
644911
647710
650970
652924
662704
664198
666830
671904
672146
672303
674239
685120
691071
691402
691467
692870
695077
701835
704248
707119
711905
713193
713877
714650
715643
717277
729054
729075
733940
734029
734997
753659
757652
763855
766748
770505
776362
780953
784720
788827
791682
797396
798806
800971
811146
813313
821078
825333
832573
832820
849333
851126
852440
853405
855437
857819
861952
864302
868843
870845
870938
873659
873983
885373
893114
894040
895673
900242
902392
903735
906073
911832
913544
918368
919201
926822
927988
935841
938000
943661
945842
949757
951216
951472
952474
952806
955676
956005
957118
963306
964065
964817
972463
981537
985573
986126
988526
996336
1006186
1006813
1009282
1011135
1012959
1022358
1023108
1023808
1024712
1025261
1027451
1031543
1032846
1038545
1039404
1040317
1041966
1052235
1052343
1053446
1054639
1057479
1066625
1075697
1079595
1085337
1085356
1086761
1090410
1093824
1097214
1104012
1105137
1109154
1111591
1117537
1117939
1122230
1123100
1126486
1134645
1142251
1148825
1153222
1157788
1158547
1159290
1159451
1159615
1160339
1162922
1168028
1168541
1174494
1175840
1184425
1186166
1195060
1218731
1223209
1225812
1228563
1229988
1231264
1232653
1237679
1243292
1249132
1253412
1258484
1260889
1262479
1263149
1264130
1274204
1275457
1277348
1278582
1278630
1279691
1280500
1285649
1291920
1299100
1299776
1309219
1315161
1316441
1319926
1320902
1321085
1325032
1325905
1330928
1339793
1343447
1350403
1371918
1372587
1373468
1382133
1383128
1385018
1393331
1393547
1396243
1415750
1421882
1423103
1424018
1424423
1425865
1430986
1431951
1434545
1439202
1449603
1452973
1453814
1459414
1460856
1464708
1466619
1467426
1468964
1470006
1481617
1482507
1491539
1493761
1503338
1509387
1515193
1519654
1523548
1526830
1539603
1549340
1549484
1562465
1562735
1563927
1568658
1580918
1582591
1583224
1583593
1583656
1586010
1586964
1589743
1592621
1595493
1597302
1604017
1604999
1608748
1608843
1611119
1615088
1620138
1624727
1630826
1639179
1641308
1646564
1671598
1674943
1678896
1681325
1683009
1685293
1688968
1696453
1697015
1697381
1703143
1707652
1713226
1720263
1723051
1731773
1735446
1738350
1740203
1741856
1748486
1751001
1751293
1754737
1754952
1759575
1763802
1775566
1776034
1780122
1783222
1783531
1784114
1787099
1792497
1809849
1812397
1815069
1822728
1831384
1833811
1834955
1835864
1840851
1844355
1853670
1859476
1863133
1863236
1866824
1873186
1874103
1874910
1880647
1898101
1902517
1902988
1904489
1914880
1919463
1921236
1926607
1928744
1938404
1939545
1941179
1941295
1946471
1947906
1951573
1959181
1960468
1961186
1964343
1965031
1968893
1987929
1988190
1990414
1990422
1990496
1993032
1993935
