-1999758
-1997026
-1987792
-1984175
-1982201
-1979064
-1977487
-1962303
-1955626
-1955051
-1949710
-1943338
-1937992
-1926544
-1923426
-1919316
-1916332
-1911750
-1911536
-1905080
-1894589
-1894454
-1893624
-1893114
-1890113
-1887252
-1886005
-1883958
-1878116
-1872681
-1857140
-1856859
-1854672
-1852164
-1838650
-1837331
-1825822
-1806334
-1791577
-1791023
-1790162
-1788843
-1784852
-1783354
-1782916
-1778470
-1775336
-1769828
-1767180
-1764267
-1763009
-1757719
-1752978
-1751588
-1749588
-1748099
-1742501
-1740560
-1726170
-1720950
-1720021
-1718128
-1715148
-1714343
-1709929
-1706834
-1704102
-1701755
-1701669
-1700538
-1699890
-1696679
-1694964
-1693435
-1692402
-1690889
-1683102
-1673304
-1669930
-1662401
-1661591
-1660357
-1654373
-1649423
-1646056
-1643663
-1638881
-1634817
-1633813
-1633136
-1626688
-1625003
-1624770
-1618167
-1614220
-1610221
-1609486
-1608115
-1608051
-1607090
-1601289
-1591911
-1590925
-1568165
-1566543
-1544012
-1536978
-1524468
-1524218
-1515344
-1511340
-1510829
-1506793
-1503594
-1501351
-1501153
-1500325
-1497262
-1495887
-1493560
-1489713
-1486666
-1481198
-1476909
-1476392
-1468068
-1466465
-1466243
-1462884
-1461026
-1458034
-1457154
-1454782
-1451343
-1447334
-1443929
-1442680
-1441047
-1434131
-1432299
-1430800
-1420272
-1415922
-1409292
-1408512
-1403922
-1403904
-1393879
-1389849
-1389184
-1388163
-1380594
-1380537
-1377059
-1376956
-1376646
-1375183
-1374438
-1372850
-1364830
-1360893
-1357281
-1354952
-1351342
-1350655
-1343457
-1343046
-1340865
-1337465
-1331278
-1316444
-1315348
-1296771
-1286975
-1285029
-1280249
-1279650
-1272351
-1271661
-1266845
-1261897
-1255114
-1248421
-1243087
-1242100
-1241027
-1234429
-1232353
-1217094
-1212713
-1202935
-1202831
-1202801
-1198627
-1195273
-1194033
-1193823
-1184193
-1179904
-1178172
-1177788
-1174864
-1173382
-1171550
-1168042
-1166274
-1153041
-1149356
-1146364
-1137930
-1124463
-1121583
-1118816
-1115405
-1111764
-1108461
-1099126
-1089878
-1086659
-1086060
-1080666
-1075881
-1072009
-1068620
-1067803
-1063696
-1057591
-1057202
-1054754
-1053284
-1053176
-1046763
-1041161
-1038578
-1037636
-1032142
-1026589
-1026202
-1025284
-1023776
-1021817
-1020124
-1017200
-1012732
-1008316
-1002887
-1002670
-1000454
-990268
-981706
-978915
-976319
-973766
-961070
-958403
-955237
-951997
-948666
-947630
-947348
-945358
-944978
-944250
-936309
-932182
-931980
-929075
-924194
-923145
-921786
-921413
-921270
-920396
-916985
-914221
-914108
-909520
-899870
-894465
-891887
-888663
-887503
-876275
-870527
-863325
-860365
-858151
-857225
-844760
-841335
-837079
-837008
-836535
-830943
-828946
-824857
-821871
-819372
-817493
-814910
-788700
-780713
-778240
-771904
-768716
-768360
-758728
-751634
-743429
-741426
-739402
-737329
-735016
-731617
-729966
-727830
-726977
-723836
-719807
-719096
-711950
-711018
-705462
-705212
-699464
-698892
-698043
-694858
-689334
-684760
-680921
-674537
-673131
-666996
-662606
-657971
-657210
-652973
-649036
-645351
-643666
-642864
-628883
-626805
-623615
-621568
-621128
-619887
-603156
-602208
-602112
-585114
-584173
-581995
-578274
-569277
-562868
-558893
-557832
-557026
-556014
-549321
-545402
-539387
-536542
-531683
-514656
-513427
-512180
-509916
-507597
-503906
-493537
-492297
-491739
-491723
-488916
-485026
-483651
-480981
-478834
-478503
-477510
-475989
-474292
-472620
-463040
-461364
-461343
-460126
-455149
-453270
-451371
-450959
-438242
-434276
-433885
-433832
-433048
-427129
-421380
-420123
-412836
-412134
-399017
-392875
-391189
-382305
-379978
-379668
-377274
-369196
-366828
-365690
-364946
-362429
-360919
-358638
-356351
-352627
-349204
-348269
-344062
-338385
-334580
-326409
-314105
-310138
-309897
-307722
-297417
-282254
-280787
-280169
-268057
-263114
-258829
-252566
-252367
-251422
-247731
-238076
-233779
-232229
-225001
-219380
-211827
-207406
-198949
-194990
-194552
-194173
-184986
-182938
-179676
-177527
-172171
-171902
-165715
-165494
-160267
-156685
-153855
-136166
-134947
-132823
-132446
-130908
-114974
-109996
-109499
-101535
-98144
-87466
-86216
-80528
-79129
-76228
-73713
-73657
-71715
-59545
-54493
-54481
-54330
-37002
-28229
-25494
-21807
-14302
-12326
-12273
-5546
-3604
-2897
-2838
-2575
9689
15773
16910
32643
33491
33511
33769
34555
37090
38233
39048
46883
46891
54539
57252
57762
74903
75832
75900
80511
82082
85898
87403
90486
93821
94005
102248
104334
106455
110475
110895
117288
120134
122491
133839
133945
138201
139385
139634
141690
145344
146097
149870
157785
160308
167405
170858
172849
173580
174155
175676
176046
179773
182642
182961
183081
191603
195105
198695
198916
202488
204610
205213
206227
215043
215241
215416
219038
221240
222715
224141
224788
225233
230602
231018
231456
231681
235641
239512
241136
253427
254529
254990
258451
258582
258935
259941
260928
263402
268000
268901
273512
282821
285604
288789
294076
294127
297120
298092
298374
301701
307227
313946
315621
317381
318072
322199
325345
333892
334544
335292
335384
339851
342912
355393
357432
357546
361317
366952
371729
373109
373792
374011
387506
388750
392159
393233
395500
402047
404173
408801
409526
417094
419141
424559
425760
428713
432235
437338
439230
447278
448800
457493
466944
467843
471090
473394
473497
485732
488100
489305
489665
492272
504507
504819
510153
510422
511884
514298
515426
519052
524843
530545
531009
535758
541762
542933
553361
554275
559798
563173
578976
580786
581670
590063
602989
608769
611325
613204
622031
628296
633058
634241
637927
638383
640425
652644
654107
655504
659148
663004
666326
674022
687014
690906
710105
722223
722653
726622
737367
739767
740285
743514
748203
749173
757938
760314
766789
772570
783816
784376
787680
792937
793056
802248
805982
807149
807294
807841
808482
812363
813871
820621
823046
824879
830850
831469
837519
838268
840245
840991
843071
853203
855124
856264
877343
880184
882138
883771
886602
887839
888461
904330
908360
912436
913498
917458
921344
927304
930411
939807
944033
957040
958815
965547
967966
969189
971028
972594
973493
974142
977713
978297
981073
982560
982942
989938
996076
999630
1001858
1007780
1012217
1015653
1018014
1018969
1023408
1025587
1028283
1029998
1030707
1040044
1041126
1044864
1046382
1052039
1052813
1061349
1066463
1067786
1068388
1070202
1073719
1082031
1083757
1087683
1096182
1097262
1098621
1098625
1101603
1102515
1108428
1112074
1114193
1123268
1132716
1140475
1143342
1144323
1147258
1148901
1152339
1160569
1163222
1166737
1172993
1182720
1187614
1187847
1198304
1199442
1200285
1202286
1203786
1206132
1207340
1216461
1219596
1221691
1226939
1229888
1231833
1233497
1251709
1252522
1254340
1257798
1258238
1292592
1292859
1297158
1300502
1310932
1316122
1318189
1327183
1327612
1331909
1332887
1334911
1341083
1342434
1342797
1345440
1347943
1351131
1355057
1359031
1362125
1362473
1367785
1368285
1373773
1374980
1375070
1375093
1383725
1385607
1387754
1389780
1390288
1392124
1401262
1404751
1404842
1410640
1414947
1427972
1432889
1436385
1439706
1450576
1459976
1464573
1470445
1473007
1474566
1480539
1483400
1485181
1486516
1487615
1490063
1490480
1493399
1494007
1496085
1497891
1501847
1516109
1516308
1521535
1527647
1547811
1553172
1571611
1590036
1590498
1598308
1599056
1601661
1604749
1608724
1613935
1632748
1638944
1639259
1639828
1644839
1645443
1647135
1648619
1649439
1653829
1653873
1655652
1656767
1656921
1665711
1665868
1670923
1672570
1673961
1683437
1689285
1694704
1697525
1707657
1708128
1711490
1720342
1721228
1724920
1725951
1726787
1733936
1737231
1744103
1748183
1751891
1753634
1762301
1762360
1768523
1771230
1780940
1783326
1792629
1796263
1810287
1814775
1818920
1824861
1828399
1837347
1845253
1849732
1853789
1856526
1859223
1869417
1882148
1882705
1892418
1893717
1902963
1909737
1911986
1913043
1914129
1916785
1918036
1919972
1922296
1932958
1936238
1938636
1944688
1946735
1957678
1965633
1966553
1970814
1977318
1983213
1983681
1987597
1989547
1990688
1992291
1995667
1996995
1998598
