-1993767
-1990757
-1983120
-1979190
-1979146
-1978207
-1976236
-1974278
-1968162
-1956121
-1956076
-1947639
-1947602
-1946902
-1944450
-1933779
-1927584
-1921640
-1921066
-1920009
-1918809
-1917855
-1915211
-1914329
-1913024
-1912618
-1911865
-1911331
-1911263
-1906984
-1894589
-1891080
-1889701
-1870850
-1870121
-1867939
-1867244
-1862226
-1852690
-1847123
-1840902
-1831525
-1828119
-1824935
-1821914
-1814419
-1809644
-1807946
-1796815
-1796431
-1793653
-1776240
-1773317
-1771383
-1768043
-1763993
-1756780
-1756605
-1756229
-1751153
-1744197
-1742251
-1737882
-1737091
-1727832
-1724604
-1721984
-1714953
-1713171
-1702541
-1698371
-1689373
-1672431
-1666589
-1658885
-1656730
-1653217
-1650465
-1634514
-1631730
-1628748
-1628541
-1621345
-1615243
-1612496
-1608439
-1599499
-1593369
-1589904
-1588978
-1581384
-1580778
-1578394
-1574088
-1563874
-1559342
-1546316
-1543532
-1543111
-1537198
-1537097
-1535572
-1533791
-1531128
-1516130
-1515875
-1496443
-1488787
-1485829
-1485709
-1484753
-1484528
-1482071
-1481476
-1479732
-1478094
-1475208
-1475137
-1471888
-1469711
-1469498
-1469388
-1467669
-1464109
-1459081
-1455386
-1452778
-1451257
-1450900
-1439049
-1438874
-1430152
-1429431
-1425361
-1424686
-1419868
-1412817
-1407468
-1404206
-1400955
-1395385
-1385060
-1382724
-1380372
-1375990
-1374418
-1371907
-1366890
-1360200
-1356542
-1354776
-1353166
-1340731
-1339554
-1333826
-1331728
-1328077
-1325995
-1324197
-1321986
-1316155
-1313545
-1311715
-1304740
-1303247
-1301045
-1300489
-1299787
-1299507
-1294922
-1294696
-1292897
-1283666
-1283564
-1280130
-1276853
-1276701
-1267578
-1264205
-1254896
-1254698
-1244826
-1244006
-1242335
-1232949
-1216509
-1211943
-1209842
-1200807
-1196438
-1187987
-1174548
-1173303
-1172750
-1172372
-1168234
-1161270
-1160316
-1150180
-1148873
-1147640
-1139201
-1137496
-1128491
-1125540
-1125248
-1124114
-1122423
-1115084
-1113406
-1109972
-1100369
-1098109
-1097607
-1095416
-1095076
-1087341
-1085375
-1085088
-1070809
-1066829
-1065775
-1056663
-1046870
-1042848
-1041321
-1037704
-1036997
-1035597
-1032835
-1031943
-1030922
-1029716
-1023763
-1020231
-1018786
-1012735
-1011749
-1010667
-1001213
-997918
-992342
-987137
-983324
-981748
-981238
-979442
-977196
-975880
-972889
-972620
-971427
-967020
-966172
-963171
-952309
-952203
-949916
-942062
-939814
-939714
-935738
-929961
-929404
-928427
-923728
-915579
-907887
-889802
-889197
-874762
-870924
-870711
-870449
-861369
-860771
-857242
-855696
-850885
-846659
-845784
-844955
-842266
-840325
-838394
-835227
-834047
-833919
-830077
-827802
-815874
-815729
-808697
-807858
-804099
-803398
-801499
-796735
-793126
-786716
-771395
-758581
-754203
-754149
-753645
-750369
-749587
-746843
-722323
-714647
-701881
-700962
-697644
-695349
-680489
-679015
-676645
-674919
-671180
-659806
-655594
-655387
-653832
-653631
-649111
-647124
-644341
-638697
-638028
-636369
-632618
-632318
-631568
-624150
-623811
-609997
-597687
-584392
-580831
-577250
-568787
-560382
-550424
-543431
-536933
-536850
-535905
-524637
-522727
-516601
-515899
-511971
-510799
-501213
-500702
-497786
-492275
-491764
-490411
-487183
-486628
-478220
-476975
-476558
-476149
-475493
-472054
-471642
-471474
-467678
-466381
-463992
-463625
-462903
-460969
-460816
-451218
-448305
-442165
-437081
-435250
-423276
-420718
-419318
-414191
-400952
-399288
-398839
-394453
-390605
-387214
-382295
-380808
-377087
-375567
-372121
-370567
-369614
-359829
-359158
-352460
-348665
-346257
-343489
-342401
-328342
-317726
-316732
-310520
-310182
-308978
-308379
-306647
-306013
-299655
-297138
-293415
-289664
-286896
-279665
-275590
-272260
-260370
-253514
-252489
-251671
-249730
-248492
-247536
-242964
-239524
-231266
-228247
-222120
-220398
-202909
-199348
-196456
-194291
-193496
-185372
-179656
-172931
-169118
-169107
-163959
-158800
-157481
-151278
-151173
-138389
-136450
-135734
-135660
-133886
-116026
-103685
-103114
-96165
-89085
-88727
-85924
-85467
-81048
-74911
-67083
-60852
-52852
-44666
-41525
-40634
-32427
-32080
-31684
-23007
-21054
-16480
-3053
-2740
7782
10079
10495
13656
14893
17471
21197
23400
30850
30895
33513
40847
46676
51679
54722
65524
66623
68952
74345
89719
89814
90651
92963
94157
94170
96143
100307
101995
105271
106316
111791
114754
122877
130642
136679
136741
136901
140594
143078
146710
148021
150902
155198
160588
164425
166758
170404
173657
176140
180022
183232
184954
194182
199278
200142
205845
212786
213952
216441
216960
217019
225948
234551
237923
240634
245644
246746
247423
248242
250444
253270
256482
268316
268639
268709
271260
273015
273320
273334
275216
282672
286089
288414
298387
298961
301050
301766
304365
304719
312297
314890
315857
320447
320459
321101
324857
331476
334397
337781
340594
350053
355067
356659
356681
359584
360184
362071
362195
362800
363815
370528
376874
382129
386822
388122
394376
395484
398304
399765
400543
410932
415521
416443
423352
426039
429563
431172
431654
433585
433999
434073
437162
439874
442287
444945
457523
458285
459339
467095
467763
474922
476782
477161
478925
482512
484028
485794
487491
491849
492014
492622
497986
508674
513632
517289
522215
526603
528606
528919
536936
537790
538590
539040
540652
541540
545964
546336
546882
549667
556418
562415
570301
572252
574179
574359
576117
576303
577494
591055
591780
602427
603162
608089
612487
621882
645594
649648
652938
654035
658411
659421
660385
667776
670850
671683
679069
687426
688790
692237
693117
696806
698296
698528
712465
714810
718009
737106
740248
742742
744329
745637
757028
763417
772864
780855
786975
787463
791159
794290
795204
797859
800861
803884
803983
809915
812137
814514
815778
821453
825019
827897
828828
831636
835652
841801
844434
846714
850076
851582
852057
858297
862427
867930
869426
876883
885510
892806
897085
899243
915224
916849
918703
923544
925367
927226
936054
941761
956287
956506
959473
962928
968643
973623
983509
983529
986837
987536
988645
998453
1001375
1005529
1007967
1016985
1017837
1018981
1020182
1021723
1031311
1032359
1034921
1039242
1039747
1041747
1043050
1043883
1045462
1045744
1046781
1049242
1057908
1070832
1072623
1075329
1075482
1076887
1079177
1080616
1083477
1088971
1090539
1100052
1100427
1102328
1108868
1108983
1109060
1116824
1125470
1129105
1135001
1138219
1140534
1142393
1144463
1146034
1147685
1152124
1164825
1176402
1181804
1181903
1187400
1191932
1192102
1192479
1203227
1204072
1204939
1206053
1207642
1211081
1213291
1219281
1219776
1220691
1224224
1236423
1243306
1247387
1254041
1254313
1260728
1261193
1261948
1262279
1263306
1263816
1269795
1276224
1277759
1277790
1284137
1295970
1298305
1308970
1313168
1316867
1318576
1326544
1327030
1327473
1331556
1333952
1337917
1347384
1355345
1356391
1358758
1359709
1360718
1364429
1366007
1373774
1380081
1380324
1382200
1384731
1386382
1389675
1392151
1396386
1397598
1398010
1404292
1408897
1414166
1418267
1419366
1421329
1431145
1432401
1433182
1435090
1437029
1439125
1446793
1447463
1450564
1450920
1455832
1456913
1470041
1473814
1473999
1481779
1481982
1483790
1486777
1489811
1492050
1492602
1506351
1507400
1509065
1510721
1535227
1538083
1539844
1550562
1550650
1558787
1562477
1563097
1568913
1570505
1576819
1579948
1580737
1588748
1596715
1596790
1598017
1600816
1602025
1607901
1610213
1614061
1619175
1622319
1632807
1634935
1639966
1645972
1649074
1651808
1657323
1663528
1671794
1671942
1672719
1672957
1673205
1693402
1696875
1700040
1701542
1702008
1702207
1702815
1705706
1705885
1709481
1711899
1716633
1720331
1721728
1725114
1725496
1737616
1739960
1743899
1744643
1746069
1747359
1747482
1747628
1753667
1761900
1766767
1779463
1787631
1798779
1811081
1811840
1813141
1813359
1813586
1819699
1819811
1819819
1823213
1827386
1829624
1832149
1836489
1839778
1842236
1844655
1846286
1854326
1869389
1883950
1884346
1901929
1910677
1921066
1921807
1929056
1935402
1938747
1943392
1962648
1964494
1969637
1971613
1982365
1985278
1991424
1994493
1995108
1995268
