-1993975
-1991038
-1989962
-1984520
-1982668
-1977164
-1974249
-1970982
-1965680
-1962236
-1961977
-1955221
-1953295
-1952021
-1938450
-1934979
-1930188
-1926400
-1925970
-1923647
-1923611
-1917902
-1905490
-1904775
-1901468
-1899538
-1894636
-1894227
-1887912
-1887146
-1881670
-1881508
-1873357
-1870940
-1870330
-1868004
-1860726
-1859471
-1858479
-1858179
-1849290
-1844755
-1843616
-1839269
-1836135
-1835922
-1832949
-1830274
-1828685
-1827917
-1826658
-1826098
-1823114
-1821997
-1821782
-1820630
-1809481
-1809434
-1806352
-1802374
-1795156
-1793957
-1791431
-1785842
-1781707
-1778729
-1774633
-1773136
-1771562
-1771473
-1769768
-1764823
-1763841
-1761363
-1760057
-1751842
-1748309
-1746738
-1745874
-1745812
-1741010
-1738764
-1735501
-1731780
-1728152
-1705470
-1694087
-1693773
-1683043
-1683031
-1677509
-1675110
-1671601
-1666087
-1664891
-1662504
-1661177
-1655345
-1649894
-1649007
-1648344
-1624220
-1621244
-1605126
-1600096
-1589319
-1578391
-1577762
-1573702
-1572796
-1571720
-1571578
-1562148
-1549501
-1533504
-1519233
-1514387
-1508331
-1499060
-1496927
-1492424
-1482005
-1476093
-1475129
-1469458
-1464721
-1456426
-1456211
-1455615
-1451818
-1446355
-1441405
-1437345
-1435588
-1431827
-1417368
-1416182
-1415541
-1412391
-1412374
-1406149
-1405770
-1404654
-1396765
-1395410
-1386852
-1386579
-1384543
-1379530
-1374240
-1374055
-1370408
-1364930
-1362518
-1360820
-1356374
-1339339
-1336306
-1335177
-1332187
-1331599
-1328064
-1324923
-1324089
-1323555
-1316201
-1313579
-1313199
-1310809
-1306508
-1299992
-1284272
-1282970
-1277625
-1277120
-1268436
-1266229
-1265060
-1259440
-1255832
-1253100
-1238632
-1230671
-1230314
-1229325
-1227189
-1222536
-1218624
-1218456
-1210840
-1204032
-1200848
-1195969
-1194716
-1190741
-1189891
-1185934
-1180597
-1179988
-1164661
-1163068
-1160263
-1152817
-1150246
-1141097
-1135682
-1135101
-1133160
-1125740
-1121099
-1120115
-1119432
-1118483
-1116066
-1115196
-1114767
-1114208
-1112317
-1090949
-1075948
-1074604
-1062011
-1058744
-1055131
-1053914
-1050010
-1047762
-1040387
-1030667
-1029766
-1020850
-1019847
-1015352
-1011911
-1010013
-1008932
-1006737
-998198
-987064
-969040
-965692
-962275
-962102
-956271
-953739
-949809
-948011
-948009
-945350
-941155
-936543
-935706
-932464
-929332
-929260
-926686
-925605
-916786
-908199
-905168
-902872
-887597
-881631
-880293
-872455
-867044
-863792
-858095
-853245
-851854
-848902
-842086
-837677
-836992
-832128
-820562
-820291
-814695
-814169
-811837
-808808
-807518
-804124
-801756
-797887
-796492
-791986
-789547
-766788
-765312
-764459
-762655
-761859
-744748
-744373
-743586
-741496
-740736
-739587
-730224
-721416
-719134
-717922
-712048
-706498
-703576
-700647
-687954
-686601
-686011
-683256
-679644
-675416
-671892
-669867
-663239
-657601
-645221
-643357
-643272
-642766
-641536
-633164
-622382
-604108
-596835
-594855
-593306
-591856
-577060
-569100
-568447
-567054
-566281
-565263
-563536
-561345
-556871
-556289
-553318
-552325
-550789
-547668
-544724
-540994
-540345
-537111
-534358
-533620
-532622
-527291
-521132
-513720
-513572
-500055
-490249
-486638
-485090
-483089
-477739
-469210
-462340
-457591
-454888
-445419
-442239
-438177
-434268
-430542
-429025
-421679
-421317
-419668
-414258
-413817
-412235
-412093
-411689
-410666
-407730
-406498
-394747
-394173
-391085
-381853
-378021
-373618
-372122
-369928
-366234
-365284
-362654
-361056
-359194
-357594
-351310
-349181
-342560
-342105
-340988
-340702
-339892
-333031
-328764
-325286
-314063
-312708
-306691
-287225
-276317
-274115
-270488
-264842
-261075
-259754
-239211
-236888
-236158
-232681
-221838
-221353
-220757
-219958
-213461
-211637
-210805
-210536
-208852
-207114
-198376
-196126
-183640
-183539
-183239
-183058
-180736
-174469
-174278
-171430
-171277
-168605
-164941
-141565
-135290
-133061
-128190
-127126
-125944
-125900
-124275
-124146
-121484
-121265
-116151
-110269
-110154
-108246
-106925
-105714
-105484
-101869
-100998
-97412
-85593
-81429
-77818
-76945
-74688
-69278
-65506
-58284
-57013
-56372
-52473
-50133
-49815
-49221
-44536
-41104
-30803
-30549
-19507
-10433
-9923
-7444
-5946
-3881
4334
8963
10402
16189
18605
22043
23536
23954
27522
30458
39493
39750
39884
42286
43351
51071
53151
61946
66503
68294
68830
69219
77987
80435
81604
96175
101147
103567
110409
115569
116091
123643
124948
125889
131002
136241
140354
144326
165318
174381
175113
175523
179923
180600
180784
181460
188599
197382
199286
204660
205440
214947
220477
226436
233483
234671
245353
262338
262937
268952
272501
273256
274947
275418
280687
302591
306075
311616
314651
316674
319286
322889
324173
327065
330302
334407
341877
347696
347728
348395
352496
368704
371854
374662
381750
383252
383624
386846
390799
396212
400522
405215
409143
409582
411114
411123
411656
413522
413715
413869
414026
420304
422059
422064
423818
426306
429085
435080
440028
440759
444015
448389
448510
449014
457360
458330
460129
468250
470263
472774
474478
482331
489620
490633
495814
500866
510174
516498
518267
520163
521844
525370
530695
554243
559418
559454
574938
575832
576512
578946
580173
583232
585262
585612
587507
593389
596579
599020
602677
603771
605433
612442
615192
618041
620155
631570
632535
639702
640476
647552
657247
657809
659876
662377
670508
673066
677554
681172
687155
688685
691392
693992
703199
706560
709731
715674
717774
717941
728696
728706
729214
730347
736059
737537
740310
750752
753482
759223
762436
778691
779032
779557
783089
787614
796391
798067
799734
801030
802413
805393
805799
813163
814871
820255
824676
826621
837215
849422
851479
854365
856739
863757
864901
865105
866116
871405
874118
875241
885257
888050
891129
894252
894803
896576
896919
920889
925792
947444
947623
950756
951500
955361
957167
958252
962251
965739
969919
970680
984218
984295
991724
997385
1002687
1007099
1008010
1014878
1015890
1017051
1024491
1039047
1042360
1044556
1046163
1047656
1051452
1053845
1056193
1059812
1062065
1064787
1068735
1076236
1078264
1081418
1083748
1086941
1093837
1095468
1096920
1100431
1108142
1115372
1116217
1119911
1126166
1126824
1139357
1144652
1154392
1157112
1157977
1160794
1161674
1165040
1185272
1189750
1200282
1203838
1205081
1207724
1208340
1209071
1219221
1224359
1229554
1234113
1240714
1244966
1245132
1247966
1249062
1249690
1250905
1257360
1267678
1270068
1278977
1279039
1279600
1281600
1283324
1284453
1287787
1288123
1288516
1288604
1296600
1302035
1304451
1308601
1308963
1309534
1312065
1313160
1315035
1315637
1320820
1324788
1328228
1332397
1334151
1336186
1337032
1347616
1349118
1349817
1350657
1356960
1364443
1367348
1368723
1370685
1371338
1394437
1394771
1394970
1396374
1397911
1402178
1402930
1407626
1411156
1414326
1418965
1422402
1422622
1424901
1428807
1429909
1429977
1436599
1438167
1443307
1444328
1462386
1465044
1466948
1468831
1472269
1473177
1475166
1475211
1477140
1482109
1482357
1482769
1483464
1493972
1501950
1502175
1503997
1505743
1507372
1512606
1513518
1520939
1523799
1530198
1531650
1545428
1549095
1550084
1552051
1553380
1553756
1554990
1566157
1575732
1578857
1582396
1585485
1588186
1590603
1598853
1601470
1605387
1606632
1608212
1615752
1618764
1630604
1632442
1644805
1645965
1646312
1651298
1656664
1661106
1665121
1668129
1669918
1672383
1678618
1684669
1687491
1688982
1693493
1694024
1694069
1695057
1696621
1700629
1711305
1715200
1719001
1720548
1724864
1726881
1731555
1735154
1737019
1738519
1740726
1744034
1749342
1757988
1761466
1762264
1766777
1766822
1778742
1792986
1794032
1799375
1804726
1813150
1815217
1816135
1819910
1822772
1823810
1825994
1827896
1844104
1847362
1864698
1871715
1872279
1875656
1878364
1880602
1885635
1894364
1894662
1895355
1897358
1899235
1900012
1903092
1907978
1912004
1914736
1922362
1922656
1923085
1923763
1923793
1925679
1925744
1926374
1930553
1931197
1940612
1947545
1952576
1953588
1954635
1954796
1964145
1966159
1972054
1979032
1982567
1984937
1985123
1987788
1989720
1992055
1993988
1994694
1995402
1998522
1999915
