-1998740
-1992853
-1992245
-1990770
-1989302
-1987677
-1984814
-1981681
-1980118
-1979639
-1978890
-1977547
-1973144
-1972467
-1968137
-1967860
-1966619
-1965764
-1964650
-1957576
-1948684
-1946843
-1936971
-1926162
-1925387
-1921961
-1915460
-1912103
-1889004
-1883517
-1877589
-1874799
-1866970
-1865895
-1854023
-1852136
-1849952
-1849125
-1847209
-1846635
-1846409
-1846358
-1842547
-1839918
-1837361
-1835967
-1835421
-1822777
-1821166
-1820871
-1817679
-1814492
-1805631
-1794191
-1788778
-1787974
-1786112
-1785444
-1777872
-1774324
-1768196
-1767052
-1761562
-1754608
-1748363
-1747623
-1744819
-1743537
-1739214
-1727777
-1722955
-1722506
-1721343
-1720396
-1717760
-1716289
-1716236
-1714139
-1711432
-1702097
-1692521
-1689670
-1686280
-1685570
-1681787
-1680230
-1675823
-1673919
-1669377
-1666005
-1661548
-1654981
-1649427
-1646263
-1642087
-1640502
-1630305
-1627428
-1624532
-1624305
-1623215
-1619485
-1619476
-1616749
-1615496
-1613668
-1607277
-1606589
-1605449
-1602947
-1598911
-1595891
-1594069
-1588208
-1583368
-1582728
-1580919
-1573508
-1569665
-1564430
-1556744
-1553193
-1552692
-1551206
-1543708
-1533778
-1533693
-1533085
-1524325
-1514055
-1511788
-1511227
-1510017
-1502450
-1498488
-1491615
-1481974
-1469690
-1459615
-1456153
-1453315
-1449457
-1443883
-1442916
-1433897
-1424117
-1421956
-1419012
-1413915
-1407751
-1407692
-1406105
-1401770
-1399344
-1399168
-1391669
-1391543
-1389681
-1382258
-1374567
-1368873
-1357966
-1355288
-1352899
-1348678
-1348164
-1343893
-1341043
-1339140
-1333025
-1332019
-1330794
-1317802
-1317341
-1317128
-1308339
-1307382
-1299874
-1288245
-1286901
-1274528
-1266771
-1259888
-1259731
-1255211
-1251723
-1249384
-1248469
-1243292
-1237542
-1227198
-1219077
-1216832
-1213757
-1210542
-1202259
-1195331
-1188511
-1187758
-1186188
-1182553
-1172037
-1171655
-1167299
-1165682
-1160237
-1159339
-1156835
-1156704
-1144479
-1144448
-1144243
-1140842
-1140131
-1138111
-1136346
-1135533
-1130519
-1122273
-1119231
-1119140
-1117056
-1111796
-1104023
-1103861
-1100650
-1100213
-1098936
-1094326
-1093010
-1090823
-1085643
-1062240
-1060600
-1059708
-1058361
-1053187
-1045926
-1040689
-1030757
-1026687
-1025316
-1015180
-1015023
-1013534
-1011807
-1009732
-1006298
-1005342
-1004613
-1004423
-1002923
-1000482
-996676
-992459
-989049
-982594
-979843
-979285
-978400
-970349
-968507
-963981
-962042
-960817
-960156
-953861
-947102
-946526
-943416
-941792
-941522
-940292
-935063
-930686
-922400
-919655
-919090
-917091
-913169
-910726
-910249
-908868
-895757
-891760
-889499
-889257
-889119
-888682
-886872
-885702
-884333
-883948
-882761
-881615
-877002
-871878
-867366
-867184
-859891
-857481
-854772
-854364
-843104
-842020
-834133
-828124
-818277
-816975
-814767
-805786
-797231
-791551
-774465
-772486
-770851
-769840
-757568
-754658
-747317
-745504
-740106
-738446
-738134
-726061
-724043
-717946
-717943
-715108
-713482
-707995
-707775
-706670
-706505
-687429
-687156
-687003
-683762
-674682
-673838
-671114
-664345
-663137
-661321
-659400
-616911
-613929
-612978
-609736
-608393
-608134
-605994
-597559
-582736
-569219
-562844
-560169
-554986
-553898
-547356
-540880
-537038
-535198
-532353
-531344
-528393
-521667
-515936
-509857
-507117
-504041
-496121
-491942
-477517
-468994
-467329
-465665
-454567
-453657
-453403
-450433
-445911
-445795
-443100
-436817
-435560
-419775
-414290
-408422
-402292
-402178
-401573
-391738
-390283
-386835
-383292
-377051
-375672
-374055
-367629
-365327
-361721
-360110
-357020
-356727
-352752
-349943
-348811
-345709
-342219
-341303
-340794
-336121
-334637
-331065
-328151
-325254
-319942
-315887
-313304
-298261
-294225
-294069
-291042
-289815
-265386
-263925
-254690
-254458
-248441
-246515
-236926
-232661
-229916
-213118
-205636
-204241
-200573
-195975
-195817
-192502
-188892
-183225
-181087
-180724
-178260
-176174
-156022
-154558
-153188
-151391
-147941
-146388
-145704
-144412
-142828
-133740
-126880
-122671
-122368
-120670
-116449
-116288
-106017
-104375
-104114
-103813
-97930
-93241
-84670
-77914
-69075
-60188
-59686
-55332
-54406
-31087
-26644
-25946
-23917
-14900
-10583
-9673
-8055
-7001
-1890
4957
8652
16895
19592
20325
21300
25992
26615
28169
28660
28885
31434
32129
37899
41289
42472
50679
51077
53119
55832
58357
61365
64439
79236
92071
96697
102167
103778
111126
114018
122458
125467
126735
127136
127895
132826
144163
144929
154657
157270
160414
161990
164098
170567
171431
178971
180465
196318
206046
211289
217500
221193
229758
239758
242182
243541
245005
246307
248311
252319
258961
261550
273427
279445
279446
283468
283841
284455
290201
296781
297693
299833
302755
303290
307784
308197
311588
313110
317747
321442
322663
329450
338030
349233
351104
359182
362862
363244
363511
366796
368983
381127
384463
388795
391156
391194
393518
394907
414578
417099
417811
420113
428666
428846
430640
438725
439089
441199
441682
444959
445062
447655
452044
452916
459949
464291
466522
470887
475836
476569
484540
493653
498944
501459
509326
509706
513541
517683
522882
524345
525021
526769
533589
536501
540262
543152
546214
558645
559878
560177
566659
569984
571575
580851
590573
592340
596253
604338
606118
615566
622140
627762
632881
635088
635130
650787
651609
660039
662033
662826
666167
667152
668359
678741
681618
684514
687159
693985
701353
703661
703819
706340
715538
717735
719133
719427
719908
721186
722635
722666
725010
726471
730843
732497
740972
741233
741248
741690
745653
748636
749059
751287
752070
763733
777047
781180
781216
782102
783367
801250
801641
805372
808290
811104
811853
815124
817264
826025
842924
848704
859233
866965
867502
872044
887382
889365
895092
898896
901032
901363
909967
913466
913819
915832
917390
928384
936058
936623
937774
938473
938661
941636
946353
946856
948181
953511
958102
958876
960789
968742
976630
978409
978678
981527
991050
991112
993265
993960
997146
997662
1002093
1012816
1016600
1017177
1021289
1034309
1041087
1041437
1054923
1057084
1060333
1063713
1064570
1066517
1073736
1077677
1079720
1081930
1082294
1083055
1084833
1089418
1097112
1098429
1101036
1106583
1110970
1119459
1120775
1122421
1127863
1128643
1134167
1134481
1136830
1137722
1141226
1151420
1157346
1157762
1175514
1186849
1188829
1190809
1192075
1199073
1202136
1205271
1208157
1209428
1217405
1222864
1230542
1231576
1233095
1243063
1248416
1252942
1265253
1266587
1266824
1268560
1268802
1270047
1270217
1270946
1273899
1276558
1282939
1285366
1291704
1294156
1294619
1297226
1304323
1305203
1308941
1311019
1312466
1321703
1322516
1328847
1331900
1336164
1342624
1345123
1354108
1354993
1355014
1364370
1370721
1371366
1377650
1379135
1389279
1392496
1392581
1394819
1396314
1396597
1396893
1399185
1400266
1405970
1406195
1408393
1413049
1415133
1423176
1423865
1426619
1427089
1428050
1432995
1433575
1438519
1442480
1446487
1449118
1451206
1451301
1453788
1458505
1459015
1460146
1470504
1471409
1474086
1479231
1485216
1489162
1489359
1489620
1494583
1500242
1500763
1502864
1508833
1509441
1510086
1513705
1515160
1518581
1520870
1527800
1528497
1529024
1533783
1535238
1544693
1544983
1547442
1549726
1553240
1560682
1563168
1564541
1565784
1571059
1572451
1572472
1574894
1581765
1591003
1597871
1600617
1602423
1605403
1605617
1605947
1607387
1608988
1617073
1635792
1642383
1651293
1656335
1658762
1661796
1663279
1674642
1681568
1692574
1696234
1699903
1701704
1702336
1702830
1708205
1708701
1712010
1712146
1715536
1716775
1717605
1725217
1726789
1731027
1736310
1737786
1750558
1755344
1755577
1758103
1759467
1760731
1763182
1765151
1767123
1773034
1797120
1800008
1803729
1807554
1808221
1812715
1817779
1823997
1827224
1831981
1834797
1847387
1850705
1858854
1860470
1866128
1868470
1874203
1874219
1877249
1881744
1883116
1891458
1891612
1897251
1899658
1905531
1908645
1908888
1909138
1917374
1919507
1920335
1922614
1924167
1938082
1948261
1949110
1951116
1956176
1958722
1959661
1966563
1969272
1969314
1971210
1971602
1971894
1973161
1973164
1979210
1987359
1987388
1987974
