-1997746
-1989365
-1978814
-1975992
-1971623
-1970852
-1968810
-1965327
-1965034
-1956703
-1955707
-1953603
-1946363
-1942419
-1934114
-1932183
-1921055
-1911722
-1910716
-1896989
-1896621
-1895640
-1894198
-1891307
-1891256
-1882910
-1882827
-1868239
-1868198
-1862376
-1854369
-1852347
-1848903
-1846942
-1841004
-1838594
-1837375
-1836417
-1836348
-1832178
-1831382
-1830558
-1826734
-1819904
-1810965
-1806563
-1805613
-1805609
-1805237
-1804057
-1801426
-1794563
-1793633
-1793403
-1792760
-1789219
-1787736
-1783280
-1780517
-1779362
-1778171
-1776104
-1767646
-1765205
-1764654
-1761490
-1759614
-1759147
-1755800
-1754449
-1750314
-1748119
-1745174
-1743275
-1742811
-1740782
-1737496
-1734953
-1732978
-1732664
-1730970
-1729584
-1713847
-1713485
-1711557
-1710505
-1701614
-1695814
-1691615
-1691288
-1690445
-1686880
-1686249
-1685259
-1679437
-1676022
-1674613
-1674555
-1673108
-1668779
-1661102
-1648140
-1647045
-1642159
-1636682
-1633799
-1632598
-1630342
-1620928
-1620411
-1615961
-1615636
-1599954
-1598224
-1584919
-1584714
-1579386
-1576977
-1572079
-1571834
-1571052
-1566426
-1564951
-1560671
-1551835
-1549880
-1549570
-1542010
-1541603
-1538304
-1537926
-1535380
-1527313
-1526552
-1523816
-1509854
-1505544
-1498664
-1497614
-1485256
-1477695
-1477178
-1476578
-1474636
-1472871
-1472255
-1469005
-1468339
-1462555
-1460333
-1454397
-1450341
-1446016
-1439336
-1438701
-1437190
-1434244
-1426725
-1422856
-1419867
-1416992
-1416777
-1412867
-1410671
-1400825
-1388967
-1385819
-1379864
-1372492
-1357764
-1355966
-1354119
-1350075
-1347534
-1342620
-1341536
-1340472
-1338192
-1338095
-1337927
-1336556
-1331977
-1327335
-1319367
-1314046
-1312300
-1311013
-1298276
-1291943
-1291469
-1290053
-1289836
-1289597
-1282903
-1281988
-1275784
-1271141
-1264076
-1260150
-1258230
-1256517
-1251721
-1248336
-1246680
-1227875
-1226149
-1219364
-1218008
-1215345
-1209452
-1205057
-1203965
-1202086
-1196818
-1192251
-1191876
-1191729
-1191248
-1188864
-1188614
-1188200
-1180325
-1179911
-1179742
-1174651
-1173674
-1164976
-1162468
-1158951
-1152905
-1151090
-1148312
-1147698
-1145189
-1141929
-1140094
-1136030
-1127914
-1127854
-1123198
-1120246
-1116671
-1116501
-1115485
-1113982
-1112246
-1110418
-1108230
-1105794
-1103644
-1100682
-1098770
-1095091
-1090421
-1087260
-1083744
-1082756
-1081136
-1080712
-1079761
-1075244
-1074864
-1070989
-1059998
-1059675
-1058347
-1057516
-1057112
-1054695
-1052795
-1051471
-1038047
-1036924
-1035066
-1031118
-1028761
-1026272
-1019373
-1005424
-1000085
-997575
-991921
-989995
-986553
-983468
-982753
-980999
-979696
-969339
-967038
-965247
-963897
-961309
-959819
-956781
-951931
-949375
-948235
-945489
-938238
-936538
-932504
-930451
-928880
-928392
-913743
-911824
-902849
-898239
-896359
-892954
-888745
-885145
-883297
-882681
-871899
-866618
-865307
-860000
-851339
-850506
-847240
-824366
-817689
-810015
-803723
-803365
-799756
-796049
-787471
-753729
-751141
-750834
-749615
-743084
-741651
-740855
-740185
-738618
-731925
-731687
-730610
-730393
-720103
-710301
-710207
-709896
-703455
-702655
-699687
-694997
-689647
-687818
-684633
-681513
-672391
-671523
-670952
-662737
-655719
-646385
-645832
-642745
-639832
-638235
-635669
-621055
-618592
-614406
-608595
-605561
-603434
-598073
-597229
-589400
-587918
-581395
-578867
-574694
-574637
-572539
-569032
-563215
-558781
-553481
-551458
-550144
-547133
-533243
-528421
-525300
-523213
-519000
-517741
-516338
-513364
-498921
-498439
-494576
-493793
-492704
-492232
-485282
-483610
-481905
-481488
-475877
-475832
-456583
-452732
-441971
-441279
-440396
-435758
-435425
-429628
-429490
-429305
-428773
-428733
-427299
-426316
-426112
-423642
-423059
-418901
-404387
-404209
-401172
-400052
-399679
-399587
-399175
-388689
-380436
-379460
-375996
-374324
-368703
-350945
-347387
-341525
-341024
-339354
-339339
-336916
-329856
-321619
-320828
-315509
-315438
-308512
-301605
-297253
-291693
-287861
-282494
-270668
-267001
-257821
-255713
-252396
-250353
-248512
-246294
-234425
-228308
-226887
-226467
-226130
-223255
-220896
-218004
-214844
-213118
-212495
-210070
-209872
-209164
-199021
-197110
-196999
-193107
-188389
-181713
-181062
-171945
-170564
-169054
-166037
-164022
-162582
-160722
-158880
-155655
-150072
-149482
-148920
-144095
-137196
-131497
-129530
-129458
-122666
-115092
-108397
-101873
-101549
-98441
-93832
-89657
-78495
-77153
-76720
-73030
-70330
-66014
-57895
-55112
-54735
-51860
-51516
-38086
-26981
-25739
-24545
-14343
-5086
-2854
1125
5434
7876
9685
10957
12522
18422
22533
27382
29327
32893
37348
42685
42862
43866
54355
65510
67723
68026
72388
77101
78803
81870
93526
94746
101498
105692
106717
123652
123731
128566
128773
129526
130537
131246
131614
131748
132789
138855
139189
140928
142846
146279
147434
148132
154308
160499
176762
176774
177130
184996
185178
187321
190797
194778
201268
211568
214587
216764
225059
225496
230417
238025
250978
254640
257675
260028
268838
269691
272162
272774
277332
279099
280570
284555
284776
286017
286377
289481
297800
300167
302139
302253
306133
327150
327395
331565
335259
340094
341214
344959
347947
365877
370695
378968
387773
396133
407837
410342
412104
417855
421618
423447
425371
426692
437818
438426
438612
444109
459889
461152
467068
469943
484918
495907
507116
507508
508157
510327
516655
517836
522724
527480
530897
539474
543819
545646
545750
547446
551453
551679
555528
557416
562745
566384
571426
572074
585537
587979
599279
599797
605309
605965
610764
610796
613861
619956
633677
635248
641154
643999
648774
651808
661674
663112
663263
669819
677450
680453
696281
704897
704931
713218
714966
721785
734227
738965
739992
747125
752494
753083
760135
765010
768443
771895
785794
789080
790808
793116
795619
798513
799832
801240
805827
808915
817715
819044
819677
822835
823518
827007
828881
829691
833955
835335
836039
843204
846062
846621
847500
850177
856492
869442
870653
871871
873848
880347
881881
884506
910060
911704
914647
917057
922272
930160
952417
958676
967836
968570
978383
989418
990312
993715
995565
1000237
1001495
1008445
1014520
1015615
1016953
1022156
1029621
1039638
1041079
1042088
1053891
1056509
1058168
1060737
1081176
1081778
1086770
1092933
1093511
1098349
1102909
1107579
1108528
1111950
1121707
1126667
1142932
1143869
1145772
1146495
1149392
1153375
1155240
1156041
1156668
1163640
1163652
1169645
1170450
1181244
1185990
1187777
1188498
1197003
1197908
1198600
1207311
1207582
1208863
1210684
1212111
1222100
1232117
1239722
1250108
1251962
1255153
1258282
1260444
1261693
1263804
1273259
1273715
1282292
1285972
1286585
1290892
1291869
1297301
1299170
1300165
1300898
1308457
1316919
1317969
1322594
1333030
1339577
1345386
1352096
1352148
1354561
1362183
1362682
1363915
1369735
1375466
1378072
1380460
1382118
1388456
1394197
1394469
1397764
1398710
1399106
1400830
1403770
1409322
1411100
1411854
1413795
1414025
1417935
1418400
1418875
1425279
1425968
1426678
1427391
1431897
1433012
1435306
1442403
1444069
1447187
1457631
1465078
1466609
1471947
1477231
1483186
1495483
1500102
1500557
1504526
1514084
1521017
1525331
1530034
1532249
1533567
1536142
1546635
1548502
1548561
1551762
1557845
1557910
1562802
1563836
1568805
1569164
1569832
1569909
1571248
1575095
1577145
1578170
1587163
1588404
1590380
1603332
1603498
1604010
1617435
1618628
1624458
1625765
1628379
1632115
1635828
1650106
1651755
1654051
1658755
1659015
1665495
1667870
1668870
1674745
1677245
1677645
1678174
1678385
1680783
1680999
1688832
1689420
1695200
1700522
1708310
1709612
1709678
1715630
1722906
1724178
1728294
1737320
1737808
1742379
1746372
1751546
1751904
1759088
1760475
1761491
1763412
1766482
1784047
1788793
1788877
1790584
1792900
1793033
1797578
1799213
1802611
1814649
1814759
1820136
1822555
1825677
1828237
1840008
1844785
1846795
1864970
1868579
1868667
1870728
1873110
1877490
1882927
1886747
1886807
1887337
1888761
1895156
1897770
1899023
1899933
1909039
1915224
1917792
1920951
1922992
1948899
1967039
1971757
1973015
1976513
1980772
1982510
1989369
1991449
