-1998333
-1997170
-1992265
-1990074
-1989173
-1983681
-1981981
-1972207
-1970953
-1969754
-1950966
-1948018
-1941699
-1937322
-1932846
-1928133
-1926628
-1921783
-1920914
-1920800
-1907991
-1905486
-1904503
-1899974
-1899260
-1896574
-1894401
-1891759
-1889211
-1888853
-1888267
-1887800
-1886816
-1882107
-1880613
-1879367
-1876048
-1872987
-1870446
-1867428
-1864419
-1864310
-1862719
-1858928
-1855538
-1838622
-1824357
-1820657
-1804339
-1802597
-1799198
-1791429
-1787675
-1786311
-1784968
-1784768
-1780457
-1778985
-1772711
-1768427
-1768220
-1767428
-1765035
-1760685
-1760574
-1757852
-1746628
-1741210
-1739897
-1734541
-1728233
-1718416
-1710883
-1707602
-1702432
-1701626
-1694596
-1689095
-1687756
-1683934
-1680599
-1680133
-1677579
-1676811
-1672407
-1660939
-1659796
-1659401
-1656809
-1653945
-1653421
-1647630
-1644448
-1643869
-1642671
-1641270
-1633626
-1626731
-1621084
-1620915
-1620738
-1615386
-1614400
-1608888
-1592811
-1592318
-1588623
-1588609
-1581118
-1568790
-1551852
-1546142
-1536266
-1534937
-1531739
-1530720
-1522112
-1520619
-1518221
-1508537
-1508360
-1508103
-1506426
-1496194
-1496091
-1486925
-1485749
-1481758
-1479735
-1475036
-1472190
-1463163
-1459480
-1458543
-1458008
-1457374
-1453377
-1438184
-1432495
-1431888
-1428786
-1425260
-1422988
-1417549
-1415739
-1414557
-1413631
-1410808
-1410685
-1402597
-1395179
-1391843
-1385976
-1384808
-1384757
-1383177
-1382957
-1381709
-1381200
-1373823
-1368708
-1365964
-1365420
-1363198
-1361730
-1361562
-1352993
-1347493
-1345908
-1343483
-1329439
-1325922
-1323210
-1319903
-1319264
-1312485
-1292822
-1292064
-1282605
-1281929
-1281165
-1279552
-1278935
-1277926
-1275597
-1271228
-1264818
-1264655
-1260530
-1257404
-1240221
-1238265
-1222808
-1221076
-1212350
-1208275
-1205961
-1199831
-1194979
-1190518
-1180745
-1178083
-1172428
-1159249
-1158451
-1157386
-1152874
-1151079
-1141685
-1137728
-1137136
-1136037
-1131910
-1128717
-1128486
-1127038
-1122527
-1120653
-1117156
-1116948
-1107833
-1102779
-1100080
-1084542
-1082135
-1068959
-1064054
-1059407
-1059036
-1054639
-1044583
-1043227
-1042874
-1041886
-1041621
-1035718
-1022890
-1010687
-1009164
-999832
-987140
-984761
-979957
-974903
-973438
-968080
-960125
-959391
-952505
-945351
-944160
-940747
-937847
-936685
-936624
-932820
-918364
-913059
-912405
-911049
-901262
-893822
-883043
-881736
-877525
-877391
-875901
-875040
-872215
-872003
-868939
-866443
-861361
-851858
-845162
-830596
-829312
-826062
-823662
-818801
-817910
-811113
-810580
-803042
-798413
-798410
-796574
-795767
-788710
-786656
-785804
-782493
-769931
-769659
-765957
-760701
-755169
-751433
-751061
-750029
-749872
-746309
-734373
-733518
-715028
-713841
-707217
-704869
-697549
-691501
-691305
-689752
-688228
-686765
-681460
-677401
-672791
-667204
-666574
-660473
-655924
-652953
-652316
-648062
-646908
-646716
-640265
-636749
-628973
-625497
-621847
-621794
-619866
-616278
-613754
-610052
-606660
-605760
-604364
-600415
-589297
-588637
-587828
-586838
-576103
-575255
-574853
-569690
-564860
-564018
-563869
-559232
-555595
-551870
-545055
-544125
-535282
-531889
-526899
-520817
-519792
-517556
-512752
-503868
-501247
-500957
-499447
-485038
-483498
-475234
-474611
-470579
-466789
-462561
-461191
-452060
-446497
-440689
-431204
-422118
-421460
-419732
-419409
-415789
-406660
-405492
-392598
-390730
-388276
-377985
-370009
-368613
-365765
-361191
-358088
-355079
-354484
-346770
-346682
-345193
-342899
-338572
-337589
-332931
-326314
-325227
-324057
-319403
-303635
-302994
-302539
-288424
-287872
-286811
-282494
-275524
-271907
-270555
-268064
-263817
-249377
-247562
-232692
-199197
-197427
-196679
-189845
-189411
-185979
-185514
-185234
-183609
-180700
-176084
-165988
-165755
-164519
-160289
-159469
-158379
-148810
-144001
-140068
-139214
-136150
-135824
-132942
-123402
-122765
-118847
-113948
-109241
-95951
-83913
-81343
-69281
-63369
-60205
-45786
-44884
-40994
-38274
-38046
-37698
-35386
-33920
-33459
-32153
-31595
-28211
-15069
-11692
-11675
-8804
-7686
-3204
1755
2047
3393
4338
7341
9821
21133
28507
29345
31753
40914
42796
46986
47936
49120
54027
54873
60485
68066
80466
81345
93171
104017
108247
130472
132177
134231
134770
135732
135808
140479
142774
146510
147517
150225
166077
171089
176597
179351
185296
187875
188230
189668
207905
211805
213829
214437
221980
222354
226969
229323
236121
236666
237834
239396
240465
242933
263681
264554
274690
280112
280349
284343
286069
288249
295001
295309
299635
305706
306582
308126
311291
312379
312619
316092
319010
319951
321501
322111
327615
329665
332044
333427
334376
337808
344977
345516
345794
347745
352902
362346
364890
367166
370333
370344
377139
393963
399319
401223
409595
410589
418550
420706
427320
433302
435845
438056
439769
445769
447522
447734
448223
449457
452599
453501
459981
469116
469370
475271
475922
478818
480197
485936
490757
492948
493311
494289
495084
497447
497471
505242
511152
519316
523188
523537
525845
531678
533499
539340
541480
545028
547493
556432
558077
560375
562255
562805
565729
567961
570774
570909
575970
578415
581946
586039
586174
596940
598062
598210
603945
603951
604009
604042
610579
615117
618562
621472
621918
626075
637312
637905
642239
645878
647576
649120
650798
654428
654592
654780
654888
655146
656793
657392
663014
675390
677461
679017
679993
687070
687297
687690
689989
695845
696293
699362
702032
703261
705619
706102
714232
714854
716530
719579
721805
724130
727054
734635
740304
742657
743800
744324
748937
752428
758944
779129
779933
790130
797833
799020
799701
804125
815931
817084
817750
832443
844776
846672
850835
857774
860591
868308
872273
874351
875574
879486
879994
880446
880932
881267
883106
884522
887302
887490
887731
888716
896229
903432
917708
919095
921776
921932
925128
926236
930773
930933
931131
943602
950184
951046
957493
958510
962092
971939
973672
974745
979386
982101
983063
987414
987425
989784
999657
1000871
1005947
1008161
1011481
1013833
1014512
1014942
1017517
1020168
1028589
1037707
1047908
1050933
1053197
1056004
1058665
1063808
1072044
1077131
1078255
1085668
1086113
1093343
1096459
1096482
1099069
1101174
1102241
1106105
1106476
1114593
1118978
1132985
1136216
1141333
1141418
1145200
1145686
1148070
1149210
1152968
1154852
1167335
1169205
1176289
1179208
1179383
1191543
1195164
1196085
1196680
1197843
1201448
1213625
1217723
1219176
1220092
1220749
1222760
1227062
1229516
1232221
1239599
1244330
1245910
1247497
1249632
1254475
1271864
1272340
1273116
1290188
1290574
1292048
1294910
1297747
1301358
1303599
1307887
1315921
1318096
1320446
1326600
1328968
1329852
1339799
1340346
1341240
1351962
1352026
1356552
1368572
1378379
1379850
1382955
1395385
1404217
1406605
1409530
1410115
1415642
1416038
1422581
1426388
1448042
1448742
1451661
1451894
1455138
1457083
1458445
1466680
1468765
1472393
1482206
1491636
1495779
1496303
1499873
1507279
1518846
1522325
1523913
1524765
1537103
1540156
1543283
1544609
1545777
1548973
1552539
1557311
1558863
1560443
1568648
1574650
1576604
1581236
1582230
1582902
1584178
1585394
1604416
1605483
1607343
1607353
1609188
1611169
1615179
1617316
1618127
1619269
1619285
1623036
1630556
1638269
1645781
1646738
1648486
1650916
1654031
1654876
1658213
1669439
1670204
1670688
1672849
1681715
1685088
1690062
1691704
1694521
1695760
1696259
1715143
1715872
1724586
1731379
1731504
1733386
1736543
1737305
1738863
1742510
1746266
1747452
1749027
1752535
1755030
1760495
1763236
1765438
1766874
1774297
1780474
1784109
1784844
1787124
1788664
1789609
1790886
1792443
1799115
1802227
1803466
1805009
1815808
1819926
1827729
1830828
1831902
1832684
1842144
1844543
1847656
1852315
1857133
1859065
1872092
1872407
1875801
1877484
1888332
1901550
1904634
1906855
1910434
1913584
1914165
1922823
1933924
1934868
1937190
1941972
1943343
1952477
1952869
1954946
1957802
1961951
1962892
1970086
1970605
1973531
1975525
1976326
1979643
1983578
1985005
1985100
1990139
1997572
