-1988196
-1988045
-1982513
-1975991
-1971505
-1968793
-1968516
-1967509
-1967105
-1966369
-1963729
-1963381
-1958811
-1955657
-1948881
-1945927
-1940113
-1931285
-1923789
-1895768
-1895733
-1884049
-1882468
-1878985
-1870360
-1863604
-1863579
-1863431
-1861365
-1861021
-1857028
-1854016
-1844644
-1842785
-1840249
-1836624
-1824927
-1820185
-1818405
-1817324
-1813211
-1811432
-1809698
-1807828
-1806259
-1804897
-1798972
-1792444
-1790685
-1783254
-1782326
-1779287
-1776994
-1776778
-1775087
-1761395
-1753107
-1748772
-1747242
-1746673
-1742159
-1735720
-1722615
-1719154
-1715488
-1713084
-1710951
-1703046
-1696567
-1689493
-1683420
-1682409
-1678581
-1675354
-1671200
-1670885
-1652164
-1649288
-1648566
-1640479
-1640450
-1635058
-1633871
-1627813
-1625267
-1615798
-1613973
-1613315
-1611670
-1609304
-1608636
-1607947
-1607288
-1601458
-1598459
-1598043
-1595394
-1595208
-1593604
-1589074
-1586761
-1585275
-1581986
-1572380
-1572223
-1569981
-1566487
-1547589
-1545476
-1544115
-1536003
-1534215
-1532697
-1530372
-1529311
-1528242
-1526616
-1510396
-1501085
-1500203
-1498792
-1493288
-1487533
-1486522
-1472660
-1472018
-1468968
-1466642
-1463825
-1460446
-1458659
-1457354
-1456800
-1456531
-1451327
-1444538
-1440295
-1431354
-1425410
-1420169
-1416276
-1405661
-1404527
-1402360
-1398692
-1396564
-1393224
-1390408
-1390311
-1389598
-1389278
-1386722
-1382405
-1374227
-1372662
-1372206
-1365218
-1362223
-1359773
-1356403
-1346819
-1344416
-1343969
-1339514
-1335991
-1334522
-1331289
-1326862
-1320790
-1319206
-1314755
-1312258
-1308894
-1307938
-1307523
-1303101
-1296506
-1279674
-1270360
-1270128
-1263479
-1258800
-1256941
-1255781
-1252779
-1250138
-1249597
-1233044
-1232676
-1230759
-1214230
-1212433
-1190445
-1190316
-1189319
-1185316
-1184463
-1182602
-1182301
-1181484
-1173979
-1172767
-1159820
-1159792
-1157706
-1155833
-1143771
-1134839
-1132602
-1130335
-1129944
-1127701
-1122970
-1119185
-1116016
-1114011
-1102023
-1099769
-1090257
-1089326
-1088727
-1088205
-1085032
-1073877
-1067716
-1067446
-1060036
-1058604
-1055015
-1050714
-1050497
-1041048
-1038160
-1036427
-1032620
-1024584
-1023849
-1020314
-1018134
-1012168
-1011824
-1008025
-1005685
-999461
-998306
-995250
-993152
-990320
-988453
-975872
-954741
-951289
-950302
-941973
-936764
-932393
-931110
-929925
-928722
-926369
-923781
-920184
-917939
-917762
-917547
-914411
-913349
-912902
-902627
-902506
-895975
-895534
-894239
-891840
-888129
-886720
-882755
-882176
-881375
-876125
-875040
-872137
-870156
-866800
-864013
-858843
-858033
-854977
-853918
-847688
-840548
-835357
-832752
-831428
-829680
-828065
-814359
-809115
-807451
-806809
-803916
-796359
-790278
-787187
-780059
-776263
-765690
-762272
-761219
-760296
-750072
-748885
-729938
-726563
-722102
-721065
-720184
-716549
-714629
-706501
-704335
-703334
-701731
-701627
-699106
-696478
-691016
-690956
-690545
-689675
-670034
-668304
-662603
-659280
-649629
-649127
-648524
-646721
-642082
-640656
-614540
-611614
-611169
-608347
-597802
-596557
-578914
-577667
-556792
-550144
-549733
-549228
-544782
-538452
-536812
-536513
-531138
-528203
-526467
-525690
-523609
-521939
-520054
-517439
-512928
-512648
-511965
-510346
-507813
-506608
-502528
-494474
-491570
-485500
-483460
-472835
-472201
-455839
-454221
-449359
-416108
-404894
-404149
-393615
-393094
-385411
-383218
-382598
-382151
-380461
-377959
-372049
-371924
-361856
-360564
-357867
-354284
-353734
-351214
-349084
-347015
-343267
-339837
-338261
-333543
-332241
-332157
-326925
-309484
-304617
-296823
-281587
-280530
-278853
-278673
-271444
-267560
-262374
-261170
-260457
-250147
-249093
-247643
-246964
-244663
-242538
-236979
-235261
-233477
-227991
-221919
-218394
-216493
-210059
-208438
-205363
-201596
-192126
-183612
-178986
-178981
-175609
-174680
-170768
-164552
-163231
-160697
-149860
-144981
-138032
-137041
-129480
-124472
-121603
-121292
-121234
-115526
-105384
-103611
-103353
-101735
-101345
-93175
-82961
-82849
-82538
-78221
-66932
-62173
-58699
-52596
-45117
-42919
-37913
-35368
-34121
-32326
-29694
-23483
-22104
-21487
-15467
-11581
-8235
-7621
-5491
-3706
-2967
-2758
-364
2106
4601
6990
9293
12352
12643
13847
30307
31406
32750
37454
53863
55320
59749
62123
67311
69620
75686
77914
81497
82443
87866
93574
106656
116287
129016
134450
137929
139255
148401
150470
152166
153272
153435
157558
163032
163938
170223
174103
174258
174823
177594
179639
187468
190759
193661
199731
203554
211884
212374
213797
216190
217009
225801
225983
230368
231996
246237
246929
262510
271922
272981
275335
277564
292537
294641
295563
301167
308384
316793
317043
319421
322170
325722
325901
328975
331749
332684
333249
340559
349104
349165
349569
349698
353871
356417
360567
360933
365054
367004
368740
379507
380188
382563
384012
385263
386175
396834
414393
414875
415663
418884
429662
435035
438557
440600
443187
444263
445058
450594
451983
454271
462997
463310
466660
468030
471546
474430
476327
476368
477905
485071
497378
507366
509334
517181
521243
526705
528296
529880
531621
535109
537245
544866
551078
554268
558928
560908
561078
562070
562721
563994
568139
573545
573589
591410
610870
611471
623009
625430
632094
633599
639712
641994
649046
650492
652329
657045
658529
661349
662823
663714
665479
668543
674269
683547
692773
693228
696913
699724
701416
704494
711541
715396
716403
719033
720112
725007
729578
731846
741721
742867
743702
746463
752097
752449
754494
762778
769972
771240
774946
775278
780456
783873
796272
797554
800079
801963
802388
812046
819737
827932
829226
833402
836763
837142
838399
842234
847467
850372
854364
862070
863048
869313
871955
875102
877874
880141
880708
888364
890346
899726
907755
914690
917886
925516
926160
932650
939795
941804
942657
947852
955130
955683
956588
965722
967165
974673
976790
977579
980264
990845
994291
997595
1001411
1014839
1015490
1033576
1037212
1044659
1055322
1057468
1065985
1074540
1076185
1081967
1083859
1085805
1093603
1094341
1095329
1099051
1101422
1103229
1103354
1103453
1108454
1111459
1113910
1114066
1117951
1118993
1121405
1131445
1132965
1138060
1140388
1144977
1152897
1154419
1155218
1158242
1159952
1162533
1165577
1168959
1176873
1180365
1191104
1193608
1194984
1197614
1202661
1208941
1213857
1220315
1224674
1229993
1237403
1238742
1245572
1248874
1256714
1260627
1262561
1264887
1265429
1266791
1273399
1284237
1286200
1288889
1294144
1295304
1295722
1303586
1303644
1308126
1312731
1322673
1326488
1326857
1329922
1329950
1332106
1335247
1337647
1341453
1350442
1351927
1354492
1354999
1359573
1365004
1366137
1368991
1369671
1372792
1378103
1380876
1386781
1387635
1390538
1390639
1390678
1398496
1404301
1406765
1410870
1412966
1417302
1418486
1419389
1420193
1428308
1429686
1434933
1435316
1436646
1453635
1458869
1463147
1466806
1468089
1468484
1475265
1478332
1486515
1490065
1497979
1498456
1499310
1502058
1503050
1517363
1523812
1539683
1548617
1559401
1562576
1567670
1574998
1590676
1590885
1591690
1591765
1596369
1596674
1600501
1601422
1601549
1608672
1609042
1609141
1609591
1611463
1611615
1613301
1615714
1623228
1626885
1627668
1634707
1635468
1644981
1646591
1656509
1658553
1660035
1662408
1665900
1682619
1684140
1684873
1685192
1691344
1691802
1702566
1703801
1718343
1725692
1730439
1735681
1737286
1740678
1742683
1745644
1749344
1749631
1758465
1764867
1774908
1776123
1779190
1782804
1787863
1788334
1791160
1792108
1792555
1807055
1811386
1812616
1827218
1827670
1828082
1833107
1837198
1840430
1844116
1844850
1845832
1846958
1851145
1853400
1856418
1859864
1860977
1861139
1875621
1875939
1878448
1878793
1880268
1885513
1889488
1893529
1899357
1900124
1903652
1905211
1905547
1907605
1908195
1913267
1917173
1917977
1921087
1921639
1923473
1927447
1932882
1935785
1942784
1944098
1948288
1950686
1951551
1952107
1952478
1956296
1957388
1958664
1960198
1961178
1962372
1965789
1965821
1966516
1967225
1971860
1972270
1973025
1975662
1979538
1979566
1986098
1989022
1990814
1998359
