-1994231
-1993114
-1978825
-1971243
-1960978
-1960033
-1957807
-1956579
-1951531
-1951446
-1950166
-1946653
-1946224
-1943376
-1942261
-1937544
-1931327
-1928019
-1925241
-1903680
-1901548
-1893376
-1890799
-1875088
-1870436
-1857627
-1851868
-1851662
-1849991
-1847191
-1843939
-1832635
-1829246
-1819230
-1815985
-1812143
-1811436
-1806233
-1803458
-1801038
-1800819
-1797376
-1786991
-1780506
-1778403
-1775495
-1773355
-1768971
-1765684
-1762791
-1762285
-1759894
-1755680
-1749248
-1749240
-1745978
-1744084
-1740587
-1733906
-1732705
-1731210
-1728494
-1715585
-1714291
-1708917
-1703918
-1703218
-1700782
-1700671
-1700537
-1698489
-1684736
-1682708
-1660517
-1659696
-1655131
-1653961
-1653099
-1646362
-1643243
-1642080
-1641988
-1639809
-1639723
-1636370
-1633305
-1632621
-1631896
-1628979
-1628695
-1625706
-1623162
-1615433
-1614821
-1612136
-1603664
-1603517
-1602682
-1600892
-1599604
-1591901
-1591004
-1583321
-1578643
-1574582
-1563021
-1557750
-1557159
-1556338
-1551837
-1548169
-1546572
-1544665
-1544488
-1543973
-1537835
-1535911
-1533418
-1531163
-1525423
-1518760
-1513949
-1513728
-1510055
-1506816
-1498655
-1497534
-1495047
-1487734
-1485574
-1484899
-1480523
-1479599
-1476267
-1475168
-1469501
-1467294
-1461117
-1460805
-1457469
-1450988
-1449777
-1449741
-1443572
-1433771
-1430554
-1420410
-1418867
-1417679
-1417507
-1407661
-1406150
-1398516
-1396043
-1387779
-1382547
-1381618
-1376920
-1376612
-1376121
-1376068
-1373923
-1370196
-1368847
-1366725
-1365165
-1363975
-1360720
-1359542
-1359000
-1358999
-1357950
-1355528
-1354397
-1347481
-1345674
-1343096
-1343085
-1339825
-1330000
-1323245
-1320311
-1320144
-1316042
-1315795
-1314718
-1311678
-1307894
-1306104
-1305954
-1304556
-1299817
-1292894
-1292029
-1289893
-1288919
-1284000
-1279454
-1274143
-1273054
-1258970
-1256100
-1251960
-1249007
-1246801
-1243133
-1241932
-1230452
-1230405
-1229517
-1221328
-1205189
-1198414
-1194828
-1194545
-1192681
-1192269
-1187622
-1179675
-1173165
-1171553
-1170788
-1169212
-1166017
-1164423
-1145664
-1133996
-1133472
-1130718
-1127081
-1126166
-1125867
-1120833
-1119445
-1113283
-1111620
-1110927
-1105257
-1105153
-1104539
-1099690
-1090731
-1086476
-1086399
-1082423
-1074293
-1065922
-1057764
-1052028
-1051675
-1048872
-1048792
-1047237
-1047175
-1040673
-1039625
-1031499
-1029436
-1029341
-1018840
-1018403
-1016543
-1006350
-1005900
-998284
-987757
-985147
-973023
-971722
-965154
-958428
-957261
-954370
-951448
-949274
-933696
-932351
-927973
-926601
-922300
-918196
-915698
-911537
-911191
-906408
-904678
-902588
-902045
-897880
-896700
-894769
-890051
-889529
-889304
-884428
-882533
-875226
-871494
-870321
-866773
-862975
-858501
-854296
-847769
-843489
-840012
-835969
-835281
-833222
-832693
-831317
-830292
-829530
-829189
-824901
-823662
-822644
-822412
-819384
-799028
-796759
-786131
-781119
-780072
-775833
-773679
-771754
-769299
-749896
-749569
-748878
-742840
-742566
-742517
-736638
-726656
-725088
-724877
-720582
-716150
-706318
-705173
-702666
-702100
-700355
-695226
-694837
-694738
-693872
-692540
-691498
-684775
-675091
-673738
-663804
-644678
-639053
-637760
-636820
-630555
-625946
-625668
-621591
-618146
-616983
-616045
-614210
-613930
-592332
-585733
-583040
-580757
-569622
-564705
-560942
-559804
-558591
-555202
-552889
-544430
-540343
-538620
-534799
-527203
-512743
-501394
-500553
-498484
-496920
-495579
-486029
-482139
-480457
-479161
-478027
-462746
-459416
-450529
-450211
-432302
-424225
-421419
-416937
-410712
-400808
-399931
-399286
-399276
-398940
-392490
-383408
-375548
-371610
-361622
-359267
-351991
-346894
-343206
-338789
-333519
-331219
-324122
-321289
-313910
-308585
-304929
-296490
-293380
-284165
-284139
-281141
-280434
-279430
-279331
-277437
-276866
-276566
-275037
-265168
-257490
-241623
-239520
-236081
-231744
-231501
-228938
-224022
-220644
-220136
-214725
-212600
-209473
-200071
-198611
-196897
-192023
-188526
-186220
-166109
-159385
-158577
-152400
-150937
-147451
-137571
-135856
-135789
-125042
-122007
-119637
-108261
-100561
-91867
-82922
-81035
-76397
-64027
-63152
-61243
-57197
-53619
-51523
-50653
-47223
-45677
-37014
-36179
-31401
-28739
-24978
-24640
-18620
-18500
-17484
-16161
-7850
-7629
-4827
-3343
15994
16068
23242
23847
26828
28620
36664
36878
40555
44073
48291
48669
55265
62429
74102
75169
78589
88181
98401
104622
105940
106661
114853
115794
120747
122593
123440
126860
129511
135554
144256
151321
158225
163711
165757
171057
171365
171508
173748
174254
179418
186196
188182
192764
197514
197914
203423
210130
213773
214561
214937
215221
217210
217463
218570
227473
230296
230804
240076
244947
245593
251973
255550
256652
258566
260088
261109
267360
273685
282180
287581
289246
289807
304897
312515
314306
318398
323653
328484
329128
333103
333514
338654
344578
351302
355599
360880
364032
364420
370097
370901
372299
379588
382730
393812
398920
399239
403870
409124
409311
411878
424246
425801
427967
429994
434450
436003
439128
440110
442194
444152
444398
447350
447419
450465
459414
460289
462232
467127
468896
473873
473977
476126
476688
482336
509104
509688
521628
525413
528124
528209
535770
540674
542001
545394
545591
546211
548819
548979
553210
558971
562219
562332
579241
581311
588016
599841
601530
609581
610303
612674
613608
614968
615882
618546
633026
648909
657124
658793
659628
666337
669681
669944
674191
675536
684582
687365
688153
690556
696915
713266
719092
722923
726161
727567
737676
738876
739650
742614
742631
744224
744542
745204
748405
749630
750007
751190
752958
753404
759314
759637
762728
762767
763589
770579
770657
772526
773136
775021
779550
786398
787498
793992
798964
799944
802412
803169
809492
817356
837851
838986
839889
844645
856124
858409
861235
863623
869520
871301
873444
886582
891942
894136
895782
896616
901531
908101
912743
913172
915341
915473
920946
923359
923528
924192
927890
929337
930097
932731
935074
936595
945118
946510
956728
958721
971234
973010
979449
992473
997317
1007709
1009103
1011615
1013575
1013701
1014926
1015245
1022340
1023519
1039809
1041291
1046428
1047843
1053515
1057391
1060545
1062212
1064371
1068391
1070148
1072894
1076151
1078885
1081726
1081884
1090939
1092112
1096346
1106697
1107977
1119397
1127724
1134670
1136243
1138208
1142868
1146609
1150017
1158190
1169460
1170838
1171850
1176018
1187879
1193873
1198875
1204217
1221014
1221039
1221385
1227300
1235806
1240115
1241488
1250802
1261022
1264706
1272165
1278428
1284944
1286669
1299095
1303555
1305891
1307559
1311039
1319138
1319429
1322912
1331715
1334114
1339925
1340317
1343045
1353542
1367776
1371318
1372005
1372791
1373164
1376469
1378929
1380385
1385754
1388888
1393155
1394548
1394837
1397367
1398184
1401509
1401665
1421046
1425103
1427435
1428109
1433844
1442595
1452368
1457241
1464309
1465405
1467676
1469154
1472564
1475787
1483550
1486649
1488228
1490543
1493126
1496495
1497047
1502118
1503488
1506097
1511827
1515815
1515856
1523833
1528185
1528195
1530356
1531539
1532838
1534183
1535602
1535691
1552084
1552539
1555122
1560577
1563277
1563689
1566685
1567102
1567896
1568055
1578811
1579424
1579507
1586792
1590033
1592821
1598249
1598318
1603694
1607895
1610461
1614504
1614856
1625074
1627459
1629691
1631533
1632269
1634708
1638173
1646354
1650677
1653724
1658283
1666290
1668877
1672810
1673120
1681863
1682224
1682863
1687316
1690403
1701760
1706565
1708596
1711863
1713072
1720176
1722215
1726376
1732256
1735930
1738254
1740124
1741990
1746807
1751970
1764117
1766360
1768887
1769172
1775892
1776505
1779615
1779971
1782063
1790030
1790495
1791610
1795422
1801297
1803000
1803901
1804444
1811451
1815856
1816321
1826705
1829442
1841055
1841679
1842385
1843594
1845330
1855013
1855459
1863423
1870820
1878563
1884761
1885805
1886290
1886510
1886795
1902423
1903317
1904009
1916730
1926075
1927240
1928076
1928766
1929328
1931408
1932092
1934662
1940162
1941456
1941986
1942458
1943010
1944375
1945401
1948092
1953901
1960800
1967347
1970518
1980507
1983982
1984297
1995898
