-1998280
-1993437
-1990449
-1980343
-1974663
-1974538
-1969372
-1966738
-1966289
-1965169
-1952811
-1942322
-1933507
-1926207
-1924103
-1919841
-1913816
-1898421
-1898213
-1887494
-1887088
-1880442
-1870609
-1867066
-1864999
-1857296
-1855829
-1850513
-1850159
-1849642
-1841571
-1836147
-1832079
-1829749
-1828661
-1828116
-1826657
-1816018
-1805319
-1805311
-1804632
-1802996
-1802644
-1801717
-1799776
-1791198
-1787765
-1779831
-1779737
-1778656
-1776545
-1774809
-1773934
-1753484
-1748824
-1748745
-1746300
-1741719
-1741462
-1734827
-1731194
-1730135
-1722663
-1720077
-1719189
-1713594
-1710357
-1704025
-1701357
-1701065
-1696439
-1689178
-1682658
-1670714
-1667092
-1664603
-1652353
-1650986
-1639094
-1638416
-1625526
-1621380
-1620880
-1620496
-1608975
-1607269
-1603501
-1603365
-1603225
-1597549
-1589949
-1588941
-1585880
-1584157
-1583086
-1574769
-1572494
-1569814
-1557015
-1553975
-1553930
-1541108
-1539044
-1538140
-1534923
-1531760
-1531355
-1510991
-1504856
-1502792
-1499882
-1488195
-1487976
-1485108
-1482407
-1477423
-1477292
-1472989
-1467662
-1466249
-1461450
-1457940
-1455905
-1453488
-1445379
-1442175
-1435687
-1432463
-1431973
-1431375
-1413023
-1410309
-1406413
-1405684
-1405402
-1404728
-1395249
-1386032
-1376109
-1369189
-1367549
-1365705
-1362902
-1362802
-1348870
-1347239
-1336526
-1333779
-1322957
-1322825
-1316252
-1315466
-1309324
-1299679
-1297481
-1297034
-1288916
-1287423
-1283787
-1281596
-1274969
-1270162
-1260133
-1259898
-1259814
-1259520
-1257765
-1253617
-1253084
-1244230
-1234191
-1228185
-1225477
-1222108
-1220090
-1217093
-1211992
-1210542
-1204465
-1201504
-1199473
-1188868
-1188145
-1183648
-1175309
-1165607
-1163024
-1162935
-1156656
-1151524
-1150977
-1150676
-1149669
-1148187
-1147337
-1143135
-1142559
-1141102
-1137472
-1136808
-1133705
-1133263
-1129474
-1127432
-1126989
-1126740
-1123225
-1119465
-1114706
-1105063
-1100869
-1099931
-1099203
-1091920
-1080176
-1079721
-1078391
-1076379
-1075953
-1074375
-1066024
-1058127
-1056588
-1051565
-1050596
-1048933
-1044932
-1043077
-1037913
-1034238
-1034215
-1030316
-1022958
-1021321
-1018344
-1015251
-1014896
-1013290
-1009045
-1008097
-999098
-996084
-987270
-986198
-983677
-981757
-980384
-973284
-969587
-968048
-960426
-954471
-952182
-948107
-946741
-946076
-945467
-944107
-941187
-938427
-934627
-934124
-932026
-930248
-925834
-922750
-916429
-908306
-906187
-899760
-898807
-888441
-881404
-877719
-873596
-869802
-867310
-866928
-864740
-863682
-856422
-855589
-853839
-853491
-845155
-844717
-841586
-839789
-837614
-836475
-835354
-834606
-830028
-827635
-825830
-817215
-797183
-788963
-781828
-781116
-779471
-766470
-758192
-757343
-755126
-754664
-753482
-751701
-750540
-748383
-730896
-729482
-723148
-707239
-704197
-702709
-701075
-698502
-687415
-686253
-680244
-678017
-676645
-675178
-670101
-665968
-664815
-660229
-649230
-646378
-638896
-638891
-637342
-631724
-631251
-627522
-626572
-625698
-621009
-615381
-615033
-601930
-597212
-584023
-576230
-575426
-572264
-560651
-558767
-541631
-539608
-534182
-533519
-533047
-531777
-521706
-511574
-503998
-498064
-493040
-491807
-491741
-487868
-483272
-478611
-477515
-474683
-469123
-466897
-462217
-458438
-455061
-454357
-452600
-445015
-444551
-444183
-434150
-429825
-429027
-428304
-416108
-414924
-411598
-411457
-409486
-408008
-407357
-404182
-394055
-393948
-389520
-388777
-385905
-381300
-380319
-379952
-373141
-369742
-364651
-359195
-345187
-343630
-341821
-339087
-339024
-338378
-332965
-330418
-330127
-322955
-322680
-315150
-314385
-314210
-307487
-303754
-303703
-297985
-296864
-294792
-290939
-277962
-271400
-268039
-261421
-261257
-259034
-255657
-255438
-249673
-244951
-242312
-230978
-217160
-215216
-210276
-209976
-201186
-200272
-198251
-186387
-182883
-179036
-178902
-177302
-174065
-169686
-169431
-164057
-157822
-143476
-142843
-142696
-136738
-136304
-135057
-130950
-126816
-125389
-123641
-120791
-114880
-103783
-98585
-98105
-92894
-89268
-88798
-78782
-74682
-71070
-63102
-62721
-59843
-47107
-45541
-43799
-35124
-34084
-29942
-25599
-21480
-19773
-19023
-9079
-6298
-3091
-108
1041
3016
9367
17626
18971
20930
26841
28161
29918
33393
34524
35161
39739
42555
44311
47090
52694
53063
55189
58480
60406
73879
75591
78032
87410
87823
89598
91093
94102
96459
97488
104796
105823
106819
107579
107999
109815
111600
113639
118810
119814
122645
130819
131230
132393
143807
146027
147657
148310
157414
160378
160486
161168
168242
171934
172231
173631
176412
177470
183363
183735
195591
202170
204098
204327
217108
220398
221854
227054
232785
249916
249927
251379
253400
253438
253960
264618
268030
268989
271638
273588
274849
277500
278643
288748
292173
300233
301140
301209
301791
306459
313655
314415
316860
316897
322232
328029
342430
343276
344285
347332
348903
360349
362275
363028
364965
366553
370312
371235
371757
375361
376452
378592
382827
383300
391567
395764
395985
405821
409089
420579
421833
423857
425257
426029
427191
428783
434226
438663
451848
453628
456576
458410
460849
461394
465171
466791
471152
475512
478572
480016
485099
487066
491484
493079
496131
509348
513506
515474
515590
523683
524528
526004
535593
542750
544487
544620
547515
564199
566117
570453
583215
586679
597445
605589
606487
609845
610934
617879
623729
624840
626706
628466
629968
630594
633811
635067
642040
646919
653462
654723
661623
672029
672099
673011
679889
690426
699249
706196
708238
713218
714518
715864
724407
728379
733270
738856
740859
741928
744485
756301
760880
764653
767653
772673
774313
775235
776486
786229
786796
791522
791657
795438
798260
804255
804687
808256
813819
818124
820438
828631
831167
839448
839816
843958
844817
845496
847703
847741
849075
850141
854558
856564
867574
867647
872885
884394
894696
898768
898997
904464
909752
912311
912453
915592
919132
920071
921536
921618
923642
928573
945040
945830
950908
952830
955336
955656
959947
961294
968635
977811
987799
991596
998343
999688
1008337
1008821
1009404
1013663
1015444
1020532
1020545
1027827
1029834
1031247
1040903
1042341
1042912
1047587
1059367
1062461
1063909
1064418
1071275
1072313
1078295
1079018
1080139
1080755
1082205
1084321
1090561
1096277
1101834
1102357
1105721
1108416
1110628
1111780
1125102
1126551
1149548
1151277
1152036
1157813
1162175
1166858
1168689
1173082
1177422
1178857
1182951
1189013
1203967
1207153
1217546
1218448
1221807
1221981
1223435
1224007
1226818
1227598
1227632
1229749
1233203
1235785
1237265
1241697
1243933
1246969
1249193
1251509
1253034
1259209
1269202
1269330
1274308
1278238
1279543
1281185
1283817
1284357
1286262
1289661
1290601
1299126
1301764
1305316
1310126
1324451
1326158
1326705
1327400
1329090
1337298
1341953
1343895
1344039
1352081
1352202
1357222
1370283
1385121
1400352
1403238
1407322
1409997
1410564
1410692
1410978
1422567
1430121
1433729
1434160
1436447
1440682
1443932
1466264
1467732
1470685
1479238
1483428
1488184
1492001
1493393
1495606
1496130
1496554
1496660
1496774
1498974
1503456
1515934
1519478
1529192
1540095
1541009
1541843
1541866
1542559
1555696
1555893
1557837
1561140
1564231
1565200
1574951
1575780
1576787
1577249
1580220
1580308
1583944
1589658
1591859
1593046
1607663
1608062
1609668
1614413
1615110
1617177
1618602
1618640
1620879
1647395
1647698
1663122
1669072
1678232
1691867
1698560
1699263
1708727
1709813
1714708
1718101
1719376
1725717
1726176
1736328
1737478
1739669
1739772
1746149
1746992
1749514
1754930
1762852
1763403
1770129
1770317
1778063
1786483
1786713
1787787
1797841
1797887
1799435
1803369
1803847
1812557
1813876
1813944
1814924
1816408
1818488
1818876
1820847
1821556
1827875
1830272
1833678
1834051
1842884
1844574
1847804
1848997
1861400
1862312
1871950
1873863
1873977
1876141
1880073
1883062
1885916
1893108
1899516
1900080
1904286
1904404
1909286
1922077
1927469
1929717
1932535
1938835
1944615
1944961
1954215
1956504
1957709
1972275
1982261
1983498
1989831
1990037
1998456
1999671
