-1995839
-1986788
-1980751
-1978149
-1976676
-1971272
-1970249
-1956760
-1956362
-1954887
-1949639
-1948360
-1942507
-1940532
-1939398
-1936515
-1924954
-1921496
-1921473
-1921182
-1919490
-1914187
-1896177
-1889644
-1889132
-1887705
-1885677
-1882790
-1878554
-1875119
-1874084
-1873823
-1870138
-1869838
-1860247
-1859362
-1857132
-1854069
-1850755
-1843298
-1837497
-1830179
-1827213
-1816167
-1805008
-1793850
-1777824
-1776584
-1759833
-1754057
-1752686
-1746076
-1744886
-1742180
-1740590
-1736861
-1731722
-1731126
-1729368
-1728038
-1727929
-1721790
-1717988
-1717313
-1696296
-1692691
-1691580
-1683922
-1680272
-1674707
-1664200
-1659633
-1658564
-1658443
-1657529
-1656103
-1655021
-1653966
-1644143
-1640229
-1639996
-1637941
-1636241
-1636072
-1634340
-1627397
-1623881
-1622535
-1619487
-1613072
-1612391
-1610481
-1602608
-1599943
-1598239
-1596194
-1595827
-1594978
-1586822
-1571776
-1567405
-1565677
-1559205
-1553740
-1547840
-1546746
-1538340
-1536273
-1535659
-1532468
-1527753
-1527678
-1519410
-1518758
-1516164
-1516030
-1503306
-1494529
-1490590
-1485560
-1478491
-1477734
-1474056
-1471913
-1467921
-1465888
-1465792
-1456665
-1450705
-1447605
-1441374
-1438728
-1433368
-1433103
-1432187
-1431127
-1430944
-1424860
-1412619
-1412476
-1411159
-1409738
-1408496
-1404575
-1402428
-1402035
-1401823
-1399869
-1386625
-1382495
-1382360
-1379705
-1377255
-1376214
-1370104
-1369825
-1369690
-1366024
-1365007
-1353739
-1350596
-1345333
-1341854
-1333974
-1329296
-1326470
-1321542
-1321417
-1317302
-1313092
-1305313
-1302990
-1297801
-1294878
-1282066
-1280996
-1276522
-1274789
-1270817
-1255236
-1250801
-1247194
-1244784
-1240256
-1238095
-1221952
-1221774
-1220847
-1218580
-1218548
-1213435
-1209411
-1208266
-1203797
-1203236
-1197850
-1195040
-1193703
-1192355
-1191342
-1184124
-1183277
-1179363
-1178753
-1178169
-1169160
-1165408
-1159938
-1159011
-1157631
-1154991
-1149999
-1146865
-1140966
-1139799
-1136575
-1134121
-1128759
-1120112
-1117316
-1106974
-1102369
-1098777
-1097554
-1092563
-1092523
-1086700
-1085857
-1082861
-1079679
-1077027
-1074925
-1066343
-1065413
-1063514
-1057199
-1051741
-1049330
-1045602
-1045326
-1045242
-1045140
-1027332
-1025991
-1017813
-1013878
-1008728
-996672
-995404
-992305
-982741
-976589
-975533
-961222
-953058
-948905
-944409
-938681
-938638
-935310
-930080
-929773
-929132
-918283
-916074
-915148
-913600
-912015
-903040
-902626
-899658
-895735
-891907
-881057
-879881
-879564
-874976
-873131
-872230
-869468
-862956
-859080
-858730
-852325
-843821
-843573
-836090
-835320
-829606
-825930
-824053
-813910
-811964
-810638
-810115
-804053
-802373
-798712
-796967
-796594
-790509
-788766
-787959
-782796
-780005
-778307
-774260
-771264
-770853
-768474
-767004
-761973
-756105
-755194
-754687
-748218
-744515
-739065
-735685
-732656
-723206
-722250
-713334
-709523
-709521
-706397
-704275
-701873
-696166
-692571
-683043
-676799
-674427
-670212
-665705
-664110
-660270
-654826
-651520
-650158
-645963
-645624
-639287
-635385
-630029
-625163
-618478
-616576
-614044
-611471
-601657
-600537
-597956
-590297
-588246
-587406
-587340
-585902
-583682
-579794
-579278
-578365
-575563
-572561
-572513
-572339
-572078
-571146
-568647
-557796
-547359
-542682
-539890
-537096
-534934
-533131
-531516
-530826
-521657
-516341
-515826
-510068
-509631
-508654
-506247
-502115
-501134
-489728
-480170
-477559
-471736
-469054
-461660
-461173
-460647
-458557
-455957
-444241
-434312
-430078
-427713
-422581
-421717
-419570
-418825
-407039
-396689
-393106
-392617
-389989
-386776
-385916
-372085
-371809
-357444
-347295
-347140
-346659
-345934
-344024
-342689
-342550
-339477
-337705
-335526
-330847
-316355
-316129
-314884
-314088
-306637
-306585
-303586
-299054
-295414
-289141
-288951
-287484
-278961
-272559
-269684
-266299
-265778
-262495
-258829
-255164
-251821
-250596
-246688
-235947
-229612
-229058
-227093
-226019
-225718
-211897
-209818
-208867
-207987
-207563
-201346
-195327
-193137
-193000
-189791
-185211
-184904
-183790
-183245
-177633
-171042
-160039
-158883
-156647
-150273
-150067
-149952
-149163
-141981
-141383
-131245
-125941
-122435
-120699
-114594
-100726
-100163
-99570
-99049
-92662
-90014
-84549
-84181
-78467
-63423
-62442
-54105
-52831
-49627
-43575
-42874
-40739
-33838
-29438
-13161
-6243
-1576
1246
5506
11464
13248
14796
20725
20797
25281
28326
31655
34106
36998
42668
43809
44771
47219
50364
51701
58427
68701
71192
78319
85888
88054
89987
93840
96765
99772
105275
110870
111420
112380
118180
118956
120312
120597
128949
130806
136771
137350
137869
146555
146820
149986
162904
163316
165728
165791
165840
166859
169761
173377
174394
185364
204685
206841
217227
218247
219811
223584
230016
230188
230992
232580
234256
252157
253386
267796
277263
282346
282619
287846
288455
294899
307584
308418
308539
313176
321754
326479
329430
346456
348939
349368
355389
356786
362509
364742
371134
373525
376097
380235
392743
395206
396846
397576
399751
410499
414081
415897
429497
436884
439836
442241
443510
446846
447942
448052
451180
453199
460147
460631
463732
463868
469595
478180
480314
485117
487289
498170
509757
513469
514751
524002
528698
534806
536843
537949
540225
540755
550642
559728
561020
561419
562312
563667
574317
580287
582936
592959
595650
596543
598992
599312
603462
611291
615478
620445
639209
639949
646869
649920
656417
660840
663442
665942
670111
678813
684370
687742
688365
692581
694036
699264
707606
713314
716095
722992
729848
734931
737963
739138
740992
742133
742503
742535
744262
750827
751743
751764
753855
754792
757636
757728
767057
767816
772294
773701
773933
777476
790353
791288
796085
799752
803279
804361
805987
811785
815500
815854
819582
824900
827197
830225
832146
835897
842466
851846
852592
853824
856327
859758
862864
864527
866961
868882
871242
871338
872915
880143
887630
889347
891277
907448
907691
911149
917699
920494
927879
932554
935861
936444
938839
941478
948811
952179
956015
961604
964062
964421
965097
967660
969410
972105
976798
980364
982883
993378
995693
1011022
1014640
1018316
1026677
1031583
1036825
1040065
1048464
1057950
1062999
1065716
1066361
1066985
1069627
1070172
1075965
1076906
1078877
1079282
1083773
1089371
1091901
1092063
1093562
1094965
1101731
1119486
1123994
1124050
1126679
1127210
1129664
1129897
1131952
1133683
1136870
1136972
1139133
1139161
1141683
1156313
1169674
1177238
1178596
1179816
1180248
1186391
1199757
1205708
1210921
1214151
1214584
1216921
1217227
1227832
1228886
1230136
1235559
1240393
1241877
1244135
1247061
1249184
1257443
1261964
1262727
1265958
1269029
1275330
1280713
1280759
1287727
1303626
1305556
1311418
1312934
1313585
1321302
1322866
1323397
1326305
1331962
1334036
1352324
1356172
1360573
1363681
1368061
1368282
1368841
1371073
1372303
1375112
1376717
1391014
1397397
1408150
1410405
1411300
1415474
1420273
1420820
1423131
1423502
1427022
1428469
1428599
1433044
1445387
1446700
1457752
1468943
1474305
1475482
1475653
1481299
1484286
1495450
1503236
1503448
1511889
1515672
1518664
1519589
1521282
1536686
1536782
1539507
1545582
1549326
1549763
1552307
1553182
1553226
1556972
1572332
1575453
1575904
1588610
1589399
1590366
1591036
1601821
1603020
1604002
1605485
1605859
1606645
1607596
1609429
1615699
1627378
1638640
1647016
1648924
1649315
1649408
1650030
1658803
1666230
1666802
1683791
1687859
1698248
1699397
1701180
1702192
1704077
1704441
1705332
1707907
1712458
1713386
1717700
1726744
1727111
1727786
1729680
1733816
1736659
1740536
1745383
1745896
1752162
1757194
1759763
1760470
1761258
1782123
1787506
1788729
1789296
1793008
1796412
1796907
1797212
1797559
1802120
1808456
1812484
1815296
1817261
1824906
1825117
1832261
1836878
1844819
1847797
1848050
1848587
1850780
1852631
1853374
1861216
1862377
1866997
1882652
1883675
1905511
1907904
1909097
1914824
1915844
1925512
1931683
1932332
1934174
1936525
1938316
1939568
1947659
1958537
1962137
1970793
1973829
1976161
1979000
1980789
1990333
1995426
1996077
1996656
1996898
1997323
