-1994684
-1989734
-1984621
-1981638
-1981529
-1977329
-1973142
-1972648
-1971802
-1971574
-1969386
-1960213
-1953232
-1951624
-1945990
-1942486
-1938949
-1913778
-1913439
-1911020
-1910465
-1907304
-1904154
-1899280
-1889306
-1889124
-1883233
-1868951
-1866596
-1865596
-1861353
-1851434
-1849659
-1848453
-1841892
-1838205
-1836529
-1829680
-1827376
-1827003
-1816420
-1815657
-1806855
-1804108
-1786486
-1784896
-1779991
-1779206
-1773180
-1770774
-1770426
-1770150
-1763882
-1761854
-1754678
-1752710
-1748492
-1748331
-1745751
-1741405
-1730459
-1727446
-1724922
-1723909
-1714321
-1712818
-1712360
-1712136
-1705319
-1703239
-1702111
-1697420
-1696416
-1696153
-1691560
-1687386
-1685641
-1679956
-1678611
-1671187
-1671024
-1667927
-1666460
-1665364
-1663393
-1661505
-1648166
-1640169
-1637278
-1633398
-1630883
-1614271
-1613163
-1612351
-1611954
-1610651
-1607087
-1601802
-1597656
-1595916
-1594697
-1593363
-1593085
-1589767
-1585761
-1580663
-1579420
-1576541
-1568047
-1567733
-1564585
-1550830
-1549745
-1546225
-1545960
-1542556
-1540124
-1538019
-1531526
-1526028
-1518927
-1514282
-1513818
-1513767
-1510346
-1501151
-1500821
-1488148
-1487359
-1486215
-1484000
-1482049
-1481443
-1477936
-1473958
-1468279
-1457975
-1455705
-1455624
-1452181
-1445059
-1440186
-1417181
-1413339
-1410329
-1402211
-1400708
-1398047
-1386887
-1382179
-1381940
-1381871
-1380166
-1373198
-1368261
-1365482
-1364365
-1362486
-1354626
-1353526
-1349947
-1348514
-1343705
-1335487
-1335407
-1334959
-1334683
-1332300
-1331054
-1330299
-1329520
-1321987
-1317281
-1312332
-1306331
-1305527
-1303631
-1299385
-1299097
-1292612
-1290650
-1287618
-1281675
-1276965
-1275620
-1275618
-1271789
-1270975
-1270951
-1265263
-1255587
-1250262
-1248313
-1242981
-1241254
-1240391
-1237658
-1227017
-1226383
-1224320
-1221062
-1217014
-1214451
-1199261
-1198516
-1190457
-1187146
-1180306
-1161571
-1159645
-1152611
-1145891
-1144557
-1142230
-1139936
-1139908
-1129062
-1128543
-1127012
-1125505
-1121558
-1120922
-1118511
-1115860
-1115791
-1113959
-1109447
-1108409
-1108357
-1104889
-1097655
-1095047
-1093458
-1092906
-1087610
-1081570
-1081096
-1067720
-1060730
-1049217
-1046017
-1037976
-1036887
-1035386
-1029164
-1028213
-1024587
-1024467
-1023853
-1018972
-1018475
-1014419
-1010606
-1008762
-1007461
-994999
-992151
-988254
-987163
-982047
-975942
-971050
-964465
-961284
-950072
-948116
-944791
-926195
-922520
-920772
-920236
-915493
-905968
-901324
-891392
-887999
-887721
-884322
-879694
-860914
-838928
-835406
-834745
-828912
-826254
-823127
-821350
-820069
-812803
-807404
-806072
-805509
-802192
-800450
-784071
-783646
-779796
-775412
-775022
-770018
-769793
-765331
-757115
-754879
-753366
-753106
-752139
-747129
-745620
-741778
-731953
-731374
-728989
-726560
-723942
-718564
-713604
-712702
-710153
-697214
-692232
-687480
-673761
-671994
-653741
-651284
-650993
-637587
-637498
-628175
-622344
-607112
-603229
-598937
-581187
-580297
-577698
-572864
-565839
-556834
-553588
-553442
-551650
-548053
-531165
-529390
-526526
-526131
-518170
-515962
-509554
-507370
-499906
-497284
-491422
-488043
-487171
-486624
-482850
-481308
-478730
-477431
-476747
-476092
-474796
-462142
-461608
-461225
-461035
-457636
-456901
-455043
-452873
-449997
-449514
-446236
-445788
-443879
-442452
-440654
-440542
-437619
-436775
-422477
-417944
-416938
-415218
-413289
-412157
-407828
-380370
-377452
-372953
-371648
-365158
-362381
-356293
-349788
-346866
-343756
-340775
-338609
-336916
-335867
-335129
-333050
-330448
-319065
-312435
-309738
-308381
-300995
-298082
-290773
-287287
-274826
-272941
-268974
-258195
-250664
-238859
-229633
-227261
-225510
-224796
-223943
-222798
-210739
-208871
-208577
-207011
-200358
-192573
-183743
-182659
-181786
-178271
-170840
-169567
-166393
-154443
-151782
-147818
-133326
-132533
-131692
-124696
-121521
-120710
-113831
-113051
-112085
-106943
-103114
-100952
-98599
-97386
-97244
-95369
-88045
-87839
-87166
-82860
-75750
-75353
-74296
-59282
-55869
-53146
-49182
-36673
-36040
-30594
-28492
-27931
-25375
-24513
-5479
-1579
1010
5467
7507
9512
11385
15829
15880
26163
30260
33596
34895
36818
46915
49702
50639
52273
53227
54108
63542
64354
64816
66571
66595
67609
68359
69689
77032
79788
82671
84055
84954
88099
88544
90252
92976
97813
101539
102401
106204
109496
112696
114208
118218
121172
125115
134202
138087
151060
154423
157758
160464
172435
172776
175273
180538
181897
182750
192766
195844
206333
207258
208389
214374
216828
220962
227596
229013
245897
250660
250952
259253
261856
265976
267626
269260
272649
272729
280950
281587
285083
287920
289075
289182
297930
300151
301292
302183
311952
315929
325842
325908
326581
334659
341448
342224
346467
347193
350385
360473
363557
373984
374858
375670
381486
390906
396643
398948
399172
400567
401926
405868
405955
406329
412192
424764
425610
441584
442636
450923
458957
463181
472377
473580
476886
480882
485696
491094
491540
491709
493934
497120
497761
512817
519170
523981
524028
527676
533939
534556
535907
536612
536851
540385
540497
548418
549948
550503
551503
551948
552735
552767
555179
571826
577542
583396
586195
590660
595431
597585
598587
602374
603368
616618
623693
625369
626357
638152
639063
647875
660928
671821
673595
674349
681801
690895
692850
693414
706121
711684
715890
715945
716398
716584
717130
723554
729998
735465
735658
736390
740257
741948
745695
750002
763918
767843
777249
778884
779945
783566
783586
786182
787933
790247
796685
798606
798899
808933
814121
820576
820744
829200
836704
839157
839217
841675
842617
847680
849393
850519
851615
854858
864488
875038
882626
884023
884599
886316
895771
898584
903132
904239
908986
910348
912788
913137
922278
931818
932551
944687
958278
963119
965719
967482
979768
983354
985467
988416
988844
991327
992673
995702
1002043
1003271
1004726
1007480
1010597
1010928
1011156
1013309
1014440
1021561
1025524
1025845
1027152
1033550
1056939
1058201
1058369
1059388
1059812
1059883
1066049
1070423
1079034
1084209
1087476
1090832
1100614
1102951
1106411
1107821
1120123
1124639
1125944
1126608
1128587
1130793
1130797
1138169
1139019
1140331
1153216
1154633
1160615
1164688
1165853
1166806
1170807
1177193
1178599
1179297
1184229
1188291
1189002
1206232
1219871
1224393
1225064
1228179
1228262
1233837
1246560
1251381
1255082
1258174
1261204
1267524
1267632
1267764
1275988
1278022
1291644
1292028
1293390
1295344
1295417
1296899
1301660
1304530
1304630
1305661
1307728
1308186
1310787
1313324
1317356
1317450
1329554
1331987
1332985
1334808
1336012
1339237
1344731
1344921
1346824
1349472
1349694
1350551
1350980
1352223
1354369
1356188
1357190
1367564
1373410
1373527
1373754
1379404
1384149
1387898
1390328
1397254
1400509
1403995
1410708
1412326
1416118
1421208
1436571
1446460
1448102
1449199
1455308
1459057
1459345
1461861
1466570
1476645
1491854
1492146
1492358
1494292
1503773
1504843
1505319
1514321
1515751
1516403
1516879
1520232
1520622
1529265
1533069
1535212
1538562
1538786
1543922
1547628
1549674
1550231
1559896
1559963
1564284
1569890
1571719
1572512
1573125
1580299
1580354
1582371
1582373
1585883
1586040
1588202
1590140
1595081
1600146
1601935
1603005
1604098
1606713
1608393
1614299
1616624
1617988
1619925
1626112
1630702
1631669
1634517
1635909
1638827
1638875
1638950
1639145
1644350
1644708
1645488
1655353
1656757
1659045
1666466
1668921
1670876
1672632
1681329
1685383
1687842
1689190
1691762
1693584
1696515
1699454
1700958
1702087
1705117
1705405
1708255
1712135
1714592
1716646
1717536
1731963
1733069
1740484
1742379
1753914
1757930
1758358
1758853
1768772
1775180
1777818
1784687
1785509
1789772
1795328
1823619
1838564
1848767
1852469
1857513
1857995
1861226
1863219
1865480
1868247
1869005
1872663
1874470
1877855
1879368
1880231
1882600
1888089
1889085
1894365
1898439
1899413
1904890
1907623
1908977
1910078
1910241
1910610
1916299
1927938
1928303
1929271
1940820
1946678
1954062
1955353
1957954
1966377
1967740
1970279
1978622
1992461
1995252
