-1998414
-1996542
-1994815
-1989812
-1989717
-1988722
-1987530
-1980255
-1974548
-1974461
-1972088
-1971936
-1971132
-1970069
-1969092
-1965616
-1960422
-1956607
-1948676
-1948209
-1947888
-1945911
-1926783
-1925360
-1914872
-1913808
-1913693
-1896054
-1887789
-1885477
-1884582
-1877235
-1874452
-1864841
-1860043
-1857976
-1852672
-1849937
-1848402
-1848278
-1845025
-1843803
-1840510
-1840159
-1839960
-1839301
-1833397
-1830312
-1827631
-1825373
-1821420
-1820398
-1817213
-1810072
-1808439
-1806151
-1802425
-1798191
-1795177
-1793917
-1783853
-1783050
-1770653
-1762096
-1757690
-1756104
-1748156
-1744662
-1743439
-1742245
-1740099
-1739454
-1732834
-1731580
-1724028
-1723467
-1716765
-1716672
-1712468
-1702007
-1694624
-1691132
-1690023
-1689766
-1669371
-1667396
-1662442
-1662298
-1658910
-1658097
-1650492
-1650298
-1644545
-1639486
-1638916
-1636506
-1631558
-1631420
-1630902
-1627904
-1625832
-1625027
-1622706
-1622414
-1621492
-1616625
-1615173
-1613678
-1612402
-1604206
-1603329
-1597721
-1595641
-1595279
-1595209
-1593054
-1590421
-1584173
-1582695
-1580378
-1577435
-1574847
-1570736
-1562742
-1559905
-1554505
-1551324
-1548501
-1547725
-1539928
-1537755
-1534515
-1533843
-1526751
-1511862
-1511493
-1509981
-1508040
-1504400
-1502033
-1500877
-1490436
-1472359
-1469527
-1469276
-1468942
-1464052
-1463249
-1461252
-1459484
-1458694
-1448812
-1445070
-1428014
-1426637
-1417638
-1415144
-1412033
-1407233
-1405600
-1401196
-1390100
-1388564
-1379869
-1379576
-1375231
-1365396
-1361482
-1355628
-1355016
-1354542
-1344825
-1340200
-1337707
-1337124
-1331496
-1324100
-1313596
-1308765
-1307558
-1305317
-1299842
-1299638
-1299628
-1288671
-1285485
-1285341
-1279153
-1275584
-1274443
-1263806
-1256813
-1252086
-1245813
-1243901
-1241621
-1238329
-1234095
-1230853
-1230550
-1227742
-1225208
-1220426
-1216807
-1212433
-1201028
-1198528
-1197022
-1195775
-1195764
-1195189
-1187521
-1186111
-1183617
-1176528
-1169083
-1166913
-1166161
-1154907
-1147038
-1135229
-1119621
-1113173
-1108779
-1108657
-1105928
-1100445
-1097180
-1096423
-1094857
-1093405
-1086655
-1084635
-1083403
-1079325
-1076885
-1065210
-1060824
-1035498
-1033452
-1030694
-1030478
-1029337
-1027924
-1024132
-1020860
-1017500
-1017446
-1016656
-1008066
-1007984
-1006418
-1005879
-1004292
-1000655
-992404
-990056
-988614
-985793
-984510
-967892
-960931
-958594
-953551
-952551
-947811
-943297
-940634
-937574
-935574
-933756
-932123
-931082
-926069
-914075
-914013
-912905
-909794
-902833
-900123
-899967
-898574
-893990
-888246
-883120
-882720
-877299
-869635
-869458
-867557
-865675
-856543
-856033
-851813
-849816
-847892
-847187
-846854
-840746
-838293
-836901
-832598
-830551
-826180
-823939
-822643
-820662
-810841
-810817
-805390
-803326
-802386
-795743
-794480
-792428
-786769
-780758
-777136
-773356
-759543
-755641
-753169
-739779
-737874
-736757
-735538
-727654
-727380
-718819
-717786
-709582
-706681
-703331
-701749
-701643
-700951
-698980
-697420
-697081
-690965
-688427
-685479
-683595
-680145
-675262
-665274
-656142
-653837
-652489
-649592
-646510
-639979
-633677
-632502
-631023
-630720
-624862
-621904
-616173
-615866
-614018
-605926
-597248
-596960
-592676
-584715
-572784
-572776
-572406
-557566
-556674
-555143
-552554
-538013
-535350
-530484
-528883
-525865
-524263
-521994
-521351
-520744
-520471
-519767
-517157
-513064
-508854
-508580
-505063
-496139
-494973
-494824
-492364
-486524
-484735
-481635
-474345
-471603
-471553
-470298
-461313
-453800
-452565
-450683
-450221
-449927
-444194
-442570
-440559
-438822
-431452
-397279
-391714
-391186
-389130
-386823
-381255
-377619
-357511
-356299
-355672
-352033
-348841
-343762
-339955
-339494
-337609
-325327
-319191
-316288
-313917
-311144
-309188
-299302
-290128
-287810
-287474
-285821
-281839
-279223
-276288
-266000
-263477
-261147
-260411
-260220
-259142
-256968
-255969
-255360
-255300
-251107
-240831
-240737
-238757
-235426
-234141
-233785
-231997
-228832
-227913
-218470
-213057
-201837
-201709
-191289
-188845
-187991
-185913
-174881
-168368
-167147
-163578
-163390
-161841
-160263
-155427
-151886
-141762
-140890
-140633
-138494
-136860
-128685
-127461
-121674
-116284
-115833
-111244
-110576
-105301
-102738
-98453
-96136
-94557
-75101
-74594
-68365
-59066
-57840
-50855
-48076
-48049
-45292
-42964
-42551
-42017
-38031
-37561
-28376
-27333
-26224
-25082
-16432
-5103
-52
6628
12715
22137
27173
29920
31783
32627
36480
36935
38946
41068
42144
43194
48499
55648
60865
65075
68580
69344
72078
74314
74793
75359
80096
82586
87564
89217
93429
101239
102274
106060
110065
116288
122728
129933
131656
146493
149418
155839
164595
168640
170405
172627
182301
182761
186663
188773
193664
203605
212630
219132
220979
224907
232086
239365
240515
245587
247046
251876
254357
256942
259875
263972
269461
278332
279114
280877
281122
281277
283447
285878
287436
287718
294246
306519
306684
309889
315953
316203
317262
317414
320177
325385
328432
340889
343201
345539
346426
347791
349610
350289
350518
354336
357980
359732
359842
361408
361840
369797
376330
381522
381997
387003
387620
388676
395425
405861
429025
429688
436678
437225
438286
442643
445410
446859
448640
448841
448913
455824
464960
465150
465720
469143
478860
484018
495076
499865
504556
510530
514268
517144
518680
531663
544840
547231
549894
552642
565414
566280
567564
580588
581431
584202
585926
587878
589494
590743
592769
597296
597525
600279
600594
605811
610520
612309
632988
643715
645085
667133
668068
669446
670199
671209
677819
681239
681467
684077
687317
688083
692962
693913
699124
709716
712411
715400
730265
734597
734794
736222
742849
744220
747741
748265
750249
754656
760848
763717
763779
764556
767884
767980
777083
779622
801361
809457
815753
823064
828386
831253
831618
833093
836125
837552
839095
841596
850129
851337
851607
862504
865961
866599
867514
871309
875619
880969
886462
888119
888303
896592
904297
907998
912203
915240
918027
921570
925230
926966
928109
929233
933150
935769
937159
938690
939940
942892
943325
944489
954894
955208
967879
969794
973460
976452
983102
986338
986545
986930
987084
1003413
1006248
1006502
1009418
1012774
1012967
1013926
1017962
1019094
1036810
1039681
1043035
1043130
1064213
1068179
1068802
1069444
1069805
1071418
1073532
1074363
1084321
1097730
1101075
1101277
1108308
1109903
1119511
1123802
1130118
1131134
1136545
1138131
1140162
1143955
1144176
1151204
1155366
1157452
1174170
1174648
1184020
1184096
1185377
1190056
1191002
1191950
1192385
1197164
1204429
1207039
1211731
1219044
1229441
1234796
1236409
1242442
1242873
1253003
1253595
1253769
1255067
1264608
1264621
1272209
1274458
1286326
1287978
1290564
1292176
1294382
1296552
1297441
1298011
1302036
1307299
1307604
1312213
1314035
1319688
1323388
1323523
1324490
1325494
1329769
1335994
1350094
1356607
1360103
1361601
1361736
1363356
1371560
1373948
1374313
1383191
1383206
1384209
1394970
1400816
1415232
1419637
1421387
1422610
1429782
1429946
1434873
1436750
1437696
1437713
1440787
1447905
1450613
1457516
1457581
1461339
1462300
1470122
1470379
1475765
1476533
1479088
1480772
1482701
1484198
1491249
1500974
1502257
1505684
1515036
1517870
1532247
1538044
1538377
1545612
1548785
1550814
1553385
1565145
1583197
1588450
1588543
1599857
1609922
1612430
1617758
1619608
1619610
1624339
1632045
1633046
1635247
1636089
1659255
1662785
1667683
1672134
1682400
1682743
1693864
1697270
1700502
1700726
1703543
1704024
1705376
1705954
1709353
1721270
1728499
1731628
1734903
1738556
1739088
1745074
1745931
1755616
1763319
1784433
1786151
1788091
1796057
1798311
1799245
1802140
1803698
1810578
1826250
1831908
1834725
1835850
1839201
1839738
1855010
1856484
1859289
1862990
1864490
1865188
1866780
1868811
1874930
1879359
1885046
1885147
1888541
1890334
1891394
1893977
1897946
1899369
1914643
1915855
1917249
1917989
1921078
1928007
1930022
1931888
1933245
1936112
1938313
1940921
1944934
1953154
1955955
1960883
1964749
1968393
1969705
1970375
1973967
1976426
1978367
1984622
1990836
