-1992776
-1983117
-1982644
-1981610
-1977073
-1959842
-1959549
-1954439
-1950178
-1949829
-1945319
-1942848
-1937701
-1937615
-1928436
-1924770
-1919095
-1918071
-1916138
-1911362
-1910456
-1909389
-1903197
-1900549
-1900350
-1882262
-1880635
-1879524
-1878870
-1875339
-1865894
-1865181
-1854468
-1852822
-1852723
-1849374
-1845759
-1845107
-1843905
-1842919
-1842317
-1840183
-1839671
-1837821
-1837498
-1833600
-1833449
-1826752
-1824419
-1818510
-1813068
-1811196
-1808239
-1805917
-1803927
-1801312
-1794384
-1794258
-1791695
-1786608
-1782471
-1782135
-1765934
-1765934
-1762588
-1758274
-1756438
-1755925
-1750465
-1745729
-1743728
-1743154
-1740458
-1739843
-1735833
-1729572
-1723355
-1713966
-1706440
-1703805
-1703744
-1698858
-1697136
-1696983
-1694272
-1693836
-1691597
-1685471
-1685236
-1680124
-1677987
-1665123
-1663835
-1661064
-1659195
-1642944
-1640861
-1638001
-1637811
-1635741
-1632854
-1632397
-1632295
-1624332
-1622462
-1617227
-1616021
-1615733
-1600841
-1600573
-1600133
-1595462
-1575696
-1575174
-1571891
-1570652
-1550676
-1535242
-1528648
-1528280
-1522063
-1510180
-1504946
-1501981
-1501427
-1497853
-1487545
-1483217
-1479259
-1478605
-1470426
-1446124
-1443562
-1439200
-1434495
-1427948
-1421611
-1420307
-1412154
-1403144
-1397722
-1395075
-1384837
-1384626
-1383615
-1382524
-1365138
-1364696
-1362104
-1360955
-1353739
-1348806
-1330773
-1326155
-1317808
-1314497
-1309560
-1304883
-1302600
-1297553
-1293925
-1292806
-1288217
-1286744
-1285217
-1283004
-1282920
-1279764
-1274665
-1272155
-1255570
-1250932
-1249999
-1236451
-1227752
-1227645
-1224192
-1222720
-1214810
-1214304
-1213849
-1213110
-1212132
-1197627
-1197426
-1193128
-1190771
-1186356
-1180589
-1177150
-1176713
-1170908
-1170467
-1155253
-1154255
-1154182
-1152492
-1147573
-1146004
-1144130
-1135548
-1133738
-1130938
-1127772
-1120927
-1119198
-1117103
-1116810
-1115565
-1114871
-1108977
-1107698
-1107182
-1106240
-1105763
-1105706
-1096966
-1072862
-1072461
-1059026
-1053554
-1049768
-1038318
-1036101
-1030879
-1029419
-1028896
-1011786
-1009412
-1008421
-1008268
-1004866
-993238
-993237
-988750
-977363
-966556
-966155
-960802
-957846
-956672
-950780
-948568
-945825
-944789
-941474
-938871
-937737
-929939
-928584
-920938
-909329
-908459
-907592
-904244
-901317
-897357
-892734
-882167
-880630
-880355
-879274
-866438
-855043
-852087
-843931
-840178
-839115
-837627
-832988
-830493
-818426
-817293
-817252
-815120
-811736
-809410
-801576
-798195
-797984
-795843
-795476
-793726
-791897
-790964
-776060
-772796
-769429
-747282
-743915
-737030
-736719
-730049
-729259
-726120
-724692
-723154
-722040
-714544
-709687
-709296
-708521
-706406
-704491
-701769
-697161
-694236
-692637
-678967
-665384
-664431
-662654
-645186
-638100
-635185
-632446
-632054
-629937
-628809
-626314
-626173
-625595
-618524
-617896
-616588
-608134
-607657
-605106
-604975
-604044
-598510
-596682
-590165
-588038
-587342
-583800
-582467
-574149
-573485
-568867
-567675
-564398
-561821
-559902
-554631
-551774
-551656
-550623
-549459
-547900
-536361
-536128
-534844
-533555
-531800
-531257
-530502
-529750
-529354
-521391
-520923
-516686
-514784
-513977
-509236
-507382
-506157
-492069
-491826
-484308
-467998
-459491
-456341
-443700
-436348
-427591
-426631
-422045
-421067
-410041
-408306
-400015
-394374
-393915
-389623
-385689
-384817
-382840
-376417
-367507
-365371
-361132
-355553
-348713
-347341
-346726
-337454
-337352
-335925
-332970
-331891
-326111
-323752
-321176
-318185
-313031
-312695
-309967
-296161
-295109
-291311
-291017
-290848
-286514
-283886
-276590
-268757
-261522
-251271
-243814
-242373
-242182
-241898
-237574
-233114
-231961
-226538
-224324
-224187
-214965
-212629
-207454
-203655
-185344
-181835
-177194
-176868
-176375
-173876
-170051
-160588
-157261
-146800
-145795
-141681
-139957
-128556
-124774
-123336
-121622
-111580
-111350
-109010
-108622
-104435
-104256
-100621
-98874
-96342
-88272
-87574
-83516
-83163
-82949
-80232
-79142
-77988
-77856
-73496
-70734
-62320
-56060
-55629
-52104
-52047
-48553
-45981
-38512
-38061
-37506
-28233
-25916
-25226
-18248
-17266
-12860
-6667
-4142
-3764
17287
18983
20571
26317
26344
28179
29037
31066
36235
42240
45959
60281
60720
71205
72093
73857
76028
79824
80921
81627
86104
87503
89854
96521
100029
102195
104533
106925
112192
112813
116313
120095
124487
127493
127960
128950
138151
141943
142847
150336
150389
153212
154288
157008
159404
159725
159839
162529
162558
162952
164106
165500
176012
178230
178266
182429
183302
184798
193484
195837
197451
199981
200842
208771
216238
217067
218833
231895
245819
264224
270042
275533
280104
281507
287740
294351
296310
306161
321059
321139
321320
336825
349494
351072
354391
366487
372072
375578
380319
381965
392430
397053
400382
404976
407020
407531
408190
409647
411333
412465
412754
415078
423566
442928
444017
451398
451492
454638
466043
467723
469883
470293
483142
483467
500819
501013
508716
514001
519614
522270
529964
532345
536426
539573
543451
546832
547134
554561
554862
556377
561781
570939
573734
576267
578805
579069
582875
583517
583567
588682
593402
594240
595649
600074
600812
603661
604989
606119
607128
607850
611328
613977
616412
616842
619337
622467
628889
630718
633721
636410
636784
638035
643070
645652
654304
656277
659287
662180
664402
672156
677828
696639
702544
714770
715036
716968
717857
720359
720391
722431
722447
724377
724548
725016
725064
725655
730759
738769
738798
739349
740749
742824
743841
745272
745730
748240
754148
763007
766055
767984
768247
770809
773213
775939
775957
776145
783843
798911
802973
803303
804822
806926
819198
820590
822181
839191
847973
852609
852657
852963
854542
860382
860390
867535
868385
869920
893948
897852
898442
904025
904341
908773
912574
912930
917912
918283
929211
931091
933989
935359
937065
938339
949161
950042
950082
950583
952149
960582
962022
965644
968550
979537
980910
985338
986188
986833
987708
991092
992778
1005074
1008675
1011049
1013491
1014225
1015764
1016830
1019393
1025519
1026963
1029899
1040314
1053806
1054767
1060429
1061076
1062425
1062854
1064283
1068648
1068904
1079850
1084632
1092276
1099393
1099526
1105560
1108650
1109579
1128393
1134735
1135057
1140637
1146244
1146818
1149199
1157318
1157332
1157647
1158417
1166694
1166870
1172443
1172885
1175022
1175692
1177343
1179507
1183643
1184608
1184909
1184985
1188791
1189846
1191128
1201968
1207033
1210060
1217387
1217910
1218790
1219038
1236867
1236971
1239614
1240936
1257406
1258383
1259137
1260960
1264264
1264644
1266454
1267428
1267443
1276102
1278038
1283018
1294064
1298427
1298628
1303953
1308339
1308594
1314367
1315317
1316284
1318015
1318268
1320513
1325215
1325727
1328510
1332352
1340857
1342305
1345159
1347656
1348065
1351079
1353094
1353519
1359560
1367542
1369338
1371560
1373519
1373954
1376293
1380297
1381985
1388956
1402452
1404952
1407858
1415409
1419392
1421820
1424276
1424501
1426843
1435992
1445125
1451005
1454433
1460696
1461215
1462281
1462509
1463163
1468286
1470714
1473752
1474443
1474618
1489107
1495436
1497621
1498930
1500759
1501540
1516566
1521522
1523445
1530120
1532842
1539068
1540056
1543978
1544283
1544757
1546349
1549152
1556467
1557066
1562182
1562735
1563106
1568561
1574131
1574780
1584262
1584323
1588596
1589895
1591378
1598350
1598384
1601349
1602336
1611531
1614355
1616991
1622148
1624278
1626194
1635858
1637095
1637241
1641008
1642063
1642302
1646303
1648246
1664638
1677354
1685379
1685539
1690104
1704182
1716013
1718437
1719727
1720770
1728446
1730225
1737505
1740123
1754442
1755496
1758428
1759724
1761731
1763543
1765837
1772106
1776135
1783408
1798597
1800326
1805228
1809998
1813574
1814573
1820959
1824675
1828585
1836383
1849717
1854817
1857653
1859189
1860185
1871990
1874207
1875035
1876827
1882734
1896836
1907772
1911189
1916657
1924176
1924330
1924874
1926284
1936281
1936562
1943925
1947445
1947935
1949229
1951896
1958209
1960128
1966731
1973761
1984198
1985785
1988543
1996500
1999184
