-1996053
-1989847
-1988222
-1988092
-1987352
-1986668
-1984115
-1982074
-1981958
-1981767
-1979745
-1972188
-1972035
-1970638
-1963866
-1959333
-1958605
-1948402
-1944238
-1942818
-1941783
-1940528
-1934312
-1928059
-1921702
-1918963
-1918086
-1912352
-1908603
-1908401
-1901712
-1895819
-1886911
-1880608
-1877093
-1873996
-1871584
-1871168
-1868367
-1862516
-1861231
-1859839
-1857999
-1857848
-1850643
-1839435
-1827405
-1820822
-1816728
-1814601
-1810844
-1810193
-1805469
-1802379
-1801347
-1795995
-1793822
-1792185
-1791902
-1789145
-1788879
-1787180
-1786700
-1784657
-1783185
-1781913
-1771301
-1770192
-1763940
-1756778
-1756599
-1754354
-1751725
-1738991
-1738900
-1724916
-1723195
-1717544
-1712955
-1711253
-1707844
-1704937
-1704084
-1703437
-1703319
-1702027
-1701531
-1701212
-1698609
-1689426
-1680744
-1669442
-1662166
-1661007
-1658377
-1649630
-1646421
-1633681
-1633170
-1620159
-1614255
-1607737
-1607310
-1606679
-1604619
-1601735
-1601462
-1599245
-1589397
-1584168
-1581616
-1574992
-1574686
-1574520
-1571792
-1565423
-1559975
-1559709
-1558771
-1552361
-1552090
-1550960
-1539704
-1530229
-1526616
-1524827
-1522920
-1522752
-1522684
-1517079
-1516001
-1502780
-1502502
-1498888
-1496218
-1491718
-1483609
-1469813
-1463541
-1458653
-1445716
-1443377
-1442119
-1432705
-1430040
-1429804
-1428490
-1427058
-1411799
-1405064
-1403328
-1396596
-1395637
-1392419
-1384057
-1382287
-1380661
-1379160
-1377845
-1377437
-1375439
-1368563
-1366914
-1361485
-1357804
-1357588
-1354910
-1348028
-1346967
-1342267
-1335015
-1333850
-1327754
-1320829
-1315725
-1313574
-1312530
-1310117
-1304846
-1302444
-1294645
-1291020
-1290490
-1290360
-1287712
-1286542
-1284202
-1283974
-1279015
-1276734
-1267200
-1264401
-1261002
-1256459
-1247684
-1245193
-1242345
-1239465
-1236884
-1234426
-1225690
-1224358
-1215237
-1212670
-1209606
-1209339
-1204630
-1197556
-1195039
-1191962
-1189813
-1189639
-1186621
-1185174
-1175347
-1169417
-1160884
-1160531
-1157341
-1155781
-1154619
-1152111
-1151314
-1145562
-1142435
-1128828
-1121493
-1120719
-1117179
-1114286
-1113419
-1108451
-1103536
-1096439
-1095732
-1090580
-1087659
-1075681
-1074253
-1072797
-1070716
-1067850
-1061370
-1050952
-1049154
-1048265
-1048113
-1046165
-1031546
-1019610
-1018338
-1016722
-1013084
-1011006
-1004604
-999252
-998425
-995857
-995689
-993704
-993315
-991509
-983145
-980179
-974590
-965749
-957697
-957474
-950519
-941569
-938110
-937324
-935031
-934546
-931980
-930494
-925139
-920673
-918322
-912729
-906818
-900951
-896576
-891310
-890110
-888453
-888347
-882541
-881383
-881061
-871151
-865731
-852214
-850564
-847132
-846134
-844113
-843116
-842933
-840275
-836540
-833753
-831914
-831538
-822242
-821385
-817572
-812025
-807799
-805581
-804397
-800848
-800379
-797641
-785808
-782272
-777808
-775616
-768214
-765210
-761490
-754356
-749044
-746012
-731844
-722520
-721070
-715182
-707535
-704720
-702534
-695839
-692291
-691662
-690731
-688492
-686016
-685797
-682168
-681884
-677860
-676877
-668927
-668345
-668230
-666546
-661288
-659260
-652393
-649506
-649272
-649028
-643852
-640868
-639027
-622822
-620327
-618718
-613867
-609756
-603376
-600524
-600242
-600174
-596463
-592225
-585729
-576298
-574631
-572014
-565920
-565511
-561192
-559295
-556348
-549529
-541762
-541283
-539849
-534177
-533021
-530659
-530608
-530475
-526990
-526000
-524726
-523644
-522734
-519742
-517243
-515376
-503768
-498902
-496527
-491750
-489571
-485403
-482770
-481257
-472309
-460067
-458966
-452309
-450797
-450546
-445179
-442085
-440064
-433881
-431940
-424344
-420130
-419984
-416520
-413096
-408469
-401337
-395786
-389975
-383554
-380173
-375866
-374457
-372823
-371409
-370656
-366273
-364914
-355439
-346828
-345292
-344697
-343080
-342599
-341864
-340140
-331083
-327142
-315618
-310355
-305894
-303247
-301936
-301260
-298764
-295449
-294850
-284380
-283041
-275432
-263797
-259846
-259575
-240543
-234986
-232282
-230609
-224220
-220530
-215800
-215715
-214654
-213767
-213648
-210654
-210271
-203745
-196661
-188037
-176622
-175082
-168279
-159880
-157621
-150653
-145594
-145304
-144848
-139036
-131804
-126728
-123269
-122831
-121131
-116478
-108707
-106430
-105734
-102551
-102108
-95824
-95337
-90811
-88549
-80662
-80367
-76111
-75937
-72708
-67415
-58683
-45196
-34634
-28689
-18156
-13653
-10909
-4250
2000
2627
5273
6965
8320
8867
12773
13387
15645
18006
28371
32354
35893
40098
41847
42404
42827
44180
44390
45288
48358
58352
60146
60753
65029
65255
68482
70178
73666
76355
81402
84414
92357
94040
97281
98262
106004
107412
107479
128820
132060
133994
135197
142850
143738
152724
156492
156852
159001
167549
169818
178217
187814
202052
209767
216459
218075
219795
226115
226581
227437
228877
235360
248430
250952
251368
264265
270402
275817
279001
291886
294289
300486
305668
306877
307077
311048
313558
316962
318252
325528
327944
337500
339348
344996
349989
353035
356503
358991
361058
361377
366509
382208
388695
394379
399747
407569
409017
411379
412568
419854
420654
424016
427793
431182
434142
460689
463668
464892
468469
472973
475255
478781
481203
483161
494348
495549
500979
512722
514604
516014
516560
517882
520186
529940
530808
540779
541758
546505
549550
550017
556035
560368
561453
563116
568522
568689
569706
577145
586668
593811
600593
609350
610675
612326
615606
625674
633140
636151
638211
640914
644111
651103
655247
666030
670383
671873
674248
678724
678817
690577
695765
699942
701587
702830
706826
713400
723713
725429
727722
743123
747953
750315
755291
755296
755591
761954
762063
768054
770315
772639
780639
781530
782420
783162
783251
790295
790694
801230
801758
801932
807525
807968
811337
812686
819926
826979
827638
835542
838795
852673
854628
854933
858075
858982
863810
876515
877061
879397
884812
887105
887324
897372
898131
901749
915750
919140
919359
925391
925872
930849
931230
932459
932678
946660
948736
950370
960895
969812
970657
970874
973730
975291
979887
980926
983754
984115
997711
997808
1002305
1006813
1007797
1008886
1012632
1012716
1015159
1018550
1023547
1027494
1035206
1042364
1044594
1052702
1055979
1063261
1064358
1068444
1073478
1079479
1088367
1092116
1093831
1093866
1096625
1098303
1098884
1100773
1100852
1102834
1110530
1118595
1121097
1125202
1134452
1146938
1151876
1153884
1160680
1160720
1174327
1176458
1180895
1182950
1183711
1187674
1198555
1203768
1207738
1209520
1215131
1220697
1223490
1223833
1226213
1226227
1226918
1227918
1229037
1232662
1235239
1238517
1240473
1245055
1248762
1251151
1255172
1258679
1260683
1263773
1265186
1271238
1273947
1278904
1280376
1288355
1293811
1305054
1310091
1318387
1332372
1337920
1338461
1339359
1340273
1344707
1346913
1350239
1360669
1361358
1386064
1390981
1393182
1396721
1399353
1404565
1409078
1410485
1414970
1418468
1419423
1422073
1422534
1424194
1424642
1436551
1436826
1444973
1450242
1451644
1455264
1463681
1473619
1475078
1488308
1499266
1501615
1503112
1504802
1510584
1511920
1512280
1512639
1517077
1525277
1530937
1533379
1534699
1548138
1548658
1555011
1564202
1564628
1565261
1570922
1573465
1579300
1582637
1587135
1596030
1602164
1603310
1616602
1629242
1630006
1630242
1632677
1634078
1636139
1639281
1641442
1645942
1649878
1658711
1663160
1663664
1669930
1672093
1676701
1677822
1683414
1688398
1692854
1696750
1709993
1713395
1714064
1715595
1716063
1720673
1720921
1721028
1721876
1726607
1731101
1731646
1732130
1733449
1734200
1735451
1738496
1742313
1744116
1754524
1770317
1772697
1774215
1786912
1787076
1788570
1794838
1797012
1798659
1803425
1807284
1815691
1818477
1819618
1820487
1820694
1829744
1831347
1836060
1844346
1846339
1846916
1848028
1848931
1853690
1854462
1854780
1858235
1863036
1863336
1865405
1867851
1868578
1873170
1874868
1875348
1877994
1882733
1885863
1892931
1894237
1904430
1908214
1908472
1911425
1919404
1921307
1932645
1935225
1936555
1939213
1940834
1948024
1949866
1958214
1974177
1974803
1975374
1975602
1978241
1979705
1980096
1981267
1983293
1987881
1992305
1993258
1998591
