-1984804
-1973768
-1972395
-1972084
-1968506
-1965014
-1964335
-1962566
-1959412
-1957257
-1955898
-1953309
-1949060
-1948377
-1946426
-1941973
-1938710
-1936138
-1934002
-1933463
-1930276
-1925282
-1918402
-1912912
-1905364
-1902455
-1902215
-1899400
-1898921
-1892088
-1889174
-1887297
-1887142
-1885713
-1880926
-1879489
-1877064
-1874773
-1874765
-1863095
-1858370
-1856056
-1855114
-1854521
-1846882
-1842662
-1837103
-1834328
-1834050
-1831963
-1828304
-1805260
-1800096
-1797509
-1793046
-1792735
-1792214
-1785093
-1780187
-1778456
-1777910
-1777708
-1774651
-1774588
-1771400
-1766834
-1759101
-1755858
-1754521
-1750989
-1748689
-1748240
-1747706
-1745482
-1745213
-1741472
-1734043
-1729930
-1728615
-1728557
-1715750
-1711418
-1710916
-1704481
-1696556
-1691657
-1690268
-1689982
-1686776
-1685669
-1680942
-1679442
-1673603
-1669356
-1668642
-1668180
-1667292
-1665827
-1649463
-1648912
-1648085
-1641884
-1641412
-1635675
-1623635
-1618192
-1613780
-1613245
-1599493
-1595940
-1595074
-1590836
-1582934
-1582863
-1578488
-1567235
-1559410
-1557725
-1550279
-1546682
-1545486
-1545024
-1544299
-1541879
-1536804
-1533378
-1528480
-1520949
-1514634
-1508962
-1504294
-1503863
-1502206
-1499533
-1496446
-1495301
-1494383
-1493700
-1492483
-1486467
-1484920
-1481424
-1467802
-1459795
-1459481
-1459380
-1455261
-1449421
-1447682
-1444145
-1440353
-1438425
-1434209
-1424260
-1407725
-1407479
-1406853
-1399530
-1396961
-1396537
-1395436
-1395316
-1395296
-1390983
-1388662
-1388414
-1387478
-1386475
-1380121
-1376051
-1368082
-1365538
-1363319
-1361343
-1354947
-1349249
-1347859
-1341514
-1331317
-1324292
-1308796
-1307931
-1304489
-1301853
-1298910
-1290823
-1287759
-1279081
-1273487
-1267814
-1264170
-1261941
-1259232
-1258368
-1258027
-1249976
-1249412
-1240278
-1234315
-1220045
-1220004
-1217689
-1210859
-1210526
-1210001
-1199525
-1199485
-1198227
-1196754
-1196500
-1191584
-1178602
-1169570
-1158517
-1158266
-1149829
-1141740
-1108615
-1104692
-1074026
-1062901
-1058432
-1047200
-1044941
-1041366
-1041031
-1033993
-1027593
-1027275
-1019002
-1015753
-1012609
-1006899
-1006510
-1002881
-1001075
-997374
-972326
-970702
-959933
-959422
-955339
-950373
-944461
-944265
-943091
-938088
-935577
-935067
-925560
-924235
-918901
-911573
-904949
-904553
-900570
-891631
-885985
-881719
-880499
-876364
-871262
-868514
-868351
-867504
-866792
-866750
-858319
-854650
-854124
-853372
-851494
-849007
-847936
-846644
-844575
-843004
-840414
-833610
-822986
-817378
-811393
-794143
-785580
-784946
-782174
-779271
-773664
-767721
-759194
-750654
-747748
-742828
-740451
-736009
-724654
-715265
-704052
-702447
-700285
-699876
-694268
-692491
-689283
-689105
-688817
-688037
-685868
-685478
-683008
-672462
-671941
-671718
-670143
-658599
-658002
-657104
-647101
-636866
-635119
-626320
-619748
-619586
-608082
-606596
-603558
-595986
-587126
-585690
-585321
-576966
-576462
-568046
-567731
-565441
-563264
-562815
-553945
-549007
-545643
-544463
-536741
-527444
-521729
-520087
-519709
-518939
-517972
-516321
-512221
-512071
-509157
-507212
-506711
-498370
-488942
-487453
-482888
-482749
-478376
-478279
-473617
-472888
-463594
-461835
-461131
-459622
-454040
-445521
-439098
-436625
-436143
-435338
-434802
-424187
-420026
-418614
-415869
-412086
-410920
-405807
-405308
-403366
-397031
-396193
-396120
-390006
-383752
-380203
-378302
-369786
-367735
-367498
-367177
-364448
-356563
-356318
-346632
-343359
-342095
-341560
-340228
-336351
-333651
-330811
-330563
-323753
-322377
-318102
-309127
-308970
-304998
-303334
-299677
-296863
-295723
-286565
-275206
-269153
-252019
-243192
-241777
-241003
-238502
-238443
-237278
-236468
-235104
-207136
-204373
-203870
-201159
-200198
-197144
-190036
-182245
-179647
-176494
-171592
-168715
-167759
-167074
-166669
-165599
-158764
-157306
-154925
-151963
-143960
-135425
-135244
-130448
-126658
-119334
-114611
-113502
-105620
-105402
-93446
-84120
-83665
-79636
-79526
-79182
-72620
-67283
-59798
-57640
-56776
-52890
-46556
-44719
-40973
-37551
-36885
-29617
-24384
-21690
-21096
-16639
-13923
-12769
-2949
266
10102
10822
12631
16109
18256
18784
20749
24233
31257
34635
43083
45680
46258
52500
59183
59879
60051
63083
64360
65043
69285
74795
76428
86398
102798
105906
105922
106294
106390
108682
110417
110947
112545
113189
113331
115085
119799
121958
124310
124861
126289
133832
135156
147732
153406
155300
157968
161121
162380
163344
177211
179267
180856
193721
193932
196292
200706
209438
215375
215535
217915
218308
222436
230457
237100
239039
239666
240528
241581
241720
242033
245833
247266
248963
250455
250784
263540
272131
277233
277755
281613
282637
283600
285897
286708
292903
293487
296944
300555
303923
304359
305180
319623
320188
321086
341354
341429
343322
347719
349871
350511
357680
359691
362433
368220
370339
372854
376190
377192
380036
381654
382664
386845
389387
393410
398986
402346
411618
432549
436788
441221
443155
443196
446733
454998
459825
462035
464059
466712
470613
477435
478010
481528
484479
488312
490040
496830
497351
499133
499360
503513
505857
506071
511892
512872
514672
516505
524989
529052
529741
534233
534620
544308
545737
545829
549260
549943
560217
561722
563375
563657
564982
565445
568959
573852
574295
574854
576085
585997
588671
599899
604707
610994
611884
620151
621379
623368
625521
628765
631496
635097
640517
641181
645133
645464
646068
650182
650909
656651
661245
679624
679794
680355
682260
684181
687572
688411
692452
693315
703119
711409
712063
717122
717154
721557
739275
748735
773661
781248
784256
792949
809041
814089
818487
820289
820548
831406
836312
839852
842852
847543
849728
850419
864578
866956
872395
874609
875715
878581
881821
882866
886838
890584
890654
896409
897146
909765
911852
916008
917804
918165
928234
928956
928990
937120
937477
937610
938208
938259
939694
944409
944512
946964
947636
951036
951091
951918
965120
965650
966112
968721
968882
972331
978501
982395
982996
987351
989638
990029
993633
996413
997623
997946
998668
999165
999812
1001789
1004044
1018140
1020643
1025468
1036270
1040968
1044224
1044289
1048366
1049361
1052366
1052499
1055113
1055230
1058517
1062769
1066371
1067829
1076894
1090540
1091362
1092414
1094030
1097345
1103501
1105190
1110731
1110761
1112334
1112895
1117758
1123212
1123672
1125149
1133516
1135970
1139405
1140476
1140904
1150887
1156946
1157488
1171182
1173598
1178828
1182407
1183328
1186406
1193095
1193594
1197599
1197781
1197954
1201698
1203940
1205710
1209274
1221904
1225213
1227772
1233081
1236211
1239146
1243609
1243987
1248277
1251121
1254156
1255315
1257121
1262216
1273835
1274529
1275988
1279114
1281162
1283019
1283458
1286961
1289858
1290335
1313696
1317642
1320493
1321374
1325469
1330522
1330697
1338771
1345743
1346150
1356147
1362666
1365892
1367843
1368675
1375337
1375570
1382194
1389507
1390329
1393143
1395530
1399697
1414386
1416881
1417689
1417770
1423437
1437472
1440286
1450368
1456975
1457225
1461054
1463236
1465046
1465270
1468635
1471781
1471998
1481669
1482227
1483934
1487937
1496294
1499967
1510104
1511319
1512022
1513497
1518713
1528470
1534525
1534720
1538135
1547186
1548195
1550421
1554948
1556506
1556597
1558307
1566426
1573872
1576351
1603904
1608594
1609690
1610706
1621168
1630588
1631816
1634278
1638653
1644298
1647309
1647971
1649792
1651538
1654561
1656570
1665958
1668634
1673573
1674450
1682642
1684381
1684614
1691497
1697640
1704995
1705387
1705864
1706751
1721878
1724765
1734437
1736591
1736807
1742304
1746406
1753288
1753832
1764106
1764732
1773453
1784861
1787878
1791896
1794161
1794717
1795942
1797656
1798440
1802598
1807791
1809411
1811848
1812091
1818895
1823559
1826212
1828078
1832419
1834144
1837763
1847699
1850090
1850220
1852540
1855932
1858213
1869082
1877357
1881340
1881683
1890301
1891987
1892222
1894971
1897633
1910047
1931027
1938007
1941095
1941310
1951400
1959173
1962062
1974724
1976407
1978999
1985120
1988018
1989032
1992806
1999432
1999914
