-1989893
-1987371
-1980864
-1976807
-1975783
-1975618
-1968406
-1964034
-1962373
-1960621
-1957552
-1948344
-1946620
-1940875
-1935886
-1924487
-1920415
-1920233
-1917240
-1913264
-1907445
-1892396
-1891541
-1880145
-1878202
-1850782
-1850561
-1847984
-1844246
-1841923
-1830899
-1828267
-1827729
-1824441
-1820672
-1818701
-1810827
-1809964
-1807978
-1805774
-1800024
-1798156
-1797843
-1785350
-1783499
-1782283
-1782105
-1782034
-1781842
-1769543
-1769400
-1765005
-1759477
-1756242
-1754420
-1751422
-1750826
-1747957
-1740741
-1731240
-1730434
-1724939
-1723314
-1720117
-1719318
-1712816
-1712271
-1711648
-1704544
-1703094
-1698790
-1697271
-1692572
-1692432
-1687453
-1684373
-1664747
-1659826
-1659098
-1657518
-1657323
-1646114
-1644402
-1640116
-1639621
-1629329
-1622412
-1616827
-1612527
-1611454
-1609399
-1597482
-1595160
-1591625
-1589701
-1588097
-1587509
-1573772
-1572546
-1572177
-1570368
-1567390
-1567179
-1566986
-1566281
-1564830
-1554429
-1550658
-1549699
-1547373
-1539179
-1532078
-1528375
-1526260
-1523408
-1523171
-1511034
-1505457
-1489701
-1486643
-1486164
-1485423
-1483659
-1473286
-1472081
-1471201
-1470982
-1463930
-1461665
-1460360
-1455599
-1451615
-1446381
-1434533
-1428934
-1428379
-1424051
-1412687
-1404983
-1402904
-1402868
-1393890
-1393410
-1392991
-1391152
-1389706
-1387887
-1387726
-1384153
-1381798
-1379956
-1377530
-1375865
-1366480
-1365055
-1364881
-1360628
-1350445
-1349720
-1340671
-1338846
-1336189
-1332091
-1324554
-1324169
-1323051
-1321927
-1317032
-1316827
-1310175
-1308752
-1307429
-1305733
-1305486
-1286136
-1284267
-1272047
-1264216
-1261038
-1260276
-1254178
-1254008
-1244583
-1243666
-1240227
-1237811
-1233666
-1217903
-1215341
-1211970
-1211715
-1207517
-1206173
-1201541
-1201091
-1191552
-1189055
-1185632
-1184000
-1177601
-1171810
-1167863
-1162633
-1156007
-1153535
-1152526
-1142996
-1140388
-1136674
-1134848
-1134023
-1133448
-1128477
-1121318
-1119610
-1115332
-1101619
-1098549
-1097940
-1081048
-1074283
-1072433
-1068849
-1064504
-1060647
-1059892
-1056728
-1055192
-1051472
-1050381
-1050103
-1044497
-1043788
-1043095
-1041588
-1040902
-1034035
-1032047
-1022264
-1021360
-1015157
-1012015
-1010848
-999605
-995863
-993374
-990298
-989770
-989152
-988855
-983207
-981216
-978010
-977662
-972478
-964733
-957014
-956643
-955427
-955095
-954322
-952641
-951548
-937175
-932247
-927751
-926140
-925803
-913982
-907958
-901615
-899084
-895070
-889425
-882243
-879350
-874119
-872505
-870164
-868666
-867464
-866819
-866522
-862204
-860001
-858294
-854452
-852760
-846652
-845280
-840007
-833342
-829918
-827525
-827011
-826268
-819174
-815100
-812575
-798155
-795955
-795276
-791210
-777478
-776884
-775127
-769243
-765031
-756997
-756579
-755014
-752006
-744294
-740976
-734410
-730308
-726352
-717581
-714140
-706548
-706285
-701539
-691188
-688204
-688201
-685891
-685320
-683243
-678396
-676577
-669619
-664969
-664744
-648656
-646294
-642308
-641633
-638242
-636674
-635692
-630823
-628416
-627985
-626863
-624217
-613720
-608320
-607691
-604291
-599811
-599062
-591734
-588002
-587175
-585722
-582901
-578761
-577474
-574758
-571349
-569907
-565590
-558225
-551914
-547706
-544062
-542447
-536837
-534899
-531333
-524205
-518810
-517964
-511685
-508482
-502754
-493529
-491434
-491263
-490629
-486493
-484237
-483292
-482812
-478379
-477909
-473793
-473460
-459837
-448661
-446660
-446035
-438655
-430809
-430457
-428757
-421002
-419561
-416893
-414764
-410810
-405196
-398107
-395537
-388469
-379496
-377926
-374719
-370606
-370221
-367796
-364186
-363566
-363416
-361568
-360365
-357745
-356719
-355870
-350657
-347925
-346412
-344958
-337012
-335345
-330599
-328564
-320716
-316601
-313732
-308986
-297482
-293212
-289392
-287290
-286968
-283369
-264901
-262722
-249903
-249353
-248054
-244058
-243778
-240357
-234850
-229280
-224650
-224136
-217177
-210549
-206164
-194803
-194577
-192936
-181547
-176950
-175495
-174098
-169965
-169299
-166828
-165032
-164416
-156629
-145213
-136194
-133039
-131224
-130409
-124859
-123005
-120570
-106701
-104588
-99151
-98579
-97564
-96993
-90171
-76218
-68373
-63581
-63449
-54556
-50495
-50419
-44299
-43895
-41680
-37573
-35596
-30956
-29475
-15467
-14140
-10062
-6535
1651
1803
3235
14028
14198
15435
16764
18909
23356
24714
29155
31116
31837
42965
48160
49252
49723
58506
59457
61096
63309
65538
67742
73557
76113
80301
81644
82554
83996
94737
105519
108559
111371
112071
112604
117723
117853
122311
127950
143642
145543
146436
150190
155174
159077
161323
161588
162792
171922
176674
185964
188348
196933
197574
199157
200990
202918
204399
206699
207790
210431
211752
213239
216511
225990
232052
238113
243657
245483
248340
251614
251622
262120
265276
266485
266805
277574
279951
282314
283049
283790
283803
285296
290291
291400
302669
316745
324793
330497
333111
335457
337922
354888
359807
365418
370004
377971
381772
384412
385362
388293
390604
397504
401975
413889
414716
414797
419463
426690
426740
427269
428366
428545
431906
441631
446914
452736
456082
457663
459715
461019
465448
468855
470128
472662
479493
481640
484158
489651
518409
523793
527345
534154
536808
537303
539479
540529
541941
567393
575686
577251
577324
578618
581560
588100
594825
606426
608878
613069
630809
641177
644069
645320
655937
657560
662939
674433
675314
678396
680673
688479
689730
692216
695660
697266
705065
705644
710588
711212
711603
722812
726231
728345
743783
743823
745511
748858
749678
751624
752377
752736
753401
758101
765906
767500
770181
776774
779624
779939
783866
795575
799077
800032
801231
805494
815149
815245
819475
823525
828833
869087
874360
877564
879071
885679
889431
889583
890603
891341
891622
901376
908242
909547
910882
912691
913542
917086
917858
919990
920928
926855
927612
933468
934611
942027
949504
951697
956217
956774
958382
959229
968290
970571
972102
977371
989735
991077
991193
999083
1002145
1003826
1010025
1018696
1024169
1024873
1030900
1036864
1037269
1040780
1044315
1048606
1051134
1062496
1070208
1073870
1075621
1076836
1077541
1082426
1084281
1085900
1088635
1095251
1095421
1103761
1104040
1104218
1104678
1108236
1109317
1127784
1129823
1138807
1138936
1149242
1153363
1153797
1159270
1171886
1176541
1178506
1186767
1187458
1190654
1205582
1208223
1218907
1220163
1224560
1225154
1226591
1244524
1244696
1244791
1244848
1248206
1248789
1250416
1267717
1269335
1272500
1273241
1276850
1278926
1279699
1280592
1284015
1285353
1287198
1297244
1298727
1306046
1306806
1309793
1313317
1313346
1313467
1314669
1315059
1319054
1323142
1327366
1327631
1333241
1336760
1342005
1346849
1347256
1348971
1350124
1352241
1360855
1361307
1362662
1368083
1369743
1378867
1379750
1380361
1390990
1396577
1397961
1400897
1401374
1410004
1418877
1422611
1422794
1425220
1425489
1428271
1428316
1429472
1438236
1439158
1440152
1442384
1445577
1446450
1454066
1457787
1465854
1465889
1468583
1472688
1473600
1474018
1476230
1484311
1489043
1492785
1498297
1498527
1501848
1502303
1510047
1511790
1513729
1519581
1528702
1529987
1530852
1533595
1541272
1544116
1545309
1548728
1549339
1556605
1562265
1562442
1573064
1574275
1578946
1580246
1581741
1583169
1598450
1606266
1606425
1607080
1614318
1614918
1615205
1615547
1620285
1638907
1646139
1647557
1662235
1666508
1670746
1681800
1684514
1686889
1688050
1695391
1699283
1707487
1708032
1714077
1714089
1714391
1716432
1717265
1718507
1723507
1723896
1730880
1731490
1731805
1734441
1736384
1736478
1738046
1747869
1748701
1749190
1753987
1755627
1756476
1765158
1767938
1775577
1787039
1787896
1790680
1791182
1792528
1795079
1798024
1805626
1807942
1809107
1814400
1815251
1816284
1820072
1823263
1824330
1837916
1838605
1846819
1852170
1853334
1854814
1855097
1857253
1859765
1863849
1866637
1871243
1884346
1888702
1890119
1893022
1898724
1898980
1908174
1912861
1921165
1927702
1928106
1934310
1934323
1936196
1937690
1937825
1944648
1945503
1966319
1967734
1969194
1973033
1978676
1982768
1985524
1986731
1989994
1990103
1990209
1996954
