-1998046
-1996110
-1992878
-1988305
-1986797
-1985784
-1978255
-1975225
-1974845
-1969977
-1964556
-1958597
-1957675
-1951255
-1950625
-1949852
-1949081
-1948533
-1939493
-1934123
-1929134
-1927295
-1925772
-1916815
-1915636
-1913069
-1911133
-1903241
-1898921
-1896108
-1894048
-1893818
-1893657
-1888404
-1886022
-1884268
-1876275
-1868755
-1865376
-1865311
-1864445
-1863908
-1863573
-1860592
-1853855
-1848626
-1842434
-1841725
-1833606
-1833237
-1831490
-1820284
-1818315
-1817807
-1813955
-1811415
-1803810
-1801934
-1800155
-1799411
-1796096
-1795866
-1791318
-1788785
-1782682
-1777271
-1765701
-1762531
-1757550
-1756586
-1753784
-1749128
-1744843
-1731855
-1727410
-1718758
-1717295
-1714084
-1707889
-1707070
-1706116
-1701931
-1698698
-1694377
-1678924
-1673442
-1670880
-1667814
-1663552
-1657242
-1653554
-1648334
-1635990
-1635955
-1635536
-1631955
-1628256
-1627009
-1621429
-1615251
-1603210
-1597049
-1592691
-1588557
-1587688
-1587685
-1575927
-1568223
-1555346
-1547534
-1544453
-1540202
-1534125
-1528211
-1528181
-1524903
-1522570
-1518843
-1517361
-1513684
-1513620
-1504947
-1503535
-1502810
-1502565
-1496714
-1484380
-1483746
-1480607
-1476474
-1476292
-1469122
-1464156
-1459528
-1456729
-1450973
-1448600
-1439712
-1438879
-1437862
-1435382
-1434583
-1434394
-1432701
-1428958
-1415207
-1413735
-1413048
-1406514
-1399107
-1397522
-1389972
-1385520
-1377748
-1374939
-1369645
-1363047
-1359630
-1358355
-1357897
-1349967
-1338299
-1330819
-1330350
-1309836
-1309512
-1304108
-1302113
-1294869
-1288712
-1281497
-1277320
-1276184
-1275200
-1266231
-1257795
-1248801
-1248119
-1241594
-1240248
-1240166
-1239246
-1234322
-1231005
-1227133
-1226597
-1223974
-1217941
-1217431
-1206589
-1201459
-1195064
-1184249
-1174751
-1172567
-1172235
-1169442
-1166465
-1166291
-1158571
-1156492
-1149779
-1149416
-1149097
-1149046
-1148636
-1145256
-1140561
-1139344
-1135521
-1133848
-1122291
-1120636
-1106744
-1106118
-1105026
-1100088
-1099036
-1095812
-1082717
-1076479
-1074563
-1072044
-1069067
-1068884
-1068812
-1066242
-1053515
-1049845
-1042269
-1039772
-1038543
-1033567
-1033063
-1031156
-1029061
-1027444
-1020605
-1019800
-1019086
-1013990
-1012624
-1011924
-1008964
-1002283
-1001774
-1001080
-986338
-982440
-982263
-974053
-973911
-972862
-967600
-958958
-954256
-953714
-952463
-951009
-949168
-945780
-933098
-919572
-907222
-906384
-905963
-905762
-903068
-902802
-901179
-899581
-890592
-890452
-885928
-875713
-869204
-864625
-853530
-848684
-844946
-841659
-838748
-838207
-836366
-836267
-834758
-834020
-832510
-832059
-832052
-830907
-812886
-805874
-804508
-804202
-799981
-799811
-799255
-799007
-794594
-789351
-786286
-777968
-775787
-774245
-772891
-772095
-769639
-769428
-766942
-766677
-762466
-762365
-754647
-753645
-750565
-742820
-741347
-736996
-734952
-733605
-731264
-730189
-724243
-723900
-721178
-719469
-718101
-716923
-715296
-714985
-712295
-709896
-708243
-703858
-701365
-699208
-697185
-694887
-682612
-671953
-669335
-662964
-662325
-660609
-659901
-650689
-649691
-645112
-643305
-628334
-627901
-624531
-622995
-614240
-604259
-602120
-600288
-596362
-595769
-594770
-582269
-581437
-580782
-576566
-575684
-571043
-568365
-567593
-567554
-566240
-565573
-551421
-550404
-549100
-543462
-541980
-538414
-535355
-535184
-525024
-524551
-521641
-508088
-503807
-500226
-494662
-483640
-481445
-472241
-465020
-460820
-460698
-460575
-438966
-436516
-433284
-431906
-429781
-428969
-428843
-427710
-424458
-418901
-414129
-412245
-412244
-408239
-406217
-405889
-404644
-402084
-400812
-393809
-388910
-387825
-385539
-384977
-382640
-381760
-381071
-377476
-371708
-371260
-368938
-367874
-366319
-365710
-361728
-357620
-343677
-341528
-335237
-333515
-332302
-328477
-324188
-300904
-300516
-297059
-295263
-294337
-294053
-288259
-281452
-280644
-270288
-270131
-268766
-268468
-267493
-265919
-256295
-252617
-252053
-245626
-245258
-245023
-235340
-235318
-235158
-233736
-230713
-228426
-224206
-223359
-220164
-211179
-199432
-197104
-195341
-195196
-194118
-192444
-191957
-190938
-190889
-186212
-185060
-177426
-173582
-168792
-167115
-163861
-160576
-153262
-152171
-149356
-141393
-139403
-133660
-132748
-132013
-129983
-125664
-121331
-113672
-113626
-100857
-91218
-90361
-88593
-86887
-83887
-81036
-69140
-64369
-47660
-35716
-31288
-19798
-5391
1056
2081
2413
5000
7415
10195
10315
11341
13447
22500
35297
37270
37930
38716
40706
45772
59562
65909
68713
70892
73507
84066
85687
86305
92024
93309
104062
110187
121020
122671
126945
133489
134610
135051
140344
141154
142004
149922
157439
162006
162339
163328
163372
163384
163869
173135
177984
178066
178088
178785
192732
193554
196862
200352
200614
209733
212788
222504
227623
228858
231581
233495
234592
235938
241346
252866
253245
259349
260493
263060
272789
276883
276929
284744
286196
288412
290520
292093
292187
292208
294421
296022
297827
299722
319767
320104
326301
328169
329660
342254
345399
347611
350079
360308
363525
373216
373820
381274
399995
401437
407735
408905
409630
409991
411448
428925
437694
440083
445307
449256
450325
453045
455075
459958
462831
465202
467258
470941
478263
479754
481787
483128
486970
501804
503191
503948
505581
506207
517253
518049
519527
522691
524572
525537
528744
532923
534503
543775
544593
552165
555725
562893
563457
573358
578310
592746
594048
596249
596923
597090
599324
605401
606100
607450
609237
612863
614727
614821
617879
632110
633052
635333
647563
650008
651585
652982
661626
663933
676281
683326
685545
686530
689018
689876
691560
695508
696897
701831
704180
706605
707751
708841
708968
709040
718911
718991
729877
736833
738975
739741
748392
752756
760547
760856
764673
764941
767638
769622
773299
792150
798702
805152
805463
808148
809326
811161
815664
816101
823060
826155
827334
828018
833390
834007
842315
844081
848764
849511
860505
862871
863097
866764
871225
872147
878370
883320
883659
884128
886714
894078
901625
917295
918307
919666
923809
926775
928618
932403
933716
934414
936914
939007
940099
940546
940735
944103
944285
946885
948151
950291
962635
972122
974044
974845
977941
978757
983777
987285
991255
1003717
1006531
1007642
1020148
1020476
1021453
1022074
1027948
1044505
1046723
1053499
1054541
1057186
1064192
1067015
1089449
1090772
1092757
1096011
1109476
1110794
1111178
1118027
1131826
1133309
1134281
1136864
1143634
1151651
1161229
1164652
1165602
1176719
1184425
1185441
1191068
1192051
1192546
1196257
1209152
1209977
1218249
1228404
1231267
1232779
1239376
1246708
1252545
1255336
1256003
1256059
1263493
1264026
1264876
1270686
1274013
1284892
1291667
1293730
1305848
1317687
1324327
1329912
1337691
1341379
1345521
1347275
1349318
1349454
1351204
1358010
1358235
1358329
1367271
1368027
1373978
1380172
1385641
1389322
1392362
1396798
1398531
1408165
1408490
1409614
1410891
1412805
1418821
1421814
1424165
1425752
1432080
1440792
1442320
1447155
1449015
1457288
1458158
1463493
1467142
1471530
1471593
1479242
1480849
1482588
1488886
1494889
1508452
1525066
1536739
1537353
1539315
1539927
1543267
1544641
1547069
1551542
1559501
1563259
1572273
1576002
1579129
1580367
1581177
1581962
1583173
1584487
1585459
1585767
1587684
1590038
1601347
1602853
1604892
1611041
1615833
1620816
1632105
1635332
1636159
1636784
1643056
1643370
1645303
1648387
1650112
1651031
1660240
1669079
1670068
1672882
1674337
1675498
1676354
1685406
1687622
1688726
1694521
1696524
1702785
1709015
1713609
1720018
1727679
1731025
1734339
1735305
1735797
1741425
1745420
1745718
1747547
1752198
1763161
1763953
1765402
1769643
1778908
1779710
1780612
1800232
1810265
1811908
1815042
1816934
1817593
1834716
1842260
1853894
1855631
1859168
1863131
1863388
1866662
1872294
1876413
1885785
1896864
1898673
1898821
1903631
1906671
1909315
1919492
1919517
1924721
1927572
1929484
1930210
1933190
1937367
1939525
1945266
1954034
1955500
1958806
1962369
1963762
1970102
1970623
1973786
1978540
1980592
1982810
1989906
1992879
1992886
1993326
1994854
