-1999594
-1993252
-1992500
-1983516
-1983504
-1982586
-1982380
-1982009
-1972169
-1967232
-1964504
-1962001
-1960176
-1959874
-1957116
-1952622
-1951360
-1946975
-1942485
-1940454
-1939497
-1939354
-1937716
-1937253
-1923329
-1920293
-1911204
-1906299
-1906046
-1901638
-1899959
-1896871
-1895620
-1894677
-1893422
-1889138
-1884965
-1883864
-1882784
-1877862
-1875607
-1874228
-1873211
-1868300
-1865807
-1861706
-1860809
-1856719
-1854737
-1848529
-1841966
-1838978
-1838183
-1836066
-1831529
-1831460
-1829284
-1814827
-1814715
-1813347
-1810393
-1809416
-1808768
-1806066
-1805800
-1799675
-1796559
-1789859
-1788221
-1787842
-1787240
-1784821
-1783519
-1776593
-1775534
-1773069
-1770908
-1768885
-1768165
-1766689
-1766662
-1766292
-1765800
-1753977
-1749963
-1743179
-1742792
-1742751
-1740164
-1740089
-1736633
-1735914
-1735631
-1733021
-1731623
-1726231
-1725921
-1724709
-1724660
-1701705
-1693870
-1692235
-1683855
-1677983
-1676829
-1668737
-1667677
-1665469
-1650386
-1644485
-1644139
-1643872
-1640725
-1640476
-1640326
-1633230
-1622713
-1620395
-1618129
-1617575
-1613094
-1610702
-1601098
-1597633
-1594663
-1587860
-1584145
-1582722
-1580402
-1579271
-1574821
-1573790
-1570920
-1563035
-1558043
-1557215
-1551429
-1542995
-1539502
-1536108
-1528712
-1522604
-1520318
-1517765
-1515812
-1506865
-1499474
-1495732
-1495141
-1493940
-1489802
-1485626
-1485303
-1485130
-1483400
-1482948
-1481963
-1481130
-1476316
-1469745
-1467292
-1461660
-1457765
-1455684
-1449359
-1446389
-1444513
-1437762
-1427189
-1415110
-1412462
-1411977
-1410967
-1410328
-1407618
-1403621
-1400022
-1395055
-1389966
-1389021
-1387714
-1383773
-1380083
-1379024
-1376306
-1368684
-1362654
-1358319
-1356947
-1348699
-1347059
-1340685
-1340681
-1336217
-1334185
-1331209
-1330812
-1323463
-1320617
-1319263
-1319116
-1316974
-1316872
-1314894
-1311064
-1289153
-1285992
-1285377
-1284013
-1278772
-1275804
-1274005
-1269041
-1268082
-1257881
-1253741
-1240989
-1234592
-1231231
-1228856
-1227630
-1223622
-1218066
-1214850
-1201516
-1191953
-1191632
-1185886
-1183851
-1182435
-1181252
-1169530
-1145957
-1143007
-1142531
-1141969
-1139355
-1137013
-1136255
-1135133
-1132977
-1128399
-1126411
-1123368
-1121136
-1120672
-1117828
-1112321
-1110295
-1108829
-1099742
-1099590
-1091795
-1090988
-1090294
-1089535
-1088748
-1087816
-1086710
-1082777
-1082524
-1079385
-1057286
-1056247
-1051574
-1050359
-1046259
-1042706
-1039064
-1037587
-1035042
-1029305
-1023535
-1020136
-1017914
-1012931
-1011595
-1004465
-1003178
-1000712
-990135
-989916
-982670
-979325
-979063
-978472
-968693
-958801
-957083
-954255
-951493
-945648
-940986
-936851
-927732
-923975
-922635
-918626
-912193
-906210
-905090
-904164
-903536
-900893
-899882
-892612
-886485
-884919
-883998
-882876
-882350
-876535
-865867
-864233
-863527
-855257
-843169
-841919
-837328
-837208
-834185
-831710
-826421
-824274
-819037
-818188
-817510
-817467
-815762
-806177
-804643
-801608
-800872
-798563
-795757
-790212
-788694
-787750
-787314
-782550
-780531
-779795
-779531
-773891
-769854
-769595
-763278
-746254
-745379
-739815
-738907
-734660
-720600
-718953
-716296
-710864
-709401
-708327
-707675
-700788
-698734
-686046
-682028
-679902
-677758
-673011
-670962
-669760
-667268
-665613
-662775
-655245
-649002
-647708
-645416
-645169
-639935
-639637
-638221
-636871
-630771
-627424
-626529
-624678
-618470
-617169
-613710
-611752
-605379
-604833
-600101
-598247
-594792
-591566
-573243
-567383
-565313
-557945
-555943
-552311
-551797
-546784
-545821
-542608
-538989
-535064
-529306
-529139
-526730
-518564
-517313
-517201
-511192
-509668
-508347
-505459
-497865
-495225
-493550
-488118
-482456
-468741
-466590
-457158
-452455
-450853
-447871
-446525
-438915
-436384
-434933
-431150
-429697
-420100
-413415
-407449
-407402
-406200
-399787
-394103
-392863
-387885
-387763
-383941
-370403
-370027
-365486
-360526
-360245
-358219
-352885
-346162
-342724
-342050
-334395
-333885
-319392
-311511
-302585
-298833
-292246
-288741
-287386
-285726
-268174
-253161
-245239
-243555
-240012
-214611
-206383
-205821
-203225
-197727
-194308
-190063
-183809
-183381
-178949
-171237
-162794
-162555
-157016
-149118
-147712
-144636
-142413
-141736
-139767
-135439
-134367
-133806
-129041
-127978
-124818
-123260
-112784
-106954
-100307
-99960
-98653
-88908
-76178
-75917
-74364
-69762
-67516
-54153
-53762
-27003
-19150
-12227
-8457
-7547
-6561
-4570
-1995
3591
8230
23202
24674
25597
31147
32467
34988
37860
41072
44301
45264
50666
51782
53113
55427
56541
58515
63552
63883
66623
67428
89135
89819
91934
95542
97831
99939
114538
114549
118568
120613
121684
127510
129222
132943
132947
135076
143470
158388
158647
162235
169576
174595
182940
185862
203196
208397
214658
219278
222832
231511
232763
234450
236030
248557
249715
252488
253651
256924
258771
261822
264288
283328
286246
287051
287968
291335
294196
295038
295677
296608
296684
298354
299065
303305
309518
311011
318660
319274
329720
351087
353324
354426
359803
380865
381176
385237
392042
396279
402646
404214
406789
408962
411405
412929
413844
414660
415898
417985
419048
420816
421366
423061
432551
434012
442169
443938
453383
455733
458381
459875
464431
469054
470101
473425
475435
476938
492341
495925
497530
498581
501206
501434
502736
509863
511878
512571
515933
516622
525883
526537
527835
529175
536427
540591
542047
542878
543579
545776
549410
550959
551614
553858
560671
560959
580079
586868
587011
591780
592415
593276
595080
602560
605863
608770
611002
611275
614461
624978
628864
639531
640878
642785
643829
645934
653012
670042
671048
671056
672131
675536
681064
682920
684277
684945
685656
690785
692776
699655
704762
707141
708590
711917
718875
719411
720424
727115
727727
730078
738355
738659
742085
770898
773696
782157
808823
808975
812847
813051
815050
823566
826326
836402
836523
837097
837632
842362
842939
851518
852776
866946
868628
873359
874011
874685
886224
887351
894624
902653
904227
908383
916564
921813
921876
929008
931866
938216
944838
949037
949334
961104
965061
965748
971124
976766
989870
990737
996783
996927
1007134
1013831
1015885
1020576
1024356
1024665
1025410
1033386
1040374
1046534
1048852
1059527
1066229
1067217
1072623
1078332
1080059
1084612
1085492
1085778
1087259
1089746
1090974
1094305
1095555
1098428
1107373
1109555
1111639
1116398
1124675
1124845
1130904
1131152
1134992
1136940
1146561
1146920
1159049
1162673
1166245
1168529
1176301
1177537
1180250
1181793
1183938
1206214
1212054
1218308
1222941
1223201
1232000
1232039
1236692
1245105
1251732
1257473
1260900
1262987
1273610
1282829
1286003
1287534
1288364
1290958
1293610
1298011
1299044
1302855
1304131
1304780
1307797
1308271
1309454
1319137
1320735
1324498
1331027
1333795
1334021
1344432
1349043
1349230
1351614
1353396
1361430
1367499
1370770
1381170
1385287
1389622
1392245
1395222
1402748
1406098
1411187
1414252
1417854
1419089
1421696
1428683
1438425
1438767
1442686
1445601
1446392
1456247
1457263
1458659
1460203
1460988
1464570
1464792
1465003
1469149
1473131
1479069
1487704
1488324
1500027
1501408
1506152
1506363
1512216
1520034
1521079
1522916
1532664
1536431
1537333
1539413
1541526
1542170
1543842
1545756
1547384
1547685
1554997
1561988
1563736
1565402
1568775
1571046
1574290
1583992
1585728
1587722
1595137
1599969
1601683
1601714
1616529
1618059
1632096
1639039
1668341
1672805
1672995
1674585
1674978
1681138
1686871
1691179
1691713
1696658
1698123
1700621
1703429
1704808
1707748
1715065
1718349
1720945
1722230
1728550
1736142
1744933
1765366
1765878
1777537
1785679
1797858
1801629
1810308
1817807
1818430
1823891
1824810
1825921
1826252
1826509
1829073
1839106
1839214
1843649
1844258
1847815
1850516
1851140
1852365
1852918
1857572
1860147
1864602
1867516
1868021
1868485
1868766
1870309
1871452
1874888
1876046
1876255
1887681
1892932
1893576
1896012
1896113
1900431
1903024
1906180
1906453
1908258
1911364
1918775
1925397
1929653
1929807
1952946
1956545
1958470
1967708
1971612
1979308
1981551
1981955
1982189
1984590
1985890
1989063
1989859
1993583
