-1988465
-1987062
-1981842
-1981691
-1981509
-1977749
-1976894
-1966430
-1958688
-1955368
-1942963
-1935190
-1928913
-1923015
-1922765
-1918963
-1917442
-1904338
-1899681
-1895970
-1894294
-1892530
-1891204
-1890537
-1885361
-1872359
-1872153
-1865795
-1865606
-1857257
-1856094
-1850794
-1849244
-1848838
-1848166
-1844237
-1833594
-1815880
-1813302
-1804844
-1797265
-1791287
-1790292
-1788247
-1786675
-1783467
-1772087
-1764944
-1763979
-1763445
-1755465
-1752917
-1749726
-1749196
-1743803
-1743450
-1739159
-1738160
-1732174
-1723350
-1722918
-1710954
-1704436
-1692730
-1692536
-1670725
-1670523
-1665739
-1656802
-1642021
-1639572
-1635070
-1632147
-1630351
-1629371
-1628695
-1624969
-1623405
-1622073
-1617142
-1611079
-1609029
-1603121
-1602749
-1600472
-1599103
-1597801
-1595067
-1594331
-1592762
-1592309
-1589629
-1589617
-1586197
-1585856
-1581381
-1580800
-1577768
-1567475
-1566917
-1564537
-1561115
-1558596
-1558550
-1553884
-1553801
-1552042
-1549492
-1548629
-1546550
-1541348
-1540059
-1516024
-1513282
-1503029
-1502708
-1501254
-1495299
-1495191
-1493790
-1485138
-1480175
-1476856
-1472140
-1463604
-1462554
-1462177
-1461186
-1451134
-1435398
-1433103
-1432884
-1428551
-1427358
-1426299
-1417109
-1410784
-1403819
-1400183
-1398452
-1394909
-1386555
-1383171
-1379557
-1370987
-1369468
-1364698
-1363899
-1360172
-1354761
-1348782
-1336592
-1336079
-1330978
-1327208
-1325569
-1324089
-1322581
-1319826
-1318284
-1316037
-1312342
-1307408
-1307142
-1303201
-1302052
-1295153
-1277419
-1271437
-1266718
-1265535
-1263490
-1260037
-1258769
-1257463
-1255364
-1246658
-1245904
-1242907
-1242683
-1232288
-1229218
-1215504
-1215394
-1210380
-1199563
-1195523
-1194592
-1181545
-1181535
-1176423
-1176299
-1170045
-1169456
-1164709
-1162450
-1134784
-1119259
-1110493
-1110229
-1109982
-1106621
-1104493
-1104051
-1097393
-1083944
-1081235
-1071408
-1064017
-1052884
-1049146
-1046505
-1046386
-1045336
-1041452
-1026415
-1020424
-1017258
-1014474
-1014210
-1014160
-1011528
-1005371
-1005098
-1000467
-1000040
-995744
-993870
-991918
-984852
-984843
-983436
-982331
-977839
-976472
-975324
-972548
-968634
-948865
-945411
-945027
-939532
-938055
-937541
-933987
-933446
-932515
-919915
-917530
-908884
-907854
-906477
-894101
-890000
-888014
-886922
-883761
-877984
-876104
-865387
-859363
-850849
-850572
-844248
-840104
-833363
-830470
-823126
-817181
-812360
-810044
-799985
-792379
-790742
-785169
-773436
-769561
-767581
-761282
-758865
-757382
-756648
-754986
-744304
-742018
-740674
-728839
-725030
-716496
-716040
-715316
-714067
-712965
-709009
-694384
-683799
-683129
-679607
-678844
-678358
-675722
-673594
-672128
-671843
-666501
-665558
-665129
-657746
-652727
-651720
-649864
-642086
-624726
-624201
-618811
-615959
-615840
-613105
-608922
-600105
-600043
-599487
-593622
-589916
-588667
-587766
-582698
-578497
-576298
-572710
-563560
-559327
-550834
-543384
-542186
-541514
-540492
-539960
-537193
-536627
-532129
-524610
-519353
-518300
-513927
-510832
-508823
-506852
-503615
-499831
-499713
-498000
-491567
-487204
-453418
-448012
-445251
-443423
-443252
-442142
-439740
-437748
-436509
-432944
-430429
-420471
-417350
-417187
-416856
-414309
-414077
-409237
-398547
-394478
-392845
-381257
-380414
-379899
-377109
-377067
-376706
-375125
-374116
-374027
-372492
-371244
-368935
-368815
-360901
-351246
-348228
-345273
-332454
-330386
-322132
-319790
-315952
-311580
-310242
-309714
-309576
-297015
-287611
-287219
-279290
-278807
-272232
-268645
-268006
-265807
-264331
-259023
-258832
-256702
-247949
-243676
-243374
-241126
-237987
-237662
-231020
-228304
-226568
-220301
-216871
-208536
-208453
-202350
-197196
-197079
-196148
-192777
-190171
-188035
-184836
-184196
-184188
-173700
-170013
-167311
-158410
-156920
-151599
-149938
-148576
-144234
-143227
-132231
-130829
-125395
-119019
-117438
-113696
-104760
-99379
-92115
-91644
-91286
-89246
-83811
-80155
-71693
-71543
-67655
-61024
-57873
-52763
-51974
-44107
-36733
-32706
-31913
-31857
-28608
-24982
-20916
-19930
-9898
-9135
-6395
5059
5735
6069
14720
16743
18183
19345
25023
25130
26757
31816
33894
34900
44373
50802
54602
56007
58094
58909
58968
63987
74464
77495
77822
78340
80003
87878
88753
96058
99283
106426
106439
113069
113199
119906
123924
126544
130598
134116
145015
146655
149993
152289
156256
156558
160582
161378
171951
173124
180555
183776
185578
190432
191288
199955
203223
215581
216072
218502
219824
222011
228013
231126
240160
247518
247757
249578
259484
263080
263098
266123
271801
276829
280037
282913
285116
285714
285974
301318
303330
309672
311587
316985
326172
327575
327744
332438
339628
343290
344596
347726
352011
353121
353798
356891
360842
361992
364694
365223
365731
376062
383171
394297
399622
401618
402835
405918
411029
416653
423880
432124
434949
438786
441958
442938
446488
450010
452831
453066
466787
476007
477538
479011
483544
485555
494689
501994
504949
505617
508182
513029
513867
514486
515154
525100
526418
533091
537837
543379
545045
549136
558114
559168
562637
563143
565962
566950
568082
568128
591745
595382
595750
599170
600436
608392
608834
609064
612767
618483
621459
626483
626514
628304
629711
629758
644515
645018
650885
653871
654311
656304
657439
658899
659535
660364
662441
665585
666270
666785
667521
681157
685158
687041
693795
693812
696751
698479
699357
709974
714336
728866
731348
731383
737157
738571
743585
743783
755470
755817
759943
762608
765814
769889
770864
773491
775866
777072
781390
785012
786365
790517
791497
795871
799592
804211
804252
806277
815723
836480
837869
845234
846688
848159
854838
879898
880730
881299
889349
892088
894778
901163
903857
905736
908673
908787
922611
922619
925384
927763
929679
929741
933839
934725
942937
946113
949684
953734
955225
957556
958059
964027
965720
969592
971486
972073
977418
978226
978967
983696
991336
992055
995251
1001059
1004520
1014667
1021604
1023050
1030276
1033560
1033592
1038254
1038524
1040992
1044051
1056337
1070928
1083522
1086476
1086561
1089062
1095055
1098900
1101814
1102076
1102413
1107058
1114069
1114146
1114661
1123983
1131018
1131074
1131274
1131410
1132123
1135669
1143290
1146025
1147149
1149304
1149335
1149505
1149929
1155390
1157066
1158954
1170244
1172352
1194222
1198591
1199643
1201398
1204850
1213557
1213923
1215713
1217391
1223786
1226646
1226774
1229569
1235011
1241654
1243837
1245647
1247450
1250820
1252604
1253365
1254070
1254668
1256016
1257527
1261284
1266138
1266449
1266958
1269319
1269466
1271966
1278805
1278884
1281988
1282755
1282813
1287289
1297535
1298189
1298810
1299445
1305910
1319559
1324615
1326764
1329600
1340422
1340872
1342286
1349768
1351342
1353175
1359059
1359433
1364871
1367399
1370445
1371294
1380665
1381694
1384361
1384803
1389246
1396932
1397152
1397525
1402913
1411057
1412435
1413491
1414687
1415421
1425451
1433388
1435453
1436332
1438305
1441004
1444236
1451697
1454448
1458831
1465871
1466978
1477909
1484006
1486292
1490551
1497665
1500710
1501067
1501654
1507857
1512453
1514507
1521571
1522548
1528432
1529860
1540594
1542831
1558185
1559178
1559271
1563206
1565799
1572557
1575715
1577936
1581357
1582395
1584502
1591930
1591996
1592665
1595037
1598355
1604409
1608757
1613828
1620231
1622419
1633099
1634258
1640065
1645985
1651231
1652752
1654789
1657117
1663263
1665619
1685824
1687540
1692121
1694067
1695062
1703648
1705336
1706169
1708035
1709904
1710782
1714760
1724745
1726624
1728386
1730013
1734604
1742879
1746384
1753297
1768621
1770563
1771983
1772197
1782639
1786491
1787571
1794463
1803546
1812264
1812307
1813542
1814984
1815401
1816672
1817695
1818439
1819177
1823868
1826417
1835107
1835366
1838692
1842693
1848295
1853815
1855726
1869142
1870815
1874245
1879027
1882428
1882554
1890866
1895272
1895605
1897951
1923168
1930253
1930798
1931490
1932473
1934186
1937492
1938481
1943038
1955729
1956795
1964734
1968901
1977274
1978937
1979641
1983965
1985172
1988270
1991159
1996231
1998367
