-1987642
-1974162
-1971621
-1965403
-1953717
-1953520
-1949029
-1941485
-1940850
-1939598
-1931613
-1923736
-1922892
-1921552
-1917752
-1917630
-1917273
-1915547
-1912079
-1910886
-1904774
-1904712
-1901827
-1891540
-1887394
-1884419
-1881523
-1879689
-1879554
-1865998
-1865878
-1861694
-1850977
-1850670
-1830858
-1828621
-1828544
-1820091
-1817916
-1813725
-1812560
-1808043
-1807918
-1805358
-1796127
-1782683
-1775446
-1766262
-1765014
-1763084
-1761789
-1758465
-1754072
-1748962
-1748444
-1746861
-1743591
-1742149
-1740077
-1720311
-1711800
-1710900
-1701824
-1699443
-1694326
-1690403
-1685900
-1681908
-1681429
-1679219
-1678497
-1671572
-1664661
-1662131
-1660487
-1658244
-1653529
-1649767
-1645817
-1644271
-1635832
-1632851
-1622623
-1621982
-1620413
-1620243
-1615072
-1611637
-1609644
-1605821
-1604626
-1603495
-1585714
-1585610
-1585167
-1579656
-1576594
-1565977
-1565565
-1552298
-1551006
-1550421
-1541992
-1534827
-1532724
-1531801
-1528439
-1525007
-1524117
-1519648
-1519337
-1518093
-1516131
-1515856
-1512345
-1505689
-1500419
-1496294
-1486119
-1484162
-1466360
-1450152
-1443297
-1438572
-1436940
-1436799
-1422748
-1421611
-1419279
-1415213
-1411456
-1410558
-1407910
-1406263
-1400698
-1398382
-1397513
-1393045
-1385327
-1381692
-1379472
-1378393
-1371847
-1370595
-1367652
-1366013
-1364775
-1363091
-1357343
-1350994
-1343493
-1337272
-1332896
-1328862
-1328316
-1325627
-1324086
-1324035
-1323284
-1319227
-1316520
-1316470
-1315531
-1314563
-1313353
-1308357
-1297556
-1296675
-1286363
-1284528
-1283602
-1282176
-1280819
-1272601
-1271164
-1269580
-1266770
-1266522
-1265141
-1263123
-1253399
-1242546
-1239418
-1228057
-1224618
-1222037
-1220961
-1219102
-1213425
-1206928
-1206233
-1201166
-1197483
-1197432
-1190563
-1190042
-1185204
-1181944
-1181398
-1176414
-1171746
-1170435
-1160396
-1154511
-1146299
-1144200
-1140982
-1128183
-1127721
-1118044
-1114272
-1113878
-1111680
-1109381
-1108936
-1106824
-1103688
-1101713
-1101018
-1087704
-1086242
-1085690
-1075821
-1072779
-1065964
-1060364
-1054765
-1050540
-1048270
-1045402
-1034315
-1027073
-1026924
-1024985
-1024373
-1022512
-1010901
-1010667
-1007829
-1006531
-1002596
-999527
-999481
-996237
-988752
-986323
-985172
-984645
-984412
-981728
-976815
-963004
-959865
-958542
-952679
-942248
-938154
-936722
-931742
-929193
-928011
-916783
-910497
-898153
-888414
-887347
-887029
-885857
-878296
-877979
-876420
-872719
-872666
-871694
-867127
-866275
-863638
-861112
-860616
-859348
-846395
-845634
-840964
-839466
-828554
-822352
-822270
-816276
-808956
-805919
-804802
-804617
-799759
-798473
-795332
-793938
-789356
-784361
-783785
-782328
-781946
-776991
-776495
-775114
-774850
-763165
-745503
-743522
-738691
-736371
-722876
-721037
-708584
-703063
-702264
-692946
-691299
-686855
-679138
-674515
-673461
-672783
-668773
-662647
-661698
-660566
-654840
-649406
-644293
-637657
-632766
-625463
-622951
-620801
-620631
-618560
-616969
-615744
-612785
-610683
-608430
-597452
-590155
-580024
-566333
-562249
-554057
-550217
-549929
-547597
-547323
-546533
-544468
-543421
-540277
-534971
-531496
-527995
-518919
-515961
-505436
-505125
-504192
-501337
-500121
-495667
-489620
-487520
-486776
-484122
-477680
-472492
-470355
-467313
-464689
-463545
-461122
-442448
-439170
-438126
-436982
-436213
-435506
-430020
-428860
-426769
-426721
-404152
-401133
-399160
-382769
-374485
-370929
-358252
-354717
-351029
-349276
-349115
-346861
-345395
-342807
-337929
-332483
-331216
-330808
-329495
-321272
-320652
-320448
-315591
-314541
-313439
-307614
-307609
-301990
-283981
-276900
-275571
-273681
-271911
-271588
-265544
-261350
-260088
-255038
-249715
-248767
-242675
-240086
-222286
-222244
-222094
-216813
-216601
-215121
-214101
-213301
-207982
-206884
-206196
-206195
-203182
-203098
-199447
-190943
-190683
-187270
-184636
-184556
-182316
-176345
-176115
-174344
-171457
-170871
-169046
-166887
-165588
-158960
-155208
-150847
-140758
-134493
-130007
-129826
-127723
-125285
-120450
-120234
-119780
-117561
-108737
-108705
-101219
-97719
-95546
-94683
-84228
-77865
-74307
-73099
-59608
-56723
-56601
-50693
-48765
-48189
-46266
-36480
-36468
-33396
-33369
-25948
-7980
3374
4482
6287
12975
15354
19044
22451
23889
35097
36247
39253
44652
44772
50818
51840
59237
60479
64765
71440
73524
77567
79669
86698
89792
91895
92519
93751
94798
97193
110837
111846
117772
119437
121532
126394
136202
141127
141315
141950
144531
149872
154036
156526
161738
166850
168319
169443
170073
179534
190416
192412
198372
199123
200208
207396
210318
215256
215912
216823
224509
224818
226154
228111
230644
231180
232003
243435
251405
252596
258434
260292
266074
271584
275784
278380
282599
284758
296182
305588
306082
306554
309984
312794
319813
322655
323199
323727
325428
325921
325940
333426
337471
354217
367872
368593
371241
371325
373174
379372
382691
389143
401951
404033
404068
404202
407028
413652
416479
417133
418367
423989
425934
427064
445420
448371
450446
460667
466142
467763
469310
470646
474749
478672
479599
484315
488123
490151
492234
495446
503661
506880
507053
507062
508127
511363
512226
515221
525104
529038
530337
541151
542180
546683
553217
554176
557433
558452
566066
570918
571827
575405
576725
578933
584683
586208
586642
591466
595727
600464
601358
604566
606809
607136
612864
615759
617065
617925
619707
620570
621517
632956
636268
644350
648286
648576
650319
652796
654024
658271
668755
680188
685188
688229
689307
689601
695228
696903
697603
698131
700905
704261
705113
708516
709938
719309
721884
725993
729090
738856
743668
746184
746651
748639
754442
770985
773038
784806
789785
793916
805175
805225
806505
807402
815583
816764
818137
818475
823951
827349
834103
843800
846876
855813
864344
868142
889783
892916
893621
899756
901804
904610
908956
909035
909080
910411
916292
917234
920718
922303
934532
938719
938863
939248
941662
943324
962662
963562
963737
965907
966900
970487
970541
970912
971673
972644
981960
984742
989436
1000228
1006821
1018229
1021935
1022147
1028470
1031280
1047436
1052699
1054407
1056887
1061059
1066641
1069183
1074219
1074392
1077345
1079295
1081566
1084611
1087637
1093872
1101209
1103208
1106826
1116375
1119468
1121597
1122029
1129393
1131912
1134095
1137170
1142411
1157086
1157876
1162089
1165641
1168889
1170189
1177051
1178868
1179581
1180502
1189632
1190665
1198122
1199090
1211427
1214462
1217139
1218249
1219705
1220061
1228906
1229102
1230748
1233194
1237850
1243322
1249954
1254542
1256921
1260519
1261901
1263252
1263654
1264718
1266979
1267013
1268060
1271751
1284670
1284933
1291571
1294136
1302668
1305005
1309338
1318441
1323051
1329019
1336735
1338646
1340902
1341476
1350166
1359189
1360254
1365372
1374277
1377969
1380743
1384935
1385519
1386986
1387502
1388127
1389111
1391235
1396516
1396884
1399090
1401355
1408101
1417176
1420183
1420543
1420660
1424117
1443659
1445231
1453115
1457845
1458514
1464278
1464848
1466241
1468105
1468115
1478146
1481717
1482623
1483198
1491394
1495651
1505967
1514773
1523465
1523837
1528797
1538823
1539827
1543608
1550030
1552775
1554754
1555305
1555634
1562123
1565135
1567607
1571118
1572966
1574573
1576571
1584344
1588340
1592421
1593019
1597425
1602782
1616831
1619620
1626167
1631849
1632837
1633642
1635406
1637091
1637259
1640203
1647939
1649608
1651420
1668639
1670444
1670819
1670999
1688324
1693312
1694343
1703552
1705706
1707556
1708229
1710716
1715454
1715735
1725592
1729532
1730207
1731022
1731592
1735508
1740515
1740981
1750078
1753659
1756389
1758342
1760392
1772587
1773196
1787301
1792805
1796189
1800908
1802245
1812782
1821218
1821988
1824466
1826501
1831029
1831158
1837793
1838617
1839537
1847068
1859056
1859376
1860079
1862513
1862587
1865696
1869770
1871435
1871863
1872853
1873715
1874352
1879127
1880136
1884258
1886879
1891276
1898754
1900123
1900758
1908194
1908216
1919314
1924804
1926134
1928362
1942708
1945790
1955188
1956302
1961863
1963331
1965125
1969129
1970246
1976908
1990478
1992993
