-1999137
-1998965
-1994142
-1989290
-1988344
-1987574
-1972072
-1967427
-1955952
-1952900
-1941055
-1940975
-1939641
-1937017
-1927852
-1924320
-1919999
-1913182
-1897775
-1896356
-1889113
-1883673
-1880967
-1870318
-1859171
-1855895
-1852632
-1845009
-1844606
-1843558
-1839204
-1838581
-1838533
-1818587
-1815933
-1814021
-1813576
-1801602
-1792012
-1790046
-1787873
-1779966
-1772897
-1769890
-1769832
-1768176
-1764776
-1763172
-1760756
-1756401
-1755902
-1752646
-1745317
-1744521
-1741502
-1736717
-1733656
-1731752
-1728515
-1725668
-1725092
-1723223
-1720761
-1720112
-1711323
-1710554
-1709030
-1703152
-1696279
-1691446
-1684925
-1674370
-1669222
-1659053
-1658499
-1657792
-1657202
-1655687
-1646119
-1643550
-1640890
-1631120
-1622618
-1615146
-1613379
-1612455
-1610511
-1608233
-1607513
-1603034
-1602280
-1596930
-1594363
-1589036
-1585485
-1584991
-1580299
-1575246
-1569828
-1560124
-1541768
-1539445
-1538801
-1538774
-1536906
-1536738
-1533738
-1531442
-1529455
-1525568
-1522325
-1511592
-1508698
-1505506
-1504199
-1501782
-1496740
-1495257
-1490138
-1487211
-1485677
-1482105
-1473565
-1466158
-1459543
-1447818
-1446790
-1444000
-1439788
-1433303
-1432701
-1432611
-1426693
-1422629
-1421096
-1418417
-1410579
-1409897
-1401659
-1400574
-1397342
-1395415
-1380158
-1380067
-1379446
-1375484
-1374857
-1374312
-1366096
-1360201
-1358921
-1357236
-1352598
-1350010
-1345928
-1341241
-1341011
-1336959
-1336341
-1333674
-1320915
-1319158
-1314470
-1314288
-1287460
-1286359
-1284508
-1281677
-1275969
-1275022
-1271994
-1268735
-1265160
-1264711
-1262734
-1247944
-1215797
-1214295
-1206732
-1203227
-1198093
-1196932
-1193281
-1192741
-1190364
-1186586
-1186185
-1183569
-1183387
-1179915
-1179719
-1177472
-1174882
-1170494
-1164526
-1162822
-1159912
-1154926
-1154711
-1150661
-1148326
-1145708
-1144017
-1141811
-1134012
-1133104
-1127821
-1127484
-1107194
-1100160
-1091733
-1089822
-1086905
-1080328
-1068893
-1068651
-1067899
-1065206
-1063381
-1054383
-1046503
-1039131
-1036143
-1035657
-1033122
-1031262
-1022859
-1021227
-1011719
-1008015
-1007243
-997911
-997870
-997256
-996687
-996134
-992493
-990608
-988455
-983273
-973292
-972395
-968121
-961506
-960127
-956280
-946364
-944462
-942241
-939004
-936244
-936049
-934352
-934184
-931306
-928854
-922255
-921722
-921684
-920521
-917962
-917890
-908739
-908377
-905466
-900178
-900064
-900046
-889824
-882354
-879878
-877980
-874799
-865301
-864968
-862405
-853900
-851598
-850458
-830750
-825609
-804820
-792654
-785643
-783222
-780703
-773185
-768379
-763209
-757621
-757015
-754906
-748961
-748226
-741574
-741495
-739894
-735485
-734452
-732641
-731981
-729294
-721962
-721657
-702066
-701955
-697413
-696531
-684356
-682708
-680507
-678246
-668273
-668054
-667643
-665417
-664836
-662367
-660038
-649785
-648972
-648650
-646747
-645541
-643306
-643163
-642402
-639227
-635562
-626279
-624964
-620342
-618117
-617673
-612885
-596072
-595514
-595172
-593032
-588150
-586515
-582021
-575707
-573415
-570702
-563794
-560342
-551084
-541873
-533884
-532819
-528534
-526720
-526397
-524930
-516830
-506014
-500193
-499528
-484628
-472978
-469341
-468303
-468233
-467224
-466854
-464992
-461440
-458772
-456171
-454539
-449907
-449905
-447562
-442816
-439588
-439211
-437467
-429624
-423133
-417932
-417536
-411098
-409910
-393509
-393375
-390935
-387992
-387305
-380503
-370695
-362991
-350043
-349280
-349045
-340962
-336135
-335063
-333016
-332626
-332578
-322297
-321602
-318544
-317793
-309602
-309498
-304450
-302175
-302048
-297906
-297326
-296058
-295399
-291616
-286716
-286427
-285211
-280762
-274735
-274209
-262858
-261965
-257475
-257088
-247565
-246513
-243979
-243470
-243190
-233866
-233134
-230422
-221163
-219585
-218805
-211938
-211471
-210558
-208411
-205655
-203821
-201415
-199655
-199065
-193793
-189467
-184094
-177299
-171462
-171196
-166677
-160413
-151268
-148866
-147663
-147528
-142987
-137086
-132110
-126032
-125239
-124915
-123710
-115203
-111742
-106086
-98624
-97281
-96096
-93930
-91451
-89576
-88861
-79550
-73066
-64304
-60530
-58273
-51087
-42956
-37160
-37119
-35891
-31323
-15615
-15460
-10089
-9936
-750
1474
2425
6335
7896
11465
16669
16789
22860
26081
27984
33056
33272
33319
34620
45757
47009
70759
71530
76778
78503
81253
82100
86153
86615
89408
94856
103583
106280
108340
117153
128819
133908
144281
146285
148497
149781
173192
177483
184786
193029
198297
202967
204665
209222
209438
219295
222898
229074
238146
241001
250232
251427
253473
261167
262325
262529
267909
273184
275900
280928
287393
290512
290976
297951
303990
313377
321031
322716
327398
334722
334731
335052
337645
340717
341632
343482
349776
362062
371500
373917
382158
382506
384084
386436
389064
389095
391437
393554
393593
397136
402978
410216
411640
413880
415569
417047
417773
421147
422670
424255
427046
433112
436470
438975
439001
439692
443434
446603
446650
450139
450156
451252
453500
454996
457592
458481
471448
472575
473591
474018
476896
480739
482282
487332
487385
488161
488928
491629
494533
497802
499081
502107
502494
503643
510552
510583
511032
514020
517169
521507
523842
529949
531492
536204
538129
540499
550030
556744
557667
559576
563562
567404
570779
579846
580930
583120
588200
591516
600500
603562
610854
613355
615647
623927
624103
624161
624177
625871
634266
639082
639276
641115
644744
644906
658407
661750
661753
665910
671190
673678
675279
684271
687466
689710
691154
695960
696854
697449
704351
705839
708571
710041
726859
727729
729157
733122
733925
734218
742239
742493
743674
750132
758103
759360
761106
779222
783105
785020
788698
796416
805326
815254
818072
818827
822408
833556
834302
835264
844420
845509
846232
847745
851421
853789
856202
870107
873272
888028
888402
889938
900970
903675
904810
911003
921267
922546
922879
925886
927330
929667
933053
933758
938093
943484
944567
949661
951391
951601
953160
954303
959924
960447
962110
965583
966617
970090
971138
972253
979762
988668
990234
996401
1009369
1009849
1011798
1012801
1019567
1028366
1029970
1031169
1032578
1032779
1043951
1044756
1045663
1054805
1055813
1058193
1065593
1065843
1070828
1077360
1079302
1085895
1098285
1103323
1103418
1105515
1120637
1126100
1126160
1126488
1129666
1131657
1132495
1134437
1136168
1137121
1137724
1137853
1141332
1141368
1142891
1143796
1144479
1145106
1152684
1166901
1167528
1168819
1169554
1173604
1173938
1174118
1185391
1186152
1186504
1188709
1189353
1190600
1195461
1195957
1197226
1199424
1205612
1216309
1218676
1220102
1226358
1231734
1244315
1244393
1251309
1252492
1252774
1257196
1258217
1262227
1267470
1274752
1275754
1277383
1280405
1291326
1295936
1298412
1298552
1303410
1304669
1311098
1318500
1319929
1320009
1320364
1329947
1330717
1345838
1355381
1357570
1359314
1359376
1363558
1369899
1371687
1371715
1374792
1395283
1397707
1403511
1404414
1415107
1415768
1417469
1429980
1432991
1450965
1458788
1460636
1464544
1466860
1488128
1490934
1491592
1492191
1492522
1494554
1496473
1506186
1506922
1508834
1514667
1523297
1530792
1533931
1554172
1557366
1563175
1571514
1576018
1580163
1587934
1593269
1604365
1604527
1604808
1607055
1610893
1611739
1617827
1621237
1623744
1624619
1625667
1633365
1633574
1634250
1635681
1635985
1641050
1646283
1652368
1656676
1664013
1666374
1673785
1686687
1687379
1687399
1687906
1693708
1698035
1698921
1706630
1709790
1716327
1719648
1722348
1725492
1727916
1728577
1734162
1734536
1737537
1738113
1740497
1740904
1747654
1750310
1759552
1764630
1775445
1777642
1790038
1792826
1794803
1794885
1796959
1797784
1798290
1799664
1803073
1804027
1809135
1810235
1810921
1818226
1818551
1827091
1828695
1835928
1836132
1836512
1837885
1839210
1842259
1856289
1857891
1866649
1872274
1880162
1883392
1884894
1887137
1893191
1894811
1894963
1896222
1905685
1910348
1918116
1918231
1918976
1933502
1935482
1939797
1949183
1954148
1954804
1957158
1959327
1960447
1964866
1968999
1970299
1974740
1977812
1979927
1993686
1995219
1999533
