-1999910
-1999168
-1998489
-1995488
-1989008
-1982411
-1977926
-1974071
-1965419
-1947951
-1945402
-1919111
-1919045
-1918250
-1912653
-1908881
-1901700
-1900048
-1887920
-1885981
-1877201
-1877002
-1874861
-1872745
-1869289
-1868873
-1860735
-1856607
-1845683
-1817358
-1817199
-1813581
-1793539
-1789400
-1788016
-1784115
-1779864
-1778716
-1775947
-1767407
-1765667
-1765136
-1763692
-1761394
-1760390
-1758157
-1757466
-1756062
-1752406
-1752282
-1752150
-1742488
-1739700
-1736928
-1736615
-1734130
-1733326
-1729222
-1727300
-1712716
-1711846
-1705626
-1704312
-1682973
-1670619
-1668899
-1667568
-1665335
-1661965
-1660534
-1659622
-1658997
-1657006
-1653822
-1651406
-1650344
-1649038
-1641827
-1634341
-1630723
-1629039
-1628904
-1627383
-1619141
-1611419
-1602274
-1598306
-1594110
-1582016
-1581544
-1580484
-1567562
-1558336
-1556870
-1556293
-1552406
-1549760
-1547138
-1545017
-1525776
-1525388
-1520555
-1515074
-1511188
-1509201
-1507277
-1503234
-1503198
-1496335
-1492092
-1488394
-1480081
-1475954
-1474499
-1473702
-1473416
-1454789
-1450459
-1447178
-1445882
-1441125
-1436095
-1435999
-1432069
-1430468
-1429964
-1429923
-1414189
-1413737
-1410577
-1409398
-1400456
-1396896
-1395792
-1394333
-1391991
-1391586
-1390410
-1390106
-1387868
-1387282
-1385905
-1377194
-1371825
-1370423
-1361764
-1359478
-1355848
-1355646
-1354484
-1351821
-1343990
-1343652
-1343243
-1336622
-1329001
-1326082
-1324822
-1321053
-1311997
-1296210
-1291095
-1285028
-1282398
-1280126
-1273887
-1272825
-1263439
-1257874
-1255927
-1250501
-1245906
-1245125
-1242843
-1241247
-1237363
-1236810
-1231890
-1229089
-1226182
-1224327
-1218808
-1217625
-1216467
-1212893
-1197556
-1193824
-1192242
-1188579
-1184364
-1176790
-1176077
-1175325
-1172532
-1167889
-1165803
-1162435
-1160112
-1154385
-1146675
-1139054
-1133284
-1118858
-1118626
-1117557
-1116365
-1110128
-1108890
-1108080
-1106092
-1103114
-1101973
-1101843
-1101840
-1099128
-1094439
-1087874
-1078286
-1071775
-1060939
-1056150
-1055432
-1051622
-1044971
-1034855
-1029646
-1027943
-1026727
-1023832
-1023528
-1014620
-1005550
-1002354
-995847
-994812
-992096
-984699
-980908
-978651
-976987
-976314
-976311
-975035
-969632
-967482
-965270
-963165
-960628
-956381
-950850
-950792
-949461
-949081
-946752
-946683
-940015
-933173
-931449
-919113
-900683
-900462
-899160
-892903
-878012
-877924
-866455
-861551
-857783
-855224
-848907
-840174
-837048
-836043
-832867
-823795
-822586
-822187
-821291
-820360
-820205
-816279
-814036
-811986
-807128
-803351
-795420
-794771
-793443
-789174
-788265
-782192
-779899
-779209
-774678
-765842
-753833
-753290
-751046
-750766
-750748
-750387
-744079
-740948
-734397
-734026
-726596
-725681
-722301
-718047
-713693
-710444
-701477
-697488
-688800
-686548
-681983
-681267
-680939
-678138
-677324
-675325
-671824
-671109
-670256
-666116
-663302
-658105
-653947
-643268
-638761
-635112
-635064
-634342
-629370
-625636
-625304
-623402
-615106
-611335
-606232
-605816
-603613
-601602
-590664
-588490
-574424
-566860
-565847
-564165
-559347
-542159
-539543
-538609
-533933
-533804
-532952
-529834
-528484
-522564
-507510
-506661
-506123
-504094
-502674
-498708
-496939
-491345
-490240
-486510
-486112
-478374
-477222
-467360
-452209
-447606
-443006
-441476
-440900
-438463
-432456
-428501
-428082
-420510
-420023
-417950
-415375
-410302
-408710
-407773
-403473
-402978
-398386
-396976
-396347
-394159
-394013
-392859
-391522
-386782
-386666
-385540
-384675
-383565
-378916
-376951
-369867
-362983
-360100
-359034
-358363
-343364
-341948
-335829
-332333
-331231
-328401
-328114
-320795
-318820
-305157
-299434
-296688
-293447
-292534
-290812
-290790
-289569
-288466
-272700
-269225
-268148
-267518
-263451
-261146
-249823
-249284
-245192
-240194
-238964
-233205
-231177
-230092
-227086
-227082
-226941
-224450
-222972
-213502
-208777
-208704
-205025
-202688
-200938
-199307
-197327
-187749
-187116
-183540
-179935
-169206
-165968
-163196
-161059
-159323
-158646
-157239
-155684
-143216
-139759
-125599
-119390
-118455
-117014
-107667
-103294
-102226
-98503
-95016
-90840
-89807
-85511
-76464
-75569
-74150
-70514
-59963
-56125
-54606
-52802
-52520
-52344
-48658
-46377
-45812
-45744
-43731
-40433
-40188
-34314
-7912
11130
16906
17044
22747
22905
23245
24352
27699
40127
43031
48849
48952
50484
53683
55534
73388
76404
79032
80740
83018
95181
95475
102842
103088
112116
117909
118119
122362
126387
128594
130639
140129
140616
143258
145531
150739
156760
161071
162427
163338
166475
168513
175111
178741
186153
192887
193546
195248
197537
200525
201266
204777
213355
216018
236003
241683
246142
251293
257708
266069
269497
273332
275467
278619
285219
292792
297877
303373
306546
310635
311238
314072
315973
316834
319017
322133
335939
340794
342662
347016
347028
347552
361140
363092
365030
365230
369427
370277
372990
381417
383325
383613
389333
397920
400843
401980
401990
404852
408860
411351
413552
417281
431410
432597
450921
455521
463584
468302
468772
469076
470712
475288
476840
478226
480247
481520
482184
484678
496335
496875
504656
507224
511561
512098
517480
518690
522024
526779
527204
532884
533180
534041
534863
541701
551151
557205
558645
560672
565646
574908
575950
577191
579763
579772
585510
588996
591195
596603
597560
601737
602169
610094
616864
632355
638617
642837
644042
655558
660041
661673
664910
667806
671489
673033
683314
688265
695048
698189
704168
704482
717879
720515
724300
735640
738893
743311
743728
745196
758127
762361
767951
782648
784082
801328
802061
802095
808348
817031
819216
819918
825610
827204
834583
841421
846082
848473
849483
851678
855756
855957
856799
859242
862663
878630
882213
893552
894930
901072
904113
905924
908153
912149
912476
917023
918482
919992
921415
925523
932087
938664
947624
951161
951986
967118
968491
969832
983041
985575
988126
988276
1001407
1002377
1006269
1016707
1017087
1022707
1025111
1029070
1030133
1037375
1039695
1045821
1050923
1066663
1079174
1081358
1085213
1086862
1095970
1097685
1100164
1109723
1110921
1111579
1112999
1114211
1121025
1126494
1135262
1135753
1137667
1138187
1146231
1148924
1149190
1153498
1156422
1162392
1163561
1165687
1175901
1177237
1178271
1185991
1188170
1189288
1196776
1197809
1207735
1209481
1214825
1217272
1218125
1218758
1223950
1225802
1229675
1230128
1233134
1241467
1248556
1248638
1252187
1252579
1253159
1257839
1263902
1264766
1270835
1272136
1278263
1294607
1297867
1298102
1303406
1310191
1312336
1331993
1332648
1334771
1337249
1343130
1344536
1344723
1345150
1347619
1348486
1350959
1352649
1366273
1366646
1366907
1369944
1372375
1378539
1380136
1380611
1387911
1391783
1392115
1393031
1394236
1402320
1403394
1406565
1408134
1410924
1434877
1435200
1443014
1443489
1444511
1447626
1451631
1464221
1467217
1470503
1470709
1472585
1477018
1477255
1477624
1478842
1488354
1489118
1489805
1490834
1501409
1506607
1514744
1517870
1524112
1524750
1525722
1527879
1536876
1537715
1541228
1547032
1547152
1548756
1549382
1550878
1562240
1563566
1568028
1569878
1572552
1576741
1578216
1581514
1582186
1584510
1590353
1591443
1591830
1592594
1595296
1598083
1600077
1606445
1607263
1611955
1612212
1614328
1615662
1617052
1620267
1625853
1626706
1626840
1627202
1637303
1638728
1649651
1655620
1657246
1660700
1661752
1667943
1673136
1680449
1681380
1681710
1681932
1683045
1685746
1688401
1697825
1701096
1702838
1710044
1716903
1732045
1737680
1737805
1740190
1745658
1757824
1758024
1758071
1758369
1758788
1758928
1763945
1765290
1771370
1774439
1775692
1777402
1780962
1784060
1784685
1795544
1795877
1797239
1800265
1800972
1802613
1807727
1812219
1815620
1823105
1826490
1828389
1832185
1832483
1835140
1840950
1846046
1846533
1848105
1848203
1848432
1853462
1858556
1864009
1868931
1869313
1870411
1872935
1873306
1876602
1884177
1885029
1894786
1896325
1905625
1907048
1910125
1915553
1916870
1925231
1926849
1930950
1934460
1936994
1941126
1949843
1953395
1957324
1958038
1959285
1964889
1968191
1968466
1977136
1981482
1988672
1989337
