-1992261
-1991390
-1984550
-1980667
-1979209
-1973324
-1971308
-1960338
-1959528
-1957608
-1955575
-1948903
-1924583
-1922128
-1920284
-1920031
-1917513
-1917502
-1914998
-1910186
-1909130
-1907464
-1899676
-1886387
-1877888
-1875711
-1875542
-1874696
-1869443
-1866523
-1856173
-1850698
-1850381
-1845664
-1841488
-1839638
-1838991
-1837981
-1837398
-1836181
-1827504
-1826260
-1820546
-1819379
-1814634
-1805204
-1802805
-1795860
-1792270
-1791115
-1781007
-1778505
-1773744
-1773412
-1765226
-1765033
-1757788
-1750829
-1742414
-1742351
-1737602
-1732600
-1732218
-1717129
-1713445
-1705911
-1698571
-1692654
-1691692
-1677739
-1669114
-1669028
-1667756
-1665311
-1652057
-1644566
-1636487
-1636402
-1632681
-1630609
-1627594
-1625418
-1625081
-1622218
-1622194
-1621658
-1620860
-1609254
-1606978
-1605063
-1601183
-1586499
-1586409
-1581392
-1577468
-1576807
-1566808
-1566092
-1561718
-1555036
-1552309
-1552200
-1537812
-1534321
-1532275
-1531336
-1528955
-1525180
-1514301
-1508368
-1506588
-1500560
-1499071
-1496079
-1488208
-1482221
-1473199
-1472758
-1468238
-1466079
-1464315
-1463666
-1461242
-1456873
-1454551
-1450532
-1449313
-1445077
-1439671
-1436642
-1432076
-1426477
-1425622
-1425392
-1424178
-1423360
-1419137
-1415337
-1400660
-1397351
-1396675
-1385844
-1380583
-1376346
-1376318
-1367272
-1366585
-1366274
-1351449
-1348101
-1347934
-1338642
-1338391
-1314378
-1313736
-1310428
-1309047
-1299598
-1298819
-1298783
-1294746
-1293906
-1288004
-1286511
-1282899
-1278183
-1274562
-1256595
-1252449
-1250751
-1250194
-1233287
-1231263
-1209234
-1198431
-1195905
-1192654
-1191180
-1190635
-1184683
-1184021
-1182655
-1180975
-1174621
-1174377
-1151994
-1149787
-1149689
-1127674
-1127572
-1124439
-1123743
-1122146
-1115820
-1113272
-1107777
-1100410
-1100342
-1091842
-1087378
-1080347
-1079937
-1079700
-1072337
-1070829
-1070721
-1068291
-1064680
-1063213
-1060600
-1048906
-1044182
-1039809
-1036584
-1035109
-1032488
-1028309
-1026203
-1025731
-1024961
-1024590
-1022217
-1021126
-1018743
-1015982
-1013178
-1008499
-999717
-994387
-993971
-983366
-983184
-974058
-971223
-971157
-968801
-968558
-964736
-964075
-959623
-957578
-957209
-955627
-951138
-945621
-940928
-940264
-938002
-928578
-924409
-923455
-922014
-919057
-915982
-910095
-906558
-902561
-897177
-895031
-890498
-886656
-876702
-868928
-868029
-866888
-865410
-855076
-843890
-837566
-835253
-823560
-822487
-818922
-804809
-791989
-779841
-777052
-756915
-750591
-749075
-747616
-747327
-747168
-744077
-739151
-734900
-733872
-728393
-725024
-723630
-722182
-715805
-714268
-706079
-703965
-702795
-699059
-692918
-682877
-682608
-681575
-678795
-676874
-672271
-667592
-664210
-660904
-658269
-657472
-657056
-644101
-643625
-640368
-639460
-638893
-628674
-628162
-627240
-624477
-623618
-618258
-618057
-615064
-609546
-607532
-605628
-598756
-592195
-583796
-582012
-570538
-568378
-567868
-564481
-563051
-561988
-558562
-557209
-555293
-550864
-547738
-539107
-538468
-531753
-531660
-530816
-525582
-522416
-522065
-521685
-521523
-520513
-517742
-505223
-502029
-489701
-482408
-473198
-473011
-470930
-468320
-461183
-455659
-453230
-450464
-446519
-444239
-443069
-438735
-435915
-427473
-422206
-415106
-414703
-408463
-407093
-406197
-404385
-399600
-397960
-395211
-394714
-392355
-392050
-390607
-388083
-386729
-385192
-384170
-383125
-383076
-381149
-380722
-372236
-371528
-370565
-366417
-350172
-339368
-334280
-324436
-321465
-308205
-307763
-303491
-302616
-301110
-293652
-291566
-279799
-277014
-270880
-270317
-256412
-254581
-253301
-248637
-248472
-241738
-241710
-241302
-232997
-224805
-223411
-219900
-218850
-216671
-215743
-207268
-205302
-200086
-199498
-199192
-193995
-189376
-188892
-185630
-177275
-175000
-174999
-164040
-160788
-156240
-146992
-139147
-133400
-127369
-115899
-95721
-95711
-95000
-94639
-92587
-89999
-89484
-80708
-70550
-68294
-60196
-53570
-50620
-41642
-41144
-38186
-37121
-32049
-28866
-26832
-19451
-19265
-17546
-14338
-7097
-5066
-4394
-993
10107
11979
15189
18966
21012
22035
23086
45374
46129
47003
49134
51271
55057
56879
60194
61259
62338
63198
64347
69628
76789
78664
82194
82543
82557
91297
96206
96788
114419
118424
122240
122611
122629
127673
127808
128356
130928
141700
142640
146022
146516
146553
147135
158522
161991
163562
170675
175939
179871
180649
190887
196445
197082
204321
205806
206083
206694
213886
220952
230495
234903
235446
237429
241424
242088
244040
244460
247486
254610
258771
259353
266022
267814
268534
273599
275121
288848
294722
300836
309205
309306
314980
319643
326464
331261
336517
337011
342389
346238
347236
347426
351755
353325
354690
356414
359732
363677
365634
368427
368757
371021
372378
374704
377546
380865
383751
387707
387891
392348
397723
400506
407597
413150
416125
416823
417929
428543
430332
434058
434665
434790
437832
438347
439059
441353
442396
444392
444771
450641
452145
452734
456929
459944
468215
468455
470007
487307
487976
499939
506374
513740
517655
523881
527380
528943
529068
530597
532219
533427
536442
548669
553458
555279
555993
556784
565483
565983
567784
569904
572720
575837
577606
583966
586865
588325
590959
599999
602226
603186
604650
605439
607497
608397
615533
620407
621192
629983
632945
637652
641477
641489
644584
647407
655257
656453
661225
666581
669018
669822
670037
673639
684163
684941
686440
686658
689675
689776
690480
691566
696188
697359
698656
701265
704882
707278
712326
719596
720075
721816
722263
726729
733469
733565
749367
750570
752754
753679
753833
755066
756397
767085
767241
770890
771446
773695
774059
774780
778524
792239
796634
799794
811473
811805
813438
816089
817572
820578
823713
830056
830649
837101
840815
842928
846238
847628
848920
852148
853035
856445
860613
861291
861294
863282
865425
870576
878441
880499
893651
897501
905007
905625
906938
913177
930570
937086
940193
950177
960890
961430
963278
966367
966704
967235
969061
971457
972873
979544
981320
989245
991604
996380
1013840
1024522
1030108
1035187
1043684
1053442
1065855
1067948
1070793
1076230
1076637
1085352
1097652
1098958
1100209
1100751
1104106
1104286
1104736
1112935
1116228
1119915
1121378
1125646
1142864
1145021
1150732
1152127
1155317
1166718
1169781
1171836
1175104
1178066
1179070
1183088
1189527
1189645
1196091
1200437
1200571
1204861
1206939
1208083
1208599
1214419
1218230
1218356
1226880
1234824
1234994
1237738
1238680
1247821
1249042
1250402
1254518
1254752
1255164
1264830
1278903
1288617
1290161
1291414
1291519
1292354
1302464
1315181
1330062
1331760
1336352
1343919
1348659
1349565
1352097
1357078
1363376
1365885
1373633
1374288
1378257
1378956
1380231
1380431
1385576
1387109
1390026
1391996
1398821
1402515
1402921
1403705
1406680
1410729
1421693
1422717
1425740
1426609
1428260
1430858
1432127
1435085
1444985
1447318
1455983
1457646
1459979
1462219
1470596
1473976
1475690
1498739
1498769
1500879
1501368
1502713
1507464
1508561
1515416
1517347
1519790
1521770
1524315
1527334
1528138
1533447
1533991
1536729
1539267
1539480
1542163
1542917
1543416
1554379
1554776
1564758
1569823
1575340
1575371
1576551
1577013
1587883
1598690
1600800
1603814
1603876
1605176
1605291
1610276
1619164
1623834
1624325
1638870
1639570
1644503
1648087
1649554
1657593
1657885
1666923
1678881
1686306
1693883
1695744
1699439
1699967
1702051
1705346
1717163
1724918
1725186
1726300
1727662
1728289
1728295
1729507
1738509
1742880
1743684
1754664
1755409
1755883
1761718
1764198
1764597
1765716
1766173
1768204
1771411
1772837
1778594
1778799
1783641
1787294
1800535
1806690
1811391
1818910
1821408
1825659
1828634
1829999
1831005
1838734
1852175
1853630
1857285
1862272
1864483
1870382
1870572
1873731
1874575
1881455
1890690
1890883
1897034
1899123
1901480
1906004
1907197
1910131
1910258
1912888
1913850
1922424
1926223
1926882
1927231
1927968
1941300
1942148
1946574
1951502
1961564
1963223
1964443
1965503
1965729
1990541
1992704
1994145
1996841
