-1997391
-1996723
-1993812
-1993489
-1988804
-1983616
-1979133
-1978753
-1971818
-1971653
-1971241
-1963913
-1961007
-1954658
-1951994
-1943300
-1941943
-1941578
-1928998
-1920680
-1915842
-1911662
-1911070
-1910540
-1902029
-1901605
-1897578
-1896192
-1895776
-1887539
-1880716
-1876372
-1871295
-1869421
-1869227
-1860172
-1857253
-1852705
-1852360
-1850846
-1850693
-1846238
-1841946
-1837894
-1821093
-1820612
-1819116
-1815526
-1809774
-1800838
-1800479
-1799119
-1797107
-1781011
-1778035
-1769245
-1768348
-1757517
-1757144
-1755012
-1754926
-1751657
-1750290
-1746295
-1742995
-1733236
-1731911
-1729789
-1722528
-1721115
-1719676
-1715038
-1714084
-1706583
-1700976
-1694410
-1694268
-1692478
-1673261
-1672460
-1665040
-1659092
-1652434
-1650684
-1638111
-1621409
-1621403
-1618603
-1605030
-1597366
-1589460
-1572373
-1570289
-1567785
-1565681
-1560684
-1560151
-1560023
-1552075
-1547773
-1545709
-1543292
-1542029
-1539369
-1538468
-1536246
-1534282
-1529184
-1528685
-1528389
-1524761
-1521793
-1521086
-1517273
-1514010
-1513635
-1512865
-1511577
-1511531
-1503915
-1497421
-1497339
-1494184
-1492451
-1488191
-1482444
-1481864
-1472328
-1471083
-1461353
-1458346
-1458177
-1457021
-1456441
-1450562
-1436202
-1431120
-1428905
-1414397
-1412035
-1398377
-1398349
-1393699
-1391593
-1384912
-1376814
-1373940
-1371955
-1370832
-1369981
-1360618
-1360426
-1359933
-1356094
-1355951
-1351483
-1348797
-1348673
-1347839
-1337807
-1331988
-1329578
-1329530
-1320558
-1319910
-1311100
-1306700
-1305073
-1303948
-1287695
-1280993
-1279645
-1273603
-1273576
-1273301
-1267085
-1266287
-1262348
-1259841
-1255194
-1247958
-1247245
-1244013
-1243121
-1235383
-1235331
-1230115
-1225627
-1223678
-1223674
-1202054
-1201614
-1198684
-1191674
-1188970
-1186209
-1178756
-1175668
-1172317
-1158780
-1156228
-1149576
-1143491
-1141301
-1141140
-1135134
-1135127
-1133588
-1133035
-1129578
-1128206
-1128150
-1126634
-1126003
-1125789
-1119176
-1119130
-1115257
-1111727
-1103088
-1098963
-1097576
-1092414
-1082904
-1078690
-1074988
-1072334
-1069900
-1063822
-1050405
-1050255
-1045798
-1042638
-1037762
-1037665
-1032647
-1026270
-1020469
-1015893
-1006277
-1004540
-1000175
-989407
-983973
-981590
-968761
-957538
-951060
-948150
-940964
-935793
-933984
-930068
-929769
-924714
-924011
-922831
-922536
-912692
-910561
-907707
-900436
-896346
-895709
-889808
-885900
-882709
-878928
-872175
-872026
-868236
-854205
-854031
-851817
-847589
-847537
-838453
-836486
-835361
-832846
-829015
-826853
-822662
-822492
-822358
-821475
-816393
-815839
-813343
-809547
-804710
-804199
-802483
-795552
-785638
-779039
-775398
-773359
-772306
-771543
-771099
-761284
-757188
-757086
-753829
-750379
-747918
-746993
-736711
-734973
-731333
-728127
-715541
-713295
-704621
-701035
-699578
-690617
-688751
-676699
-672217
-667159
-656528
-650101
-646504
-642656
-634694
-631173
-625558
-625224
-621341
-610771
-607220
-604917
-604070
-603118
-603099
-601032
-598749
-597485
-588407
-586359
-584165
-582911
-579255
-577558
-561756
-561660
-561099
-552724
-547227
-546084
-541707
-534954
-526840
-525397
-523705
-518015
-505963
-503616
-500020
-499946
-498287
-495039
-491575
-474843
-473453
-469837
-469401
-466634
-465959
-464488
-456434
-454907
-451585
-448916
-445105
-436800
-435918
-433753
-429267
-428353
-426059
-424706
-424609
-422084
-421288
-418379
-416139
-414794
-411795
-400590
-400429
-400397
-395960
-395884
-395059
-381879
-380817
-369220
-365877
-361398
-354838
-352636
-352624
-348622
-346110
-344939
-343101
-342538
-339058
-338108
-337584
-334222
-327252
-322836
-318551
-314295
-308901
-308101
-304249
-301245
-300850
-298609
-295765
-288473
-283244
-282166
-281023
-280380
-265752
-263044
-258399
-249579
-247212
-243661
-237432
-221567
-216996
-209118
-206965
-206676
-202932
-202606
-200352
-198951
-198067
-195779
-185916
-180223
-179975
-179280
-170201
-169576
-169510
-168193
-160303
-158975
-157499
-154026
-150238
-131181
-130141
-127474
-104874
-102331
-100464
-97040
-95938
-95175
-92716
-86721
-82257
-77394
-74671
-74570
-74219
-65671
-65580
-62260
-61467
-57259
-53719
-49854
-35467
-32687
-19648
-16056
-6684
-5496
-2479
2303
4269
9672
11878
14883
16671
16845
16915
20348
21107
21634
22480
23243
26205
26975
29884
38742
42737
44049
44208
46500
52846
61154
68658
77233
82184
86075
86116
87539
88220
89239
93361
102197
103241
103670
107856
110308
110499
115756
116212
116539
123335
134973
140914
144181
147093
147259
164836
166193
179785
186365
199016
199184
200846
201737
208826
215501
216836
221653
222759
227041
227751
232954
234936
236449
249478
251812
254548
255611
256910
261967
264750
269797
272276
272705
274560
278768
279515
280418
284239
289798
292687
293299
293382
297472
309423
313350
315764
319754
330504
332919
333436
337443
338931
340653
352877
355719
360823
366859
369204
370202
381711
382471
387015
391451
397415
399312
399904
402598
414455
414759
417025
420613
420882
424180
425049
429551
432725
433561
434367
436726
437217
437652
440698
442988
445529
448124
451977
454968
461503
469778
470718
475501
478584
478818
487539
489687
491124
492310
495150
500242
502082
507743
517211
519839
524638
529398
533126
536200
539394
540920
555294
556516
560188
565895
574469
575337
580282
581301
583368
586840
589954
595614
596386
598933
602609
607245
607274
607884
613123
618235
621259
624474
625302
625753
632198
634050
640827
640851
642632
644204
645165
648291
653624
656084
659369
672041
674562
685467
694336
699020
701292
707480
710233
715909
717807
720970
721314
735074
736919
736940
739098
739410
741383
744437
750998
751359
753849
754362
758280
758624
762109
764261
764386
774354
774417
779588
780946
781399
781846
782294
785347
787054
791976
794415
798484
800673
814432
819676
819838
820778
822799
833993
836641
839779
852150
854515
855746
858771
863748
884041
892241
895921
896048
902243
902347
903140
906556
907951
914850
915525
915900
916710
920954
921713
924434
924499
928597
929489
934165
934813
935528
935673
945232
949539
956555
960136
962362
963087
974720
976501
978522
979431
983319
988337
990101
1005086
1009848
1012458
1027446
1029701
1030396
1038070
1045446
1046012
1046215
1050626
1051903
1051912
1057644
1059823
1059954
1067298
1071970
1076665
1079830
1082170
1082826
1084687
1087084
1087871
1088073
1101407
1105683
1111066
1115429
1119921
1123436
1129670
1138264
1140598
1141981
1146294
1146946
1149454
1154382
1155956
1159490
1161139
1163228
1164236
1164755
1165178
1166018
1168300
1170504
1171633
1190045
1190200
1202787
1202981
1203990
1204627
1238142
1241119
1269046
1271113
1279097
1280711
1284866
1290910
1292238
1298905
1303007
1304799
1305897
1318069
1322310
1338467
1344714
1357806
1358633
1364172
1369742
1371288
1372374
1376574
1377973
1382066
1386832
1387674
1392591
1398369
1400852
1401434
1402738
1406662
1414150
1415434
1415917
1415985
1419637
1422560
1427705
1434253
1435827
1438321
1439513
1441859
1445850
1450239
1450443
1453880
1457185
1457483
1460307
1461505
1461509
1469003
1478825
1480087
1482550
1486553
1486956
1493160
1495690
1495725
1510305
1510382
1511331
1519764
1525041
1529729
1531634
1534126
1539277
1540366
1552866
1563556
1565136
1573434
1577423
1580117
1586617
1587401
1590804
1592519
1593950
1611192
1615705
1626855
1629850
1631377
1633001
1639189
1639881
1640344
1640442
1641295
1650015
1650146
1652531
1653680
1657203
1662290
1663882
1669420
1670098
1670530
1672907
1676919
1680868
1692292
1708140
1710791
1712994
1714490
1718419
1718996
1719030
1721442
1740323
1740973
1744482
1747518
1755615
1763040
1775252
1780249
1783966
1786844
1787714
1787987
1811632
1812241
1816590
1818310
1818666
1822182
1826523
1829529
1832080
1837800
1849188
1853122
1856808
1869828
1870327
1897498
1900410
1902579
1905346
1907760
1910535
1911615
1912690
1922504
1930107
1933564
1936860
1937311
1939626
1945187
1947210
1948654
1951372
1952100
1958286
1958507
1958806
1959340
1962368
1963145
1966857
1973756
1978004
1978646
1983297
1999296
