-1998866
-1997492
-1991491
-1988454
-1987781
-1985419
-1982998
-1981494
-1975391
-1973887
-1973475
-1966446
-1959247
-1952856
-1949463
-1948743
-1946641
-1942159
-1932452
-1929693
-1913735
-1908972
-1907593
-1905513
-1898887
-1898017
-1895707
-1891609
-1889862
-1881385
-1880279
-1875901
-1872667
-1862078
-1861948
-1854511
-1851136
-1844046
-1840765
-1832304
-1828463
-1826388
-1820894
-1819416
-1816972
-1816257
-1816245
-1808585
-1796900
-1796444
-1790896
-1788726
-1787043
-1786250
-1785020
-1782647
-1780651
-1779141
-1774983
-1774436
-1765314
-1763677
-1756072
-1753084
-1750595
-1743420
-1734799
-1733062
-1729152
-1728215
-1728180
-1727221
-1724490
-1722955
-1721062
-1716407
-1710664
-1710475
-1707497
-1704815
-1702997
-1695502
-1678219
-1671948
-1668634
-1667967
-1665442
-1660684
-1658780
-1657785
-1651967
-1646982
-1640638
-1637547
-1628291
-1625960
-1613845
-1609053
-1606520
-1606505
-1604966
-1588563
-1586303
-1585208
-1577616
-1568528
-1561381
-1557652
-1554861
-1551584
-1548295
-1545750
-1542963
-1537036
-1535973
-1527350
-1521694
-1520367
-1518499
-1515587
-1513680
-1512946
-1504987
-1495087
-1486688
-1482469
-1477060
-1475501
-1468258
-1464771
-1460104
-1442688
-1442516
-1440765
-1432926
-1431349
-1429650
-1421188
-1414763
-1402500
-1392970
-1391969
-1390967
-1384148
-1371055
-1368242
-1366692
-1356386
-1355997
-1354385
-1353084
-1352712
-1340315
-1337996
-1329953
-1326166
-1325615
-1320376
-1320300
-1318353
-1317655
-1314990
-1309828
-1309478
-1306812
-1302180
-1300121
-1295782
-1288396
-1288334
-1285683
-1284219
-1283372
-1281208
-1281190
-1280355
-1278903
-1278509
-1274103
-1266631
-1263990
-1260862
-1256219
-1250149
-1249985
-1245620
-1241835
-1234802
-1230119
-1225163
-1224320
-1223210
-1216973
-1210403
-1207946
-1206234
-1198422
-1181925
-1172142
-1170420
-1166346
-1161725
-1157536
-1154929
-1152090
-1150307
-1147606
-1147154
-1145693
-1140970
-1123000
-1122589
-1117122
-1114585
-1108029
-1093942
-1089289
-1084980
-1069628
-1069354
-1065507
-1062755
-1057911
-1057823
-1056230
-1056013
-1054068
-1052595
-1050652
-1049442
-1048481
-1046770
-1041297
-1035141
-1033988
-1033004
-1031000
-1009761
-1008855
-1004028
-1000599
-996804
-995793
-995420
-989661
-982828
-977441
-973234
-967921
-966833
-965719
-964509
-959577
-956636
-956361
-953094
-952119
-950133
-949115
-945921
-943021
-928157
-927778
-923505
-923431
-921340
-914954
-906338
-900827
-899374
-896455
-894080
-885473
-883309
-882184
-879861
-877886
-876189
-876116
-875900
-874877
-872851
-872101
-870324
-863260
-853810
-850894
-848888
-843615
-843083
-822183
-821846
-818711
-818167
-816199
-811056
-810632
-786670
-781130
-781096
-780888
-780283
-777695
-772919
-770731
-761783
-748325
-746125
-739459
-733597
-731469
-724718
-722110
-721199
-720644
-718498
-710194
-706290
-704522
-704084
-690793
-690445
-685086
-677144
-673745
-668673
-653832
-647829
-646476
-642420
-642228
-637981
-635542
-627576
-616658
-616270
-606104
-604115
-598466
-596889
-595384
-595181
-587492
-583533
-570607
-569923
-568418
-568032
-567604
-566733
-565400
-562369
-561010
-557179
-551638
-542345
-541567
-532781
-529543
-525881
-522952
-521789
-511335
-511098
-510845
-503519
-496602
-492450
-485771
-484583
-471759
-468353
-466102
-458845
-457514
-455584
-449251
-441917
-436025
-434929
-431392
-430645
-423267
-417027
-410770
-409608
-404781
-403405
-393177
-383952
-379345
-376040
-375925
-374854
-374624
-374344
-373959
-372681
-371645
-364778
-360797
-356464
-354552
-352317
-345014
-344856
-344461
-337959
-337487
-335145
-334968
-333354
-332051
-328427
-322557
-322123
-319109
-318148
-318096
-316348
-316127
-312887
-300699
-300393
-294372
-291272
-289356
-286191
-284414
-280369
-267963
-267316
-257985
-257679
-256070
-254887
-249484
-240125
-237950
-234308
-234130
-232009
-227457
-224283
-218820
-218557
-215928
-211570
-211269
-204752
-202986
-199330
-196632
-187988
-179930
-177160
-172624
-172289
-171841
-168833
-166000
-159336
-143682
-137891
-129075
-126646
-117680
-115581
-115545
-114220
-111666
-105868
-104301
-98907
-96245
-93647
-85732
-70920
-69456
-67916
-67285
-61069
-59348
-51507
-50438
-47117
-38331
-34006
-28090
-27425
-19051
-11880
-2788
125
3482
12323
12568
12574
26712
30571
33663
38948
39878
43451
46227
47428
50830
51006
52530
53441
61870
63509
67424
68709
71854
75000
78152
79944
81031
84928
86902
91524
92398
93744
95017
99215
100228
102178
106009
112119
115874
122598
123704
131429
132544
141501
142767
148108
149227
151465
157543
160088
167364
171421
172090
174979
175562
180225
183435
197228
197298
202774
203879
208296
208767
212321
212839
213265
214302
215056
215842
223289
223776
224539
226333
229525
242132
247533
253641
255375
264272
269993
272959
273011
277512
282327
284533
286601
293416
297947
298203
298673
300337
302514
302650
306303
322108
322277
328329
336611
337732
341565
343252
352681
353381
354354
379967
382502
388984
391305
391389
401089
403906
405230
408236
408805
412076
413021
415236
423001
428751
436383
436752
449231
454978
458482
459045
462996
468083
468338
472139
473879
477969
480534
480755
493665
496235
500325
501671
502963
507707
512049
512246
515426
518143
520636
528213
532060
540585
548419
550406
552009
553694
580159
587879
595530
602741
603070
613106
615350
620828
623662
625568
626193
629159
631915
635588
653244
653825
665961
666051
671470
672623
674353
678367
679594
680125
691188
692495
710812
715560
718066
721286
721603
722197
723374
725477
729127
730241
736277
739793
740124
749781
755251
757263
762006
766624
767856
768664
770344
776230
777667
781984
787676
793437
807350
811415
829621
835092
836486
843085
846422
849319
860977
865149
870127
881338
883370
886692
886943
887022
890668
894614
898899
901689
902223
906310
922394
930289
938544
940319
942939
953153
956005
958734
958842
960587
963751
970729
982126
985472
988237
991136
1000135
1000337
1004490
1005480
1011695
1016113
1016499
1017398
1018976
1020436
1020718
1023663
1024044
1037960
1040022
1045380
1045781
1055095
1057730
1062183
1063056
1064091
1064181
1065806
1077789
1078858
1084771
1084828
1085043
1088066
1090492
1091648
1097302
1097816
1100204
1100487
1100893
1104094
1104999
1107262
1109499
1110383
1116813
1120034
1120207
1122520
1122648
1123753
1124814
1125401
1128828
1134439
1141245
1150345
1153355
1167885
1177163
1179092
1179676
1181280
1181839
1204952
1207013
1226408
1232000
1237012
1237109
1242764
1255080
1263219
1264010
1266814
1269193
1277223
1284787
1289375
1289763
1290558
1294496
1295663
1297498
1300066
1302867
1305571
1308845
1311173
1315255
1316322
1319367
1322490
1323366
1326363
1330569
1331461
1336191
1342816
1350042
1357234
1358258
1360875
1361760
1367624
1368115
1368459
1377033
1380514
1383533
1387106
1391764
1392552
1394150
1395358
1395913
1397365
1401394
1402437
1403212
1404156
1418766
1419162
1426794
1427975
1432667
1454570
1455066
1461721
1465687
1466261
1468426
1468690
1475031
1477231
1479063
1480986
1492622
1493322
1497647
1508861
1508966
1509966
1510643
1511670
1512449
1515126
1516392
1529634
1529774
1539287
1542053
1544825
1548169
1549284
1551668
1553523
1557496
1558197
1564816
1574269
1576038
1577490
1580520
1596035
1611649
1612958
1614129
1618943
1624327
1635930
1636900
1640031
1644962
1645833
1657139
1662574
1669259
1670210
1670593
1672731
1675301
1676645
1682866
1688539
1689164
1689777
1691173
1698812
1708314
1711044
1720959
1721041
1721745
1723050
1731993
1732410
1736805
1737249
1739128
1739631
1741432
1744602
1745678
1747824
1748556
1759504
1760802
1762178
1770190
1771726
1775546
1777549
1783666
1788789
1788873
1791975
1793431
1796187
1800349
1801508
1802467
1804048
1804394
1805031
1817217
1820040
1826655
1828713
1830454
1834610
1839247
1846318
1848406
1849123
1856027
1863574
1870523
1878150
1883430
1884311
1886317
1891816
1898467
1902245
1904447
1906372
1909114
1909536
1916858
1925704
1932197
1932588
1934228
1940511
1942789
1945119
1945769
1952021
1970890
1975356
1976037
1976414
1980867
1982655
1986851
1989465
1992237
1994286
1995499
