-1997157
-1994561
-1988576
-1987924
-1982541
-1981323
-1977158
-1971434
-1963851
-1961074
-1957069
-1955451
-1952725
-1952113
-1949751
-1942328
-1935032
-1931704
-1929246
-1919365
-1901938
-1901453
-1895657
-1893267
-1891592
-1882059
-1881455
-1880219
-1878820
-1873915
-1864828
-1851587
-1849051
-1845634
-1843095
-1834768
-1833124
-1830771
-1829406
-1823632
-1820745
-1819404
-1819011
-1807401
-1806422
-1802776
-1795192
-1791980
-1791789
-1791294
-1787881
-1787323
-1783680
-1780166
-1776418
-1774329
-1769474
-1767652
-1765904
-1765146
-1757493
-1754810
-1751818
-1751698
-1743013
-1739030
-1738950
-1736437
-1729099
-1726532
-1725017
-1715305
-1713106
-1710888
-1708295
-1701381
-1694398
-1693422
-1680912
-1679622
-1668583
-1661033
-1660948
-1657132
-1657093
-1653754
-1653067
-1652206
-1651624
-1650590
-1646832
-1645589
-1644732
-1644553
-1639970
-1638735
-1633895
-1632891
-1632393
-1631417
-1630995
-1627371
-1612379
-1609824
-1606579
-1605362
-1602670
-1600671
-1600413
-1596698
-1590470
-1588122
-1583472
-1580104
-1575314
-1573537
-1571314
-1569464
-1568727
-1567904
-1564680
-1563964
-1560099
-1558322
-1553953
-1535288
-1528462
-1522547
-1522359
-1521264
-1520577
-1518290
-1514477
-1508694
-1504359
-1502141
-1501398
-1491580
-1491503
-1484912
-1480595
-1478791
-1468599
-1466164
-1463998
-1460902
-1459692
-1459554
-1453298
-1440639
-1437353
-1437184
-1425208
-1424225
-1421926
-1412715
-1411926
-1409714
-1399910
-1395241
-1384623
-1382680
-1379637
-1376564
-1368537
-1367526
-1354579
-1353733
-1352102
-1350647
-1350594
-1349585
-1345130
-1339922
-1338429
-1337725
-1336761
-1315533
-1314021
-1313837
-1312817
-1300802
-1299527
-1290362
-1273153
-1272957
-1272457
-1272047
-1270505
-1265462
-1265133
-1257562
-1257153
-1254381
-1254180
-1237566
-1236641
-1234913
-1223305
-1221992
-1218938
-1218820
-1213528
-1212020
-1208493
-1199545
-1191041
-1189978
-1189892
-1185590
-1184270
-1180749
-1180157
-1178449
-1176690
-1171181
-1164307
-1163317
-1162342
-1161847
-1157383
-1153248
-1151264
-1146372
-1143101
-1136156
-1133410
-1130228
-1125254
-1122261
-1120959
-1118799
-1118459
-1111164
-1109817
-1108704
-1108065
-1107206
-1105291
-1096358
-1093874
-1092008
-1089401
-1086828
-1085547
-1083235
-1076146
-1071181
-1069921
-1067311
-1057920
-1048122
-1046632
-1040731
-1024663
-1023773
-1022915
-1022191
-1022097
-1019545
-1018478
-1007439
-1002995
-998029
-996473
-995306
-990314
-974742
-973113
-972832
-969441
-959316
-948211
-946672
-939553
-932576
-925583
-923436
-921711
-917174
-911791
-910891
-909702
-905230
-899601
-896960
-890975
-882953
-881536
-880464
-879567
-876687
-876637
-870286
-869703
-861627
-859458
-855665
-848428
-844512
-839444
-833678
-825579
-824479
-821715
-817712
-806474
-802434
-802400
-799651
-796266
-792773
-792730
-791170
-789529
-786204
-784666
-784264
-773208
-771535
-758001
-746847
-746579
-744914
-735084
-725908
-722490
-721974
-714167
-705504
-705356
-698692
-697027
-695006
-694396
-693957
-691093
-688208
-687508
-678732
-673935
-670645
-665693
-656798
-653774
-652772
-650240
-649695
-638606
-635610
-626375
-625077
-622089
-621713
-618562
-616907
-608012
-607869
-604129
-597578
-595771
-581037
-574816
-574028
-571398
-561767
-559946
-557274
-551941
-550542
-548736
-548720
-546274
-544507
-535786
-525409
-521904
-517675
-513992
-512690
-510763
-507516
-506155
-503830
-503153
-502770
-501370
-485954
-484557
-477302
-469880
-466727
-465232
-463821
-459974
-452908
-452138
-451979
-450733
-449046
-447854
-441265
-439692
-436925
-434430
-432555
-432008
-431738
-428370
-424145
-419402
-418632
-418529
-413813
-411257
-402973
-393348
-392923
-392020
-389497
-384989
-382837
-382714
-380529
-376862
-372813
-365414
-361626
-360441
-360292
-360085
-357942
-357563
-355727
-354002
-351187
-350878
-350129
-347048
-345599
-337101
-333410
-331965
-331850
-325957
-318548
-308974
-308212
-298226
-297531
-293731
-293620
-292274
-289287
-285884
-280688
-278669
-272149
-271508
-264133
-263615
-259828
-253188
-249231
-245799
-244297
-238516
-228843
-227064
-222080
-213497
-203014
-201256
-196287
-194861
-193264
-192434
-186130
-182109
-178082
-172610
-168464
-168113
-165944
-153404
-149079
-146462
-127214
-126862
-123411
-117884
-116581
-111895
-111827
-111754
-107685
-95663
-92392
-83491
-82248
-81217
-81159
-78719
-77561
-74128
-72450
-59133
-57490
-51936
-49560
-47882
-39670
-35660
-35155
-29805
-28716
-22142
-17415
-16196
-11845
-5517
-5252
8495
8545
10101
14826
14831
16497
18325
22058
31362
32744
34392
41045
50492
57041
67695
70371
75282
76211
78843
109205
120792
126501
128378
132117
138314
153197
157970
158207
164625
166998
175601
175941
188907
190237
194259
199295
202191
203745
211137
220704
226403
229906
234606
236075
245069
247683
247783
249231
250875
251823
254604
259863
262417
263434
270198
286119
286146
286686
286876
290120
291444
291914
293739
298653
299493
301686
305103
305764
308716
309163
315261
315469
315607
321989
324794
329830
332935
333267
335167
338451
339921
340466
344336
347272
350031
354171
362517
366753
369214
373196
373373
373597
375465
381013
393589
395519
402881
403519
414463
424604
427092
433764
434400
436341
441661
452603
453197
457119
462623
462892
466266
466650
477844
480892
488731
491485
492713
501078
503686
507132
507180
509877
512134
512400
517249
520060
523347
526570
528063
531395
536699
539955
545825
548353
548430
552243
554377
558287
559034
561844
562405
567395
569192
585210
590588
591524
597777
608951
623692
626322
638845
640671
644320
648694
653163
654084
654953
655551
659692
666177
672643
678040
685053
691501
699761
710294
728341
736945
742698
745451
746609
750533
751490
752304
754753
759209
760228
761310
770753
771625
776737
795578
801742
806422
806430
818749
820068
820751
823952
824272
825006
829027
841378
850185
850213
852925
855114
867029
868633
869657
874468
879647
885070
889460
897023
899323
902298
905622
913127
916177
926560
937881
943118
959549
960892
961223
965041
972440
973539
974769
977933
981502
982360
984805
986164
988663
993935
999231
1001463
1006746
1008055
1016349
1019775
1021003
1022181
1023721
1026547
1027995
1032664
1033440
1036081
1036182
1039281
1046074
1047765
1051345
1053351
1062254
1068373
1073057
1074997
1080648
1082518
1088701
1090412
1094112
1099828
1101651
1105390
1109704
1115437
1115993
1118604
1120230
1131107
1132207
1136781
1139977
1140417
1153725
1155288
1156464
1157781
1167000
1167087
1172399
1174722
1176312
1177815
1180814
1187848
1190653
1190791
1193707
1194115
1198380
1198721
1199958
1214023
1217635
1235205
1235458
1237376
1249846
1249877
1251834
1259359
1262787
1265958
1272414
1273455
1275756
1280973
1287316
1290825
1296310
1299414
1299941
1303695
1304859
1313353
1317378
1323219
1325203
1330201
1332097
1333413
1334838
1344187
1348564
1355561
1361343
1364519
1369491
1376493
1385011
1390216
1395001
1402817
1404689
1406981
1407923
1409195
1415041
1416716
1425203
1428805
1429806
1432054
1432315
1432857
1434126
1436295
1438304
1445460
1449063
1450533
1466203
1466271
1466434
1467623
1472191
1476908
1479444
1481218
1494354
1511622
1523142
1528605
1530137
1540786
1549279
1553419
1556072
1560571
1560832
1566046
1572960
1575290
1580464
1582362
1584846
1594572
1596906
1597023
1599828
1601084
1616691
1617983
1632099
1637668
1639633
1648561
1651149
1651461
1653891
1662526
1663158
1663605
1664760
1690491
1701015
1703002
1704166
1704428
1707770
1712762
1714271
1716041
1720322
1722309
1725242
1731968
1735057
1754266
1756172
1757047
1760807
1761827
1765661
1769589
1769765
1774341
1775829
1779289
1779971
1780096
1783333
1783422
1785437
1787910
1789819
1802926
1804163
1804350
1807968
1810991
1814975
1817752
1818543
1821385
1825128
1825809
1830085
1831387
1840689
1850024
1850063
1866693
1867982
1868614
1872913
1885580
1889258
1890493
1892510
1894558
1895048
1895228
1902406
1902749
1905336
1911119
1915206
1917801
1918499
1920565
1921517
1924087
1932112
1934293
1934339
1936556
1938378
1941859
1942567
1951800
1955234
1957751
1967455
1968594
1974299
1974745
1980936
1983908
1989925
1991823
1994646
