-1998432
-1974352
-1973985
-1969070
-1968695
-1964648
-1962407
-1950778
-1946479
-1939525
-1939045
-1938902
-1938609
-1928283
-1926947
-1922405
-1916584
-1916387
-1913865
-1913236
-1905589
-1904211
-1895682
-1891459
-1884984
-1883320
-1882420
-1870010
-1868939
-1858866
-1858264
-1842513
-1841999
-1839739
-1839144
-1837182
-1834300
-1829297
-1806447
-1805594
-1791727
-1790294
-1784813
-1784503
-1775851
-1774969
-1774939
-1765926
-1758448
-1752556
-1752346
-1751762
-1748485
-1744807
-1744080
-1741149
-1722043
-1717099
-1715732
-1710052
-1707783
-1705313
-1698373
-1696031
-1694327
-1692991
-1687625
-1680589
-1680560
-1679574
-1678514
-1677777
-1677578
-1676974
-1675945
-1671154
-1661342
-1660541
-1650718
-1645221
-1642540
-1636628
-1634029
-1628576
-1627018
-1617278
-1615733
-1597043
-1590921
-1586383
-1585749
-1577717
-1575922
-1572062
-1571523
-1568687
-1567740
-1559328
-1556608
-1551299
-1546517
-1534776
-1533607
-1529812
-1529706
-1529612
-1529410
-1528204
-1523448
-1521562
-1517798
-1512617
-1510320
-1507771
-1501525
-1498995
-1494043
-1493280
-1485843
-1480195
-1478634
-1477559
-1474944
-1465458
-1448865
-1447232
-1435591
-1433215
-1426959
-1425052
-1423679
-1422301
-1420663
-1415880
-1399096
-1398966
-1395838
-1385138
-1381963
-1375751
-1371747
-1367110
-1364982
-1361939
-1352883
-1352272
-1344146
-1340351
-1335526
-1335296
-1333721
-1327213
-1323074
-1322684
-1321239
-1317794
-1315580
-1315396
-1313645
-1311923
-1308338
-1307431
-1289297
-1283388
-1282285
-1272491
-1270553
-1270510
-1258497
-1247171
-1242974
-1234143
-1231955
-1231699
-1231316
-1224879
-1224716
-1220796
-1208250
-1204194
-1203251
-1202421
-1201027
-1198970
-1198092
-1193022
-1174848
-1167317
-1167232
-1163721
-1161324
-1157877
-1154419
-1145192
-1138932
-1125599
-1113410
-1111261
-1099236
-1097109
-1085121
-1084128
-1080800
-1078485
-1075795
-1069322
-1061018
-1051849
-1049658
-1042535
-1041373
-1036129
-1026161
-1023090
-1022768
-1019713
-1014530
-1008197
-1006764
-991944
-990497
-984043
-981775
-981534
-967391
-959064
-954312
-952359
-950807
-949654
-944813
-943911
-940050
-940032
-930637
-927722
-926909
-926576
-921663
-918009
-917125
-916077
-914322
-913508
-910376
-910331
-905363
-903240
-897322
-892005
-889568
-879576
-877839
-873453
-867191
-866718
-865138
-860776
-851919
-848698
-843461
-842115
-841094
-832379
-830482
-829454
-829226
-829110
-825331
-823249
-821337
-818005
-815473
-808989
-801382
-794666
-788953
-787281
-779758
-779645
-778523
-763627
-763507
-761788
-756289
-756274
-745115
-740565
-737965
-732964
-726581
-725376
-712863
-703680
-702429
-701176
-695772
-676304
-676072
-670365
-663849
-659912
-655472
-653586
-645436
-639655
-627796
-627423
-625053
-624808
-619197
-618539
-611613
-607323
-607178
-605415
-602511
-593585
-587542
-576319
-574992
-572191
-566417
-559456
-558086
-557285
-549072
-547933
-547693
-545714
-538501
-538031
-536450
-533488
-532114
-518418
-517019
-506508
-504306
-503156
-497844
-496586
-492344
-490544
-474423
-464164
-463170
-459209
-458013
-452773
-450024
-446228
-443397
-439860
-438353
-438020
-436376
-434580
-433011
-428270
-414156
-411950
-411721
-410486
-406375
-403607
-402289
-400531
-389849
-389274
-388303
-387387
-387118
-384343
-382289
-377709
-377639
-371357
-370757
-367539
-367149
-352616
-344074
-340208
-339919
-334738
-333663
-332286
-316067
-311685
-310721
-308876
-308571
-302557
-294974
-289059
-288149
-283873
-282253
-279360
-271729
-268197
-257563
-256356
-255688
-254409
-254295
-252865
-250027
-244056
-243874
-241436
-236561
-224209
-210604
-209886
-204213
-202209
-199722
-199336
-192081
-187964
-183938
-176790
-173788
-169295
-162063
-154873
-154327
-152730
-148388
-144443
-138776
-133955
-133553
-118954
-117977
-106116
-91965
-91242
-79891
-75269
-72783
-66729
-66632
-61057
-60359
-59496
-55198
-47895
-47428
-45456
-45004
-41116
-38457
-29560
-29325
-24764
-16993
-15497
-13411
-9771
-9050
-5269
-4933
-1340
4612
21704
24121
39109
43632
47386
48525
59862
69080
70607
71296
71654
71688
77411
78255
84373
84881
88405
90568
102508
103502
105902
107250
108428
109946
109958
110537
115107
117315
125328
127730
129753
130484
132003
133339
136420
143693
152820
164707
164871
165952
168409
176508
177040
183642
184252
187555
188975
190682
190977
192524
194887
200658
206207
214471
223448
223958
226654
231257
233596
238982
239406
239433
240115
248245
256949
265571
278376
278411
280045
280561
290526
292104
300968
301059
310951
311782
313522
316276
318892
319588
327447
330848
332205
341451
345055
352676
354576
355368
362289
364631
376963
377251
377885
381390
383541
397155
399588
402020
403782
411774
413084
414788
424179
424861
432315
441928
441968
446628
446725
456063
456473
457022
464439
466284
467730
473669
473929
480689
484649
485243
486508
489269
489586
493821
497806
498029
498653
500142
502248
503134
507737
513784
514115
516004
517179
517929
521385
521640
524439
530786
531643
532633
539412
545695
546025
550206
551163
551497
563198
573871
576722
577254
583194
589235
591848
595988
606223
606443
622546
625309
629443
637887
642908
647872
651832
662124
664512
665355
667560
669778
673193
676418
678916
683773
687065
694758
696546
698032
710261
715159
721029
721093
724918
728423
736360
750627
756194
759222
766845
772843
773560
775625
781992
782336
785121
785380
787470
795113
799428
805122
811333
815217
829754
834457
839958
840997
841146
841501
846785
850108
852308
857847
858781
864202
867338
869395
871911
872711
875313
879143
883432
883463
883527
895556
901649
902421
904502
904664
910489
913350
916503
917490
917968
920498
921679
922718
926392
928620
932866
934574
935427
937589
940930
941021
952022
967919
973525
977702
978083
982112
986946
990038
990423
998835
1005614
1007414
1011616
1021668
1022672
1025897
1026039
1026848
1038702
1039015
1053462
1057298
1060618
1063720
1066723
1066864
1067233
1080325
1081186
1084555
1088644
1090373
1091181
1092335
1092931
1093572
1094607
1098466
1101064
1102570
1105686
1110426
1111039
1111127
1113113
1120086
1121875
1122301
1123024
1126745
1132760
1133009
1142651
1143954
1144180
1160000
1161188
1161616
1162032
1164762
1166268
1169595
1181583
1186478
1186478
1195592
1196607
1201872
1202952
1203199
1212974
1215631
1217090
1220411
1220810
1232483
1233941
1235138
1238466
1240250
1243237
1245244
1251673
1255130
1258069
1262133
1266501
1267947
1275959
1279479
1284607
1286762
1295504
1298154
1308897
1310815
1312552
1313813
1315625
1316333
1325892
1326114
1334557
1335251
1347304
1348806
1352523
1359191
1360098
1370553
1371372
1371922
1390319
1391242
1400918
1407606
1411380
1416058
1419142
1420205
1431197
1433034
1438625
1441949
1442926
1444038
1446594
1453884
1453953
1455784
1458723
1459859
1464782
1467404
1477081
1479434
1481339
1482617
1482622
1482975
1483493
1485670
1491320
1494189
1496746
1500977
1501345
1501741
1505130
1509241
1509242
1524991
1536816
1552640
1562975
1563953
1564525
1566716
1568208
1570246
1576366
1579561
1581186
1582955
1584568
1585655
1591693
1594231
1600737
1605492
1610001
1612931
1615166
1618748
1620948
1621086
1629657
1631382
1631768
1635069
1637076
1639958
1642277
1642675
1648693
1652198
1655408
1665573
1669301
1678600
1683258
1683363
1685201
1686206
1687453
1689582
1690462
1690585
1693362
1701424
1719685
1719860
1725560
1726245
1737382
1738715
1740133
1748424
1750346
1761138
1765698
1782862
1783666
1791856
1792473
1792525
1792612
1794123
1799829
1803938
1804139
1804341
1812151
1815277
1815312
1820050
1820565
1821755
1823114
1827174
1827331
1829082
1832567
1838974
1840154
1841167
1842389
1842706
1843908
1848851
1851167
1860486
1861708
1862091
1864757
1865049
1866230
1870005
1871507
1879637
1881759
1890526
1895358
1895395
1901229
1903134
1908395
1909926
1913836
1914649
1916052
1920520
1923831
1924479
1925304
1937249
1946792
1947025
1950371
1951818
1952450
1952788
1953149
1955123
1960345
1961932
1962798
1963422
1965369
1972261
1977083
1977236
1979605
1979931
1984927
1985624
1987969
1993155
1994922
