-1995495
-1989203
-1986876
-1984396
-1980822
-1972535
-1966186
-1963212
-1959880
-1954498
-1942560
-1919362
-1911979
-1900883
-1900381
-1885911
-1884096
-1882239
-1876883
-1875198
-1870770
-1858215
-1857829
-1847624
-1843584
-1843473
-1841232
-1835295
-1827899
-1827617
-1824138
-1822524
-1818634
-1817565
-1812929
-1810302
-1809337
-1805233
-1797960
-1796036
-1792084
-1786640
-1786228
-1785717
-1781174
-1778566
-1772052
-1764680
-1760801
-1756734
-1755969
-1751227
-1750757
-1750085
-1743500
-1742391
-1741129
-1732134
-1727732
-1723774
-1723722
-1723394
-1709518
-1707001
-1692448
-1692083
-1688650
-1682015
-1676388
-1674676
-1669741
-1669587
-1666516
-1665727
-1662613
-1654958
-1649898
-1649065
-1646250
-1643632
-1641480
-1641107
-1640167
-1639329
-1638766
-1633756
-1632090
-1631911
-1609952
-1607375
-1604591
-1599587
-1586290
-1584998
-1583654
-1580536
-1577800
-1577444
-1568310
-1553860
-1552236
-1542712
-1542133
-1536471
-1527080
-1515480
-1510473
-1509562
-1502021
-1498279
-1495374
-1492124
-1485490
-1482252
-1481604
-1470105
-1467372
-1465627
-1465591
-1459265
-1457089
-1456805
-1455125
-1452775
-1450327
-1450319
-1449885
-1445850
-1441438
-1439912
-1438858
-1432617
-1423898
-1417648
-1417400
-1414619
-1410071
-1408496
-1407717
-1404299
-1403153
-1402175
-1398315
-1397598
-1390244
-1377356
-1376696
-1372642
-1372599
-1371034
-1360239
-1359840
-1354146
-1352630
-1352414
-1348445
-1341423
-1339648
-1335864
-1335367
-1331802
-1330353
-1329166
-1325723
-1323002
-1322491
-1312294
-1310965
-1308537
-1299856
-1293657
-1293088
-1291422
-1291239
-1280306
-1267523
-1264272
-1249889
-1247896
-1246233
-1243464
-1236799
-1236442
-1230541
-1229588
-1227039
-1226952
-1226038
-1220241
-1219773
-1216212
-1215495
-1214354
-1210725
-1208170
-1199167
-1195333
-1194361
-1194261
-1193297
-1192778
-1189950
-1179928
-1171208
-1171204
-1170558
-1167457
-1166042
-1164096
-1161416
-1160354
-1156451
-1154943
-1147523
-1139795
-1134410
-1133672
-1125960
-1122921
-1107059
-1104089
-1103857
-1096548
-1089842
-1089108
-1088946
-1087486
-1086953
-1085141
-1076209
-1071364
-1064245
-1063395
-1057088
-1055115
-1053147
-1034294
-1033990
-1030855
-1025181
-1017719
-1005852
-1004461
-1003150
-988624
-985334
-979433
-974041
-965147
-962231
-953405
-948347
-945028
-942065
-931862
-927732
-918410
-917885
-915956
-913891
-910946
-908613
-894912
-893964
-891671
-890420
-883294
-878018
-876845
-876089
-875927
-869924
-859183
-856453
-839071
-825892
-821786
-821771
-820895
-820330
-812509
-811096
-807218
-801506
-800480
-798912
-796697
-784024
-777402
-770119
-767194
-765609
-765520
-763851
-761818
-759668
-755080
-754298
-753433
-747366
-745284
-744462
-735802
-733422
-728433
-726649
-724925
-722741
-707616
-706812
-704761
-703772
-697404
-695859
-695363
-694102
-683410
-675484
-669186
-661043
-658035
-656901
-645731
-644053
-643927
-637275
-636011
-635982
-635074
-632313
-630395
-630378
-623710
-616535
-615062
-613547
-607334
-606138
-603682
-600377
-600200
-598994
-598919
-585689
-584493
-583422
-577019
-574603
-572926
-572358
-572305
-566591
-564913
-561393
-549807
-548624
-543188
-539132
-537953
-537688
-531467
-527166
-525013
-523688
-510771
-505762
-501847
-499846
-497254
-497085
-493784
-493639
-472546
-469978
-468234
-467348
-467194
-462235
-457978
-455121
-454692
-453031
-450797
-441061
-439496
-439160
-429473
-422014
-421597
-421257
-419609
-416287
-414165
-406199
-404618
-403179
-403090
-391282
-390039
-375637
-374845
-374467
-373867
-371882
-366994
-355882
-355368
-339359
-332049
-323167
-322052
-314452
-312115
-310002
-308662
-299222
-293366
-293030
-288846
-288784
-284261
-283897
-267236
-265862
-260355
-251061
-247283
-241891
-241333
-239805
-236241
-235168
-232093
-231744
-224035
-211660
-211010
-194975
-192639
-191816
-189790
-189020
-177242
-172644
-168530
-167372
-163749
-161682
-161605
-157592
-157295
-156748
-151127
-137360
-136599
-134669
-134578
-132504
-130637
-124276
-121732
-115681
-113606
-108968
-107338
-104751
-100789
-98513
-86441
-83551
-79666
-74961
-69001
-61579
-56714
-51885
-49728
-46422
-35530
-28347
-25899
-24991
-12479
-9791
-9723
-5559
-1561
566
6399
11325
12521
16156
18196
18558
21931
27404
31362
35211
37013
38863
46960
54575
58968
59984
61812
62806
64891
65688
67819
83868
86089
88149
90716
97828
98764
99077
103178
103629
109898
110919
118198
119267
121213
121970
125328
132095
133892
154661
156524
157521
161341
161532
161586
164401
164715
184669
185029
185289
190319
192453
192811
193567
201125
202519
203465
205089
206347
212096
215264
218903
222877
225211
227922
228081
229069
229592
232663
241026
249183
249318
249826
253753
254244
254853
256601
259294
261937
262727
266061
268356
274851
279049
281079
289270
298360
309495
316364
317458
324359
324957
328930
332218
341911
354225
355676
360871
365358
378893
385791
388102
388142
389024
392182
403745
408740
418178
420032
425347
428010
428474
428861
435884
441057
445099
457769
461303
462623
465302
479686
479998
480953
483288
486568
489465
489630
497152
501251
502384
504023
506379
539359
539948
542394
542634
557304
560965
562982
566786
577257
584944
587277
590139
597861
600431
612706
615447
618277
622012
627001
627828
633586
634312
640171
641109
645451
646193
659812
664816
670127
677352
682666
686578
687651
693030
693374
697932
704039
705303
716862
721032
722707
726517
729530
730059
734652
736219
738565
749432
749432
750988
755898
765055
767855
772690
776555
779724
779963
784303
785891
786423
789634
793655
795261
796220
800443
801689
804442
814011
814966
818074
834007
835952
842024
842170
843458
843811
844707
848144
853364
856141
859025
865512
878470
881061
881892
883634
884963
892011
892183
893718
912799
914708
915034
921229
929607
937201
937678
938259
941452
944361
954933
957961
963888
968140
968765
971189
972807
978444
980618
999251
1004504
1006236
1009966
1019405
1019414
1022565
1023327
1025736
1032047
1032182
1032279
1041366
1046421
1046606
1047015
1047798
1048556
1049712
1057912
1063760
1068651
1072179
1073355
1074572
1078596
1086989
1091249
1102322
1104304
1105776
1107421
1111516
1113537
1116511
1119339
1119745
1131021
1131978
1132661
1134322
1134806
1143078
1148855
1150323
1151029
1158814
1162996
1166197
1170364
1172473
1173190
1176006
1177581
1184172
1194048
1197162
1198001
1200268
1202283
1205530
1208617
1210528
1211045
1212950
1216604
1220090
1224067
1227658
1233259
1240330
1241807
1243104
1249114
1249173
1249318
1255396
1265478
1271460
1272861
1274561
1282449
1292148
1302515
1302783
1303180
1306190
1306565
1309079
1309658
1311162
1316172
1319442
1321221
1326116
1329690
1331289
1332317
1335062
1335474
1336360
1337014
1341297
1347173
1354098
1358469
1358829
1360650
1362795
1368288
1371794
1373726
1375903
1377737
1382356
1387919
1391092
1395962
1398857
1399388
1399633
1400541
1406548
1411175
1411536
1422923
1426179
1426435
1434559
1437301
1437899
1442954
1450457
1454334
1461930
1468956
1469133
1474249
1475923
1476481
1480395
1483321
1487741
1491064
1491512
1495548
1496907
1500750
1509414
1510319
1512365
1515337
1517340
1522200
1522205
1525999
1528395
1529814
1532581
1535851
1536399
1536883
1538477
1548002
1548213
1548440
1562812
1567357
1573017
1578875
1590045
1599312
1605443
1612769
1627437
1629914
1629934
1630456
1632072
1639539
1643767
1645200
1649691
1649776
1650473
1652423
1652646
1653914
1655269
1657008
1661465
1665202
1665838
1669942
1670007
1670962
1676127
1678102
1678346
1681278
1681361
1682539
1685432
1699280
1701608
1728037
1732084
1733195
1736553
1738009
1743245
1755133
1757576
1764341
1766887
1769115
1775290
1784393
1784469
1784643
1787904
1800085
1805767
1817323
1818740
1819583
1832030
1832523
1835446
1837455
1844714
1846152
1849085
1858960
1877767
1879734
1880408
1881630
1882179
1883010
1883311
1888462
1891812
1894778
1895987
1905797
1911454
1911514
1912580
1913316
1916160
1926623
1931751
1934017
1937370
1941173
1944093
1949053
1959961
1960593
1961162
1962005
1964871
1966581
1969228
1972035
1979551
1980051
1981120
1981310
1985661
