-1997119
-1994819
-1982011
-1974832
-1972865
-1972547
-1964456
-1955220
-1948200
-1946173
-1942933
-1941770
-1939066
-1932114
-1931306
-1930028
-1929125
-1927909
-1914360
-1912832
-1912793
-1900780
-1896732
-1894360
-1893547
-1892443
-1887143
-1886402
-1883658
-1883094
-1881292
-1880968
-1876719
-1859510
-1847852
-1841423
-1840026
-1829417
-1824741
-1822873
-1821159
-1815464
-1813514
-1807708
-1799406
-1799051
-1794354
-1785849
-1784594
-1780049
-1775619
-1767952
-1763900
-1762383
-1752219
-1748892
-1744656
-1736336
-1733163
-1732629
-1732610
-1727814
-1724908
-1722322
-1716820
-1716383
-1714266
-1713171
-1706846
-1702750
-1701551
-1694841
-1694603
-1693963
-1693713
-1689284
-1677140
-1675566
-1665710
-1662280
-1661384
-1655349
-1654494
-1652526
-1640175
-1634316
-1632254
-1629571
-1629506
-1629099
-1627669
-1623146
-1620535
-1618286
-1618258
-1614931
-1613994
-1606668
-1605800
-1603668
-1592395
-1592264
-1591937
-1588036
-1586573
-1585813
-1578508
-1571843
-1571066
-1564404
-1554816
-1553811
-1552240
-1551247
-1551061
-1550247
-1534470
-1530753
-1527199
-1526925
-1522916
-1521374
-1514167
-1511382
-1506978
-1506659
-1503415
-1502585
-1501600
-1499746
-1491929
-1488809
-1485974
-1483029
-1476417
-1473685
-1458494
-1458171
-1457249
-1456196
-1452492
-1447536
-1439503
-1429232
-1426478
-1426012
-1423341
-1419017
-1413686
-1405149
-1393851
-1391522
-1384801
-1383740
-1372832
-1372299
-1371368
-1369749
-1366591
-1361033
-1347452
-1346539
-1343830
-1327814
-1324082
-1323044
-1318632
-1317018
-1314219
-1313813
-1307393
-1296408
-1294712
-1291795
-1290003
-1287999
-1273865
-1273545
-1270292
-1267935
-1265996
-1263516
-1261057
-1260479
-1257475
-1255449
-1249056
-1248173
-1243328
-1241521
-1240807
-1239933
-1239105
-1238555
-1237242
-1237226
-1231401
-1226043
-1208132
-1199272
-1196200
-1195332
-1193969
-1182246
-1180444
-1174638
-1171495
-1167745
-1164912
-1158985
-1156203
-1153236
-1151590
-1149631
-1145274
-1132320
-1132312
-1120244
-1115080
-1108025
-1107621
-1104529
-1094648
-1094103
-1093387
-1087749
-1071052
-1070353
-1069479
-1068206
-1061712
-1060701
-1058941
-1058750
-1055762
-1054704
-1044881
-1044127
-1040234
-1036712
-1009411
-1003494
-1003318
-997443
-987685
-987111
-985421
-984649
-982560
-980631
-978689
-978150
-975129
-960592
-958542
-955537
-948243
-945605
-944027
-942653
-940521
-940329
-935523
-910030
-906184
-905971
-903320
-897392
-895755
-894971
-887061
-883687
-882759
-879555
-874411
-872772
-868911
-866673
-865461
-858556
-853515
-852728
-851556
-850767
-849708
-846367
-839350
-834720
-830998
-826684
-824050
-821861
-814230
-811115
-805421
-803695
-795958
-795503
-791977
-781505
-780550
-774718
-771914
-770808
-770587
-768466
-762599
-759864
-759858
-758825
-755565
-752294
-746428
-725925
-725825
-725267
-723572
-722488
-713434
-703133
-688803
-685862
-683390
-672779
-670767
-668557
-662040
-656245
-654463
-654084
-653983
-652189
-651050
-633185
-630843
-626481
-626200
-623624
-619571
-616526
-608767
-603796
-602188
-601440
-596517
-586925
-579218
-576990
-572528
-571247
-563825
-561647
-559954
-558243
-555013
-550938
-536239
-535894
-533531
-531216
-526193
-525037
-518698
-518103
-515643
-512146
-506727
-505725
-501143
-495737
-490313
-483479
-483005
-479783
-477053
-474555
-474333
-460787
-460598
-459059
-457249
-453995
-450393
-447054
-444251
-439786
-435922
-432496
-432440
-420642
-419571
-414153
-413433
-408064
-406476
-381104
-380922
-380389
-378542
-374690
-370120
-368176
-366536
-357411
-357110
-355052
-348213
-347025
-346349
-345863
-342597
-335648
-334452
-331975
-326753
-326681
-314364
-313425
-310584
-307779
-296806
-292322
-285255
-275633
-269134
-267025
-258335
-257978
-257853
-255923
-246851
-245845
-243722
-240470
-238984
-234059
-229340
-223919
-222946
-215198
-213522
-197964
-192962
-186265
-179092
-178805
-176886
-176237
-176015
-175411
-171427
-171314
-162151
-160977
-156738
-150648
-146748
-145931
-138052
-134819
-133830
-130696
-130093
-129924
-128203
-127021
-121944
-117424
-114599
-113255
-111724
-109580
-103761
-102030
-97891
-97318
-94719
-94235
-93918
-93728
-82890
-81903
-81447
-69592
-62073
-60957
-58210
-57190
-56575
-56003
-47680
-47016
-42968
-32691
-32401
-28754
-25371
-24030
-20393
-19206
-18496
-17571
-17361
-16755
-4194
-1029
2865
16195
25084
37089
58146
64277
68872
73312
76810
77136
84196
89952
96959
100039
104935
108318
108422
109578
117062
118545
118710
120081
124505
125196
127356
130663
133817
134781
135833
136410
137655
142081
143972
150855
158441
158766
172706
175609
175701
179093
179154
185656
188450
192313
192484
197843
199729
199894
207326
209627
210905
218847
221461
224808
233911
236007
239986
241361
242357
250480
251633
253269
260264
261942
263045
270893
285324
286731
294213
294368
301806
305321
309323
313333
323854
328709
335601
336942
358066
369038
369745
370634
372080
387943
405888
415223
419066
419372
426467
427567
429120
429396
434469
440809
441326
441883
446261
450306
451439
453213
465505
472849
486611
491242
496748
500531
507806
510423
510835
511157
513691
513874
514435
515023
517569
519778
521327
527830
529891
531021
535253
542344
548397
549755
549767
555391
558394
558752
560738
563836
578068
581237
584213
589429
589617
591935
594481
597485
602732
605316
618381
621287
628948
633929
633944
633944
640460
641756
641987
650356
653011
653870
655907
661872
673721
676283
685032
689647
718065
720170
720310
723522
723648
733589
740771
740793
741452
748262
750681
751621
755174
762267
768671
768973
779367
782654
786932
796869
797073
800046
800602
805766
808524
815823
817394
817648
820741
823490
825775
826166
830972
832292
833562
838851
839344
840930
844863
845542
846726
852875
856198
857035
860501
863922
867533
872863
874677
875394
882068
885801
892619
893693
897599
902179
903472
907771
908089
910188
913266
919682
924230
928619
929227
933764
940923
942594
951920
953834
964214
964753
972655
982281
988307
993707
995845
1001305
1011045
1011142
1012855
1019310
1022601
1036107
1039350
1043112
1043591
1046334
1049140
1053988
1056299
1056833
1057508
1060802
1066015
1071241
1073349
1079124
1079330
1080795
1087669
1089790
1096617
1098353
1101989
1104601
1105170
1106224
1115471
1118412
1126312
1130567
1133012
1148501
1149509
1151717
1155304
1157078
1164335
1166045
1166365
1168357
1170501
1181858
1183464
1183756
1184978
1194026
1203710
1210237
1210768
1212435
1217898
1221381
1222563
1223263
1238675
1242347
1242693
1248260
1260756
1262537
1284222
1285513
1285745
1298728
1301200
1301297
1303923
1312052
1313408
1319922
1321103
1321380
1327709
1334517
1335723
1342062
1342825
1347777
1348656
1349624
1351719
1352835
1353845
1355723
1357036
1357855
1358319
1358378
1359471
1359795
1362904
1364164
1383719
1388736
1392947
1394116
1395600
1410623
1416005
1416200
1430831
1431880
1432718
1434016
1434057
1439694
1440291
1445174
1449499
1450538
1451910
1452156
1453648
1453882
1458156
1459618
1460455
1463170
1466265
1468005
1468406
1477323
1479006
1482834
1484040
1486088
1488408
1490659
1496186
1496769
1504664
1506784
1525109
1526867
1527567
1528333
1540142
1549520
1549998
1553792
1556189
1558031
1563209
1571565
1583718
1584647
1585519
1589429
1596028
1597494
1602835
1604734
1604995
1607684
1612149
1614733
1622444
1627550
1630608
1635019
1635164
1637363
1640088
1640290
1642061
1661143
1661218
1661737
1662071
1664510
1682893
1683389
1687288
1690212
1696151
1698568
1698685
1704442
1705774
1707264
1711177
1715574
1716745
1718822
1722334
1726039
1730793
1738124
1739220
1748778
1750278
1757954
1759287
1762056
1772475
1773474
1779952
1784692
1795370
1797674
1800844
1803745
1805608
1811637
1816502
1816681
1817088
1819218
1822743
1823826
1825158
1829333
1830905
1833260
1834324
1835083
1844155
1846169
1846772
1849958
1853608
1857802
1859653
1863409
1873941
1874231
1877072
1878307
1881977
1886938
1890835
1892094
1895331
1905253
1920390
1926453
1934494
1935640
1939521
1942014
1946420
1951402
1952839
1954061
1956406
1957724
1961764
1974872
1978686
1986174
1986357
1987237
1997773
1998422
