-1999078
-1995148
-1991388
-1979834
-1976640
-1975559
-1972933
-1969432
-1968066
-1967402
-1966874
-1966233
-1965529
-1960548
-1954468
-1951238
-1945881
-1944018
-1932427
-1931610
-1926520
-1920067
-1919973
-1910944
-1908608
-1908138
-1901425
-1899026
-1894636
-1893135
-1890992
-1886038
-1885722
-1883494
-1879768
-1862463
-1844136
-1840643
-1835969
-1828004
-1820442
-1817793
-1815419
-1809130
-1808348
-1807532
-1804645
-1804226
-1803499
-1802142
-1799111
-1796534
-1790964
-1789926
-1788596
-1787917
-1787471
-1786199
-1785379
-1780976
-1773576
-1766367
-1765737
-1744541
-1744017
-1743276
-1738137
-1733003
-1732670
-1731448
-1728319
-1708799
-1708314
-1707432
-1704250
-1697662
-1681387
-1677247
-1673947
-1670315
-1669176
-1654044
-1647075
-1640805
-1639642
-1638019
-1637704
-1636577
-1629609
-1621006
-1620153
-1619158
-1613978
-1610516
-1610421
-1600218
-1599578
-1599073
-1598821
-1595828
-1585338
-1583966
-1583840
-1580979
-1579871
-1575999
-1575927
-1574878
-1565669
-1564413
-1560260
-1559326
-1555477
-1550559
-1548466
-1525501
-1523063
-1521341
-1521275
-1515788
-1507941
-1507281
-1506171
-1504948
-1496951
-1494547
-1491909
-1489743
-1487311
-1485180
-1477827
-1470469
-1465986
-1461830
-1458969
-1449673
-1445102
-1440605
-1438509
-1434019
-1419237
-1415833
-1414317
-1413220
-1400463
-1394806
-1389575
-1386558
-1381204
-1368152
-1362904
-1360993
-1357076
-1356114
-1348893
-1342860
-1342146
-1331758
-1331552
-1297532
-1295458
-1274356
-1266258
-1264852
-1254807
-1248348
-1242107
-1238754
-1228924
-1227103
-1223511
-1222764
-1218542
-1218472
-1218282
-1211906
-1210211
-1209076
-1207821
-1204217
-1203334
-1200594
-1198302
-1195950
-1193338
-1189459
-1189272
-1185994
-1184887
-1184590
-1182231
-1180455
-1177610
-1172439
-1166214
-1164101
-1162814
-1157370
-1156400
-1153270
-1152048
-1150748
-1150537
-1148848
-1144191
-1139643
-1139632
-1131171
-1127193
-1126326
-1125357
-1123736
-1121893
-1121017
-1111094
-1099897
-1095902
-1090915
-1089954
-1089660
-1080305
-1073752
-1071562
-1067148
-1064038
-1062389
-1062181
-1060619
-1056482
-1051687
-1046716
-1043622
-1041775
-1030767
-1021350
-1020680
-1017252
-1015977
-1015162
-1012386
-1008171
-1001815
-1001069
-994400
-990759
-989682
-989038
-988299
-986772
-983833
-972405
-961668
-957216
-952890
-949950
-948181
-948138
-943412
-940676
-923443
-909186
-900181
-893679
-891444
-886564
-884257
-880924
-877492
-868130
-866848
-857638
-854466
-852142
-852119
-851472
-839669
-837068
-835896
-829690
-829649
-824555
-821371
-808282
-807275
-799068
-792741
-791746
-790115
-786372
-775397
-770189
-759960
-758698
-755878
-754131
-751447
-750738
-737643
-733821
-733592
-730800
-728328
-721706
-721658
-707916
-706566
-705101
-702998
-694847
-687692
-687067
-685418
-675476
-673664
-672127
-667629
-663217
-656327
-652615
-652561
-651887
-651346
-649924
-643162
-642672
-617369
-614646
-608626
-604518
-603118
-601601
-590374
-589563
-589142
-583428
-582061
-581282
-579742
-572544
-569663
-568536
-568038
-565023
-563635
-563561
-555484
-551354
-551013
-543933
-536474
-533736
-517767
-510946
-510543
-510480
-504347
-503374
-498536
-493416
-490512
-490267
-489937
-489615
-486562
-482739
-482594
-479299
-477281
-473755
-460561
-455400
-454870
-453918
-453739
-444821
-444638
-441108
-439771
-437221
-428762
-426528
-425203
-421756
-416943
-413282
-412402
-404254
-398154
-388948
-387761
-384755
-384076
-382532
-381262
-380999
-376923
-375164
-372277
-370956
-366322
-356694
-352645
-350143
-348706
-342584
-336761
-332755
-326927
-325716
-325199
-318084
-317503
-317226
-311453
-310236
-306259
-303520
-296341
-295416
-290919
-283877
-281581
-280597
-278260
-278085
-275567
-273896
-270361
-265757
-254786
-254311
-250662
-250180
-247788
-243721
-233540
-229818
-228128
-224324
-221067
-209939
-207492
-206424
-205069
-198866
-191407
-189687
-189395
-187599
-186566
-185417
-184922
-184768
-174771
-172775
-150615
-148435
-146579
-144830
-139498
-137098
-132099
-130342
-123868
-123350
-123016
-118577
-113903
-111025
-105425
-104276
-103939
-101476
-100997
-95614
-91858
-91252
-89774
-87175
-81837
-80299
-75106
-68408
-63371
-59836
-57945
-55460
-54042
-48388
-41202
-34605
-28553
-24465
-24370
-22024
-21520
-11669
-7459
4877
10633
15997
17966
38989
42452
43006
43691
44902
49819
50810
53248
58984
63881
77090
83393
86157
88568
96407
101251
103994
110885
111273
116836
119881
127523
134684
134940
135481
138670
139922
144783
148391
150695
153330
153715
167714
169378
181190
183588
184440
190775
192253
201550
212726
213592
213851
214671
215605
218340
218552
219248
219957
226949
227369
227854
231788
240117
242105
247430
247849
257430
258845
265600
276898
285723
291285
311056
314331
316502
316801
322972
325571
332397
332750
333118
334805
347064
347243
354155
355164
355732
364561
369440
372287
376931
377537
383305
384006
386230
388875
389535
394398
397481
400406
401933
413806
417369
417943
423120
423734
423769
426341
430633
434758
442807
443304
444856
444902
455335
455842
459735
474887
479340
481176
488249
490527
491327
493103
497281
504736
505074
508820
509114
509411
511359
512405
514418
515883
520921
524588
526011
537577
542167
543142
543901
548225
551958
555096
569265
571152
574572
576738
577518
587620
588521
588888
591112
591503
592020
596247
597806
598935
607536
608585
612345
613152
617267
618333
620572
621711
626726
630922
639875
646246
647829
648309
651143
652994
657813
658598
660260
662133
672397
672817
676149
684108
687134
688512
689829
695213
698204
704384
705201
710846
710885
725306
728138
733682
739088
748624
761340
761500
764219
764682
767755
774722
783681
786779
787430
802544
803369
805280
805777
810487
814889
818778
821021
825176
830252
831900
834781
841764
846314
847930
849577
854961
859036
860891
867357
867749
867796
878329
879954
882372
884291
885117
891697
891772
898657
903075
905741
908335
912011
914888
917515
921479
923966
929502
933710
936836
944901
945201
947875
951276
958846
962414
966362
968305
970288
971874
973569
976294
982845
995571
996220
998760
1004851
1008186
1012629
1014130
1016420
1022119
1025701
1027292
1035478
1035715
1036086
1036254
1036348
1038882
1042272
1046612
1050765
1052492
1056123
1064123
1073994
1077767
1082291
1086613
1087449
1090263
1090387
1091677
1092826
1099864
1103297
1105312
1105911
1106680
1107106
1110078
1121691
1125980
1126908
1130842
1131149
1131613
1138211
1143479
1143741
1144991
1149701
1149864
1150284
1153502
1155274
1155592
1162744
1168019
1184214
1185605
1190285
1193276
1194497
1202120
1209701
1211840
1223524
1226526
1228819
1229590
1232343
1240544
1243021
1243485
1245301
1248663
1249186
1250111
1250821
1255992
1257230
1258474
1258495
1262259
1262313
1262799
1263741
1263762
1265575
1266095
1273760
1275084
1277852
1278451
1279659
1284951
1285038
1285619
1286683
1289165
1296186
1296816
1310277
1315000
1320667
1323151
1325660
1325975
1330041
1333015
1340682
1343672
1355141
1356199
1361178
1363542
1366738
1377800
1387447
1390037
1392692
1393330
1400687
1420859
1420986
1426912
1435833
1438254
1444401
1445902
1455066
1462352
1462707
1466308
1467225
1468481
1469687
1472864
1474925
1477653
1478598
1484333
1486687
1488088
1492739
1497810
1508189
1509204
1509580
1517039
1517810
1520376
1533099
1549273
1568566
1571302
1574992
1575181
1580545
1586412
1602785
1621828
1626911
1627714
1633884
1639484
1640645
1643329
1643862
1645424
1647980
1651524
1653038
1671061
1678264
1691734
1693142
1697474
1705643
1708498
1712721
1717133
1729739
1747207
1749117
1764663
1775117
1776566
1778348
1780524
1787321
1792846
1796188
1796601
1798766
1801077
1801849
1817229
1817508
1817745
1823416
1823714
1829452
1834231
1839760
1847794
1850099
1850902
1851374
1852074
1860647
1862275
1868402
1868909
1869547
1874053
1878891
1879150
1893945
1894782
1896228
1896450
1897778
1898299
1898459
1899377
1902336
1902940
1913048
1924450
1927492
1927763
1931637
1935773
1948460
1952575
1957583
1964626
1965322
1969690
1970801
1973006
1974480
1980841
1981614
1985372
1990461
1997448
1998892
