-1997031
-1988055
-1987760
-1979042
-1973780
-1965455
-1956132
-1954461
-1949931
-1946986
-1946287
-1936935
-1934711
-1930758
-1930202
-1919063
-1918904
-1918510
-1902913
-1898354
-1896814
-1894181
-1893136
-1891619
-1889785
-1885287
-1884580
-1879516
-1876960
-1871189
-1863015
-1859960
-1856281
-1851373
-1850525
-1845893
-1844683
-1841302
-1815843
-1813260
-1812220
-1811062
-1807851
-1801599
-1797823
-1797636
-1796292
-1793499
-1790308
-1790278
-1786018
-1784871
-1779013
-1777967
-1777502
-1771661
-1769219
-1760159
-1756888
-1754966
-1753718
-1751018
-1736556
-1735467
-1734826
-1733328
-1729363
-1729276
-1725535
-1725329
-1724115
-1718513
-1715479
-1714728
-1714660
-1713737
-1707900
-1699812
-1699334
-1693841
-1693764
-1693283
-1688796
-1679984
-1672735
-1670238
-1665957
-1664451
-1662056
-1661690
-1659946
-1650315
-1631699
-1631489
-1626420
-1616321
-1612669
-1611035
-1608670
-1603221
-1602638
-1595861
-1594427
-1593955
-1593385
-1593326
-1592991
-1591898
-1586337
-1586218
-1585967
-1582920
-1580098
-1579064
-1576303
-1573983
-1555239
-1554025
-1553527
-1553074
-1547160
-1542518
-1539348
-1537127
-1535466
-1521132
-1518007
-1514532
-1510586
-1507552
-1507018
-1502096
-1491688
-1490886
-1490502
-1481684
-1472824
-1469962
-1467185
-1460270
-1447201
-1441053
-1436451
-1435188
-1429319
-1425574
-1415181
-1410244
-1405000
-1397497
-1394783
-1394734
-1388348
-1388031
-1378814
-1375031
-1374181
-1367324
-1354092
-1353618
-1351523
-1349304
-1344892
-1340818
-1336066
-1333218
-1323197
-1313069
-1310998
-1306792
-1305728
-1303554
-1298205
-1297514
-1295742
-1284004
-1280105
-1270169
-1267929
-1264682
-1261634
-1251057
-1247081
-1240200
-1240083
-1231604
-1227396
-1217990
-1210540
-1207919
-1206782
-1205249
-1203188
-1196589
-1195419
-1194165
-1193761
-1187307
-1186677
-1185429
-1183760
-1182616
-1175287
-1173294
-1167318
-1163335
-1162185
-1160716
-1157225
-1157054
-1155486
-1152823
-1148478
-1145778
-1143691
-1141138
-1139898
-1134642
-1134134
-1126621
-1116698
-1113517
-1108677
-1104263
-1094588
-1091516
-1063450
-1062195
-1059240
-1058608
-1057671
-1050431
-1049953
-1036782
-1030534
-1027351
-1026048
-1023706
-1023205
-1021301
-1018755
-1015758
-1012755
-1012429
-1011804
-1010200
-1008100
-1004292
-1004008
-1000429
-987768
-976182
-969828
-966729
-962583
-961238
-957741
-939823
-931763
-931662
-913738
-908883
-907889
-906034
-892992
-892427
-891647
-880484
-877832
-872278
-871615
-850927
-840386
-833337
-833069
-831815
-826057
-824577
-823883
-822881
-822795
-820199
-811170
-811147
-807616
-804432
-800206
-797668
-795749
-794291
-791375
-776644
-776641
-766776
-763144
-761728
-759370
-755609
-752294
-743906
-738871
-735912
-728014
-717700
-717615
-714282
-712051
-702435
-699456
-690390
-682799
-681622
-681178
-680753
-668506
-665934
-663492
-663404
-653294
-650154
-649982
-644857
-621378
-609213
-608182
-606548
-597305
-588054
-586863
-585201
-584344
-578702
-572844
-572427
-563808
-562941
-557416
-553770
-553592
-552960
-543808
-542858
-529972
-527270
-520622
-514458
-512677
-511691
-508438
-507936
-503696
-500014
-494645
-491682
-491355
-488462
-479592
-474493
-473966
-469679
-466739
-465751
-462320
-461977
-458413
-440712
-435801
-428272
-425885
-417097
-416925
-415783
-403420
-401682
-398241
-397842
-394622
-378011
-374392
-368780
-368095
-367208
-362671
-354488
-349857
-345050
-337985
-337399
-334818
-327765
-324732
-323102
-319273
-319082
-317903
-301873
-300522
-291523
-287087
-281582
-274832
-270768
-267558
-266119
-264968
-264122
-257287
-255869
-254659
-253794
-253212
-245206
-237719
-229277
-226088
-220081
-216714
-210621
-202275
-201648
-197631
-195055
-191131
-189257
-186820
-183963
-180084
-178298
-176311
-175107
-175025
-174782
-173119
-171414
-171348
-170077
-164097
-162945
-155336
-154462
-150295
-147849
-146524
-146213
-146082
-145124
-142227
-137452
-137309
-135597
-129719
-128714
-127601
-125418
-125009
-121900
-120888
-117274
-114178
-113119
-112311
-110375
-105995
-96103
-94784
-91255
-87046
-84246
-79289
-77921
-77522
-71932
-70966
-67172
-61776
-55867
-53484
-23461
-20856
-17662
-13449
-4902
-4742
18966
19385
19945
19988
26708
27083
28914
37211
45668
49345
49394
53050
56621
59397
63447
65306
73408
73842
77294
79562
83814
86709
86883
88474
88557
89805
93701
99189
106259
108786
114910
117611
119844
121209
123965
129605
133404
138426
147838
148710
150633
152584
160860
161230
161505
162219
166936
166943
174936
181514
181733
184189
189516
193510
198885
206520
209483
210715
211852
214524
215009
215981
227687
238243
239401
250865
259774
261225
267103
269360
273816
274254
275305
279302
303393
304683
311275
317160
320986
333853
338258
339456
345427
347702
356179
365747
378940
382058
383789
384387
393503
396244
399773
404499
406187
409283
432572
436314
436981
440732
442601
442759
444499
448009
451802
453231
460321
470085
481252
484086
485974
489012
492441
493843
501598
503720
506574
511039
512783
518211
527113
527818
530211
534405
535218
539179
541926
556118
563758
568514
571401
580397
584879
587413
588597
590473
591005
597278
597729
599439
600303
602615
603111
606959
608627
615662
620221
622104
624094
624823
625065
625223
632964
633872
636408
636805
640860
641623
644041
644357
647543
649948
652671
656795
659981
661557
664383
664656
675383
682894
683167
686493
697625
698056
700121
700208
700833
704576
708543
708688
712697
718948
722078
737549
741605
744024
744062
748690
755284
755444
756403
758042
758639
760144
761192
763133
763348
764427
769841
771227
772666
781204
786722
786884
791265
794885
807180
809501
813461
814273
815696
830346
830404
838238
843964
847436
851047
851182
853159
855489
865627
866494
866877
867477
870891
871794
872149
874319
875045
883134
890439
890487
893605
896697
902765
903813
905161
913480
914490
917144
918673
920556
925392
928498
935760
936778
936782
944081
947049
951126
952459
959851
964736
966066
966131
967162
971810
974895
977804
978238
980486
982169
983664
985393
988173
988969
999168
1001345
1012590
1013332
1019907
1020635
1022894
1024022
1026516
1034966
1037812
1046839
1047398
1052292
1056215
1059531
1063817
1075351
1093746
1095810
1096171
1103320
1105413
1107570
1108224
1114033
1115854
1116799
1120188
1120358
1120909
1122007
1124252
1125225
1130428
1133893
1138809
1141256
1143432
1145973
1162847
1164198
1166172
1167276
1171230
1172022
1172286
1172947
1176977
1186804
1193643
1196023
1196300
1200033
1201337
1209781
1212899
1219477
1221455
1223851
1225157
1228589
1232260
1236989
1244646
1245471
1245888
1248747
1252245
1253475
1253638
1257180
1261079
1267689
1270246
1274434
1274896
1275641
1279986
1288092
1291635
1294187
1301172
1302395
1305135
1311717
1314043
1322125
1326845
1327316
1331909
1334291
1335673
1337983
1339625
1342370
1344021
1348174
1350955
1353109
1357150
1358910
1361816
1365378
1373863
1377215
1377294
1378322
1378642
1386183
1386443
1389637
1391985
1393337
1397699
1400858
1403919
1408027
1411722
1413443
1421575
1423378
1426656
1432289
1437378
1447050
1467307
1468667
1469160
1473892
1479271
1479406
1481023
1485718
1487229
1487881
1488418
1491774
1500612
1506226
1508991
1516350
1517618
1519846
1523183
1530363
1530581
1534751
1537878
1543919
1544949
1549503
1554702
1567568
1573470
1576034
1579302
1582495
1585836
1587019
1588658
1593854
1596653
1601269
1601603
1603673
1617595
1619214
1621264
1640246
1640954
1648032
1651089
1665189
1667700
1672237
1676149
1677157
1678956
1679616
1682237
1682938
1684322
1688998
1689148
1694580
1698937
1701295
1707172
1708512
1712453
1713033
1716462
1719117
1719165
1723910
1736994
1742977
1744691
1751494
1756600
1763785
1767491
1779012
1783530
1786517
1796064
1796807
1802519
1803149
1819723
1821531
1824480
1830293
1831086
1832303
1833691
1836203
1843689
1848111
1849552
1852055
1852237
1852746
1854232
1859264
1860459
1867353
1872303
1884726
1889378
1893640
1895246
1897561
1911208
1912726
1914803
1916322
1921745
1930376
1935017
1947213
1949662
1956446
1959609
1963048
1971078
1971834
1981897
1984869
1997521
