-1998785
-1986820
-1981511
-1964895
-1962788
-1961981
-1953076
-1941165
-1939654
-1929497
-1923097
-1922523
-1921023
-1914972
-1912647
-1908053
-1906039
-1897118
-1896471
-1885219
-1884212
-1884146
-1883886
-1883607
-1875396
-1868298
-1862270
-1857439
-1857170
-1856723
-1856317
-1854495
-1852037
-1851911
-1851060
-1848995
-1846216
-1845303
-1839743
-1837947
-1837559
-1836905
-1833169
-1829314
-1828635
-1827205
-1822742
-1818817
-1804849
-1799826
-1797264
-1796958
-1791877
-1791440
-1786347
-1781843
-1780889
-1775443
-1773359
-1766917
-1754021
-1749464
-1745480
-1744975
-1744748
-1734619
-1725225
-1720676
-1715670
-1714467
-1710022
-1708852
-1704533
-1696170
-1695549
-1692936
-1688886
-1685658
-1684840
-1679578
-1678932
-1673132
-1670763
-1670164
-1655139
-1649592
-1644901
-1642802
-1640416
-1634831
-1631966
-1629757
-1628256
-1613747
-1604994
-1604541
-1604325
-1595347
-1589497
-1585465
-1583621
-1582428
-1582016
-1575110
-1563574
-1562406
-1559247
-1554725
-1554521
-1551658
-1550602
-1543518
-1542114
-1541663
-1538695
-1537786
-1536739
-1530581
-1529680
-1526576
-1522411
-1519825
-1517040
-1514961
-1513257
-1512580
-1501871
-1483037
-1482150
-1478071
-1475049
-1470913
-1465724
-1465711
-1460551
-1456434
-1455459
-1455122
-1448067
-1445037
-1442062
-1441968
-1439565
-1436660
-1433557
-1433462
-1432228
-1431175
-1427664
-1418094
-1413568
-1403831
-1403126
-1402086
-1394487
-1384152
-1371914
-1371878
-1371086
-1367285
-1365383
-1359140
-1355055
-1353609
-1351760
-1341143
-1340766
-1334997
-1333933
-1333680
-1331492
-1330791
-1326297
-1326109
-1323705
-1318914
-1318513
-1311032
-1304807
-1292209
-1289763
-1288122
-1287539
-1286662
-1280268
-1274747
-1260867
-1260819
-1260269
-1259434
-1258756
-1252803
-1252422
-1225388
-1223567
-1223255
-1221259
-1220815
-1216838
-1215917
-1211855
-1210084
-1209349
-1204393
-1196178
-1189296
-1182970
-1180413
-1178533
-1175745
-1174913
-1170830
-1170023
-1169481
-1153183
-1147055
-1145340
-1141744
-1137112
-1135363
-1126672
-1120202
-1119522
-1118363
-1110301
-1109357
-1105060
-1097053
-1085618
-1081300
-1067707
-1063817
-1063507
-1060416
-1054391
-1046327
-1038984
-1037466
-1028651
-1002036
-995243
-993319
-987679
-986568
-986341
-983501
-975945
-974684
-965972
-964729
-964036
-961331
-960776
-957775
-957531
-954296
-953252
-952376
-951327
-951149
-949955
-940958
-935133
-934145
-933113
-931951
-928812
-928539
-926138
-922476
-918223
-914197
-913877
-909465
-907925
-894985
-891365
-886932
-876912
-874833
-872134
-871361
-867296
-865387
-862337
-860704
-854716
-851546
-847482
-843214
-837715
-834176
-828394
-822840
-816559
-805298
-805113
-804220
-796931
-793209
-792903
-792415
-789049
-788967
-782995
-781523
-781081
-779906
-776919
-769688
-767392
-757458
-733726
-730311
-730007
-728539
-727803
-723194
-719379
-715665
-708417
-708083
-702910
-702882
-689334
-684352
-683483
-682721
-681905
-675633
-668075
-666394
-665125
-659844
-652156
-649965
-647737
-638349
-629316
-626745
-618618
-618143
-617158
-588466
-581108
-580743
-579785
-578901
-571320
-570296
-569540
-564085
-561033
-560047
-553121
-551907
-550345
-548736
-544410
-544273
-538389
-533080
-532740
-520543
-511568
-509086
-500618
-497298
-491694
-490990
-484927
-483193
-482119
-469840
-469296
-468710
-466988
-466629
-465570
-463412
-462686
-460688
-458677
-454183
-453694
-452300
-448470
-447489
-446807
-444997
-444139
-437469
-432790
-429058
-423001
-407363
-401811
-398206
-394254
-394203
-391896
-391231
-388561
-385282
-383890
-375451
-373642
-370827
-363765
-363524
-361641
-357961
-357882
-357751
-355883
-351102
-342297
-336464
-334666
-334404
-326408
-322360
-322299
-317189
-314223
-312889
-311233
-311120
-306059
-304383
-301412
-300536
-299435
-290318
-288814
-284436
-279983
-276280
-260455
-251796
-250630
-242435
-241631
-237643
-233343
-231216
-230696
-225840
-220208
-214872
-212404
-211950
-211180
-208382
-207845
-204921
-197346
-192253
-191507
-186150
-184927
-182539
-180939
-178545
-169649
-168215
-162142
-160856
-148235
-146854
-139240
-139071
-130140
-129732
-122331
-121346
-119309
-118486
-115925
-108921
-103464
-103457
-93276
-90505
-90501
-88430
-87594
-84475
-71815
-65967
-65071
-63658
-60879
-54457
-52014
-46111
-42972
-39900
-36604
-32327
-26106
-24954
-23039
-21052
-16039
-15646
-5997
-5642
-2901
-1768
-1315
714
1023
3045
4400
11285
11470
16773
18140
18926
19177
25073
27274
31061
36945
38251
52061
55827
57314
63589
74109
81310
87519
90685
91006
93073
105950
107525
109255
120039
120616
121300
123003
123499
124307
124633
125444
133098
134287
144695
148355
151110
151470
153083
153771
160786
162202
162996
168096
171580
172366
176885
185099
185783
186180
187117
191391
192364
195972
202642
203929
209275
215075
216259
218534
220145
226408
228337
234202
247795
248268
248366
253333
265960
274589
279691
283620
284306
291657
295377
295502
302903
303263
306947
310778
313212
313526
315375
318799
328586
329348
331907
340499
349124
356250
364272
369869
372078
373870
374588
379684
384825
389205
394375
394811
395327
401312
402087
414758
420909
421743
423678
425726
429362
430808
431913
433118
436350
436907
437199
440116
440814
466944
471972
479924
479967
487361
490521
497630
500536
500700
505690
506277
508634
511546
520524
521192
523161
525188
525409
527427
538347
551200
554059
557469
558689
566999
567254
572164
572554
572769
579235
580640
582576
584829
586353
587547
592636
596363
598514
605150
609361
615798
616265
616351
616414
621994
629772
632785
633499
635783
657453
662570
663245
666773
673374
675037
676198
678785
687745
692693
692723
696655
697187
698244
702166
702699
705003
713558
714870
718645
721030
723670
725509
727008
727083
728991
741943
747753
748270
748354
752976
765628
766523
769163
780058
780254
780935
785790
785837
787230
791622
794303
796562
797437
799034
803375
809057
817612
819335
819741
823166
824681
826648
834190
835828
836009
842298
842555
843848
847394
848658
850718
855115
855382
859894
862875
870527
877243
878557
881044
893385
900771
902029
911428
916133
917944
919424
921416
932282
935863
958287
958959
962799
963377
966816
968186
978706
978945
981086
985262
992065
1001151
1014630
1017878
1030072
1031517
1033607
1044349
1046649
1054718
1062293
1072455
1080565
1081306
1084383
1086054
1097111
1108484
1112774
1113730
1114940
1136521
1143139
1148916
1154291
1154308
1157196
1159260
1165826
1168618
1174885
1181092
1182438
1183151
1189096
1190252
1190796
1192101
1198595
1198856
1201800
1208118
1217329
1218176
1219322
1220720
1222251
1230631
1231826
1235033
1236239
1237063
1240719
1241994
1242937
1246396
1248655
1249779
1262569
1269320
1272373
1275824
1284382
1284987
1287741
1287958
1288902
1288907
1292016
1308437
1314222
1320053
1320281
1338513
1347334
1355540
1358311
1358577
1362215
1363983
1370934
1375536
1378158
1383583
1389159
1396276
1399052
1400672
1401277
1403244
1405835
1407236
1412650
1416352
1426220
1445643
1450464
1453885
1455684
1457642
1460326
1466580
1477045
1478237
1479386
1488045
1491696
1497297
1497772
1502105
1506950
1508115
1509767
1513281
1515576
1524426
1526801
1528142
1530582
1541189
1542919
1543736
1545340
1547301
1550969
1557306
1571434
1571798
1575980
1600604
1602285
1603206
1609224
1610315
1613872
1625435
1637481
1649009
1649542
1650564
1656130
1660230
1667439
1674106
1677975
1686261
1691522
1700861
1708506
1709337
1711333
1720224
1726542
1727882
1738139
1742849
1752785
1755427
1760857
1762755
1766199
1770522
1770982
1771579
1773934
1784496
1788392
1790144
1792328
1792714
1796495
1798181
1799684
1799968
1800936
1805171
1823208
1826379
1827213
1828986
1830028
1839970
1841013
1844554
1846057
1848983
1850460
1852654
1853101
1853327
1860441
1862520
1867391
1872317
1876708
1887925
1895028
1896665
1897762
1897817
1899433
1899698
1918721
1919046
1921139
1921352
1926401
1935899
1937916
1939236
1940827
1943240
1943475
1948685
1951828
1956392
1957759
1959678
1964730
1967731
1968433
1971820
1975066
1976638
1977366
1979285
1983077
1990150
1999597
