-1997113
-1990977
-1988603
-1986224
-1984979
-1984615
-1978111
-1971068
-1965689
-1965198
-1964609
-1958228
-1954632
-1939739
-1938496
-1938342
-1938060
-1936500
-1935128
-1920729
-1918613
-1911452
-1903475
-1899529
-1897626
-1881978
-1877800
-1876300
-1868292
-1864327
-1862862
-1861111
-1859032
-1854645
-1853135
-1849040
-1848376
-1845620
-1845297
-1840539
-1838226
-1829006
-1828082
-1824994
-1816610
-1815322
-1810245
-1798092
-1792630
-1790835
-1788465
-1780375
-1779429
-1774092
-1773374
-1770315
-1769403
-1768336
-1763591
-1762517
-1760749
-1760215
-1752049
-1750833
-1749908
-1749680
-1748710
-1745289
-1745152
-1737824
-1734483
-1727740
-1719956
-1718356
-1705330
-1703336
-1702507
-1702264
-1701161
-1698245
-1694025
-1683294
-1673266
-1671992
-1671977
-1666525
-1664935
-1662859
-1662525
-1657813
-1652587
-1646685
-1646680
-1645202
-1641377
-1639991
-1635876
-1635404
-1627078
-1622930
-1619699
-1617680
-1617627
-1617303
-1613048
-1610955
-1609503
-1596943
-1596790
-1596326
-1591040
-1588766
-1588747
-1585660
-1582500
-1580355
-1566107
-1553721
-1549078
-1546263
-1541438
-1534420
-1533099
-1529172
-1528047
-1527000
-1525974
-1519481
-1518259
-1518046
-1517249
-1512863
-1504677
-1504625
-1504201
-1502711
-1493637
-1483726
-1483256
-1481417
-1481291
-1479511
-1465248
-1454803
-1454262
-1450797
-1444090
-1441627
-1441191
-1435061
-1433652
-1433521
-1422154
-1421559
-1421435
-1417564
-1414305
-1410467
-1401198
-1400238
-1399528
-1395701
-1387938
-1387235
-1385237
-1385122
-1378912
-1376724
-1372645
-1372005
-1370678
-1369710
-1358206
-1357555
-1355790
-1354565
-1353651
-1345599
-1331198
-1329951
-1329578
-1324820
-1320963
-1309104
-1305111
-1303037
-1301987
-1294161
-1290476
-1286898
-1284275
-1283018
-1283011
-1278206
-1271204
-1255770
-1250954
-1247183
-1246070
-1237086
-1237066
-1233972
-1233450
-1233243
-1232601
-1223522
-1222649
-1221954
-1217258
-1216506
-1207097
-1200017
-1198773
-1196496
-1192296
-1191071
-1191050
-1183486
-1181692
-1180337
-1172479
-1170459
-1167193
-1164278
-1156578
-1153434
-1150567
-1145501
-1142920
-1129870
-1125410
-1123757
-1118225
-1116264
-1111692
-1108475
-1104986
-1103649
-1098405
-1093254
-1092478
-1090484
-1089639
-1087756
-1082425
-1082237
-1076172
-1074597
-1073695
-1071389
-1068881
-1068629
-1066127
-1058644
-1047485
-1042178
-1030959
-1028102
-1024211
-1015401
-1014334
-1012927
-1012433
-1006186
-1004964
-998884
-997559
-987975
-980878
-979838
-974965
-972176
-970871
-969286
-966511
-962937
-955640
-949106
-947288
-943101
-936919
-929647
-926999
-924958
-919285
-918131
-917636
-915227
-912230
-907462
-906035
-900641
-897029
-896479
-890068
-886517
-877771
-874737
-861025
-860003
-854323
-853567
-853030
-850303
-846847
-846006
-842351
-840937
-840537
-836055
-834458
-831197
-830372
-826986
-824975
-821893
-821887
-821584
-819629
-818051
-816181
-811718
-809424
-804830
-801246
-794871
-791801
-789701
-789358
-789349
-787501
-781422
-776506
-760803
-754892
-752051
-748284
-734876
-722831
-712091
-691858
-690784
-690111
-688070
-686375
-684423
-682861
-680658
-680445
-680024
-679778
-676798
-672099
-670374
-669117
-668696
-668691
-640847
-636956
-632263
-632198
-627787
-627097
-624491
-618868
-615786
-615256
-610711
-608782
-601148
-593647
-592591
-591788
-567396
-560778
-560084
-557208
-556358
-549139
-538796
-537225
-535876
-531614
-531331
-530406
-529905
-529645
-528438
-528402
-526759
-523143
-516938
-512297
-511894
-511321
-509411
-504633
-504049
-499156
-498030
-497494
-494038
-486310
-482583
-480728
-480710
-473844
-471343
-470953
-465644
-464400
-459722
-457988
-455670
-455155
-453670
-452042
-448155
-443153
-436726
-434631
-433384
-432471
-431365
-430760
-430714
-416433
-415072
-409435
-408683
-402248
-394290
-391095
-386834
-382360
-380072
-376802
-375612
-370558
-367029
-362155
-358922
-358634
-352759
-352459
-338769
-330823
-324385
-320195
-318829
-318592
-306434
-296008
-294727
-294627
-294501
-293610
-292873
-290221
-282994
-280556
-278185
-277726
-274620
-270164
-265796
-259080
-257175
-253374
-251489
-251369
-250368
-249568
-248500
-247605
-239573
-232050
-227250
-195427
-194747
-192370
-183387
-174872
-172785
-171670
-163226
-158170
-152547
-151696
-149485
-148641
-143947
-136768
-130796
-128008
-121633
-120967
-118418
-112293
-103943
-93428
-91693
-82272
-80646
-79931
-76193
-74355
-70037
-60715
-57672
-56671
-55313
-50726
-48600
-31628
-21425
-20593
-18703
-13641
-10163
-8327
-4588
-4413
5451
7153
7305
7387
12448
13232
17388
20847
27848
29822
29850
30078
30753
36982
39397
41350
42231
52135
59917
60171
60674
65313
66778
80513
80738
86916
87277
89092
96871
98529
107236
107555
113230
115452
120309
125643
133998
141247
148166
151389
151726
152416
155810
159603
164647
168201
168358
173641
177726
180498
184677
189584
191302
192263
195025
197799
200134
203537
208446
208585
216925
217358
220129
224934
231994
234444
242663
243036
243084
245752
248045
249881
252304
256588
256929
261203
264367
278959
288478
293251
295586
305276
312145
312261
312430
319051
325354
335221
336376
337861
340761
343741
348428
354199
356131
356310
356843
360530
361538
365178
381084
381572
385422
397617
407556
413738
422110
429120
432895
434461
440344
449120
453465
453634
461604
463077
465657
467559
474470
486461
495307
495773
498182
505420
511634
512152
517005
518979
521242
522068
523099
523975
529494
530635
532707
536436
548492
554970
560329
564763
570208
570371
570602
572111
572189
573777
576387
579429
583401
583644
585979
592799
597115
601074
602773
622224
625560
629416
629709
636483
637267
637346
638539
639345
644729
645165
647070
649015
649061
649281
652204
657713
666793
668799
671312
671548
675244
676871
678160
692079
703979
705120
705406
716233
726016
729180
729248
737550
737897
739799
744980
752037
753624
754487
762941
766061
768902
774066
780392
788217
788381
789382
791370
792046
793409
794289
794478
794689
798018
799103
805390
806786
807049
808239
811424
818134
818791
822319
823754
829927
839766
841476
842887
842917
852472
853979
856214
858353
871090
874202
874360
877092
878419
882045
895533
895785
898704
919461
920658
925297
946730
951812
955818
959254
964705
964795
965139
969110
972191
972706
977593
977645
993899
1005033
1011431
1016041
1027115
1046065
1047276
1051803
1052323
1056883
1058673
1061202
1063261
1064916
1065819
1065895
1078411
1084304
1092578
1102520
1105619
1109236
1112549
1113930
1118534
1123158
1128117
1136277
1140840
1141279
1145334
1147392
1152566
1166154
1167880
1169571
1170244
1172084
1176456
1181242
1182700
1190755
1191862
1197349
1198365
1202642
1208730
1217510
1219199
1239584
1240359
1242305
1244872
1247602
1253101
1257622
1257985
1266353
1272533
1274361
1276185
1299070
1308691
1309008
1310811
1319366
1320932
1322033
1331982
1334394
1340496
1346298
1355023
1356166
1358850
1361050
1362553
1365133
1365890
1368440
1376675
1379599
1380575
1382848
1391221
1391636
1394794
1409482
1416210
1416811
1424869
1426707
1427655
1429059
1431925
1436099
1441335
1444515
1445127
1455534
1465554
1466581
1470136
1476049
1476397
1499321
1501036
1501915
1506948
1510921
1513020
1519128
1519622
1523148
1526423
1527246
1538753
1539298
1540799
1551626
1561090
1570410
1571434
1578061
1579156
1586692
1587343
1591515
1596623
1600979
1611614
1613611
1615438
1620850
1627044
1634665
1638497
1640564
1651066
1664048
1666949
1668263
1668922
1671362
1671927
1671945
1681725
1686555
1687698
1695489
1697442
1707538
1708171
1708994
1713232
1715147
1724953
1732146
1734383
1734929
1736912
1738646
1739351
1743551
1746615
1748837
1749323
1763120
1765882
1770328
1770715
1775449
1780138
1781146
1781921
1791490
1796313
1799536
1803756
1809262
1812167
1815626
1823296
1826079
1831183
1834568
1837936
1840796
1847963
1854324
1856475
1859498
1865455
1866015
1866200
1873548
1880781
1889017
1890890
1898440
1907919
1908849
1909954
1911973
1919340
1923091
1925842
1926946
1945880
1949666
1951137
1955167
1960861
1964382
1969098
1969551
1971289
1973170
1975772
1978931
1983239
1991587
1992656
1995273
1996581
