-1995455
-1990735
-1989856
-1984548
-1976842
-1972737
-1971372
-1957226
-1956050
-1955591
-1952378
-1944556
-1944319
-1941522
-1940981
-1940918
-1936027
-1935596
-1934436
-1929898
-1927675
-1923790
-1921892
-1920292
-1920173
-1919696
-1919301
-1918090
-1916476
-1911717
-1907521
-1907267
-1902634
-1900580
-1900371
-1900017
-1899307
-1890821
-1889948
-1888940
-1883012
-1876975
-1873685
-1867171
-1860193
-1858719
-1856127
-1850361
-1840294
-1838796
-1835364
-1826632
-1826418
-1825630
-1819784
-1818326
-1802265
-1792216
-1790391
-1789023
-1782643
-1781006
-1768829
-1764400
-1759963
-1752376
-1747650
-1746373
-1746196
-1729350
-1723798
-1721152
-1714738
-1709128
-1705427
-1703456
-1701338
-1701246
-1699667
-1698526
-1695466
-1693834
-1692522
-1689520
-1681920
-1674516
-1672643
-1672319
-1669170
-1667791
-1666477
-1664493
-1652878
-1651074
-1649313
-1646897
-1643890
-1638528
-1636439
-1635943
-1633098
-1631616
-1629429
-1624835
-1620823
-1620221
-1618532
-1617566
-1610590
-1590087
-1583063
-1576937
-1572935
-1572277
-1572003
-1567792
-1561731
-1561719
-1561461
-1552089
-1549544
-1545893
-1544716
-1541391
-1540742
-1539156
-1538497
-1537610
-1532345
-1531662
-1531505
-1531373
-1526218
-1523280
-1522345
-1520506
-1514554
-1512125
-1509527
-1504755
-1503358
-1502578
-1500189
-1498228
-1492836
-1491597
-1482808
-1482282
-1477770
-1474131
-1471015
-1464623
-1463583
-1462694
-1460647
-1459648
-1436474
-1435313
-1433822
-1432465
-1431407
-1430680
-1430167
-1418581
-1411247
-1405440
-1398740
-1395886
-1395696
-1395332
-1394455
-1391904
-1380763
-1352024
-1341088
-1340346
-1333475
-1331054
-1328941
-1328766
-1327171
-1325851
-1325475
-1323884
-1321587
-1309976
-1308095
-1301047
-1300371
-1297253
-1293089
-1291053
-1289513
-1288458
-1277113
-1276880
-1273342
-1272968
-1258832
-1254930
-1254192
-1250092
-1237503
-1236218
-1226994
-1224408
-1223234
-1222764
-1222657
-1222329
-1222190
-1215104
-1197249
-1197096
-1195827
-1193371
-1190367
-1189625
-1184667
-1179401
-1163770
-1153568
-1152214
-1152004
-1150801
-1147290
-1147024
-1140258
-1133944
-1133727
-1126979
-1113087
-1109752
-1104652
-1102566
-1097582
-1093612
-1086240
-1077495
-1074743
-1072657
-1069954
-1066574
-1066561
-1065768
-1051559
-1040350
-1022895
-1016301
-995661
-994667
-990525
-989941
-986756
-982639
-979787
-976388
-975112
-973323
-963107
-961116
-961003
-959366
-957003
-955104
-951525
-949744
-944235
-942452
-942202
-940569
-940415
-933299
-928667
-928541
-927871
-917300
-905370
-903515
-903317
-901605
-901470
-900940
-900690
-898115
-891169
-886460
-886063
-882000
-878029
-877072
-874532
-858210
-852791
-850524
-845566
-843128
-842365
-838225
-833970
-819896
-817627
-815067
-814632
-808376
-799726
-795373
-795004
-784169
-778420
-777469
-766746
-764386
-756692
-752495
-744005
-743589
-737299
-734764
-730073
-726327
-724209
-723980
-720516
-717722
-712605
-688345
-680882
-678140
-675590
-670143
-658919
-655118
-641325
-635041
-633766
-633559
-628318
-625680
-625307
-614260
-603776
-601119
-597932
-596823
-593619
-593240
-593110
-591674
-587792
-585561
-584533
-582790
-575954
-575945
-574665
-573323
-569790
-561729
-550707
-549595
-547801
-546548
-535393
-526225
-517448
-517416
-516728
-516176
-515589
-514737
-512101
-509328
-508334
-508207
-506981
-502836
-494821
-494295
-492973
-484861
-481986
-476067
-468534
-465314
-461304
-454581
-449151
-445695
-435052
-434896
-432780
-426028
-420663
-419765
-418398
-412249
-408550
-402831
-395636
-395081
-391717
-391293
-387738
-378785
-377683
-375633
-370914
-369522
-364402
-364249
-361875
-337450
-332918
-330309
-321940
-321187
-320286
-318595
-317666
-316326
-309387
-307535
-302956
-289801
-284951
-282874
-280980
-271754
-267687
-255897
-249087
-245544
-240170
-238892
-233097
-224898
-222169
-221438
-202443
-201313
-191901
-191468
-187179
-178316
-178213
-177430
-168675
-167687
-167291
-163280
-160584
-157607
-155601
-151447
-149869
-147789
-142724
-141008
-140783
-138675
-132987
-131686
-129451
-128699
-115568
-115191
-102399
-99393
-90469
-88263
-80035
-65869
-59998
-56632
-49514
-48603
-45577
-42613
-35886
-33591
-32742
-30121
-27161
-26080
-23209
-14371
-3863
4216
7353
11670
12732
22378
23842
24670
27386
36249
36347
36666
41399
46035
55758
57180
64959
73255
77045
80022
80809
81710
83092
84858
91233
94185
98039
103093
103579
103946
130335
132127
134029
134068
139299
142758
143313
150572
150634
150732
157924
167945
171746
177413
177662
178407
183145
193459
194972
208407
208492
218154
228605
231432
235000
235649
239009
241617
244904
258718
267187
276495
283321
284390
284756
286799
295197
298487
302033
309076
313092
313813
316772
317194
318787
320836
321506
321697
338060
338945
341032
341933
342908
344139
346116
347880
354587
360329
364027
364647
368348
374336
375481
381992
397201
400250
400893
410439
414751
415819
416494
420406
423719
424788
426338
437213
438180
441170
442616
444064
453749
463865
469024
473319
478503
480503
482091
490652
494819
497802
505615
508211
511632
512866
518941
525437
526203
528908
536065
536724
541243
542150
542525
554423
556093
558165
561783
563955
565330
565851
576505
579256
581151
582167
597185
605989
606934
608738
612150
618086
619584
622456
628080
635410
637655
641746
653162
655176
657649
659888
668958
675141
676944
678546
679419
681684
692750
693528
695271
696541
697013
698327
703257
703658
710254
717571
722902
724890
726204
727966
728077
730306
733247
735687
736591
759521
760688
760711
762691
763334
766483
766800
768120
769174
769890
771284
774897
776020
777249
778589
786782
789456
789695
790742
800282
800474
804246
806492
811418
812692
816711
826560
826893
829101
829625
831378
831797
832155
835388
835937
842590
842716
849838
855885
870293
873839
874709
882166
884337
885791
889363
890487
891690
894794
900745
901661
902712
904655
908889
910770
916249
920080
925492
926273
930156
944599
954909
960889
967731
969860
974271
975211
980509
983733
985583
985909
986652
992175
994859
1000810
1002698
1003290
1017522
1017908
1020835
1021475
1021820
1023613
1028654
1028893
1031214
1040509
1046580
1048662
1061561
1063872
1068282
1070401
1071330
1075353
1083471
1085057
1092581
1093954
1097925
1110812
1116470
1121519
1122839
1125140
1125704
1136537
1139873
1142769
1143835
1143837
1144001
1146118
1146560
1147865
1154175
1163156
1171692
1172231
1182340
1182791
1184930
1185753
1186864
1202113
1206557
1211353
1213950
1221136
1228203
1235142
1236658
1240069
1242922
1244454
1254419
1267292
1271315
1274055
1277363
1278416
1279511
1280955
1283823
1289115
1293123
1300244
1302224
1312208
1314414
1315403
1322206
1323768
1331177
1334003
1336176
1336303
1338294
1348674
1349924
1352319
1354575
1355442
1356270
1356301
1356560
1359010
1359050
1359971
1361725
1363177
1363325
1368630
1383378
1389603
1391294
1396411
1397811
1412851
1418052
1419938
1424252
1425283
1426551
1426558
1429667
1431566
1434762
1441461
1445897
1446960
1451555
1454323
1464270
1466478
1467929
1469904
1476647
1484252
1499201
1500925
1503668
1506321
1508209
1509290
1509374
1513429
1520058
1521671
1521935
1524532
1525252
1527653
1532956
1533677
1540535
1540827
1545128
1546285
1547666
1556073
1557888
1572969
1576485
1582085
1587363
1592964
1595982
1599022
1607202
1607530
1608292
1618588
1623594
1628288
1635801
1640463
1643340
1646319
1647458
1651314
1652293
1653771
1654623
1657651
1660271
1665153
1665666
1666712
1668037
1670188
1670315
1672255
1675226
1677638
1682972
1686772
1695468
1702902
1704920
1705392
1705711
1719566
1723094
1723169
1723356
1726882
1727330
1727835
1733189
1744033
1746134
1751103
1753372
1757971
1763292
1768282
1772044
1773084
1778611
1778991
1782154
1783680
1792164
1792988
1792996
1800012
1816000
1816088
1816499
1834252
1836198
1837133
1839532
1849879
1852308
1862163
1866446
1869130
1871659
1873334
1875834
1883255
1884520
1903192
1908548
1912491
1914271
1914404
1927237
1929506
1931166
1937234
1939450
1943841
1946329
1947828
1951596
1952843
1953493
1960760
1967557
1969748
1970698
1972635
1982358
1990563
1997518
