-1993216
-1991801
-1982321
-1979583
-1972743
-1968743
-1966914
-1966527
-1956200
-1953946
-1949007
-1946462
-1946161
-1935681
-1935261
-1923818
-1922496
-1920342
-1913081
-1905770
-1902372
-1899562
-1899432
-1898831
-1898249
-1894276
-1893103
-1892641
-1891987
-1890868
-1879856
-1874783
-1873790
-1872198
-1871909
-1870151
-1865565
-1862162
-1857188
-1854059
-1851102
-1850109
-1848807
-1845803
-1844332
-1816530
-1808380
-1804539
-1801036
-1792687
-1791045
-1789244
-1787249
-1785359
-1782597
-1780252
-1767614
-1764697
-1762922
-1760240
-1757430
-1755589
-1755581
-1754097
-1753174
-1750981
-1750928
-1739242
-1730977
-1728439
-1725187
-1716358
-1713468
-1712822
-1710316
-1706204
-1702596
-1698694
-1696262
-1695747
-1689734
-1688108
-1679007
-1677507
-1675289
-1673358
-1672955
-1661516
-1647283
-1646007
-1643345
-1637235
-1629715
-1616956
-1616374
-1611039
-1610683
-1609320
-1597744
-1585445
-1583281
-1580347
-1574401
-1572685
-1571486
-1570052
-1561169
-1555625
-1553164
-1543016
-1539498
-1538874
-1528040
-1527183
-1517938
-1515940
-1511443
-1507248
-1501392
-1499030
-1498123
-1496918
-1496885
-1496533
-1480446
-1475496
-1474221
-1474196
-1473118
-1467719
-1464322
-1460901
-1455343
-1453035
-1452635
-1448330
-1447531
-1442503
-1432717
-1430870
-1430770
-1430363
-1426436
-1424506
-1423705
-1419236
-1415909
-1406197
-1405404
-1401805
-1401187
-1394594
-1377930
-1377583
-1373391
-1369627
-1368100
-1365869
-1363373
-1363108
-1362458
-1360311
-1353461
-1342516
-1339855
-1329441
-1328850
-1303224
-1302530
-1301631
-1294705
-1294101
-1292805
-1292690
-1278725
-1274003
-1273669
-1270276
-1262732
-1251428
-1249597
-1245412
-1244035
-1243070
-1241239
-1235638
-1235244
-1233976
-1230592
-1229138
-1224100
-1216849
-1208163
-1202960
-1197467
-1187747
-1186918
-1175272
-1169253
-1157814
-1157678
-1140023
-1134487
-1134142
-1128597
-1125162
-1120455
-1119578
-1111488
-1105491
-1104910
-1101771
-1097871
-1091329
-1086050
-1084819
-1082907
-1079219
-1075499
-1075187
-1073239
-1071149
-1068691
-1063112
-1049776
-1043924
-1043750
-1042654
-1039262
-1037724
-1036399
-1025619
-1018395
-1005821
-1003247
-981727
-979029
-968994
-966176
-964727
-959534
-945447
-939931
-939708
-932797
-930441
-929158
-927393
-920153
-908268
-906279
-904850
-900520
-899644
-894915
-894565
-894065
-893414
-892159
-890909
-886140
-882328
-869120
-868023
-865493
-858526
-855407
-844296
-843292
-840929
-840739
-831543
-829061
-826976
-824374
-821434
-821249
-808614
-796067
-792263
-791881
-773518
-773241
-763964
-757107
-756390
-755599
-754535
-748467
-747532
-736909
-734840
-718110
-718074
-717820
-716984
-716642
-715635
-715231
-713050
-712818
-711955
-711553
-710240
-702064
-697281
-693584
-691137
-690450
-690182
-689912
-688748
-687646
-684877
-684349
-683454
-682734
-676061
-672632
-667835
-666082
-662372
-661483
-660850
-659369
-656899
-654321
-652436
-633923
-633518
-632124
-630062
-624365
-623522
-618755
-615315
-608522
-606495
-604424
-601975
-593459
-582301
-580262
-575445
-569656
-566823
-562019
-561281
-554806
-553273
-547184
-545105
-541105
-540792
-538530
-534847
-526339
-526176
-525799
-518576
-516408
-511448
-507365
-507290
-498935
-488742
-475709
-475347
-473856
-460476
-452507
-434460
-428905
-428086
-425027
-424558
-417116
-416172
-415939
-415582
-413870
-410513
-409618
-408314
-395028
-394759
-393071
-387486
-384912
-384335
-380021
-379862
-378123
-378039
-377288
-373863
-372144
-367598
-362722
-358555
-358449
-353365
-352206
-342153
-339963
-339402
-334161
-333777
-331619
-331041
-329242
-328469
-326445
-321029
-319266
-314128
-309897
-307613
-298442
-297705
-294072
-286324
-283747
-283523
-282428
-280508
-277923
-277835
-274621
-271775
-263031
-260906
-256078
-252014
-243469
-231070
-229578
-226281
-207679
-206472
-206348
-202021
-196060
-195811
-190786
-190461
-186044
-183665
-182501
-182128
-182116
-175693
-172230
-161090
-151541
-148446
-142455
-140932
-140466
-139492
-139451
-138210
-135599
-129041
-118077
-116838
-106023
-104348
-99332
-88866
-84695
-76162
-74986
-67400
-67222
-61287
-59917
-53575
-50426
-31275
-28115
-19929
-15069
-10382
-9940
-9518
4780
8344
13897
16742
21887
28648
33293
33590
39559
41460
46238
48437
49427
49802
55088
55100
59479
65681
67643
68715
69648
72116
72981
75604
75936
76248
77872
78367
79793
83257
89896
92451
93245
98174
100801
114613
122398
124580
137772
142032
143329
148588
152788
156812
160221
161172
163620
163845
171957
175982
176349
181779
184373
186043
187961
190444
192294
208573
209384
220677
221324
233021
240444
260607
260865
266310
267972
269794
271457
272296
281483
285033
285211
285604
286137
296145
300493
308329
311124
313117
313999
314103
315252
318700
322266
325530
326776
329966
330460
338721
342693
348091
354269
354545
361355
363330
363529
367853
370060
373522
376340
378455
381410
385635
389428
393481
400403
400805
407907
411609
413629
415729
417137
425672
427017
429996
434616
435398
442873
447540
453449
462557
463425
464478
467632
488364
490995
492999
497299
501974
504619
508015
508678
508769
512871
523467
527331
531102
533222
534725
540622
541441
542114
549093
555374
560296
561356
562624
571926
575068
583509
586364
587951
591694
592888
597183
598033
600418
612154
614196
616755
617170
617411
623555
634147
635331
639315
644311
654122
657850
676455
678787
680793
682602
686759
689556
690477
691321
693256
700623
704231
713999
718111
718653
723858
727542
729718
738023
738961
741367
744881
745640
746314
746979
757098
761859
762933
763624
771320
778918
789777
796925
798485
801365
803957
807235
815870
818932
821984
823003
832682
837973
838216
844553
852546
853344
855350
860924
865315
869865
879748
880259
880313
887544
889898
900136
901759
903113
904299
913848
918113
920222
922375
923453
924906
926172
926331
938770
941937
947405
950709
951248
955909
956216
958032
966523
970370
975057
975116
985117
985733
986758
991431
995550
996297
1001732
1010281
1011752
1017995
1026696
1031536
1034257
1037400
1040014
1042078
1042832
1061071
1066066
1077058
1088034
1091421
1096688
1098713
1100097
1102890
1107583
1117764
1121867
1122512
1122702
1128753
1130262
1136738
1139263
1139628
1140072
1141212
1146079
1146467
1147575
1173960
1175928
1176138
1179010
1180838
1182031
1183651
1184792
1185435
1187252
1188166
1188918
1192993
1200701
1207785
1218494
1223182
1225468
1234956
1239282
1241068
1243666
1247146
1254206
1264944
1265084
1271256
1276658
1280933
1283742
1292883
1298645
1300197
1301390
1305901
1306031
1311199
1313635
1326661
1326840
1329772
1332041
1337780
1346100
1350570
1359994
1360278
1366106
1371435
1371748
1373641
1378841
1381551
1384540
1385307
1388069
1388138
1394345
1395354
1403713
1406345
1413764
1414989
1424769
1424903
1425698
1425895
1428419
1429350
1433007
1435034
1437314
1437657
1440259
1441030
1441134
1443489
1446894
1447377
1450646
1470196
1476236
1480255
1481032
1491373
1495886
1503351
1509780
1517770
1518168
1528472
1529855
1533974
1542567
1543108
1554721
1557564
1558811
1564267
1565180
1567177
1568815
1575558
1577773
1578838
1586019
1586159
1589994
1591308
1598025
1599366
1604352
1606972
1609339
1616256
1625608
1628050
1628068
1630956
1638936
1640586
1640946
1643149
1646398
1650834
1659225
1661563
1663955
1664806
1671744
1671839
1680657
1681281
1681958
1683423
1689055
1689752
1694547
1699774
1709966
1714251
1717090
1717100
1719263
1725888
1727983
1729022
1732828
1737982
1742337
1748230
1748679
1752572
1753033
1757945
1764325
1764449
1766166
1767708
1780428
1785110
1788908
1790279
1791487
1791686
1791912
1794115
1795925
1796097
1803666
1808210
1811740
1813486
1813627
1813820
1817479
1820379
1827702
1829635
1833493
1840016
1850565
1854339
1856506
1860278
1866694
1888827
1891945
1892153
1895061
1895525
1896891
1897581
1898081
1901584
1904345
1904554
1904863
1907464
1909224
1912298
1915055
1919954
1922107
1923981
1925136
1930365
1955432
1960127
1969361
1970196
1971612
1972506
1973106
1973248
1977275
1977296
1980999
1984892
1988248
1990612
1992116
1994791
1996737
