-1987269
-1984820
-1983585
-1981328
-1980674
-1971441
-1971022
-1964729
-1952834
-1949605
-1949572
-1948209
-1948004
-1946988
-1943315
-1942349
-1941477
-1939353
-1937874
-1937871
-1936249
-1928581
-1923797
-1913614
-1912927
-1909048
-1908188
-1905095
-1904045
-1892422
-1889579
-1882308
-1879306
-1875793
-1875706
-1874474
-1872068
-1870550
-1863784
-1859939
-1849218
-1844546
-1843960
-1842458
-1836739
-1822433
-1820172
-1817861
-1810992
-1803355
-1794933
-1794004
-1793356
-1792296
-1790648
-1789999
-1788707
-1780744
-1766790
-1761199
-1754399
-1753278
-1749424
-1749156
-1747246
-1747205
-1742821
-1740418
-1736296
-1734700
-1731739
-1728135
-1727015
-1723989
-1722113
-1719955
-1717816
-1717604
-1717365
-1714958
-1709885
-1706495
-1701459
-1699089
-1697187
-1693809
-1690820
-1682887
-1676373
-1676129
-1675876
-1675371
-1674656
-1672432
-1671347
-1670656
-1665405
-1663528
-1663133
-1657553
-1656845
-1652728
-1651779
-1649831
-1647619
-1642151
-1641945
-1633643
-1631488
-1628078
-1624180
-1622372
-1620517
-1619948
-1618989
-1617093
-1613396
-1612221
-1604800
-1588232
-1586961
-1584958
-1577023
-1575352
-1570410
-1570071
-1550739
-1547775
-1546497
-1544448
-1544118
-1543039
-1542481
-1541257
-1540177
-1538043
-1537169
-1536920
-1532769
-1525582
-1525251
-1519363
-1519011
-1515768
-1508533
-1502537
-1495612
-1491504
-1489704
-1488435
-1476759
-1473888
-1468898
-1454908
-1454581
-1452604
-1451018
-1450429
-1445336
-1423012
-1417402
-1413532
-1412146
-1396322
-1390498
-1387736
-1386003
-1380029
-1378738
-1361296
-1358999
-1358222
-1355922
-1350365
-1342195
-1337314
-1336397
-1331979
-1326207
-1319096
-1317313
-1313919
-1312856
-1306123
-1301876
-1299827
-1296992
-1296294
-1286532
-1275731
-1273668
-1272384
-1266752
-1263822
-1261231
-1244145
-1240335
-1230995
-1229765
-1221253
-1221141
-1201970
-1188698
-1186374
-1185814
-1170440
-1161598
-1156858
-1147033
-1141467
-1133891
-1127002
-1124451
-1123154
-1106339
-1103427
-1102137
-1096778
-1093957
-1090894
-1084390
-1077457
-1070073
-1069295
-1066821
-1066567
-1065567
-1065018
-1064567
-1061536
-1050131
-1045564
-1040185
-1038656
-1034367
-1032888
-1030291
-1027015
-1019202
-1017626
-1013865
-1012174
-994778
-986698
-984524
-981176
-979114
-976775
-973853
-964841
-963678
-961186
-960489
-960012
-955159
-954586
-952377
-951104
-946382
-942455
-941931
-933155
-931326
-926576
-919445
-916606
-911096
-908872
-906412
-903144
-899670
-899398
-892760
-883293
-882671
-876024
-872216
-871295
-866670
-860914
-858465
-855909
-854320
-852347
-851181
-844856
-842981
-835298
-832718
-832581
-831069
-823702
-818541
-818208
-806966
-801744
-800729
-800147
-797325
-793164
-792906
-786968
-785562
-782736
-776481
-763785
-756691
-754374
-752140
-747136
-739516
-737178
-733466
-729688
-718809
-717379
-711078
-708587
-707726
-704887
-696400
-695852
-693517
-686432
-683630
-679383
-671871
-666862
-661479
-656771
-650198
-649611
-643657
-628658
-628498
-628071
-624775
-622434
-611431
-611049
-599329
-588756
-585595
-573764
-567549
-564472
-563686
-558209
-551824
-550166
-549636
-546443
-542636
-531987
-527817
-524540
-523643
-515047
-506629
-503838
-500904
-494464
-488529
-488288
-485183
-483280
-481433
-476670
-475488
-475154
-471026
-461408
-459374
-453138
-451228
-450917
-448155
-444723
-441378
-440484
-438906
-436653
-435619
-432414
-429965
-429186
-428210
-425083
-423197
-418788
-418440
-408796
-400306
-396717
-392034
-391085
-389711
-389042
-388295
-385095
-384716
-380921
-380536
-372450
-371731
-370880
-369497
-358670
-358267
-357462
-349981
-349163
-347990
-346250
-336293
-330139
-322726
-321212
-320406
-317418
-300366
-289580
-284244
-277178
-272723
-268759
-266275
-262564
-261655
-258512
-246877
-235382
-229517
-227624
-224871
-221774
-217767
-183411
-181712
-180519
-180427
-179809
-175396
-174532
-172260
-168358
-167409
-164402
-163765
-162525
-155136
-149730
-138114
-137782
-137164
-131035
-122448
-117036
-115898
-115066
-114903
-114625
-110925
-105815
-100820
-85469
-81101
-76702
-76698
-75511
-69130
-65974
-64926
-48753
-48338
-46676
-44744
-44598
-44190
-42118
-38048
-31456
-29188
-29154
-27874
-25431
-14950
-6091
-4464
-1885
1611
1993
5821
7976
9247
15090
16262
18213
18526
22061
33606
40633
44249
44993
45367
45543
47000
48924
50771
59466
61394
66105
76653
78275
82056
86674
87115
89140
90993
96415
102668
104929
108558
109527
112336
117101
118053
118355
121825
127186
127216
130229
144930
149422
151699
152385
153599
153754
158007
158956
163042
171086
171641
171765
172399
172956
173518
175492
179993
187997
192369
198201
203079
206821
207698
210397
219615
223862
226994
227432
247400
249402
251015
257326
262987
263524
270585
280451
284686
292539
294799
296849
297936
312136
316155
316207
316781
322470
326186
336098
337080
337084
337252
337349
338883
339339
339989
340118
348956
349553
355809
367416
367867
376355
383101
386336
394049
395603
401902
404396
410728
416121
420814
440045
441062
449558
457778
459205
459328
464206
467316
472644
474834
477308
491061
493135
504319
508748
513507
515467
515894
517419
523734
525740
531835
535339
543641
545071
549748
552330
558986
559810
563977
565848
570431
572633
576824
584624
584823
588524
589438
589858
599309
600271
610249
611650
612967
621454
625967
633371
636643
637756
638649
640408
648929
654995
657481
662352
664509
664642
665482
667960
674996
681476
683496
685688
685834
686080
687610
687706
688240
696394
696728
697554
704440
704447
705400
714169
716106
717634
719341
727283
731177
734489
736576
738615
744235
745750
749374
750957
757265
757362
760113
764422
766134
771369
776116
779670
780156
787357
796767
798322
801607
801736
808848
809899
818455
822678
824933
827017
828022
835830
837895
843464
849947
852280
852387
860210
860374
863793
872363
877132
877682
878716
880181
882605
886404
888990
896283
898716
908721
914068
922871
926329
928444
929584
930412
933706
933726
943390
943680
947050
954502
955079
960461
962809
973629
978636
982384
982445
982477
985995
988009
993055
995256
997449
1008951
1009309
1012698
1013317
1015232
1017728
1025618
1039859
1040537
1043594
1044692
1046604
1048630
1065283
1069682
1076936
1077319
1078394
1086424
1089847
1094550
1096469
1097083
1106488
1112942
1120738
1124770
1125579
1125608
1138323
1138679
1141800
1142705
1143155
1144642
1148491
1149014
1149108
1150573
1150765
1155656
1156899
1159822
1162059
1183393
1185869
1186388
1186916
1187021
1190054
1197118
1197338
1204997
1211049
1215264
1217054
1226117
1228412
1232609
1237150
1245050
1247971
1249264
1256650
1260752
1262469
1263637
1265416
1267882
1270254
1273306
1275689
1275824
1276056
1276734
1281258
1288867
1290976
1302464
1303171
1307135
1307161
1319136
1333707
1336736
1337183
1353024
1358872
1362662
1364658
1365689
1375090
1381267
1382449
1382721
1386084
1386106
1387863
1404290
1408742
1411055
1411729
1416994
1419902
1422741
1424869
1429672
1430941
1437517
1438885
1439735
1439921
1446131
1450288
1450540
1452555
1458262
1476376
1477288
1481791
1500368
1503813
1508162
1515257
1516258
1523323
1527630
1528304
1529622
1532712
1545278
1551226
1557601
1563230
1569241
1572434
1573998
1586413
1587735
1597296
1599272
1614116
1660447
1664290
1664374
1667516
1672528
1673703
1674566
1677768
1681171
1683139
1692802
1707309
1709610
1710938
1719117
1720701
1721038
1724490
1724884
1725281
1726784
1733149
1739340
1743985
1750350
1754772
1760278
1761030
1761125
1762392
1764004
1764609
1766081
1766996
1769940
1778255
1785270
1790337
1796141
1799866
1802953
1804835
1805586
1811707
1812726
1815750
1818653
1821012
1830863
1832053
1835337
1839056
1842384
1843858
1844200
1849577
1852797
1853335
1859028
1860116
1860745
1863359
1864603
1865256
1866070
1870431
1870763
1874441
1876064
1878927
1879304
1883026
1883565
1887854
1892310
1893406
1898316
1902973
1903779
1905142
1905479
1907320
1910291
1912309
1917499
1921930
1931353
1933016
1937269
1944178
1948926
1949045
1951712
1960013
1962661
1963900
1966343
1975227
1985736
1991938
1995894
1995955
