-1997309
-1994221
-1982964
-1977668
-1972080
-1965631
-1957768
-1957047
-1956324
-1946824
-1946616
-1943905
-1943544
-1940591
-1938444
-1938037
-1935723
-1925736
-1914833
-1914691
-1907344
-1905908
-1901717
-1900422
-1891349
-1887522
-1873820
-1851506
-1847670
-1839686
-1837914
-1815043
-1811870
-1810543
-1810269
-1807912
-1795474
-1791820
-1791424
-1785005
-1780712
-1780691
-1778346
-1777714
-1764884
-1754646
-1749190
-1748801
-1748366
-1744888
-1743140
-1742680
-1740172
-1739278
-1726531
-1722245
-1719745
-1709009
-1705906
-1703932
-1698519
-1697517
-1693430
-1688599
-1687703
-1682501
-1677394
-1677357
-1669628
-1668378
-1665336
-1664668
-1662280
-1661402
-1655347
-1652981
-1649746
-1649167
-1642765
-1637283
-1635869
-1631977
-1631951
-1629710
-1627009
-1619812
-1615177
-1613260
-1609739
-1607554
-1596205
-1594400
-1588870
-1582699
-1580878
-1579514
-1578387
-1577843
-1574131
-1565369
-1557929
-1556406
-1555489
-1554927
-1548026
-1544130
-1543328
-1540337
-1532284
-1531283
-1527522
-1525561
-1511528
-1505907
-1500348
-1499809
-1478837
-1476800
-1461124
-1460172
-1458801
-1455639
-1436976
-1436306
-1428180
-1425310
-1422004
-1419437
-1417834
-1414644
-1395067
-1388168
-1382896
-1375684
-1371531
-1362478
-1362112
-1358541
-1357964
-1344393
-1341723
-1330627
-1330227
-1328077
-1321350
-1303228
-1302887
-1299941
-1292028
-1290631
-1289241
-1288691
-1288328
-1288244
-1286456
-1286123
-1282531
-1281938
-1281301
-1279817
-1275285
-1272422
-1262977
-1258559
-1257812
-1257693
-1256909
-1252434
-1250135
-1248177
-1245246
-1244980
-1241850
-1239636
-1223748
-1217254
-1210799
-1208980
-1207157
-1195708
-1193651
-1184408
-1184190
-1183819
-1173166
-1168765
-1160246
-1152201
-1144200
-1140433
-1138848
-1128651
-1122545
-1121664
-1119415
-1118785
-1117975
-1112883
-1112799
-1104393
-1102434
-1094106
-1089638
-1086112
-1085547
-1082023
-1080174
-1074322
-1073228
-1069166
-1064808
-1059109
-1045885
-1045437
-1043450
-1041322
-1036655
-1036465
-1036154
-1025731
-1023928
-1019289
-1019005
-1008234
-1000807
-994683
-994237
-988081
-985149
-984605
-971790
-969184
-968888
-968654
-963497
-960532
-957760
-955973
-955961
-955195
-954343
-948136
-931256
-923989
-916491
-914666
-911410
-908967
-907368
-902711
-902336
-897893
-897224
-894594
-890340
-875196
-873945
-860045
-857638
-853553
-848209
-848194
-847625
-846632
-841195
-838304
-837969
-836949
-836485
-836206
-833815
-826304
-824681
-824504
-823117
-822069
-821371
-818116
-813835
-811745
-811276
-807113
-803761
-803020
-803014
-801399
-798296
-797568
-792933
-791586
-791289
-781428
-779912
-777772
-772814
-769348
-768633
-767501
-762539
-762367
-761146
-753070
-752456
-751139
-747710
-741771
-741548
-737991
-735343
-735217
-734490
-733215
-725135
-722967
-722130
-721450
-716959
-706160
-706114
-700015
-695935
-691977
-690318
-675753
-674631
-665832
-665425
-648947
-648298
-645352
-643981
-639074
-622984
-622720
-619199
-616177
-612813
-606547
-606426
-604327
-600207
-599153
-598468
-597570
-594094
-587095
-586474
-578867
-576343
-574686
-571589
-567931
-566867
-563341
-542537
-539617
-539382
-537123
-525981
-522568
-516528
-513461
-508730
-499619
-499603
-497792
-496975
-488086
-486678
-486338
-484055
-482317
-476703
-475594
-471863
-464099
-462360
-459956
-447961
-446407
-436357
-434398
-430086
-428073
-425083
-416797
-416739
-412851
-412695
-410300
-401272
-396917
-392330
-388862
-388732
-382374
-380711
-378544
-376297
-369603
-369295
-368839
-362591
-359800
-354434
-350038
-339625
-338807
-338782
-338462
-320994
-317917
-311676
-302593
-294975
-287503
-287489
-287331
-286336
-284803
-283614
-282324
-279773
-278324
-277871
-267096
-265759
-261172
-260911
-253762
-250838
-250750
-248466
-240589
-234611
-220209
-216217
-202137
-199853
-191357
-179869
-179024
-177465
-173617
-164829
-164210
-159028
-155242
-147160
-142172
-138946
-135843
-135408
-134050
-132099
-130281
-129084
-127235
-91535
-82637
-78968
-77648
-74742
-73067
-71580
-67688
-66851
-63656
-63236
-59309
-52351
-49938
-47200
-44464
-42031
-19763
-14977
-8289
-1269
805
2697
3322
13297
13356
19425
21477
27631
41320
41718
57765
62296
63386
65834
73859
78895
79349
79380
82162
82682
94449
97580
99503
100939
107568
108345
109999
114987
118118
124102
125660
129757
142343
159148
168540
172136
172525
172734
176664
176917
177495
177959
186901
192940
194023
196622
196935
206668
217624
220835
220933
222953
223188
225106
231113
232544
233073
234216
235852
235907
236617
256883
263991
269949
272317
284212
287534
287704
293659
299054
302676
304407
304630
306098
311619
317641
322916
323023
325805
329809
330192
331659
332949
333352
338466
353852
355979
371461
377561
380558
380823
387136
388266
389347
392360
397377
401349
404294
415689
418298
428085
439333
446629
449298
449982
452401
455252
458224
464950
466001
466483
468551
472181
473415
474407
485726
488654
499039
501559
501622
502732
502769
508721
527020
531509
532408
533512
534222
548353
552131
556812
564200
564916
565457
567560
569243
573170
580090
581469
584923
589109
594904
597110
598831
600848
603322
615660
623944
628136
630326
630539
631161
631649
635465
642258
642436
647668
648418
662099
664151
665189
666952
675015
675026
678355
682148
683835
690846
695064
696744
697072
697899
697927
700018
703271
703718
707281
711800
714491
715478
718661
723423
725288
730590
731292
732980
739945
744268
751149
752714
757267
762733
762835
765425
768423
768934
773359
776418
779744
781368
788225
788232
789444
794685
794749
798364
802925
805260
806814
807206
815533
820939
822901
824001
827818
830282
837970
842014
842551
846616
849251
851201
857615
867775
870430
873487
886717
888481
890010
890459
893625
894538
907605
914214
915394
915980
918695
923535
926107
933022
941447
943614
947689
950036
950887
951807
956917
962046
963356
974660
975087
979658
983383
994729
996548
998943
1000708
1001099
1005322
1005782
1011350
1012938
1015808
1017791
1018216
1020081
1027264
1030205
1031050
1031606
1033143
1042397
1044154
1045098
1050306
1050663
1054117
1054403
1057192
1066966
1069667
1070914
1081516
1084842
1085013
1087648
1091646
1092327
1094701
1097516
1103116
1115196
1116402
1117863
1121555
1123502
1131084
1131507
1131769
1134407
1136892
1137337
1139344
1144264
1151519
1153343
1155289
1157386
1161236
1166530
1168821
1171907
1185434
1196211
1201516
1208185
1210529
1213855
1216398
1223106
1223937
1228846
1229427
1241434
1253168
1254389
1265763
1265796
1266328
1267894
1273174
1281688
1281939
1282142
1283791
1289946
1299133
1301848
1305572
1312615
1316802
1327510
1329187
1329852
1330401
1330953
1332908
1334594
1342544
1349031
1353886
1354290
1358591
1360046
1360637
1361497
1367911
1374179
1387274
1397115
1399345
1402150
1405799
1408897
1412610
1412865
1420446
1427699
1431465
1436283
1438017
1441198
1447541
1453369
1458250
1458629
1458759
1459221
1475204
1490798
1498819
1499156
1501362
1501504
1503132
1503939
1507040
1507083
1514175
1515338
1515962
1520151
1524264
1526612
1527936
1529989
1535250
1536500
1546915
1547441
1551014
1553577
1554853
1556252
1556426
1556561
1560118
1565364
1569896
1575466
1580391
1583418
1585434
1588465
1589409
1590934
1592313
1594712
1594956
1596674
1601143
1602922
1603231
1603603
1604456
1609434
1613374
1620128
1620160
1620907
1631196
1631927
1632464
1642574
1646198
1662589
1668357
1669051
1670725
1672222
1672289
1679832
1680060
1681380
1684765
1687131
1690065
1691483
1691649
1691774
1706941
1709574
1714220
1714401
1724241
1726304
1727360
1727418
1727905
1731504
1735260
1735304
1737498
1742649
1743724
1743837
1751590
1751660
1764962
1765874
1773809
1781290
1781496
1783188
1785952
1788958
1804250
1812351
1818722
1828576
1828820
1835495
1835598
1836178
1837189
1838151
1840099
1843344
1849392
1852755
1854501
1858117
1858444
1858802
1863060
1866049
1877373
1883803
1885237
1887084
1887663
1890111
1900850
1915473
1915901
1916297
1938610
1957178
1958006
1960102
1961808
1963180
1971277
1979154
1979391
1980666
1981969
1983216
1991850
1992895
1993940
