-1985384
-1974877
-1974742
-1973882
-1973848
-1968695
-1966419
-1966220
-1943949
-1941331
-1940318
-1933262
-1933195
-1931406
-1929584
-1927440
-1926088
-1925800
-1925360
-1922328
-1918742
-1914623
-1904661
-1902952
-1902409
-1899724
-1874262
-1874169
-1862087
-1860881
-1857144
-1855389
-1854752
-1854717
-1845832
-1834762
-1832924
-1830724
-1828359
-1826252
-1825976
-1820458
-1819112
-1817744
-1817088
-1815911
-1805052
-1803021
-1789568
-1783851
-1783832
-1778868
-1778083
-1770502
-1767953
-1760775
-1759234
-1750511
-1736925
-1733458
-1731459
-1730203
-1724040
-1714963
-1713869
-1704754
-1697933
-1696045
-1691276
-1689915
-1679021
-1678804
-1671032
-1669979
-1669149
-1668859
-1663048
-1660019
-1659006
-1649313
-1645868
-1644238
-1643913
-1643075
-1640990
-1633179
-1629883
-1629249
-1620735
-1614844
-1612605
-1610085
-1604500
-1603754
-1603272
-1595608
-1593640
-1588604
-1588463
-1587365
-1580952
-1579350
-1574731
-1574545
-1573630
-1573207
-1566434
-1563018
-1560051
-1559731
-1558225
-1555979
-1555022
-1545350
-1541031
-1540032
-1527330
-1517290
-1516423
-1505445
-1501127
-1495941
-1494275
-1490939
-1488940
-1482977
-1480991
-1475989
-1469762
-1468698
-1448987
-1447916
-1447566
-1445057
-1431877
-1428568
-1426515
-1422911
-1411550
-1410214
-1403156
-1402605
-1401724
-1401583
-1399948
-1398278
-1388189
-1377679
-1376485
-1374857
-1374300
-1372003
-1370907
-1365061
-1359581
-1358836
-1354616
-1350980
-1350377
-1349255
-1346322
-1338403
-1334264
-1332348
-1331106
-1328946
-1326629
-1325944
-1319346
-1318986
-1316521
-1308931
-1307917
-1303328
-1301312
-1293459
-1290940
-1290691
-1287061
-1284394
-1281843
-1281464
-1270161
-1268030
-1266123
-1257226
-1255217
-1252615
-1252185
-1249578
-1244316
-1233995
-1233216
-1227444
-1227430
-1226191
-1225071
-1223772
-1218208
-1216842
-1205047
-1198342
-1180704
-1176882
-1176107
-1170118
-1167584
-1165863
-1165312
-1154943
-1154557
-1148730
-1147650
-1147153
-1142439
-1140729
-1134307
-1134205
-1130614
-1128209
-1113955
-1113781
-1107655
-1096077
-1086575
-1080396
-1079351
-1072449
-1055386
-1054970
-1054543
-1053406
-1034460
-1026170
-1017503
-1016439
-1015903
-1014611
-1011288
-999367
-998352
-994176
-985762
-978508
-974876
-974607
-964904
-962086
-961886
-959025
-957986
-954572
-950471
-940478
-929929
-929875
-929872
-929168
-924183
-917186
-913303
-911568
-909761
-909682
-903053
-898997
-897878
-896048
-895459
-891967
-884594
-878527
-874600
-872406
-870272
-856237
-838809
-836062
-835186
-830796
-822331
-818164
-815694
-804604
-802368
-802182
-801429
-795678
-794131
-790955
-786646
-784798
-784225
-783810
-781384
-780323
-775412
-774152
-773012
-768929
-763530
-759334
-759207
-758758
-758208
-750071
-746445
-745726
-743125
-737714
-731135
-727755
-726315
-714014
-708980
-704859
-703437
-691576
-678998
-675391
-673479
-670351
-668895
-651450
-649127
-642528
-634420
-631181
-623126
-621273
-617364
-616225
-613923
-612947
-611087
-610644
-606889
-598341
-595902
-589251
-583166
-572966
-559514
-558539
-557627
-551060
-545674
-542626
-541069
-540218
-534441
-534303
-533980
-533066
-518748
-517945
-508203
-507232
-506244
-505171
-498037
-494813
-493473
-489104
-485417
-483995
-478830
-476501
-462492
-459536
-458325
-454643
-453984
-452054
-450089
-447408
-444578
-443974
-442850
-439058
-438283
-432628
-424400
-408430
-403837
-395944
-387379
-382772
-377878
-374541
-373049
-367702
-364756
-364448
-358997
-353738
-346472
-342792
-340652
-338971
-333052
-331395
-326338
-322746
-321163
-319114
-306942
-305667
-300616
-294688
-292096
-290917
-289841
-286434
-285080
-280240
-278289
-277361
-270796
-266646
-266626
-262843
-261812
-245680
-244153
-242005
-241567
-231776
-227408
-224170
-218965
-214358
-206164
-199933
-186196
-182532
-180464
-176643
-174495
-165124
-164701
-160177
-152585
-149081
-148448
-142725
-140650
-138983
-136700
-134945
-133937
-130194
-127669
-127596
-126304
-122429
-119506
-117303
-113629
-112472
-107984
-105854
-100550
-97993
-87384
-79122
-78589
-78587
-76936
-71285
-67508
-60912
-59893
-59406
-56824
-51700
-46584
-40072
-38820
-37709
-37397
-37315
-35048
-33644
-25060
-20418
-13609
-10446
-9294
-8983
-6143
-4617
2450
5541
8541
14452
17479
20617
21907
23347
26611
30870
33620
43903
47133
49810
52737
53724
55243
55797
60614
62678
64541
64742
79208
84082
89453
98817
100578
107939
108638
116851
117001
121226
123313
123777
129132
130243
138516
138564
142824
142911
147935
149863
155925
158329
162879
167046
167815
169580
170123
171869
171978
175612
175911
182496
184428
187162
191063
192640
193670
208911
211594
218795
219229
219457
219924
222090
225419
226345
232732
235172
235767
246479
247843
249486
258148
259659
284501
284776
288460
290686
291315
299092
300103
300456
313195
315164
315577
321564
322686
323593
324962
328295
345216
346486
346589
348930
349098
357676
357884
359347
362387
373025
373496
374599
375151
377316
379137
380764
388865
393273
393938
397163
398472
398555
398950
400509
409875
414937
416362
418069
421545
423034
427545
429178
436662
436953
438499
438785
446658
447613
452873
454743
455041
459766
462368
465779
469745
470336
472835
473086
476059
476199
476671
476747
481192
483039
485290
496100
501310
510806
514074
519597
520891
523602
527401
529571
530780
548455
549157
551586
554845
558981
562703
563265
563408
574525
575920
578907
582011
585922
589098
593118
593965
596852
597019
598645
603453
612713
613097
615041
618533
627432
632120
633285
639617
646910
647459
648054
653732
659653
662483
662997
665207
678823
685992
687795
689232
689554
690504
691029
691759
704267
705175
706618
711440
717310
718211
723533
724867
729438
731869
732266
736269
749565
749823
763154
769043
777555
782343
783084
785188
785590
790654
794601
794989
795115
798506
802130
802900
804377
806362
806374
816858
819890
836141
844329
846607
847719
851261
857532
860337
862704
869211
870590
872282
872936
878810
880936
881325
885402
886043
898335
899044
901066
906954
907737
910894
915899
918625
921104
921664
928621
934142
935819
938971
944356
954014
981410
982947
983890
988871
991511
1005962
1006056
1011877
1019939
1022116
1025387
1026889
1033019
1036018
1040644
1042231
1043592
1052394
1058134
1062650
1068361
1072320
1073832
1076823
1079370
1080445
1083083
1086599
1091959
1093105
1094008
1097400
1104821
1104922
1107946
1121689
1122259
1125568
1132435
1137144
1145526
1147872
1158882
1163615
1164755
1165550
1170664
1175544
1176419
1183090
1188552
1193287
1199493
1200639
1210590
1211503
1212052
1212503
1213630
1222966
1224672
1228820
1240505
1250664
1256836
1258648
1273973
1287425
1288660
1291639
1297124
1299324
1307256
1307791
1313307
1313769
1318685
1320105
1321588
1321755
1326601
1326778
1335128
1335830
1339792
1345845
1355096
1366263
1369648
1370281
1371444
1372258
1372825
1375821
1383337
1383488
1386208
1391883
1395459
1406790
1412288
1413252
1414769
1414943
1417262
1433112
1436907
1447573
1448294
1450616
1452303
1455056
1457157
1466823
1471288
1476998
1479047
1484222
1484266
1490726
1493525
1500156
1504532
1507299
1509570
1516387
1521947
1530867
1532942
1542925
1552375
1556824
1560478
1561702
1567091
1568610
1577607
1579527
1580097
1586441
1586672
1597445
1612005
1616313
1619048
1626018
1629461
1633014
1637440
1637613
1638680
1638975
1643297
1646588
1658779
1661943
1661970
1664773
1664791
1665278
1667647
1672877
1673922
1675054
1675058
1683861
1685799
1689586
1693814
1700196
1732820
1735448
1737003
1743010
1747042
1747882
1749204
1751793
1755150
1766224
1770544
1773882
1774248
1780608
1781698
1793736
1794735
1796365
1796701
1800944
1802563
1806747
1814541
1815120
1818427
1821791
1823231
1826267
1827667
1830793
1843794
1852966
1857768
1858313
1867612
1871182
1871937
1875650
1876946
1884777
1885698
1891615
1892916
1896237
1901453
1907505
1909849
1909887
1920401
1920905
1923408
1932141
1938169
1940013
1942645
1944776
1950686
1955866
1956704
1960826
1962002
1963243
1964375
1965329
1971946
1973015
1979948
1986929
1990408
1991984
1996842
