-1997265
-1986900
-1984330
-1984065
-1982636
-1979490
-1970627
-1969058
-1965458
-1963360
-1951742
-1951262
-1949875
-1946498
-1944204
-1939728
-1938703
-1937051
-1936168
-1931323
-1928488
-1922821
-1921950
-1915294
-1910578
-1900003
-1889425
-1883714
-1879231
-1878478
-1875186
-1874451
-1871593
-1871458
-1869177
-1866326
-1862562
-1861717
-1857478
-1853772
-1852470
-1850766
-1847843
-1840857
-1838174
-1834819
-1831365
-1827258
-1818234
-1812087
-1807278
-1803998
-1797979
-1788703
-1786099
-1784611
-1776701
-1767754
-1767204
-1765708
-1764280
-1755563
-1754931
-1748362
-1746689
-1735103
-1722104
-1721697
-1715778
-1714929
-1714916
-1710865
-1710310
-1706096
-1705944
-1701520
-1699524
-1695712
-1693822
-1691526
-1683203
-1669969
-1665066
-1661169
-1654477
-1648953
-1629225
-1627245
-1624863
-1624323
-1623172
-1621735
-1621397
-1615371
-1608157
-1607096
-1603810
-1597019
-1595040
-1594876
-1591201
-1580984
-1580413
-1573329
-1568507
-1565670
-1560869
-1556431
-1554818
-1553263
-1551762
-1551433
-1551421
-1548490
-1545775
-1544318
-1543014
-1539272
-1532470
-1530952
-1526296
-1525673
-1515714
-1504968
-1503057
-1496579
-1488206
-1487901
-1483654
-1477517
-1476586
-1475664
-1473482
-1471261
-1463311
-1462646
-1458665
-1458320
-1455395
-1448348
-1447926
-1446258
-1444970
-1438623
-1427216
-1423912
-1419864
-1416913
-1412789
-1390618
-1381453
-1378607
-1375927
-1363306
-1355906
-1348355
-1346134
-1342684
-1342557
-1331138
-1324646
-1321871
-1311774
-1306005
-1304369
-1303282
-1300420
-1299350
-1298511
-1296157
-1293294
-1291322
-1289848
-1289412
-1285324
-1282891
-1265340
-1262017
-1259880
-1253446
-1253148
-1250846
-1244898
-1237632
-1235018
-1224184
-1223843
-1221848
-1217715
-1217493
-1216393
-1215474
-1215337
-1206774
-1199752
-1196276
-1196254
-1195200
-1179995
-1172181
-1170362
-1165486
-1154838
-1153884
-1152824
-1150762
-1145649
-1145133
-1143761
-1140008
-1137863
-1137521
-1121441
-1115411
-1114902
-1113124
-1107633
-1105436
-1097231
-1088434
-1087720
-1076770
-1074017
-1068077
-1067304
-1062743
-1062425
-1053682
-1038428
-1030688
-1026203
-1023997
-1023129
-1021860
-1020838
-1016626
-1010223
-1004005
-998601
-997140
-996080
-992454
-988045
-984199
-978979
-976554
-975425
-971093
-968189
-957259
-956020
-948033
-941424
-937617
-935772
-934832
-928494
-927348
-925657
-922515
-920164
-911417
-906721
-905102
-898365
-887111
-880176
-869420
-860225
-859413
-856679
-841023
-839958
-823774
-814899
-812355
-810911
-802892
-801325
-800701
-799881
-792501
-789879
-789210
-788005
-787843
-779948
-770369
-745114
-740767
-736756
-726364
-715565
-706660
-700466
-693396
-686042
-684380
-681629
-680855
-680568
-679339
-667429
-665662
-665207
-665097
-665048
-656530
-656249
-652575
-651384
-650259
-642122
-635603
-630304
-627327
-626982
-625776
-623417
-619785
-617599
-617203
-609417
-608720
-598347
-597713
-594467
-587733
-587133
-587005
-575780
-572387
-568771
-564363
-563082
-555966
-554815
-546148
-545751
-540007
-539743
-537312
-536375
-526722
-525902
-523154
-509058
-506837
-505404
-499705
-498802
-489391
-486428
-486058
-483263
-481352
-480608
-476801
-470691
-470420
-468008
-452697
-452341
-451160
-449148
-446087
-444715
-444511
-444071
-436037
-435195
-424621
-422400
-420919
-417696
-417039
-414155
-413255
-411774
-408993
-395429
-392747
-392621
-392330
-383928
-382541
-380370
-378079
-376254
-373170
-369004
-366458
-366399
-361093
-355987
-354009
-353482
-353480
-351170
-350703
-349355
-341182
-331741
-327389
-323463
-322546
-319262
-315482
-314585
-307491
-307370
-298373
-293365
-290989
-280218
-277457
-275951
-275516
-274801
-269311
-266064
-263756
-262782
-246421
-236339
-235390
-235152
-231865
-228926
-223865
-223304
-220080
-219976
-219845
-219240
-218786
-215286
-201120
-198627
-192069
-185300
-174158
-171958
-164639
-158953
-158469
-158091
-154333
-153271
-147953
-144968
-144149
-139032
-135617
-134631
-132927
-131458
-128615
-126862
-126250
-124235
-120133
-116158
-115323
-111952
-110338
-108694
-102443
-99779
-98227
-97065
-96312
-93593
-92712
-88854
-88065
-86573
-86077
-85839
-72089
-71174
-70818
-67528
-63309
-62329
-58368
-53571
-48779
-47008
-25750
-25334
-7836
-6841
-6648
-3062
-2013
-48
12259
17574
17702
22422
25277
28101
29281
32405
33911
42512
46987
51765
55723
58478
60726
60781
64405
66114
70890
70988
72296
77159
78097
81500
91487
93456
96850
98666
99480
101703
101924
102170
104566
109134
114514
115031
130724
131583
131993
135810
140077
141748
144321
146294
151718
153873
154849
161872
162398
168898
169001
171671
177026
186411
189287
200343
200552
202386
206408
207953
208053
210656
215441
220124
225864
229850
231920
234095
234736
234990
237807
245926
246101
247167
250449
253448
253664
254660
256486
259157
266178
273251
273433
277368
281980
283773
291637
297053
297889
300467
301199
306028
311772
312001
318731
323984
336045
336643
338705
342546
342647
343915
350989
354139
355962
355984
358904
366230
372766
380730
382131
386495
393360
399941
404810
405934
410436
423176
426218
430924
438774
442445
443592
450901
457107
460355
464488
468854
470362
473087
475710
475715
478015
484469
485578
490258
490613
490666
491096
493908
503837
506031
510064
513784
514980
519929
527698
543205
543823
552684
562052
570268
570632
584430
591740
592211
596508
602444
606980
607107
609952
623312
629308
629623
635223
641248
645478
646583
646914
647028
652381
658090
661714
662703
664576
668567
671941
673671
673807
686702
691142
694682
702728
704193
704686
717991
718645
725513
733593
739153
745333
747112
750444
763644
764309
778458
779805
780483
784865
790075
800212
801374
803141
807558
808662
811128
812276
820773
823149
827015
828469
833801
837061
837067
838176
839545
840941
841805
847467
848340
851629
864582
867453
870659
872881
877473
884602
885559
887087
888800
892690
898997
902061
906622
912662
912733
913018
914766
917806
921198
929936
937060
937352
937363
938146
938796
939543
950539
952597
965367
966721
970869
971273
976868
985857
989949
991688
997851
1000480
1002140
1003809
1008269
1012702
1019015
1021922
1024697
1025220
1031699
1033379
1037151
1041857
1055774
1057120
1067205
1071631
1075891
1079163
1082256
1096561
1101593
1104500
1108482
1111492
1116744
1117175
1119596
1121178
1132216
1137518
1146760
1148839
1154614
1157494
1169406
1171143
1171885
1174846
1181803
1188102
1196373
1202861
1203197
1209812
1216873
1218324
1227584
1235169
1244133
1246040
1247233
1252794
1254377
1254720
1256558
1257167
1258714
1259470
1268983
1272509
1276270
1300425
1300743
1302274
1302924
1302993
1304355
1309459
1312283
1315812
1316075
1323949
1326169
1326438
1327569
1335085
1335424
1339465
1343612
1344359
1346161
1352894
1356060
1358273
1366641
1367390
1369396
1374831
1380587
1383060
1384381
1386862
1387224
1387529
1389223
1390686
1391159
1391227
1407022
1407855
1412371
1414023
1416557
1417517
1430124
1435384
1436153
1443604
1457681
1462375
1469186
1473184
1478373
1482311
1487248
1487519
1488605
1491750
1497672
1499414
1500662
1501550
1505026
1505166
1512683
1515380
1517152
1518188
1521436
1526625
1531982
1532004
1538024
1538317
1548168
1548487
1553297
1556197
1557262
1561715
1562608
1570325
1573761
1582665
1583866
1593902
1597990
1602090
1606986
1613494
1614125
1616916
1622870
1634987
1637655
1653534
1655708
1656756
1665037
1665809
1666481
1670535
1671691
1673249
1687450
1687896
1692485
1693975
1707984
1710181
1710817
1714249
1721781
1723577
1725954
1728186
1738086
1742074
1747269
1750409
1755341
1756978
1770328
1775021
1775225
1776807
1782860
1789742
1790204
1792931
1802349
1807039
1809590
1811720
1815654
1816216
1816569
1826659
1826912
1827021
1834392
1834983
1835762
1844700
1846603
1859742
1868977
1869574
1877101
1880890
1882123
1887717
1893740
1895703
1896146
1897146
1901576
1904011
1911050
1913911
1914880
1918487
1919278
1924246
1925203
1925268
1926599
1928089
1933660
1938514
1942630
1944592
1945869
1950677
1951310
1954444
1957782
1962096
1972997
1983569
1986214
1988113
1989995
1995928
