-1996998
-1993088
-1985713
-1984005
-1980283
-1967846
-1967486
-1960801
-1951471
-1939369
-1931107
-1927972
-1926503
-1914779
-1912552
-1910405
-1898800
-1897673
-1896125
-1895943
-1877054
-1871317
-1870273
-1867725
-1860392
-1854612
-1846186
-1840977
-1839358
-1834789
-1834749
-1831702
-1822595
-1820286
-1819426
-1818570
-1814424
-1814005
-1812184
-1811703
-1794046
-1789122
-1784467
-1778636
-1763047
-1760195
-1757204
-1756981
-1752689
-1747851
-1743733
-1741757
-1736744
-1735686
-1735176
-1734749
-1727612
-1725146
-1724880
-1724540
-1717453
-1715967
-1711601
-1710747
-1707560
-1701668
-1696972
-1693874
-1687781
-1687190
-1678529
-1674443
-1656201
-1655238
-1652490
-1650609
-1650392
-1643090
-1642062
-1640996
-1640154
-1639349
-1633512
-1631266
-1628766
-1625651
-1618960
-1616266
-1614475
-1612990
-1612026
-1607155
-1590601
-1577102
-1573336
-1573142
-1571629
-1566152
-1552999
-1538203
-1534354
-1527804
-1527130
-1515454
-1503989
-1502823
-1498535
-1493613
-1475174
-1474789
-1474494
-1470033
-1463531
-1457863
-1454602
-1447207
-1446397
-1442331
-1435186
-1433140
-1430911
-1426112
-1425139
-1424631
-1419519
-1418098
-1417100
-1415154
-1402522
-1402016
-1395211
-1393868
-1388365
-1387032
-1379956
-1372413
-1365607
-1355344
-1346656
-1344135
-1343288
-1343135
-1338985
-1330691
-1329151
-1324273
-1323141
-1322130
-1322110
-1320712
-1319395
-1314105
-1312043
-1306632
-1303938
-1303313
-1302446
-1301493
-1300665
-1300361
-1285148
-1282433
-1282320
-1278242
-1275367
-1271155
-1270022
-1268534
-1266662
-1263527
-1255604
-1249239
-1247396
-1246322
-1243686
-1242949
-1237645
-1237391
-1236247
-1235430
-1235341
-1233138
-1228237
-1228048
-1226039
-1225277
-1215464
-1213011
-1206899
-1203767
-1202282
-1199505
-1195557
-1195556
-1195436
-1190747
-1188271
-1187411
-1170037
-1165857
-1164925
-1162366
-1159972
-1158676
-1157084
-1154379
-1153535
-1149318
-1144838
-1128286
-1122525
-1121967
-1118325
-1112376
-1102334
-1099132
-1087914
-1079300
-1078219
-1071667
-1065153
-1063992
-1061960
-1059763
-1058943
-1058252
-1054754
-1044241
-1032237
-1026804
-1026544
-1026317
-1020899
-1017984
-1015778
-1011442
-1010495
-994806
-989285
-987126
-983467
-982472
-980779
-980584
-978561
-977110
-972849
-972344
-971312
-961359
-960597
-952262
-952259
-951816
-948780
-947108
-945768
-943220
-929795
-928492
-928068
-923713
-923373
-920204
-909130
-904715
-902441
-902354
-896334
-892458
-889793
-889565
-888549
-888180
-887221
-882452
-881651
-877291
-876577
-875023
-873402
-870350
-868364
-866457
-862557
-855694
-853391
-847515
-846641
-845913
-839936
-836674
-836313
-832609
-830273
-824167
-821896
-821259
-816125
-814057
-813667
-812556
-802921
-801835
-797055
-793594
-785852
-779468
-777650
-773931
-769733
-769505
-769012
-756421
-753921
-753120
-746501
-746194
-742498
-742004
-737762
-729428
-721134
-717098
-704967
-700738
-691287
-690414
-671072
-666719
-662217
-657829
-656826
-644425
-640466
-634116
-623865
-621570
-612671
-608668
-607938
-604049
-603194
-601843
-601057
-598890
-593065
-591821
-589822
-589437
-588788
-585535
-573284
-560200
-555463
-553317
-542285
-535975
-534657
-534313
-532758
-532144
-531714
-525617
-523237
-515649
-514127
-509718
-505350
-495975
-492722
-489150
-483278
-477848
-476695
-475366
-470155
-465527
-460722
-459830
-459000
-454195
-454147
-452578
-447493
-442551
-430645
-430601
-423655
-421327
-419180
-416602
-415415
-412564
-412384
-405275
-400754
-399236
-387621
-385216
-369797
-369158
-366398
-365051
-357512
-352094
-343833
-337357
-336473
-330896
-326224
-318756
-309385
-309127
-309049
-308950
-308520
-306099
-304132
-293584
-281658
-270940
-266379
-263644
-263332
-260690
-259534
-250968
-247071
-245412
-245135
-242584
-239158
-238522
-232637
-230374
-225141
-219146
-218570
-202659
-190961
-188537
-185399
-177422
-176720
-170540
-168066
-156839
-154279
-150607
-147295
-147044
-143615
-138875
-129617
-129189
-128646
-125070
-120887
-119740
-118630
-116938
-114979
-114117
-94684
-69586
-66263
-65683
-64706
-61772
-56104
-52577
-44716
-44382
-44082
-42032
-41157
-41073
-34817
-29040
-23325
-18420
-17909
-13911
-11738
-7797
-7168
3238
3614
5312
6001
7402
10149
11056
12775
19296
24110
24804
29511
30479
47420
51371
58143
58572
60914
64264
69396
70395
78501
78969
82995
83286
85063
88163
89025
91897
93510
96697
101011
102931
103037
103234
105160
109115
111280
115177
116752
119812
123207
125471
131659
132269
134457
136620
143151
144975
145442
146200
151038
153591
163509
169460
170795
179121
185334
191887
200106
205840
212437
216480
220495
221017
224809
226334
226390
236978
237970
240310
241299
244691
245678
248248
249438
249548
252888
252977
254349
262136
262923
263809
267643
268815
269200
275259
277517
284204
286106
287764
287963
290279
290794
292700
295941
299012
302759
306066
314548
345822
345937
352798
364129
368747
370576
375969
384813
387196
390054
390312
395042
400768
403020
403708
412172
414373
416423
418018
418021
421827
425291
427659
430123
442992
446763
447840
449161
455050
461110
475145
476370
487533
487860
489278
491539
493028
501223
501689
506139
511529
516024
517440
521199
522131
523602
527901
536789
572665
575158
576465
579836
583328
584131
602398
604113
605561
609164
619393
621785
624235
637774
653531
653549
666124
666166
669702
670109
677118
678744
685966
688149
689638
695982
701378
701670
703431
705280
706100
709972
712898
719722
722200
724368
725228
737038
740148
741549
742211
744960
746183
761078
764391
776854
777066
777730
778439
780610
780999
783836
785046
786751
795941
796263
798196
807257
809209
814177
817334
822339
826062
826770
827300
830970
832296
834126
842951
843725
846850
847602
848633
857902
858774
860614
863033
866651
868087
874136
876935
878256
880973
884759
891171
892407
897353
898744
908414
915533
924340
931162
932403
938378
939043
940724
941191
941468
948125
949387
949894
957270
960293
990095
996669
1001745
1007077
1008058
1009347
1014140
1014255
1016216
1023949
1028100
1029149
1035543
1035912
1036398
1037402
1041289
1043949
1046162
1051574
1054714
1057890
1071146
1072569
1078682
1081380
1084671
1096105
1096217
1101130
1104771
1107870
1109821
1115866
1126194
1129841
1131308
1133091
1134337
1136208
1136249
1142271
1146626
1147236
1147726
1150470
1152767
1158774
1162490
1165035
1167113
1172876
1174883
1177211
1187019
1188667
1194543
1197435
1199016
1202612
1217572
1220818
1229335
1239142
1241283
1245432
1247114
1256236
1258739
1259986
1261026
1263423
1264836
1265172
1267517
1268960
1269482
1278416
1278811
1283166
1285056
1289421
1291401
1295525
1296730
1305643
1308272
1308784
1313894
1316617
1321912
1324969
1325241
1332427
1361343
1366294
1368449
1370561
1374302
1384457
1388333
1391810
1395666
1402767
1405738
1406652
1406813
1410298
1410856
1412453
1416444
1421659
1439113
1441062
1448625
1453229
1453387
1455585
1456253
1457172
1457619
1459104
1461901
1463588
1464044
1472114
1474857
1475984
1485805
1492533
1493227
1509027
1513583
1515969
1518678
1525450
1526036
1526114
1526722
1529547
1531131
1535842
1545599
1550183
1550586
1558525
1560217
1563928
1566187
1573433
1575810
1576074
1591525
1593214
1598656
1601779
1603188
1606505
1608894
1613831
1615450
1617061
1619614
1621282
1621297
1624135
1626071
1626418
1626651
1629583
1632013
1634639
1634763
1635978
1636494
1639535
1641472
1646289
1646958
1648711
1654919
1671192
1677392
1679290
1685300
1686343
1688237
1689112
1692910
1695857
1696136
1699438
1699749
1704260
1704680
1707724
1712200
1716623
1716882
1719330
1736971
1749795
1755927
1769983
1773791
1774054
1774746
1788198
1788280
1790970
1797416
1801332
1807163
1818093
1820549
1821507
1821793
1830832
1832051
1842491
1843533
1845574
1845847
1848748
1849281
1858416
1858863
1861112
1862438
1868822
1871174
1872029
1874085
1875958
1880541
1881081
1882559
1883411
1891524
1894264
1898597
1903347
1920762
1926377
1939746
1940205
1951419
1962789
1965190
1966621
1972228
1977864
1978643
1981350
1986032
1988091
1989216
1989852
1993354
1994035
1997805
1999051
