-1999413
-1995840
-1986212
-1985656
-1982284
-1981676
-1980376
-1966958
-1964711
-1963559
-1963237
-1962642
-1958451
-1958158
-1949715
-1942346
-1931297
-1929740
-1929120
-1922336
-1921269
-1917798
-1908831
-1887797
-1880497
-1877565
-1875328
-1871924
-1870692
-1870519
-1868931
-1867938
-1866101
-1862623
-1862143
-1861481
-1859135
-1857878
-1857673
-1854442
-1854382
-1852535
-1837949
-1820337
-1819779
-1818961
-1812481
-1810995
-1806355
-1805642
-1803755
-1787920
-1778615
-1770578
-1769639
-1767730
-1764913
-1762622
-1760038
-1754158
-1748506
-1733016
-1732778
-1728327
-1720947
-1718310
-1717820
-1715600
-1714570
-1712444
-1708932
-1705574
-1702642
-1701398
-1691264
-1684817
-1682669
-1662509
-1662494
-1660996
-1658286
-1656588
-1656095
-1651500
-1649721
-1641020
-1641019
-1636736
-1624778
-1621186
-1615731
-1612185
-1605941
-1596804
-1595257
-1592660
-1590407
-1589914
-1588965
-1578411
-1578062
-1575756
-1570015
-1563950
-1562182
-1550029
-1549234
-1541922
-1541527
-1532262
-1520364
-1516373
-1508099
-1507143
-1506348
-1505479
-1500799
-1497498
-1495057
-1491528
-1491518
-1490567
-1488370
-1477148
-1467571
-1461019
-1455021
-1454350
-1454318
-1449721
-1447953
-1444335
-1444031
-1440076
-1436808
-1428263
-1428086
-1423809
-1417255
-1415921
-1415336
-1411699
-1408859
-1403305
-1400619
-1399817
-1399316
-1394503
-1390900
-1387694
-1387119
-1384784
-1383135
-1377094
-1374585
-1374507
-1372602
-1369144
-1363108
-1354918
-1352721
-1350955
-1341064
-1331883
-1329987
-1323405
-1314867
-1313068
-1312263
-1309332
-1301797
-1294324
-1291048
-1286815
-1285467
-1284639
-1283854
-1281797
-1278193
-1264684
-1252569
-1252241
-1242035
-1239420
-1227428
-1223615
-1216898
-1212635
-1211925
-1201294
-1199174
-1198832
-1198242
-1189867
-1180506
-1180043
-1175234
-1168705
-1167459
-1159318
-1158784
-1157583
-1155011
-1152214
-1149004
-1145359
-1141011
-1139905
-1139594
-1139368
-1127500
-1127071
-1125265
-1120833
-1119924
-1119103
-1107217
-1105909
-1096589
-1092640
-1091248
-1090720
-1087325
-1081406
-1070142
-1065441
-1055878
-1055507
-1052114
-1047913
-1041240
-1036781
-1032436
-1024361
-1021574
-1014574
-1007768
-1005464
-991249
-990227
-987411
-985562
-972813
-967748
-967627
-965388
-957070
-955774
-955534
-949472
-945944
-945919
-943180
-942861
-936896
-936695
-936648
-934517
-934157
-927747
-923040
-921459
-921166
-916800
-906674
-901645
-899976
-897664
-894371
-892959
-890201
-885104
-882470
-879600
-875954
-873285
-860182
-855368
-851101
-845590
-836590
-834430
-834237
-828679
-825999
-824860
-822161
-814536
-806798
-802608
-801370
-801361
-795256
-789097
-786178
-779187
-774059
-766224
-763075
-758362
-754645
-738932
-737808
-733108
-726141
-723427
-723196
-718038
-713328
-707860
-707732
-706107
-694850
-693898
-689992
-680853
-679336
-677577
-675525
-674473
-673317
-665899
-659347
-651154
-649777
-630228
-629990
-624352
-622124
-621641
-616041
-602761
-602088
-594981
-594660
-594651
-591358
-590000
-588751
-586579
-586063
-584275
-578684
-574920
-568131
-568027
-568012
-563464
-562356
-561016
-560035
-557507
-553629
-552524
-547623
-545818
-545160
-541323
-536794
-533148
-526882
-525458
-523015
-520714
-520680
-520071
-516738
-506219
-506183
-502989
-500990
-495789
-495696
-491272
-480712
-472558
-470089
-466757
-462038
-461069
-460337
-454443
-451418
-450447
-442405
-442069
-441705
-440470
-439073
-430928
-425644
-424601
-424126
-420170
-414295
-390974
-373337
-371738
-368084
-367427
-349335
-342991
-341080
-336845
-328188
-327372
-327200
-317572
-316108
-312948
-310732
-303305
-302557
-298653
-296194
-285502
-281398
-277678
-268493
-267418
-265413
-263052
-257244
-252176
-248767
-242087
-240819
-236206
-235127
-234565
-234526
-232636
-230120
-228241
-228057
-227160
-223770
-212902
-209395
-209175
-207097
-204835
-202727
-198469
-197675
-188536
-188407
-188098
-181130
-180439
-179301
-177913
-177880
-176331
-175204
-173538
-171426
-166698
-165713
-164309
-160031
-148839
-145600
-144557
-137648
-133919
-133001
-132175
-131685
-123979
-121947
-119790
-115254
-102514
-102464
-98755
-97814
-96748
-94511
-93586
-90496
-89281
-88939
-86258
-85514
-75545
-71755
-70962
-68162
-63799
-61363
-59088
-58809
-55026
-44572
-41428
-40915
-39944
-38613
-36391
-34450
-33378
-31411
-24451
-23506
-21459
-18681
-12651
-9397
-5108
-4198
-3494
977
5539
11406
11525
13942
15528
17209
18338
24753
31766
32141
32766
39319
42524
44139
44289
46299
51932
60272
68957
71335
78658
80227
81069
112169
113078
120647
134446
143240
145017
145956
153446
155126
156411
167674
173074
187037
188746
194316
200817
208146
208976
209617
212728
218605
224106
224490
227868
228160
229053
230155
233033
240399
241163
251508
258203
258404
260379
263781
264145
265662
271907
272297
275002
278155
283559
285387
287297
298469
305830
323579
326955
337187
337324
337506
345789
354797
356086
365216
366646
367066
375754
380363
382563
383570
384919
393988
396885
398118
403187
404579
407299
412824
421759
424260
432528
435554
439417
440747
442254
443258
452229
455636
458019
459383
463058
466314
467964
491654
492055
498448
503076
503115
503882
503906
505769
510783
511046
516292
521022
522021
525590
526585
533240
535483
536235
543286
545991
549128
563305
564427
566844
576506
580271
580598
584190
587306
593151
593516
604315
604860
605082
607101
608102
612360
615376
615511
630966
632813
632822
633272
635478
637044
643860
651768
653753
662370
664417
665818
667382
668311
673803
683001
686601
689444
689891
696011
709536
710841
711867
716486
724896
725023
732126
732358
738407
740393
741285
744465
744705
757820
758014
764147
769913
770712
773171
776497
783262
788469
805337
809413
811425
819426
819737
824540
830935
835900
837126
840660
846001
849530
852294
852875
875669
880430
885345
886086
898960
908773
909847
911782
916758
918254
918447
934755
936578
938904
943570
944964
953538
954881
957908
958230
961275
966447
966992
974266
976306
976686
976813
984758
990414
992783
995575
996233
1002979
1008681
1025195
1026540
1032794
1040125
1043620
1044171
1044948
1047958
1048913
1049874
1059568
1059986
1066145
1070255
1070909
1075521
1078238
1082600
1084238
1086436
1092139
1092767
1095917
1098987
1100738
1105737
1108917
1109784
1113425
1121121
1123209
1135499
1139071
1140814
1141451
1141695
1148546
1148872
1149921
1154494
1163300
1166155
1168375
1168718
1173209
1173240
1187490
1189130
1191144
1192507
1200616
1202930
1205278
1208079
1210274
1211064
1211434
1231743
1233675
1234333
1236445
1243674
1248475
1251933
1252862
1257873
1259434
1267356
1272501
1276554
1287833
1289938
1293417
1296896
1298915
1304079
1305176
1305687
1311408
1316097
1316543
1321606
1327382
1337705
1345748
1347679
1347925
1359486
1362945
1363282
1365501
1367307
1368295
1372906
1379112
1386036
1390721
1393791
1393806
1394530
1395528
1401243
1409526
1415129
1415189
1417501
1419040
1420174
1425389
1433603
1444697
1446665
1449473
1453921
1462823
1463494
1464780
1472360
1482233
1483361
1485426
1488178
1495347
1498631
1503187
1510375
1510977
1511071
1511750
1517113
1524921
1532393
1532682
1535283
1543331
1551669
1557730
1560440
1563167
1566751
1569087
1572099
1575066
1576974
1582052
1582997
1587408
1589303
1591409
1603520
1611618
1615333
1618001
1621367
1631540
1632037
1632417
1633173
1634903
1639898
1654064
1654501
1663059
1667424
1674088
1675475
1685314
1690040
1697711
1700195
1701425
1705057
1709376
1728940
1730383
1735962
1739738
1741364
1749997
1750881
1752280
1755019
1756422
1756525
1764620
1765921
1768193
1773149
1775319
1776125
1783574
1793276
1794104
1800224
1810431
1813826
1814290
1814452
1814706
1816267
1816466
1837013
1849511
1856261
1861186
1861425
1862368
1863640
1863707
1864622
1870960
1879062
1881211
1885417
1886878
1888422
1889303
1894860
1897048
1899399
1899458
1900238
1901383
1907643
1909328
1921212
1922847
1924552
1929262
1935034
1936181
1940379
1940874
1941352
1944938
1948383
1952188
1954944
1956022
1964290
1971037
1972128
1972800
1977129
1980479
1989189
1990768
1991861
1994005
1996869
1997996
