-1990015
-1988204
-1983928
-1980840
-1980575
-1975335
-1973076
-1972898
-1970893
-1966060
-1965955
-1964690
-1962790
-1947646
-1945003
-1942940
-1939769
-1933108
-1928150
-1928106
-1927737
-1924325
-1922239
-1919102
-1915462
-1910825
-1900723
-1899122
-1897333
-1889730
-1887237
-1886874
-1880723
-1878461
-1878341
-1874246
-1860491
-1858194
-1856432
-1847295
-1842522
-1839762
-1835448
-1830657
-1827127
-1822743
-1822020
-1819470
-1818492
-1803703
-1801034
-1798575
-1794664
-1793972
-1792843
-1788225
-1784882
-1783860
-1782897
-1781159
-1780949
-1776474
-1776194
-1775681
-1769443
-1763388
-1754169
-1745140
-1741690
-1733889
-1729452
-1728313
-1727108
-1719684
-1718425
-1718350
-1715879
-1715421
-1710796
-1710545
-1705262
-1698605
-1697210
-1696320
-1696038
-1693333
-1688777
-1687630
-1666294
-1662241
-1660845
-1652365
-1647584
-1641009
-1638926
-1634842
-1627217
-1626976
-1624619
-1623667
-1620867
-1620542
-1617244
-1615682
-1611049
-1610003
-1609068
-1607500
-1600563
-1598052
-1587401
-1584737
-1576764
-1571416
-1571267
-1567770
-1564362
-1560910
-1556932
-1543194
-1534263
-1533834
-1530870
-1530012
-1529760
-1515399
-1514688
-1512763
-1511701
-1510338
-1509773
-1508461
-1500639
-1493178
-1492130
-1490505
-1488257
-1483666
-1480019
-1474399
-1471042
-1469559
-1456578
-1455273
-1448070
-1428696
-1425869
-1418385
-1417932
-1411200
-1406699
-1406537
-1405586
-1399960
-1396500
-1392023
-1391818
-1391577
-1386022
-1380054
-1376322
-1372320
-1372303
-1368139
-1362472
-1361292
-1356955
-1355641
-1354894
-1352202
-1352160
-1331501
-1327219
-1327095
-1326619
-1317583
-1314605
-1310630
-1304493
-1299310
-1293888
-1285701
-1285255
-1280216
-1276738
-1274948
-1273871
-1273624
-1255006
-1254300
-1250133
-1235464
-1235307
-1235026
-1234119
-1233715
-1229082
-1228707
-1225763
-1223229
-1218141
-1211555
-1210726
-1207189
-1201851
-1196162
-1181874
-1180481
-1173620
-1170397
-1169322
-1166701
-1153359
-1146022
-1144959
-1134625
-1133735
-1124405
-1122963
-1120540
-1119571
-1118823
-1116142
-1115946
-1110482
-1108378
-1100279
-1095275
-1091773
-1085142
-1069432
-1065741
-1063098
-1062727
-1059381
-1056603
-1047384
-1038188
-1036283
-1035686
-1035037
-1033885
-1028497
-1001589
-999890
-999852
-998332
-995617
-993700
-988661
-987901
-984099
-973107
-969095
-966808
-964214
-960955
-960100
-949077
-939068
-938501
-937669
-936340
-934522
-927870
-924289
-922622
-919192
-910709
-906003
-889477
-888313
-884362
-878272
-869149
-866196
-850337
-844542
-843986
-840923
-839528
-836403
-833809
-828927
-828616
-824702
-820947
-818636
-816751
-810926
-803539
-802746
-801143
-796683
-793670
-792558
-791585
-790344
-786894
-785247
-784697
-766665
-764836
-757034
-756733
-744787
-744207
-743241
-737801
-733538
-730180
-726867
-726109
-714232
-713610
-711151
-696466
-694785
-693809
-692841
-685056
-684731
-682597
-677445
-672111
-671742
-660255
-657429
-653914
-651435
-644133
-643734
-636152
-628619
-616342
-614090
-605623
-605378
-603118
-593178
-572543
-571189
-568522
-567423
-566932
-566088
-558186
-555989
-541308
-539976
-538323
-530602
-527345
-526449
-519838
-509366
-505971
-505666
-505448
-499137
-498809
-497935
-497470
-496838
-496832
-487482
-486052
-475875
-464805
-461487
-459062
-457602
-455327
-451354
-447015
-446694
-445508
-445402
-440992
-440153
-430336
-429486
-422160
-406280
-403244
-403165
-402192
-400783
-399116
-395612
-395437
-380736
-380126
-378390
-378335
-370271
-369552
-364526
-362694
-360044
-358230
-353675
-351853
-351737
-349816
-348438
-343692
-341294
-327973
-318630
-316647
-314024
-306666
-302953
-300539
-295574
-294141
-292829
-285084
-285060
-283031
-280502
-280065
-262659
-258918
-258259
-253728
-249787
-244012
-243405
-239215
-235498
-232998
-224511
-218459
-213570
-206161
-205230
-204355
-197287
-197147
-188922
-188481
-185123
-179957
-155460
-155122
-146066
-137283
-130596
-125482
-120822
-118042
-109063
-108310
-107540
-106899
-104233
-98841
-98542
-89159
-88445
-72181
-71503
-69871
-68418
-64370
-60713
-54213
-46995
-44577
-43380
-42010
-30375
-24397
-18211
-15967
-7662
-7458
-5514
-5017
-565
184
4370
4961
5031
7905
8499
9395
15726
20556
37086
47117
51812
55876
56803
56939
61357
69179
76369
78295
81944
91461
97155
108977
117410
126223
132068
139259
142303
147804
158138
160486
165115
165632
170058
170699
178214
180136
180551
184256
197416
199474
206857
207387
212914
222764
223293
225479
228431
233980
236131
241114
241135
241357
243372
249051
252178
256982
263538
263588
263599
267356
267640
269142
272257
275380
277240
279532
280335
281143
282262
283277
292935
296636
299510
303698
311363
313915
316013
317823
321552
327330
336704
342685
345034
348148
350113
351525
357704
370135
370318
371158
372371
382406
388412
389070
402574
405940
406915
408910
412550
413110
416749
419993
422590
422688
424973
438995
445959
447631
450887
450935
453748
464767
467072
472592
475594
475848
489581
502230
504420
504521
516275
520588
522191
522512
526697
528467
529353
530708
534760
537286
539477
549128
550285
550858
552604
554689
556805
558007
563377
564456
566987
580868
582779
596946
597290
605167
608155
617960
618044
618540
623300
624369
628837
645175
646415
652638
652910
654691
661880
665011
667461
672056
672459
675922
677151
685757
692129
698994
704313
705238
706392
707960
709058
713909
715877
723936
724646
725566
725652
730095
735129
735390
740764
745740
746024
755674
756547
758297
764797
766210
766472
767965
773520
775845
778170
779001
780373
789507
798667
803986
808623
810153
820447
834248
837211
837919
841274
845282
848461
849451
852499
857923
857925
868988
876920
880392
882846
883170
884976
886367
889103
893903
898820
900550
900605
901592
910685
912269
918980
921944
922609
924681
925767
928817
938038
938329
944584
948815
950942
954734
964643
966877
988314
989641
994380
995945
1002326
1011130
1013447
1020133
1020701
1020908
1023492
1026008
1030545
1042498
1043766
1045400
1050598
1055718
1060986
1061934
1062718
1079489
1082607
1092532
1098489
1105041
1112280
1122902
1126611
1127370
1127478
1129952
1154601
1166687
1166695
1167143
1167891
1180494
1185753
1185944
1192873
1199125
1199999
1203520
1203909
1203997
1204186
1209325
1209967
1210786
1212252
1215804
1216631
1223455
1224678
1225649
1226335
1232354
1240869
1242770
1244974
1245308
1255832
1257224
1257953
1264069
1279449
1285282
1285712
1288002
1289654
1292468
1296127
1298713
1299520
1307114
1308199
1309905
1313600
1315423
1321076
1321491
1324222
1334800
1340493
1340607
1341881
1341930
1342804
1348603
1352308
1360259
1364612
1366876
1368954
1373401
1385026
1385766
1387223
1389468
1392397
1413507
1414684
1429955
1430550
1444130
1451673
1458571
1460396
1463578
1466137
1466474
1467155
1472389
1484732
1487085
1488641
1490233
1493337
1501699
1505263
1507554
1511989
1513535
1514429
1514876
1516748
1522332
1524852
1525828
1535335
1536343
1541294
1543647
1544687
1550157
1550658
1555369
1559466
1562979
1564819
1565036
1573613
1574652
1574910
1576725
1587625
1588995
1589361
1590150
1592571
1592722
1598406
1602261
1609572
1612762
1624367
1629291
1637014
1640127
1643232
1646314
1648369
1652870
1653702
1663065
1663552
1664005
1664142
1671878
1672872
1677875
1680087
1680877
1682984
1684595
1686565
1690696
1692828
1695016
1696427
1698175
1704956
1710410
1713988
1714495
1715871
1716614
1720444
1720521
1721412
1731611
1732485
1733640
1735866
1738277
1741870
1747349
1753641
1759154
1766323
1766837
1767186
1770116
1770196
1774139
1794120
1803457
1807997
1808523
1810629
1812115
1813161
1814183
1814197
1821046
1821712
1837944
1838578
1838578
1839872
1839951
1842854
1844595
1846935
1848943
1849042
1849707
1850271
1850794
1853935
1855170
1858046
1858210
1860387
1863233
1866727
1867534
1869129
1869432
1871993
1875330
1878602
1879882
1883442
1885116
1885862
1887262
1890513
1897773
1900357
1907679
1908454
1920457
1926996
1931228
1933840
1933995
1936663
1943910
1955739
1957091
1957605
1959542
1964313
1967191
1967855
1970786
1973394
1975040
1975982
1983271
1989841
1993816
1995281
