-1998570
-1995068
-1993374
-1979746
-1979219
-1971043
-1966336
-1958868
-1950562
-1948140
-1942095
-1941810
-1940127
-1937023
-1934469
-1933650
-1925351
-1919815
-1914462
-1912865
-1910810
-1910801
-1908460
-1904877
-1896728
-1894221
-1886845
-1882847
-1879150
-1879072
-1876777
-1874660
-1873408
-1872263
-1869557
-1869513
-1866736
-1851596
-1847569
-1846748
-1838196
-1829898
-1826917
-1825995
-1817442
-1812528
-1811148
-1801332
-1798557
-1798493
-1788468
-1784606
-1778615
-1773695
-1772751
-1769111
-1763932
-1759675
-1756215
-1755556
-1754692
-1729305
-1725638
-1721893
-1721034
-1719446
-1711927
-1709209
-1699940
-1699861
-1697145
-1696797
-1692030
-1686747
-1684364
-1682975
-1682201
-1680727
-1679491
-1677759
-1675992
-1672589
-1672146
-1669532
-1669296
-1664995
-1663106
-1653701
-1650683
-1641383
-1636394
-1634008
-1633842
-1630147
-1629155
-1621833
-1616452
-1615490
-1605421
-1603591
-1603328
-1601779
-1595504
-1591478
-1587829
-1586090
-1581261
-1577665
-1575761
-1574809
-1572425
-1572004
-1569192
-1567071
-1566105
-1552953
-1551588
-1547723
-1519325
-1514999
-1509858
-1507884
-1503061
-1493205
-1492196
-1489252
-1485041
-1484590
-1483506
-1470276
-1467427
-1464969
-1454473
-1451436
-1446349
-1445412
-1445105
-1439566
-1437434
-1432255
-1422572
-1422169
-1420776
-1419218
-1416713
-1415051
-1410792
-1408316
-1403858
-1403367
-1400205
-1394798
-1392794
-1390813
-1386564
-1382207
-1379301
-1374494
-1374296
-1374175
-1371707
-1369142
-1368737
-1365864
-1361919
-1348719
-1348292
-1328063
-1326430
-1320684
-1318316
-1315783
-1314388
-1311726
-1311640
-1306262
-1306208
-1303551
-1299829
-1298928
-1297981
-1295418
-1292132
-1288441
-1288382
-1287566
-1283799
-1273815
-1273212
-1261386
-1261138
-1257002
-1255079
-1254552
-1254130
-1253354
-1248572
-1245156
-1244593
-1241055
-1240275
-1237393
-1230458
-1223566
-1220737
-1217046
-1216341
-1211214
-1207767
-1207182
-1196138
-1194279
-1190178
-1189645
-1187371
-1186435
-1184576
-1182057
-1179073
-1176790
-1173338
-1162141
-1159524
-1159230
-1156330
-1155047
-1154933
-1152641
-1149973
-1147752
-1138476
-1136315
-1134776
-1134269
-1124943
-1123313
-1119334
-1116897
-1116570
-1115378
-1114122
-1112977
-1112122
-1109003
-1102553
-1092390
-1091731
-1090153
-1088234
-1086042
-1083345
-1078225
-1076128
-1064760
-1061482
-1055770
-1055168
-1051638
-1050707
-1050657
-1047126
-1039479
-1018031
-1013976
-1013730
-1012955
-1008862
-1007581
-999033
-994515
-993876
-991472
-990953
-988359
-986871
-978483
-974518
-968843
-958436
-958261
-954002
-953497
-951992
-942005
-941278
-935532
-934088
-933183
-932821
-923749
-923635
-922356
-919752
-917609
-916870
-916602
-916151
-910881
-910551
-897378
-892169
-885732
-880109
-877574
-872894
-869753
-867916
-866981
-866138
-865455
-865109
-865019
-862680
-859485
-858589
-848777
-846108
-840163
-839883
-833807
-830448
-826089
-824692
-818872
-807027
-805208
-803655
-795928
-786472
-783661
-783659
-783506
-780838
-779596
-777015
-763757
-761379
-747934
-740245
-737629
-726162
-724215
-723781
-719528
-717891
-716936
-716188
-715562
-715287
-714706
-712335
-709220
-696788
-694589
-693708
-690485
-688381
-685731
-683130
-681475
-678835
-670754
-670090
-666507
-663343
-660422
-659146
-652326
-646577
-641518
-626237
-626139
-621230
-620068
-618576
-615319
-612858
-610133
-606606
-604782
-590353
-588921
-586967
-574910
-567470
-566411
-562078
-556797
-551241
-544371
-542757
-538855
-533950
-530630
-529241
-523735
-523002
-522524
-518538
-515657
-505392
-505253
-504508
-499687
-497309
-495298
-493705
-488962
-484333
-483408
-479216
-472028
-470719
-462537
-460485
-459283
-457197
-454687
-447562
-431613
-431438
-424061
-420668
-420091
-414454
-398511
-394519
-390688
-389948
-388804
-378247
-377729
-374678
-363359
-362448
-361399
-360764
-360388
-352942
-352156
-350238
-349563
-346441
-336593
-336347
-334568
-333946
-330270
-322630
-322233
-314863
-314606
-309365
-299469
-292921
-290089
-289359
-288467
-284230
-278865
-278333
-265491
-248221
-239977
-237703
-237172
-236225
-231472
-221989
-220464
-220147
-217768
-200549
-199526
-199030
-198461
-194210
-187978
-186405
-183517
-180558
-174485
-174401
-172819
-170617
-163607
-150077
-149379
-148346
-146291
-144742
-141507
-138702
-130728
-130528
-130387
-120998
-119892
-117263
-113036
-112296
-109727
-107649
-104657
-103316
-99275
-98521
-91985
-91409
-89514
-89252
-85466
-77281
-73785
-72111
-67640
-65458
-62900
-61169
-46344
-41549
-38178
-29745
-28968
-6295
-1847
1250
1732
2234
18385
19113
23630
32234
34821
36608
38868
39930
42161
45305
57506
62086
69158
83296
94203
98202
98220
107203
112892
115283
119287
126062
126458
129094
132084
137301
149174
153682
154677
155008
161679
164348
171754
173318
173498
174051
193130
194097
198630
207001
224308
224797
225603
233182
235580
239814
240445
246880
248434
251603
253243
256063
262154
267585
273892
275811
278600
291938
295540
303088
310807
311623
313232
315108
317187
322091
325168
326326
335009
347017
354610
354807
363220
363243
366047
370302
373772
374499
390301
390446
400390
406247
406769
407308
409214
411686
414925
422104
428019
428982
432461
434422
434925
436441
454239
455451
457271
462337
462902
463379
464560
470079
470213
476811
476979
478425
480895
485078
485894
490623
490866
491311
498312
499619
504537
511500
513431
522143
535126
538567
542682
548111
555447
559011
561119
563788
567310
570412
581145
585756
589327
589746
591674
600990
602565
602623
611584
618345
624941
631000
634723
635010
638149
638734
640560
642662
645493
646700
650516
650724
653359
653744
663482
665458
682245
684458
686776
688122
692468
693038
700535
700781
701846
703352
703412
703675
705136
713031
716537
721650
722694
723951
727691
729070
729927
731684
747407
755567
757086
760231
768434
776572
780116
784701
787873
792675
799561
800679
801326
804255
814064
819810
823870
824009
828755
832074
834822
838774
839336
842123
843962
852988
854175
856440
861125
861935
869724
873393
878689
879484
880575
882982
883529
886278
893566
894900
905400
915614
918222
928920
937309
941805
942374
943340
944669
947713
956519
958922
961813
982278
986196
987135
987681
993260
993278
994677
1001223
1003022
1007259
1010340
1020024
1034554
1037420
1039896
1040242
1040405
1043542
1048910
1053155
1056131
1064369
1067318
1067864
1068957
1074592
1088001
1093443
1094241
1104973
1105285
1105899
1112632
1115324
1117977
1123712
1130341
1134360
1134825
1135215
1138396
1145172
1148929
1151087
1156117
1159883
1159982
1166559
1169664
1170475
1175789
1181672
1182827
1189809
1190527
1192510
1196493
1199760
1224972
1229440
1232942
1235856
1236032
1238443
1247191
1253623
1258488
1273037
1277575
1282873
1287614
1289598
1293824
1306220
1310554
1310597
1311409
1315912
1327937
1333618
1335753
1342202
1346562
1377144
1379572
1379813
1382573
1392436
1393479
1394235
1396585
1401140
1404709
1411261
1414084
1414904
1418873
1422936
1426678
1434032
1436243
1440203
1450356
1451245
1452775
1455562
1459150
1460055
1465078
1468378
1471621
1478396
1481012
1484385
1488711
1490280
1491046
1498870
1504764
1506914
1513210
1515837
1517592
1527974
1528654
1535561
1537034
1540240
1546043
1547010
1550443
1551550
1554895
1560637
1575862
1579698
1588548
1591478
1594161
1595057
1597594
1612326
1612541
1612949
1615541
1617611
1617758
1618729
1618949
1622635
1625867
1630321
1630993
1634124
1637319
1641911
1643026
1649265
1650147
1653265
1654746
1656355
1656796
1661715
1664858
1668284
1669137
1670834
1672352
1673041
1673443
1676868
1679248
1683648
1685453
1692581
1697663
1718843
1718994
1723210
1732098
1749119
1751107
1757293
1759449
1760271
1760372
1762769
1779162
1783127
1784582
1787861
1791110
1793325
1798194
1809597
1810065
1810147
1810698
1812829
1819672
1823735
1825414
1841210
1843124
1846390
1860245
1862047
1868012
1874814
1879350
1885505
1890416
1893220
1895229
1897582
1901883
1904277
1910084
1911241
1912270
1912453
1914151
1915214
1919663
1928121
1928828
1940771
1942675
1944331
1948099
1954508
1954731
1959887
1962965
1976059
1976131
1979803
1980517
1982276
1988770
1993252
