-1982677
-1981977
-1971505
-1962355
-1962141
-1960211
-1959358
-1958451
-1956090
-1955034
-1951958
-1946061
-1945573
-1944243
-1942081
-1929169
-1926779
-1921485
-1921349
-1918173
-1910127
-1906949
-1904863
-1898305
-1896712
-1889458
-1882776
-1881738
-1875100
-1870398
-1863062
-1862744
-1862614
-1861672
-1860445
-1859550
-1855898
-1850734
-1846039
-1845687
-1839240
-1827708
-1816050
-1809742
-1809289
-1804339
-1800463
-1798316
-1797821
-1797563
-1791242
-1789023
-1788913
-1784352
-1780865
-1780450
-1778714
-1770106
-1770003
-1768543
-1755336
-1751069
-1745715
-1741740
-1738171
-1731754
-1727857
-1720152
-1719522
-1711548
-1709678
-1706538
-1705107
-1704443
-1699522
-1699117
-1698287
-1692331
-1683326
-1669204
-1664393
-1663339
-1660315
-1656065
-1654023
-1650417
-1645060
-1640206
-1637112
-1634201
-1629365
-1626469
-1625998
-1616679
-1602972
-1598935
-1597981
-1597201
-1594344
-1588600
-1588441
-1586788
-1576574
-1575910
-1567494
-1564576
-1564268
-1564073
-1550473
-1548669
-1542688
-1541544
-1540857
-1539139
-1527187
-1524750
-1524441
-1513626
-1509433
-1509133
-1507255
-1500007
-1498666
-1497648
-1496299
-1495099
-1491933
-1491664
-1485253
-1484306
-1482843
-1478926
-1477873
-1462801
-1460395
-1452435
-1448229
-1447958
-1442112
-1441243
-1439765
-1437335
-1431033
-1430344
-1429429
-1422833
-1415598
-1390768
-1388246
-1384038
-1376490
-1375248
-1368847
-1368719
-1364747
-1363792
-1358247
-1352925
-1346900
-1345164
-1344342
-1339865
-1338434
-1336809
-1331361
-1331236
-1329949
-1325599
-1324628
-1322990
-1320582
-1320461
-1319922
-1317718
-1317680
-1317266
-1314586
-1311545
-1310593
-1308013
-1305843
-1303118
-1301078
-1300229
-1299471
-1292473
-1290438
-1286541
-1285945
-1284972
-1280271
-1273839
-1266383
-1260441
-1256405
-1254660
-1253811
-1249708
-1242228
-1238385
-1230258
-1229253
-1214213
-1212672
-1209677
-1208666
-1206650
-1199943
-1198358
-1195802
-1191819
-1189239
-1180806
-1177546
-1170041
-1163867
-1163704
-1160132
-1159462
-1157766
-1156871
-1155529
-1148885
-1148297
-1137090
-1126448
-1124825
-1123783
-1109850
-1105529
-1097194
-1090122
-1087209
-1086287
-1085580
-1083776
-1080855
-1077809
-1075831
-1070963
-1060777
-1056074
-1047803
-1041859
-1039388
-1035645
-1033159
-1028871
-1024943
-1008917
-1001232
-1000539
-1000460
-999295
-998217
-998095
-995693
-994653
-993985
-992956
-990360
-986637
-978697
-975406
-973523
-970249
-969776
-962064
-961203
-960462
-951495
-948056
-947188
-946783
-942183
-936948
-930172
-928109
-925915
-925799
-918906
-915261
-910600
-910068
-907506
-907443
-906633
-900793
-892349
-887928
-883396
-878542
-875854
-871584
-871255
-869069
-864455
-862107
-860465
-858703
-857831
-857470
-855325
-852415
-851913
-851527
-841309
-841015
-835744
-831356
-825462
-824467
-810816
-809245
-807218
-798365
-790619
-789810
-783150
-781510
-780589
-771936
-767598
-767269
-753731
-751360
-749981
-748378
-745678
-745583
-744754
-740700
-739790
-736284
-735591
-733694
-715000
-713995
-708925
-700376
-699762
-699145
-698084
-695583
-692365
-688542
-663284
-661481
-660411
-657759
-655383
-651630
-648490
-638234
-631901
-627020
-620151
-618635
-614485
-607026
-601602
-596974
-592722
-590949
-590636
-590403
-583726
-577979
-576961
-573678
-572228
-572205
-570334
-568176
-566624
-561267
-561072
-560195
-557680
-551876
-544294
-543655
-538703
-537615
-530393
-524932
-518917
-518788
-508883
-508067
-504555
-500541
-494888
-493538
-491131
-485558
-481804
-480390
-478807
-474815
-470621
-467732
-464073
-458552
-457868
-455028
-449398
-448140
-446610
-445864
-444488
-440421
-440042
-435995
-434850
-434340
-431757
-427612
-424474
-420022
-417085
-410818
-409165
-407130
-402719
-400983
-400573
-393118
-389521
-389049
-380769
-376692
-374455
-370550
-369803
-358639
-355790
-351545
-347613
-346459
-342006
-337870
-336534
-336147
-334470
-328608
-327875
-325569
-313924
-309392
-306694
-288094
-271908
-269493
-261942
-259511
-257646
-253230
-250259
-245117
-242785
-242737
-237028
-229211
-225195
-220942
-219037
-209550
-206786
-202693
-199049
-198960
-192513
-179734
-177106
-176799
-168750
-164282
-163926
-160490
-150695
-139066
-138375
-133132
-130961
-129953
-128068
-125825
-125595
-123797
-122326
-121962
-118217
-116248
-113359
-111806
-104376
-97324
-94862
-85022
-83243
-74120
-69855
-58058
-46161
-43080
-32511
-22479
-21683
-18298
-14598
-9479
-4137
5129
6953
12266
16022
26228
26572
28118
30897
33516
34862
40184
40281
41221
44548
51070
54522
56021
58012
62146
66685
72324
82470
82567
89497
91805
93124
97684
97780
98919
100300
122338
122637
127624
145631
145839
146001
150379
159429
161934
162216
163396
169648
174122
175214
175475
177578
187756
195758
197560
203165
204195
206070
206356
207008
209543
210183
215068
222186
233061
241772
251235
252456
252557
253609
253695
256190
263141
263444
266334
267782
269180
269514
276157
277457
280606
281779
287694
291189
292166
292363
292729
297287
301036
302806
307935
308555
310918
311126
311933
317247
323175
324396
325828
334360
339995
342843
344260
349383
355447
359914
360930
367910
370477
370777
374970
375373
376119
378211
379172
387752
394233
396735
396740
400975
406001
408002
422803
422931
425518
425617
428536
434496
438101
452938
457224
458741
459027
461464
464187
473560
475308
482031
491062
496597
501108
503106
504752
510597
519395
521839
524239
528026
532246
543013
544789
545509
556372
557801
559737
561714
569138
573571
574710
574834
587039
589560
599049
599414
599770
609291
609323
611680
615827
617976
618049
620257
623022
625192
627389
632841
640999
644211
644641
646852
659187
662124
666442
671970
678194
680956
690354
690828
694892
695205
695578
696556
698247
709058
709233
722108
723653
731051
732026
740609
748682
749255
749297
751224
761976
767990
769288
769639
771432
780739
784386
788883
791112
794358
798201
802175
804149
804580
806014
808412
810367
812761
822192
824499
833205
833517
840771
841227
841664
852273
859375
865090
865693
868694
869254
879991
881230
890052
900349
909937
915696
916448
919848
920600
925892
926296
943944
944857
948292
961992
962576
979892
984345
991909
995393
997647
1001922
1003247
1003628
1005050
1013193
1021721
1024073
1028818
1030166
1030836
1039510
1039663
1043634
1043659
1051525
1055549
1057286
1058981
1066670
1071149
1071919
1079458
1081369
1094571
1096703
1111977
1118174
1122094
1122294
1126900
1135507
1135562
1137890
1140961
1141600
1148385
1149433
1150806
1154543
1158449
1171348
1180833
1182319
1186264
1187588
1188542
1188778
1192311
1192745
1196084
1198893
1211530
1225314
1232923
1233779
1237163
1237699
1241228
1244131
1246005
1246315
1247729
1249284
1256301
1257957
1258164
1261972
1266963
1267024
1269126
1270325
1273439
1276634
1284713
1297042
1302544
1306604
1307778
1310781
1313999
1315387
1325249
1329122
1330401
1337756
1340940
1341045
1343499
1348469
1365579
1367966
1372062
1373719
1374188
1374997
1376087
1380921
1382691
1390354
1396709
1396900
1397222
1411949
1412103
1415402
1417675
1418470
1419221
1421509
1426367
1426859
1429382
1429395
1431047
1436468
1445362
1455039
1469702
1471629
1473613
1475373
1479748
1483982
1484295
1491500
1498021
1498193
1501623
1508738
1513982
1516439
1517613
1519502
1525839
1529393
1542415
1544477
1565650
1566635
1571896
1581953
1584263
1585307
1589533
1589610
1596699
1598485
1599095
1602967
1607635
1608454
1613386
1613829
1616724
1626737
1639719
1640465
1649962
1649988
1654816
1656321
1657086
1661126
1662977
1669792
1686057
1690796
1694430
1701335
1701773
1702024
1705909
1706433
1710251
1718226
1718852
1719760
1722985
1723335
1725391
1727738
1731831
1754413
1761514
1775051
1780969
1786836
1789549
1796883
1797065
1798256
1809061
1813571
1814243
1815125
1816281
1817548
1819338
1827835
1830061
1830941
1831924
1835169
1836368
1839244
1852621
1868083
1868932
1879666
1885278
1885374
1887806
1888119
1898265
1899817
1909259
1910518
1912912
1915567
1916351
1926454
1933086
1934224
1942729
1945235
1952946
1957020
1961620
1962230
1970500
1982802
1989756
1991261
1993936
1995423
1995651
1999097
