-1992973
-1987098
-1986544
-1986031
-1972978
-1971602
-1969334
-1967589
-1967151
-1965660
-1963325
-1957261
-1954604
-1953737
-1953141
-1948903
-1938280
-1934427
-1924328
-1916739
-1909513
-1893851
-1882337
-1875012
-1866202
-1863356
-1862015
-1858738
-1855555
-1852978
-1849221
-1843432
-1843123
-1832385
-1831314
-1830187
-1827004
-1819346
-1818075
-1815317
-1812063
-1809042
-1804455
-1799295
-1793777
-1792013
-1782770
-1781108
-1771534
-1771009
-1767486
-1765182
-1762370
-1756653
-1751921
-1749222
-1745248
-1731720
-1729943
-1729929
-1727428
-1726384
-1716897
-1716889
-1709816
-1707643
-1700820
-1695172
-1694643
-1687718
-1680716
-1678319
-1677189
-1672949
-1672001
-1671169
-1664946
-1663633
-1654143
-1651281
-1650561
-1649050
-1646768
-1645863
-1642705
-1641281
-1633877
-1632442
-1631010
-1626779
-1618950
-1616710
-1611961
-1605743
-1604977
-1598844
-1598140
-1598061
-1588284
-1584165
-1582353
-1577393
-1576483
-1568845
-1567389
-1564437
-1556980
-1555019
-1539198
-1530467
-1528026
-1526971
-1525837
-1513740
-1509710
-1506122
-1505304
-1504362
-1499466
-1495348
-1495308
-1493117
-1488241
-1487895
-1486358
-1484637
-1477571
-1475884
-1469670
-1462288
-1460001
-1459992
-1456310
-1452045
-1447607
-1446505
-1443666
-1442957
-1440696
-1430800
-1430331
-1418293
-1413954
-1412219
-1410426
-1409041
-1405600
-1401078
-1398058
-1396631
-1393497
-1392360
-1381388
-1376847
-1373939
-1368194
-1367578
-1367565
-1365635
-1352081
-1351655
-1351091
-1349623
-1332096
-1332043
-1327794
-1325529
-1322080
-1320243
-1316977
-1316562
-1313247
-1307984
-1307424
-1304038
-1299556
-1297596
-1296272
-1294350
-1289153
-1287737
-1278492
-1271231
-1268928
-1261564
-1261085
-1260874
-1260240
-1249037
-1248645
-1246832
-1240474
-1239205
-1233036
-1213223
-1211522
-1204317
-1199310
-1198086
-1186735
-1184862
-1179125
-1178494
-1169672
-1169578
-1168529
-1165473
-1151063
-1150845
-1142504
-1141524
-1141515
-1141044
-1136915
-1136309
-1135504
-1132211
-1124047
-1116211
-1110138
-1109093
-1105929
-1101702
-1091624
-1091231
-1090330
-1089918
-1087002
-1086475
-1084626
-1075343
-1069943
-1067681
-1067086
-1065755
-1064775
-1063542
-1060608
-1053183
-1052887
-1049440
-1046649
-1044765
-1043899
-1043012
-1042737
-1042348
-1039179
-1036403
-1035611
-1028399
-1020198
-1013551
-1011709
-999827
-992980
-990544
-989210
-988406
-977895
-977689
-977300
-973941
-971976
-971238
-968642
-966299
-965137
-961975
-959251
-957963
-956396
-952822
-952667
-949673
-947591
-945673
-945176
-936763
-935111
-919401
-919308
-918497
-916980
-909403
-909219
-907729
-903717
-903594
-902959
-901497
-894634
-894544
-893139
-888681
-884252
-883362
-873378
-871376
-856562
-856345
-853050
-842148
-839150
-829613
-829558
-821906
-819044
-818635
-816871
-812868
-810447
-810440
-806500
-804421
-803760
-799812
-797098
-795164
-790936
-787579
-786701
-782889
-780139
-778945
-778069
-777996
-777047
-776541
-768809
-749079
-746131
-742964
-739212
-736309
-731798
-729566
-722532
-718761
-708321
-702896
-702784
-701611
-695652
-687023
-686266
-685687
-681266
-680447
-678320
-674576
-672269
-671891
-669176
-667125
-665160
-662431
-661341
-651823
-649573
-645887
-645544
-638583
-638437
-637708
-634692
-627690
-627641
-624460
-623312
-616685
-614263
-598612
-598295
-595478
-592569
-589288
-586957
-580347
-558580
-556541
-555528
-552032
-551147
-545920
-542265
-541709
-537760
-531850
-525286
-523352
-518559
-517356
-514018
-507360
-506695
-489233
-482884
-477789
-472348
-469859
-465977
-465109
-461455
-459280
-458672
-457390
-454441
-448219
-442419
-438884
-433804
-429602
-426935
-421102
-420407
-419727
-418772
-408974
-404008
-402705
-391186
-387351
-387287
-385907
-383109
-382363
-379020
-377944
-376970
-375934
-359085
-351841
-350882
-346665
-343872
-343842
-342003
-340069
-338908
-335011
-331389
-328336
-318719
-303454
-299937
-299367
-273083
-272008
-271690
-266338
-259470
-254580
-251366
-240664
-231924
-231051
-228368
-226991
-226059
-225092
-222997
-221393
-220800
-220002
-218022
-211724
-210512
-208713
-198509
-197506
-195423
-175999
-175160
-165634
-155258
-152542
-151987
-151052
-147899
-129072
-124378
-122598
-118072
-117699
-114531
-112361
-111754
-111018
-110724
-109213
-108038
-103719
-98471
-94855
-94062
-86673
-77249
-69943
-62718
-61609
-60349
-59754
-56665
-52905
-50781
-44183
-43166
-41501
-36026
-28692
-26647
-16134
-13261
-11124
-10974
-8749
-3237
1095
1618
2293
8861
15305
16475
22684
32220
35956
55621
58172
59673
68930
74248
75820
77188
77755
90824
101477
101904
106092
106544
107213
111181
111666
112796
116906
120681
121324
121368
123681
126098
128483
133917
134370
157836
161828
162943
168524
169098
172116
178483
179386
180142
181170
184731
190703
204442
207036
217620
225678
227315
227699
231213
236402
244230
246725
249316
255433
264152
270984
272076
277216
284918
293453
294761
296553
301779
304296
307235
307376
307527
316740
319687
324046
338946
340239
345602
345803
358258
365667
375874
378624
380684
381337
391392
392323
396986
407439
414306
414442
416657
417562
433105
434334
436777
441346
441814
443862
443875
448357
451063
452857
459664
467092
471153
471892
477584
478088
491994
498275
501916
505713
506086
508122
516066
520356
521257
522972
523497
535033
540686
545459
546908
551644
554687
558568
560698
562874
563302
565526
567463
568004
574294
575429
585055
593887
595508
599901
601283
605530
617898
619809
621463
622468
624048
631640
636057
640110
641401
646441
653452
655018
655940
657899
661913
663297
664779
669675
672016
681195
681870
684836
694747
700318
712320
715410
715857
719415
721833
723243
725045
727082
728480
732829
737743
752651
754906
759626
766434
766483
781817
792770
798522
799989
803958
807227
808840
808926
817864
826121
834355
836184
837275
837458
839801
847905
858715
868514
871762
871895
876430
878834
889740
892468
892730
910513
911650
916507
919820
922939
928289
930270
933405
936219
937122
937736
938476
938833
943231
966635
977226
982613
988959
989790
990448
995924
997212
1000614
1001821
1011196
1013691
1019262
1019643
1023007
1025103
1025426
1026076
1033277
1041269
1045042
1048805
1052068
1053236
1057423
1058385
1059300
1060280
1060384
1064545
1064957
1066426
1069985
1070105
1070492
1074164
1077216
1080658
1087056
1087792
1089137
1095315
1098834
1104654
1106667
1129376
1134356
1142475
1142859
1144504
1145351
1147523
1150027
1155888
1156302
1159829
1160742
1161849
1165789
1166211
1170039
1172013
1175162
1179567
1180651
1181717
1184341
1193784
1195763
1196553
1198586
1206417
1206805
1210951
1212150
1214116
1215481
1216770
1217260
1217359
1217491
1220972
1221217
1226570
1228667
1228962
1229867
1231083
1238494
1240482
1246744
1254062
1257158
1265517
1267182
1268831
1269427
1272864
1274700
1276534
1290080
1291030
1294163
1297584
1302327
1303198
1303683
1305629
1315141
1316905
1319403
1326989
1338008
1349089
1349329
1350810
1351807
1353418
1354810
1361015
1376491
1381521
1390187
1392812
1396424
1397775
1406767
1417964
1419560
1428271
1432919
1433730
1434164
1434657
1437028
1441199
1443447
1443650
1444764
1448757
1452643
1456874
1458428
1462291
1465001
1474919
1478289
1478657
1487280
1490694
1496016
1498462
1498731
1508893
1516803
1521520
1521777
1525108
1527803
1531631
1540649
1541667
1544445
1553690
1572631
1577655
1579663
1581849
1583474
1585341
1585559
1586870
1594050
1604435
1605799
1607587
1608455
1608455
1610168
1613620
1619726
1622910
1623793
1626192
1637800
1638315
1638328
1649860
1652240
1661826
1667484
1671816
1684324
1686936
1704637
1707077
1720572
1722674
1725439
1727655
1729566
1730770
1733359
1734236
1735322
1737461
1741289
1742070
1751019
1754405
1766907
1767596
1775423
1777281
1778891
1782429
1783614
1787234
1795368
1801195
1803297
1815028
1821167
1822795
1833538
1843670
1844140
1847686
1849943
1853968
1857593
1858982
1883640
1893997
1894710
1894849
1899358
1899737
1903909
1916421
1917528
1935997
1938422
1938490
1940255
1941065
1941726
1949930
1954705
1954745
1963412
1973194
1974649
1975960
1976452
1977864
1981807
1982658
1990595
1991497
1994635
1999638
