-1999599
-1998968
-1998085
-1996180
-1986446
-1984886
-1981385
-1980374
-1976844
-1973079
-1971878
-1969735
-1935520
-1925545
-1921529
-1919939
-1919218
-1914013
-1908636
-1903865
-1900830
-1899772
-1897649
-1893860
-1892875
-1892440
-1890135
-1890052
-1889480
-1889145
-1881641
-1880306
-1879715
-1871924
-1866865
-1866294
-1863357
-1859702
-1854822
-1847755
-1844348
-1839022
-1830500
-1815802
-1808612
-1808527
-1804412
-1803985
-1797895
-1791016
-1789417
-1788725
-1786120
-1785002
-1780219
-1777982
-1774200
-1773229
-1772795
-1769872
-1764993
-1760707
-1754516
-1754242
-1752226
-1742713
-1741753
-1731679
-1726510
-1722786
-1720615
-1717347
-1696875
-1696589
-1694549
-1692492
-1689301
-1677607
-1676553
-1675249
-1665755
-1662831
-1662521
-1648572
-1648219
-1646938
-1642395
-1641468
-1637089
-1633122
-1629963
-1629282
-1628954
-1626752
-1622645
-1619880
-1613588
-1613230
-1604534
-1598300
-1597610
-1596644
-1594990
-1593115
-1587921
-1580872
-1577946
-1577420
-1574977
-1574347
-1572608
-1572542
-1571933
-1568580
-1568229
-1564400
-1563244
-1552679
-1552044
-1548967
-1544887
-1544013
-1543841
-1542917
-1527558
-1526961
-1522559
-1516534
-1516492
-1516429
-1506032
-1504146
-1502049
-1500577
-1498948
-1492240
-1490322
-1484702
-1480745
-1479134
-1469793
-1467088
-1465382
-1463627
-1463492
-1461886
-1458535
-1453803
-1452536
-1451465
-1451226
-1450813
-1446899
-1437396
-1436603
-1432373
-1429114
-1427631
-1424060
-1422147
-1421101
-1416801
-1411511
-1408344
-1401263
-1399617
-1398945
-1398769
-1395599
-1387401
-1382602
-1379390
-1377464
-1375547
-1374591
-1358193
-1356234
-1353551
-1351662
-1348828
-1346549
-1332608
-1320799
-1318908
-1308565
-1305069
-1302951
-1298989
-1298761
-1296204
-1292766
-1292643
-1285262
-1281371
-1272454
-1269265
-1268622
-1260960
-1260666
-1255623
-1252796
-1242532
-1235001
-1230736
-1219841
-1206627
-1203085
-1202614
-1202428
-1202427
-1200984
-1195028
-1189943
-1187238
-1183976
-1183382
-1179952
-1177912
-1176338
-1174437
-1168363
-1168287
-1166459
-1161322
-1161310
-1151583
-1149441
-1145785
-1140477
-1132596
-1132167
-1131890
-1124492
-1121095
-1119388
-1119179
-1119061
-1118661
-1118260
-1117304
-1112638
-1102193
-1101548
-1087128
-1084420
-1079459
-1079269
-1070459
-1067783
-1063334
-1062158
-1060316
-1052094
-1049410
-1044788
-1041537
-1038514
-1035419
-1017981
-1003348
-999375
-998679
-998600
-996256
-994928
-986893
-982138
-969796
-968953
-965620
-958136
-948213
-939313
-936799
-922084
-911115
-907639
-902431
-900980
-898870
-898174
-884646
-881866
-881298
-877505
-877021
-876655
-874830
-873288
-869700
-866333
-862685
-862224
-857205
-856855
-854937
-845042
-842922
-838531
-834449
-834139
-831489
-822966
-819690
-818557
-813024
-810295
-809426
-807271
-806836
-806390
-805906
-800460
-794421
-793331
-792408
-791693
-790612
-783317
-782822
-778837
-775947
-774102
-770146
-769043
-757467
-750287
-744506
-736012
-730942
-721551
-713675
-706301
-706137
-705139
-694535
-694447
-689917
-689458
-688891
-688535
-688337
-686459
-683165
-677545
-675948
-674729
-668563
-668215
-666856
-666856
-661640
-658617
-653609
-642193
-641325
-640757
-640419
-638614
-631942
-629639
-628422
-621124
-619026
-601436
-591955
-589317
-566566
-565989
-562607
-549536
-543027
-542271
-539208
-536522
-532245
-526619
-515624
-512707
-512526
-504892
-504232
-503814
-502190
-501214
-501071
-500742
-490258
-483922
-481234
-477116
-475222
-471070
-468780
-468659
-455113
-441574
-436863
-433403
-429091
-428581
-428123
-423521
-418062
-417941
-414537
-412960
-411954
-411206
-399333
-387842
-372063
-367578
-367171
-366380
-360066
-358866
-357238
-352960
-349287
-343577
-342143
-333365
-328196
-317698
-317689
-311116
-310562
-310301
-309433
-306285
-306185
-302601
-300952
-298347
-295538
-294400
-291641
-283711
-282145
-277925
-273936
-271432
-262734
-262191
-261304
-259324
-252305
-251296
-249258
-247015
-242803
-239095
-233313
-231412
-228249
-225595
-224278
-211341
-209370
-207065
-204578
-198906
-198588
-185422
-184513
-182580
-174976
-155417
-128416
-126766
-125094
-123324
-119731
-109293
-105516
-104021
-96979
-95301
-95262
-91847
-89753
-74638
-72623
-67525
-67495
-67053
-66422
-66414
-64095
-62897
-50811
-49383
-47745
-47152
-39190
-37433
-37223
-30206
-25382
-11034
4295
9124
11259
16931
17571
18140
20950
25601
27084
41927
44672
50075
50867
60641
64165
66475
76832
77535
77540
80821
105913
108886
110207
112076
117998
128746
132746
135257
144929
147467
147812
148412
152967
156906
157865
160475
160557
171447
174596
176156
179160
187023
188927
193145
196487
198672
201239
202375
203119
220676
238434
241830
249458
250928
250974
253363
254536
256890
257599
260757
260941
261884
262197
270093
275965
280195
286306
290390
294039
297624
302996
303871
305848
308383
308998
309298
309836
311495
314516
316391
321328
323646
324391
329163
330474
343374
352391
352571
360435
367333
367734
367856
374286
382173
386455
387359
387491
391410
393347
393887
395231
407916
411923
415816
417845
418222
419124
424536
430832
443380
449809
451137
452221
456840
458634
463100
468447
469235
472748
475609
477466
477912
497562
503621
509411
512550
515437
526699
534038
534748
535328
537846
539775
543962
551635
552907
553728
557772
558774
571469
595742
599769
600340
608883
610412
620149
624974
631642
634176
636128
639034
649073
650598
651548
656840
658199
660715
666683
668244
677920
678594
682517
682969
686637
694632
695894
697624
701921
703281
704911
705412
708106
714793
720769
726793
728101
733597
737876
738831
739026
741280
741990
744296
748084
756758
765068
765855
771442
776772
780605
782063
786789
790466
791207
798947
809278
816123
816487
823654
824278
825536
838739
843510
845608
846672
852365
861162
861535
861559
864953
865313
869816
871510
873769
881484
882550
886338
889185
890466
891801
894787
896950
901795
904925
906672
908382
910514
921598
924033
930428
932556
935838
955370
956493
964698
966680
967550
969259
969872
971283
977283
980804
989527
992379
1016204
1024999
1028134
1033446
1037723
1041097
1044991
1045952
1050672
1054662
1062334
1066589
1072845
1074641
1080964
1085322
1092503
1098697
1098890
1109810
1113771
1115076
1123570
1130378
1134338
1134633
1134930
1135489
1135706
1142255
1145184
1145777
1150150
1150774
1152216
1153332
1154341
1160836
1161942
1162620
1162699
1163026
1163143
1164626
1172448
1179799
1182028
1188293
1188327
1189390
1197483
1199016
1201873
1202992
1212417
1212805
1218466
1219487
1235650
1255935
1259464
1272819
1274977
1275627
1279734
1284464
1285467
1287163
1288394
1290248
1295699
1296953
1301259
1302798
1305536
1306490
1307645
1310111
1311444
1312983
1319015
1320035
1322528
1329839
1333314
1335683
1344770
1350919
1353597
1357611
1358782
1360572
1361563
1371167
1381069
1383247
1385894
1388292
1389535
1392575
1393155
1393234
1398598
1398914
1401064
1401895
1403049
1406791
1412716
1422045
1423035
1428487
1429398
1433015
1433032
1436602
1440489
1441211
1444329
1444784
1444878
1446774
1447659
1449165
1456273
1459663
1463980
1470488
1471767
1472866
1483195
1492371
1492550
1497465
1498828
1510542
1512960
1516407
1516647
1516932
1518786
1520704
1523911
1530048
1530188
1531400
1536371
1543256
1547977
1550677
1553664
1555208
1556310
1561104
1568002
1573830
1574586
1577154
1578204
1587383
1589749
1592203
1597327
1602799
1603766
1609657
1624129
1627836
1631001
1632848
1645889
1660938
1664752
1665749
1665800
1668511
1676874
1696430
1696545
1698288
1699820
1711386
1714559
1719662
1726819
1736138
1740809
1748399
1754660
1755963
1757005
1757112
1759692
1766011
1766329
1767020
1774361
1774904
1775047
1778355
1780831
1781289
1783946
1785029
1788905
1789221
1794118
1794125
1795899
1798965
1809502
1810148
1816592
1817032
1817457
1826845
1830279
1831651
1839463
1840452
1843583
1844478
1846448
1850244
1850991
1857669
1858095
1886080
1891696
1907623
1907747
1909321
1911458
1913576
1917096
1920883
1928642
1931099
1935057
1940334
1941046
1947339
1947776
1952669
1954727
1958529
1960270
1977699
1977915
1978064
1983184
1984572
1987760
1990733
1991328
