-1988203
-1985190
-1978077
-1975919
-1975791
-1966499
-1963962
-1961572
-1959367
-1959235
-1957883
-1957209
-1954413
-1952619
-1952525
-1939791
-1936204
-1934257
-1929143
-1928688
-1926934
-1922022
-1918116
-1907294
-1900259
-1899456
-1897861
-1897860
-1892095
-1888585
-1885038
-1884139
-1880595
-1868996
-1865115
-1864761
-1862673
-1857257
-1852657
-1847577
-1846964
-1830877
-1820246
-1819889
-1817411
-1814282
-1814117
-1814050
-1813101
-1811592
-1806365
-1804478
-1804286
-1802600
-1793449
-1789008
-1786283
-1778247
-1771958
-1767675
-1764284
-1763606
-1763450
-1761973
-1760780
-1760619
-1759296
-1752286
-1745165
-1736897
-1736866
-1731337
-1721452
-1720984
-1716129
-1712086
-1705441
-1705039
-1700846
-1699221
-1698739
-1698040
-1696459
-1695845
-1688819
-1685272
-1683147
-1680417
-1675882
-1673538
-1670582
-1667630
-1654600
-1654068
-1652167
-1643851
-1643544
-1638903
-1637295
-1636187
-1633547
-1629640
-1627418
-1626687
-1621092
-1620719
-1615010
-1612692
-1608392
-1606155
-1599809
-1598902
-1596219
-1595705
-1591652
-1588340
-1578558
-1570081
-1567572
-1561302
-1558762
-1556320
-1556232
-1556191
-1556112
-1551700
-1550094
-1548867
-1547506
-1545969
-1544025
-1542221
-1531925
-1522561
-1521785
-1520983
-1508990
-1504585
-1499996
-1499065
-1493394
-1492833
-1492798
-1492731
-1486748
-1486201
-1482771
-1478265
-1473449
-1471584
-1471115
-1464488
-1463743
-1456817
-1455634
-1453067
-1448045
-1442455
-1441151
-1436118
-1431445
-1425454
-1422828
-1422669
-1414610
-1413341
-1409775
-1399832
-1399507
-1386934
-1385350
-1384038
-1382533
-1381877
-1378733
-1377860
-1375746
-1375365
-1374418
-1368496
-1367235
-1356481
-1350520
-1339664
-1338987
-1334658
-1331889
-1310207
-1310134
-1309106
-1294636
-1294342
-1293309
-1290268
-1286724
-1286576
-1283111
-1280128
-1273352
-1272953
-1270076
-1268605
-1267944
-1267730
-1266516
-1263508
-1261684
-1260912
-1257770
-1256124
-1250146
-1243204
-1241582
-1237984
-1232933
-1230266
-1226005
-1217956
-1217153
-1216794
-1208307
-1205893
-1202161
-1194415
-1191574
-1191374
-1188752
-1177965
-1175052
-1165791
-1150647
-1144760
-1132048
-1131632
-1129266
-1116633
-1115741
-1110773
-1110004
-1106552
-1103561
-1096350
-1083446
-1072916
-1070878
-1062246
-1056211
-1051002
-1050103
-1045366
-1042290
-1040668
-1036789
-1024094
-1023647
-1020012
-1017597
-1015647
-1014619
-1010798
-1007575
-1004062
-1003115
-991427
-990887
-990518
-990347
-986601
-984052
-979620
-976417
-966260
-960031
-958147
-956618
-954079
-951236
-949888
-948498
-945809
-942193
-941488
-941407
-940018
-939938
-938161
-938042
-936248
-933923
-930393
-926280
-923331
-923168
-922385
-908897
-901714
-899013
-897840
-893544
-893404
-891095
-889812
-886310
-884046
-874184
-870014
-869274
-868851
-854312
-847640
-845670
-842851
-833884
-829080
-823943
-820869
-817303
-797115
-797056
-794741
-790101
-787576
-786218
-785450
-785169
-782959
-781692
-781161
-780842
-780615
-777377
-774359
-770510
-769479
-762869
-762281
-759871
-753348
-739641
-738106
-738013
-736514
-733681
-725489
-721969
-720099
-715368
-714422
-713983
-712586
-707991
-693284
-686074
-684571
-682984
-671967
-671692
-665539
-664683
-661552
-649874
-639147
-636965
-633441
-632478
-632458
-627128
-619755
-618498
-613584
-599778
-597590
-596678
-594459
-587625
-587145
-582881
-582533
-582446
-579609
-576937
-576409
-573479
-571587
-564339
-561034
-556865
-555227
-554699
-550118
-549011
-548189
-547840
-541340
-538927
-537245
-531619
-524423
-522901
-520522
-513967
-511368
-501740
-499509
-498338
-496502
-493723
-488452
-488111
-487168
-483002
-468712
-466338
-445706
-445230
-444112
-440048
-436965
-436788
-434477
-430612
-427989
-426302
-423719
-406507
-405601
-399007
-395612
-394028
-391046
-389831
-389584
-387184
-385387
-382978
-375370
-372874
-371823
-371736
-370466
-366806
-349811
-348273
-346300
-344636
-341982
-341914
-330712
-327807
-325224
-324705
-321162
-316049
-311367
-310220
-307557
-301069
-299074
-296323
-284271
-282914
-280001
-279224
-278259
-272847
-268290
-267875
-262723
-243003
-242780
-242528
-234942
-232862
-227593
-219718
-213108
-208171
-207270
-203568
-201053
-198539
-188714
-186416
-184119
-180842
-173125
-172502
-171420
-163267
-159264
-159037
-149194
-148774
-146745
-145932
-133659
-132001
-130936
-125079
-118225
-110121
-109683
-108934
-108705
-105774
-104641
-91789
-87039
-83780
-82257
-81750
-77606
-73711
-55163
-48090
-38051
-30049
-27592
-26897
-25570
-23283
-17766
-17155
-15996
-9802
-8739
-7336
-4004
-2403
1792
2166
4750
11215
23254
26667
34667
37428
37740
41935
44621
46562
52707
54039
56206
59753
69915
78675
80447
84022
93880
98681
106046
109498
112465
112855
112896
119602
121671
140298
146271
155158
157748
159830
166141
166893
171557
177284
180225
180856
181527
195680
197583
203609
205736
206626
209457
220691
225424
226518
236400
236968
237122
240312
245532
257316
259781
261660
266284
269249
272930
277730
277888
278341
284605
298772
300296
300373
316349
325593
328776
331245
335498
339538
345159
351201
351371
353742
356835
360896
362107
363108
363365
380872
384277
390363
393860
399803
405371
407263
414396
415581
423587
429296
429699
432677
434656
439298
439922
443046
446211
447949
449423
450535
450715
451501
452041
454841
457432
464461
465897
472602
480879
490594
495233
496936
498246
503471
510130
518669
519083
532702
536705
541581
544583
548802
552657
553169
554375
556331
558577
561581
562808
563336
564269
569571
572439
573940
576372
576375
592345
593300
605982
623027
627484
632408
633845
634853
639492
646287
647493
653483
654014
655391
656079
659636
663906
666759
668467
669814
673933
676634
677183
678612
683242
690626
690629
702219
706918
708822
708961
711011
717278
721455
723003
727344
730098
736531
737313
740742
742160
752941
758408
764685
765771
767702
769981
775004
777136
777290
782741
789442
790748
790902
803266
803614
810721
830888
833154
836614
838671
847508
857255
860436
860617
861565
864089
869271
871816
884533
888656
889643
890693
891086
893405
893445
897437
899813
903251
903961
907015
910416
920521
920858
921470
925122
929488
930434
931288
932096
933107
940519
948540
962158
962389
966234
983527
990935
993697
996852
1009236
1010226
1011387
1013787
1022189
1034587
1035357
1038578
1048435
1053004
1053811
1056590
1056672
1065953
1069612
1072326
1077729
1079098
1079663
1081754
1084338
1085230
1086909
1087982
1094751
1094821
1114076
1115797
1122400
1128411
1135978
1139257
1142008
1144118
1146416
1146728
1149445
1154802
1163257
1163959
1177937
1191238
1193040
1195231
1195892
1197558
1207299
1207685
1215191
1215289
1222969
1226316
1237506
1238381
1245148
1253306
1260136
1261405
1263466
1268605
1274077
1275134
1275245
1279115
1286984
1288258
1297991
1302728
1311844
1312739
1314196
1315908
1316224
1318983
1326440
1336298
1337571
1343462
1343520
1346056
1348791
1349944
1352935
1353949
1358481
1366771
1372508
1375727
1382060
1383689
1384315
1388480
1389224
1398967
1406361
1406734
1413781
1415232
1421676
1430661
1439543
1446133
1467330
1470518
1475724
1477135
1477512
1478236
1481667
1483215
1484650
1484970
1488985
1493638
1502809
1508135
1508908
1510846
1511149
1517025
1518639
1524230
1528423
1534370
1535634
1560765
1564246
1583812
1585587
1586725
1586812
1591851
1596542
1601260
1602092
1605832
1610405
1633404
1641391
1643667
1645532
1653723
1653918
1654747
1657896
1667004
1668847
1679202
1684543
1707148
1709486
1710655
1717017
1717658
1724582
1725667
1732188
1733414
1736952
1741193
1748480
1750477
1754260
1761643
1763280
1763533
1765221
1768739
1773831
1775486
1775828
1776251
1783046
1784726
1785055
1785991
1786109
1794024
1801386
1803605
1815931
1822818
1829309
1831786
1833550
1835897
1840331
1846024
1853205
1854953
1855161
1856420
1859212
1861537
1864728
1866025
1866607
1867905
1871843
1874843
1875285
1885570
1890427
1894671
1895478
1899219
1902322
1908365
1909125
1918494
1918558
1932125
1934100
1940137
1942464
1951707
1952957
1955955
1958238
1966852
1968326
1971517
1977982
1984596
1989856
1990804
1992107
1994354
1994638
1995369
1998842
