-1996810
-1990358
-1989389
-1988649
-1979996
-1977989
-1971851
-1969577
-1963244
-1960681
-1954580
-1953826
-1953579
-1951546
-1950993
-1947981
-1941403
-1940299
-1940167
-1939282
-1927953
-1927015
-1924461
-1923650
-1919234
-1912047
-1907212
-1895875
-1893677
-1893565
-1886530
-1882857
-1881247
-1880131
-1863501
-1860597
-1858726
-1852138
-1851120
-1844932
-1840858
-1840292
-1837346
-1836211
-1836187
-1835127
-1826067
-1814694
-1811840
-1801515
-1800284
-1796697
-1795332
-1785043
-1773059
-1769523
-1769441
-1768320
-1767166
-1764360
-1760371
-1747305
-1743179
-1739989
-1731124
-1730156
-1729302
-1726569
-1726475
-1719830
-1717916
-1708065
-1705866
-1702162
-1684453
-1681730
-1672449
-1666025
-1661639
-1656852
-1655475
-1655422
-1644202
-1636073
-1629426
-1624575
-1623398
-1615948
-1603411
-1598252
-1596965
-1595566
-1594208
-1590792
-1588789
-1587316
-1585035
-1578268
-1572836
-1572245
-1569866
-1569606
-1563336
-1559944
-1557459
-1548704
-1531614
-1526534
-1523907
-1523097
-1515978
-1515640
-1511201
-1477651
-1477317
-1474723
-1474349
-1473084
-1459154
-1448207
-1447770
-1444835
-1441992
-1437245
-1435287
-1434389
-1431239
-1428945
-1427462
-1424710
-1413050
-1411906
-1398098
-1392490
-1391109
-1391054
-1363118
-1354846
-1341357
-1339220
-1335800
-1334657
-1334568
-1330012
-1327061
-1323756
-1317632
-1314231
-1309287
-1294703
-1284531
-1264293
-1262273
-1260392
-1259921
-1256622
-1255077
-1240547
-1235483
-1230443
-1229712
-1227755
-1224246
-1222743
-1219557
-1219228
-1216768
-1210034
-1209782
-1206971
-1204456
-1202608
-1186726
-1186414
-1182911
-1181914
-1177850
-1175350
-1172961
-1172959
-1167319
-1165956
-1158999
-1156102
-1151650
-1148295
-1147784
-1145470
-1143267
-1142830
-1142346
-1133045
-1115368
-1114861
-1106676
-1106387
-1106341
-1095346
-1088392
-1085350
-1077002
-1076980
-1075021
-1069468
-1061786
-1060056
-1053478
-1048788
-1042998
-1039971
-1037088
-1032625
-1024382
-1023087
-1020392
-1016954
-1016167
-1012183
-1007940
-1006622
-998690
-997996
-996556
-992501
-989775
-988787
-986253
-977124
-974639
-971841
-971439
-964570
-962028
-954843
-954565
-952732
-952386
-945444
-942588
-933592
-927176
-918214
-911004
-907811
-904463
-898385
-897551
-895800
-891439
-886334
-885264
-885095
-869601
-867752
-867551
-867200
-860230
-853058
-848920
-842338
-838066
-833359
-825247
-819798
-819122
-818113
-816539
-814554
-813484
-811742
-806535
-799358
-798839
-783675
-780992
-780914
-774768
-768025
-765945
-765646
-762693
-760523
-760234
-752367
-750727
-749381
-742863
-734436
-733683
-731967
-730127
-730118
-728032
-722534
-721826
-715518
-710985
-702746
-698917
-698300
-693875
-693412
-690365
-683358
-677063
-676035
-675055
-668659
-660273
-659318
-657928
-657853
-656366
-650415
-647377
-647267
-645227
-642775
-642302
-641817
-641556
-637790
-633788
-631970
-630549
-627835
-626961
-623597
-621761
-604144
-603834
-601111
-593435
-592033
-590276
-582231
-578200
-576305
-574279
-574177
-569877
-567494
-566027
-559911
-559319
-556072
-544914
-543978
-542706
-539839
-538803
-537380
-530784
-526807
-522206
-520189
-520141
-515105
-514087
-513591
-513272
-512700
-511760
-502717
-501994
-497161
-495818
-494266
-492682
-492363
-492285
-490636
-487129
-485138
-481173
-470585
-460993
-446592
-439189
-418225
-417423
-412212
-407307
-403977
-402665
-399337
-398039
-391499
-383482
-379242
-370800
-369951
-367703
-367356
-363818
-361213
-360125
-354350
-351050
-344887
-341929
-322185
-310753
-302490
-300099
-296738
-292729
-287312
-283511
-280448
-275212
-270058
-263996
-261057
-260412
-258740
-253526
-252523
-251755
-247483
-242716
-238393
-235658
-235106
-229232
-226896
-223691
-216045
-215475
-214130
-211748
-208719
-205939
-204100
-198408
-194725
-188549
-188028
-181194
-177118
-175819
-174849
-171196
-167943
-167246
-158086
-154173
-153039
-151009
-146689
-146459
-142496
-132655
-130183
-119026
-118037
-111064
-110950
-109652
-108568
-105721
-103416
-101762
-100867
-99396
-98657
-93199
-91081
-83354
-71968
-71678
-70241
-68543
-65779
-49055
-44462
-39617
-36848
-29218
-15805
-14829
6669
6885
10771
12299
13026
13627
14151
20185
20662
29236
30480
30671
31541
43659
48643
53500
54571
54925
58520
59957
62927
69948
75299
78095
78444
78788
81811
84199
85227
85316
88669
91568
94912
98927
105174
110739
113942
114316
118429
135125
135708
137587
146990
147948
162945
167922
177492
177757
179441
195211
195927
200363
202057
207107
212034
215444
217320
217321
220243
220677
222661
222875
223834
223881
233931
237628
239069
241600
244886
245042
249940
251236
251844
252159
255546
255801
256364
256458
256490
268336
268614
272168
285772
293079
296373
297249
304952
324954
332341
343781
346235
346328
351557
359198
363182
363648
366552
372521
376334
387479
395328
397007
397354
398237
401134
416580
419309
426353
427710
427905
438994
441258
450515
453104
454972
456509
461024
463806
464573
473754
474851
500818
512338
514300
531920
533090
535521
542626
542852
544262
544585
552442
553835
555706
557732
559915
560765
564564
565396
568899
570059
570687
577762
584733
590923
612034
612048
619133
624922
625148
634190
642277
643175
645229
646545
647385
649298
652311
652356
654290
656950
657952
664935
666671
669776
672417
674413
675257
679052
689396
689870
693961
694443
695077
695125
698327
699472
727652
728083
729743
731744
732911
733980
737286
740493
742150
747780
752479
756538
757359
765116
770934
772814
773128
782892
783497
784521
794878
798446
805258
807281
807802
808156
825270
837091
841996
844325
844391
846069
850677
853953
861238
861936
861960
862366
862721
865938
866126
874518
874632
881446
881576
884862
885768
891389
893620
893894
894770
897742
898439
900898
902618
902929
908452
911518
919305
923887
924455
925959
934827
935672
939047
940050
948196
950347
958698
958788
961614
963643
963882
964095
967750
968467
969171
969850
972485
977002
978327
979776
984801
985879
986872
999943
999975
1002329
1002884
1003968
1014091
1015724
1018979
1021643
1025381
1032316
1032463
1040304
1047576
1053321
1059431
1061052
1066331
1067449
1070142
1076263
1079490
1080540
1081905
1083765
1083986
1084043
1084338
1088440
1091649
1092409
1092866
1095070
1100070
1101467
1105291
1113747
1117873
1118659
1119677
1126047
1127895
1128200
1130708
1133585
1138059
1144389
1150597
1153192
1153479
1155327
1157235
1157776
1162717
1167296
1168568
1171471
1174732
1178950
1183229
1183512
1190405
1196062
1196968
1200320
1212049
1225218
1228247
1230602
1246157
1250387
1250473
1255053
1255463
1257894
1259614
1263251
1270921
1273037
1273651
1279367
1283866
1301666
1304545
1305322
1306985
1312540
1312806
1312832
1316298
1319810
1323605
1323807
1324122
1330082
1335141
1340173
1341481
1347704
1353786
1354879
1357995
1359579
1370607
1371198
1372842
1374773
1375590
1376382
1391536
1396093
1401339
1405192
1409973
1411756
1413651
1426587
1429208
1437148
1445110
1448390
1449210
1450830
1455249
1459177
1460331
1468444
1472081
1484021
1484360
1488872
1490160
1494754
1506167
1508730
1512890
1513290
1516328
1520162
1523991
1524506
1526481
1528165
1534964
1543889
1545054
1551961
1552504
1554896
1555486
1559957
1563774
1568209
1570773
1573612
1575187
1578357
1579057
1582718
1585226
1586143
1591903
1594628
1596843
1598445
1608901
1618803
1618940
1621979
1624289
1633127
1634534
1634820
1651296
1652854
1660820
1672374
1675567
1679121
1681153
1681219
1682792
1684223
1685196
1687144
1689241
1692538
1709929
1714706
1729808
1742436
1746434
1747224
1749924
1762704
1764185
1765492
1771232
1784253
1787210
1789022
1791479
1795334
1798344
1810317
1813213
1814047
1818809
1819857
1820081
1820226
1821190
1824141
1833738
1833817
1835400
1836617
1838336
1839354
1843041
1844456
1844983
1847454
1857097
1857409
1859513
1861854
1868024
1868496
1869054
1869843
1878807
1880231
1880437
1885267
1890876
1894307
1894920
1897655
1902285
1902341
1903979
1907450
1913817
1932318
1945659
1947079
1948438
1948709
1962795
1963223
1978670
1979055
1983665
1988324
1989506
1993469
