-1999670
-1994665
-1976181
-1975240
-1967498
-1967466
-1965367
-1963237
-1962692
-1960461
-1958233
-1957362
-1947421
-1946231
-1945283
-1943123
-1940727
-1938473
-1931715
-1929197
-1920461
-1920139
-1919003
-1916634
-1911165
-1911060
-1906159
-1896013
-1892114
-1891701
-1890595
-1887375
-1885483
-1882357
-1880589
-1873894
-1868489
-1867990
-1865353
-1859137
-1857900
-1856895
-1852749
-1847090
-1846440
-1845085
-1841165
-1832631
-1822727
-1817788
-1816960
-1816796
-1814882
-1814237
-1811749
-1810949
-1803269
-1797445
-1796592
-1788819
-1786462
-1784020
-1776196
-1774347
-1772811
-1772221
-1770171
-1769951
-1766247
-1765800
-1759958
-1756427
-1755978
-1752562
-1751534
-1751316
-1751067
-1747556
-1740577
-1740547
-1738640
-1728803
-1718230
-1715917
-1714073
-1714009
-1704470
-1703770
-1703194
-1698941
-1695045
-1691684
-1686443
-1683099
-1677546
-1677333
-1676445
-1667466
-1661532
-1660777
-1656681
-1653776
-1651366
-1649810
-1647679
-1642775
-1641628
-1639176
-1637317
-1636596
-1635089
-1633202
-1632780
-1627345
-1621853
-1620782
-1614536
-1614313
-1606907
-1603809
-1600690
-1591725
-1590832
-1590788
-1574718
-1573432
-1572010
-1570845
-1566567
-1562980
-1559213
-1552724
-1551445
-1544277
-1544215
-1542185
-1537127
-1532640
-1532282
-1526986
-1520201
-1517652
-1514868
-1512567
-1508920
-1500425
-1500034
-1493535
-1488698
-1479979
-1478767
-1469114
-1463802
-1450158
-1435249
-1412153
-1410310
-1408732
-1402163
-1399654
-1384008
-1382973
-1381567
-1381308
-1375488
-1374209
-1373766
-1373145
-1356842
-1352281
-1352131
-1348500
-1346309
-1332610
-1331631
-1329922
-1327578
-1325272
-1324331
-1322938
-1319768
-1319542
-1318050
-1314424
-1312860
-1305110
-1300171
-1290043
-1265407
-1265379
-1263971
-1262371
-1262357
-1259802
-1254313
-1253810
-1245810
-1245288
-1242894
-1242653
-1241516
-1240090
-1240026
-1235542
-1232412
-1227969
-1225789
-1224602
-1223944
-1222303
-1216149
-1214087
-1206503
-1205856
-1205812
-1201406
-1200124
-1192810
-1190206
-1186180
-1177882
-1172135
-1162493
-1157109
-1152838
-1142323
-1135332
-1133360
-1127438
-1123190
-1123156
-1110779
-1108413
-1107371
-1104100
-1099646
-1097674
-1097401
-1097379
-1094498
-1093490
-1092303
-1092130
-1076134
-1072801
-1071879
-1063647
-1059858
-1059279
-1055351
-1040587
-1038050
-1033636
-1029405
-1028333
-1028041
-1027473
-1027444
-1026011
-1025626
-1025546
-1020886
-1018504
-1017616
-1012678
-1006160
-1001951
-993305
-990899
-989295
-982552
-980688
-980549
-974453
-974424
-974249
-974069
-973071
-958469
-955452
-954001
-953630
-949564
-946887
-932242
-931641
-923809
-902836
-893320
-890560
-878923
-873748
-868350
-867383
-866131
-865434
-864972
-855240
-849724
-837159
-834102
-821708
-819131
-818671
-818637
-817535
-806972
-806605
-803289
-795993
-788633
-784560
-774939
-774191
-770954
-769824
-756822
-756668
-750498
-746871
-746210
-743756
-734912
-719513
-715205
-714894
-707356
-697260
-695242
-694577
-693833
-692990
-691804
-682856
-676663
-666991
-662607
-661021
-658834
-657751
-657456
-656437
-656199
-655943
-655122
-648049
-640056
-639637
-638985
-622328
-621437
-620551
-620538
-620420
-617540
-616784
-610668
-599515
-595297
-590286
-589653
-587368
-584206
-578438
-576575
-569897
-566892
-564502
-564269
-557704
-540514
-539503
-538993
-537921
-535142
-522658
-518828
-511127
-504757
-499839
-499638
-493876
-488124
-485797
-476035
-470677
-470072
-467295
-463569
-463257
-457311
-456465
-451165
-450665
-449752
-442793
-442394
-430078
-429854
-423703
-420923
-417910
-415333
-404623
-402821
-384566
-382595
-370908
-366997
-360338
-357104
-353256
-349761
-335907
-331061
-324158
-321352
-319683
-313581
-310768
-307321
-306012
-304117
-301652
-297097
-295823
-294642
-289917
-289621
-286537
-280817
-280751
-276967
-276446
-273570
-263890
-263114
-263076
-260835
-255685
-247351
-241578
-226153
-218803
-211677
-209406
-207753
-205126
-200969
-197951
-191286
-187847
-183656
-180651
-174398
-173043
-168647
-165285
-165197
-159969
-157906
-155988
-153672
-149161
-145143
-143755
-143610
-143243
-139095
-132449
-130716
-127856
-125596
-123675
-121302
-119573
-116717
-111661
-109652
-107777
-99980
-99911
-94872
-89104
-87550
-85505
-72025
-64982
-63128
-59959
-53862
-52683
-48531
-47648
-46389
-43265
-38430
-30156
-30098
-26614
-23592
-405
7465
7792
17847
19861
21396
25731
28235
30255
32875
33525
33888
45878
48075
53866
56917
65672
69206
73762
81192
82370
82962
88240
88973
91621
91835
92129
102029
103058
105452
110779
122254
126083
126977
127004
130482
133275
137296
138755
140429
141322
141813
142684
145667
146544
148341
159157
160432
160631
162079
165306
166687
167549
168855
169775
172049
177855
178406
180999
187059
198184
203794
205787
206962
208716
209164
216100
217128
217467
217968
222100
228720
229183
234820
240504
243709
244988
247283
253371
261117
275836
284809
289565
290533
327155
343158
344023
345610
348115
348569
355877
357017
357925
358371
358467
362872
364212
368817
370228
370255
372651
379266
381826
382340
384293
385960
388550
393229
396702
401655
404701
421288
423570
437842
447349
447369
448268
448454
449816
451430
457284
458082
467234
470261
481611
482899
502958
521406
526280
529476
537765
541989
547218
559514
561621
573276
574667
576595
580143
587068
598894
614911
620548
625474
627591
628793
629856
633135
633729
633958
634483
636687
638478
639531
652754
653978
662623
667566
667640
670556
674582
677762
678155
680210
683553
685377
698629
701500
702605
704523
705817
706662
707102
708408
712842
716919
717061
723194
732957
741969
745139
745885
748474
761595
765687
768634
774827
780343
786185
791855
802773
804659
808595
809780
813787
815000
816121
818386
820592
822298
825473
835139
837977
838438
841091
843829
851832
854089
856836
860148
862397
883274
885787
887821
891503
895303
895758
896653
898953
912033
913899
920269
932628
940293
944880
946939
946968
948346
948829
955378
959356
962774
974862
987254
992290
1001340
1001900
1004745
1005378
1008255
1010985
1013669
1016811
1019954
1026882
1032827
1042243
1043012
1044703
1051866
1060858
1070421
1072295
1077168
1079510
1079632
1080901
1081090
1088359
1089402
1092991
1094926
1106223
1107371
1111347
1114610
1114712
1115817
1123316
1123767
1129171
1132100
1132497
1134692
1148974
1153776
1161209
1165009
1175155
1176413
1180293
1183688
1190509
1193318
1195061
1197271
1198081
1201365
1202496
1204079
1204334
1205885
1212532
1224044
1224797
1225969
1232631
1237426
1250361
1255246
1255673
1259114
1260064
1268821
1276183
1287950
1290532
1295572
1302629
1307945
1312186
1313876
1314842
1333010
1333531
1333668
1336679
1343389
1343537
1349327
1352569
1353575
1354645
1358338
1361828
1364009
1368471
1370450
1374051
1375237
1377096
1392942
1395990
1397443
1402743
1403361
1404650
1407195
1407778
1410550
1416485
1420989
1423380
1434416
1434982
1437934
1443212
1444104
1445061
1452120
1456905
1457066
1457831
1459438
1460177
1462133
1462364
1465730
1470276
1473866
1476583
1478574
1483637
1490524
1492772
1495115
1500630
1500986
1503069
1503941
1505936
1508556
1512534
1518065
1530451
1530889
1540137
1543227
1546157
1547345
1548227
1555542
1556027
1557479
1561667
1561782
1565298
1567077
1568019
1570500
1580139
1580606
1582636
1590648
1592277
1599725
1600393
1601184
1603163
1603743
1607989
1609517
1609669
1615370
1617437
1623521
1626863
1632811
1633843
1637111
1645375
1645543
1646091
1646592
1649897
1651380
1652347
1656408
1656889
1666671
1673012
1676465
1679528
1680492
1682483
1685876
1686297
1686422
1687972
1688327
1689840
1705207
1715284
1719149
1723495
1728212
1732350
1741052
1741685
1743244
1747315
1754629
1756208
1756759
1757280
1759779
1766133
1766819
1775103
1779474
1780474
1790622
1802520
1805239
1807093
1814941
1815499
1815961
1818837
1819763
1823276
1827650
1828728
1835146
1841727
1843555
1849770
1853706
1854801
1869439
1873393
1873544
1873775
1878545
1881237
1883732
1895252
1895772
1905592
1910513
1915885
1917651
1930097
1934230
1937185
1943891
1944677
1954589
1956867
1958821
1960847
1966340
1973686
1975971
1986672
1989654
1995101
1998730
1999078
