-1999990
-1998444
-1996921
-1995213
-1994880
-1993618
-1992033
-1983892
-1981238
-1969790
-1965728
-1964028
-1959473
-1957814
-1956799
-1954835
-1944681
-1941798
-1939251
-1932665
-1930342
-1930061
-1929635
-1912169
-1907603
-1902401
-1899662
-1878198
-1877937
-1875219
-1872134
-1867741
-1860664
-1857943
-1856594
-1856120
-1854037
-1853843
-1853577
-1852607
-1848092
-1846746
-1846695
-1843339
-1842472
-1840359
-1837387
-1836706
-1827008
-1826592
-1820647
-1817638
-1813669
-1809103
-1808158
-1804525
-1800064
-1795847
-1793381
-1784116
-1776404
-1767349
-1759827
-1757094
-1751840
-1745713
-1745397
-1742200
-1729949
-1720493
-1717640
-1715144
-1714904
-1711819
-1699486
-1678045
-1676243
-1673329
-1671009
-1668781
-1668532
-1658031
-1653660
-1649854
-1647067
-1634892
-1634366
-1629173
-1625692
-1619399
-1614555
-1607169
-1606382
-1598259
-1588371
-1587430
-1582677
-1580438
-1572021
-1563533
-1563242
-1562526
-1544633
-1541754
-1534592
-1533442
-1529938
-1514200
-1512948
-1506246
-1505699
-1504551
-1503231
-1493554
-1490827
-1487335
-1485914
-1466036
-1463419
-1463179
-1461287
-1457765
-1455484
-1445258
-1440688
-1433349
-1425745
-1422328
-1416378
-1413492
-1407780
-1405087
-1402460
-1402323
-1398371
-1395976
-1395008
-1394658
-1393456
-1389874
-1386603
-1384299
-1381090
-1380792
-1380766
-1379884
-1372446
-1372193
-1370006
-1358086
-1357235
-1353777
-1353545
-1347710
-1347673
-1342388
-1337324
-1333780
-1330710
-1328742
-1318596
-1310052
-1309605
-1302533
-1299011
-1289651
-1282051
-1277749
-1274775
-1269734
-1268290
-1267207
-1261933
-1261354
-1258183
-1257722
-1255702
-1254573
-1250236
-1240837
-1236965
-1233810
-1228278
-1227054
-1224322
-1213911
-1209183
-1206685
-1204730
-1194447
-1193268
-1191471
-1188279
-1187163
-1184503
-1177667
-1162659
-1162478
-1161256
-1160911
-1158398
-1155164
-1145624
-1138313
-1136746
-1136512
-1118123
-1114786
-1110613
-1110125
-1102555
-1094944
-1094750
-1092395
-1083427
-1079092
-1076804
-1073891
-1066840
-1064613
-1062531
-1056797
-1054160
-1053790
-1042848
-1041039
-1035418
-1032407
-1029003
-1025847
-1017571
-1014678
-1014021
-1014005
-1009724
-999539
-998840
-995435
-989444
-983071
-982141
-976196
-976095
-970913
-968693
-968480
-964889
-963223
-962228
-959855
-958361
-958055
-954143
-952752
-951731
-947826
-945260
-944555
-943473
-934878
-926200
-922911
-917778
-908372
-897765
-894168
-890915
-887320
-886874
-886857
-884647
-882208
-881244
-877557
-868015
-867939
-859371
-847185
-843887
-841230
-833496
-830819
-829549
-826987
-826839
-821673
-819526
-819128
-817692
-812066
-809572
-806355
-801193
-792368
-770814
-762890
-758139
-756720
-751458
-746591
-744636
-743300
-740647
-738540
-734636
-733724
-733614
-732808
-724073
-723703
-722917
-719570
-717979
-712079
-712012
-700478
-700058
-698963
-695110
-691606
-691295
-683554
-683337
-683276
-676379
-674893
-673224
-671822
-656767
-655462
-654783
-652335
-652237
-651967
-637415
-636466
-634365
-634047
-633989
-629677
-628081
-627776
-623386
-618696
-617498
-616489
-607721
-604320
-603938
-599719
-597158
-593977
-584131
-580773
-578110
-576971
-575572
-573082
-570160
-567365
-562464
-560544
-558125
-557998
-556862
-551088
-545994
-526877
-526078
-523044
-506892
-504319
-492275
-491713
-489857
-473058
-472426
-470666
-469481
-467361
-466793
-465211
-463714
-462526
-459973
-456036
-455882
-454125
-447321
-446087
-445539
-444260
-443807
-441966
-439777
-435218
-434400
-429257
-428803
-428586
-419951
-418582
-418314
-415161
-414815
-412107
-411888
-404217
-400525
-398394
-398366
-395887
-395573
-382903
-382540
-381392
-377340
-371098
-367633
-365872
-365629
-352798
-352606
-350705
-350639
-340516
-339402
-338946
-333898
-320372
-311067
-309686
-308834
-308432
-305869
-304303
-297574
-296581
-293760
-289574
-288683
-280015
-278324
-272471
-270745
-262529
-260786
-258359
-257845
-254288
-251774
-242725
-242436
-233048
-230982
-225289
-225136
-221601
-215466
-214187
-214108
-209183
-206613
-204297
-203684
-197691
-196590
-195857
-194387
-193993
-191285
-191277
-191083
-190060
-184563
-181987
-181703
-180637
-179081
-174466
-174336
-172677
-170646
-170203
-169630
-168899
-167133
-145267
-135076
-128948
-122772
-117233
-117117
-116439
-111204
-108453
-107810
-104563
-96564
-93530
-83632
-80062
-67271
-64842
-62998
-58522
-57876
-55724
-52793
-47283
-47143
-41803
-28390
-26268
-18693
-18537
-14669
1871
2037
2753
2992
8557
9211
10990
16747
18507
26116
43050
44410
46202
48058
56776
78432
79862
85213
86281
87329
88807
98599
112765
113186
113427
118818
126970
127456
128628
138193
140275
157610
164292
165579
168180
170239
175324
175900
179636
181207
181808
184592
200760
205696
210145
210823
212600
216055
216804
221245
235177
237193
239757
242827
246858
249062
259619
259899
260480
263469
264825
271228
286601
292013
295245
304697
313283
315840
316834
317932
319419
323415
330944
334542
335395
339484
347451
358578
360150
368267
370872
372084
376118
403323
405949
409581
411741
412591
415067
419182
429113
429736
432081
435341
437545
438490
440530
440975
441902
442245
442364
443238
446688
450611
458951
461044
467655
467799
474373
485499
486740
489112
500712
515934
522096
527395
535272
539862
542794
543381
546932
548084
548748
555144
558358
559467
563903
565730
565902
580195
581315
587938
597956
603893
604253
606076
614891
619850
622069
626769
644896
645153
649138
650821
655175
656010
656080
665974
667944
669689
671000
676316
681357
683274
683592
684255
687157
693394
696551
699786
701043
707597
717702
720606
728993
735858
738653
739131
739142
739684
740527
754242
760071
761556
765572
768763
771152
783416
785137
797686
806215
806627
826270
826970
827172
840169
843588
844756
848425
856155
859700
860471
865488
866854
867891
870915
876705
880160
884127
889625
893323
918731
918794
932187
932237
932591
935020
936265
938555
940563
944325
952187
960940
962512
963760
965046
965185
966656
971988
978492
991473
992906
993734
996967
999947
1000883
1003507
1004760
1008158
1018466
1019151
1019385
1024507
1032193
1037574
1037760
1039579
1044630
1048579
1050598
1053251
1054863
1062431
1062924
1067676
1074933
1078378
1087283
1119991
1121077
1124661
1125167
1131090
1131242
1131684
1136971
1137522
1138384
1143305
1145174
1148176
1148721
1153544
1161044
1164662
1164713
1167280
1170511
1179768
1182505
1184385
1191791
1196093
1198661
1199241
1202105
1208554
1210340
1214726
1221519
1239948
1244755
1255563
1272659
1272797
1280966
1293479
1297614
1312728
1313129
1314518
1314862
1321880
1325807
1341673
1346566
1349490
1363426
1366944
1383390
1383911
1386094
1388199
1398187
1398934
1401829
1404627
1413731
1417874
1419412
1423379
1424200
1425700
1434684
1439841
1440767
1444907
1446165
1446899
1457148
1459437
1459846
1463066
1469922
1470541
1472197
1474350
1474896
1474950
1480839
1485845
1488719
1491672
1493431
1497649
1498171
1499196
1499694
1500675
1500736
1504425
1507512
1511833
1512829
1514016
1517595
1518015
1519147
1523193
1527054
1527713
1528622
1538722
1543304
1547102
1547410
1549593
1549946
1552841
1554295
1564400
1564688
1564704
1571818
1573787
1575825
1580581
1582768
1590541
1598433
1599873
1602025
1606674
1607306
1608251
1613897
1615389
1616350
1621032
1628718
1633404
1635059
1636493
1639069
1640083
1640549
1641856
1657522
1664464
1668384
1675197
1676256
1680440
1680484
1682523
1683828
1691843
1692288
1693752
1694241
1700418
1701458
1713021
1717148
1720173
1722873
1728361
1731000
1731818
1733911
1735889
1740544
1742379
1751304
1757972
1759780
1771230
1771959
1787101
1796111
1796428
1797322
1805006
1808993
1815253
1819084
1823353
1830761
1831252
1838901
1845467
1848039
1849404
1852178
1858664
1864675
1866740
1869695
1870804
1870842
1871190
1873229
1873628
1875295
1875540
1877046
1877714
1878498
1879569
1879875
1882927
1883629
1885946
1887001
1888381
1889169
1889275
1895261
1898211
1901919
1904334
1913160
1918622
1919778
1920239
1921568
1925055
1925251
1931037
1938067
1939098
1952280
1965239
1970832
1973204
1977755
1979439
1983554
1988541
1991664
1993012
1993847
1997268
