-1997171
-1992172
-1991936
-1989836
-1984969
-1978804
-1977009
-1975704
-1972286
-1965392
-1965260
-1958733
-1954513
-1948476
-1944441
-1937290
-1936869
-1934397
-1931622
-1924387
-1913652
-1910748
-1909235
-1906518
-1901443
-1899364
-1894497
-1885965
-1885827
-1873813
-1871478
-1862455
-1858699
-1857716
-1848577
-1844845
-1840982
-1839745
-1837639
-1836297
-1832424
-1832168
-1828619
-1824317
-1813980
-1801141
-1799278
-1798923
-1795135
-1791637
-1785361
-1784260
-1774592
-1771608
-1770656
-1768510
-1768166
-1767846
-1767484
-1762113
-1761993
-1761861
-1761207
-1757790
-1755622
-1752991
-1750287
-1750046
-1744479
-1738454
-1732668
-1730227
-1729781
-1724871
-1722818
-1721666
-1719790
-1716597
-1711896
-1700208
-1695636
-1687040
-1676485
-1672818
-1668682
-1667850
-1666423
-1664163
-1657926
-1657699
-1651176
-1651141
-1647881
-1647835
-1644912
-1635751
-1635175
-1626266
-1624904
-1616913
-1610493
-1606874
-1603705
-1596345
-1587153
-1585072
-1575790
-1566311
-1562548
-1561108
-1560206
-1556238
-1548367
-1539889
-1535112
-1530490
-1530009
-1527260
-1524362
-1519252
-1517459
-1509566
-1504959
-1493782
-1493363
-1491043
-1486917
-1485890
-1485171
-1483722
-1472932
-1461630
-1456844
-1448643
-1448514
-1446433
-1440318
-1437799
-1433735
-1429747
-1426645
-1422391
-1421933
-1418404
-1416202
-1415674
-1414877
-1412422
-1408637
-1405737
-1401805
-1399782
-1392268
-1378400
-1378342
-1373259
-1345441
-1338972
-1332667
-1331515
-1324973
-1323332
-1320131
-1319484
-1319296
-1319263
-1318665
-1313987
-1311786
-1311191
-1307029
-1303717
-1299164
-1298028
-1291730
-1274498
-1260686
-1252169
-1249674
-1249634
-1243870
-1240388
-1236616
-1232553
-1232366
-1229630
-1229396
-1227778
-1226333
-1221067
-1219829
-1218187
-1218072
-1214089
-1211355
-1210427
-1188892
-1186828
-1179567
-1175325
-1173835
-1172480
-1167393
-1163331
-1161360
-1161155
-1158440
-1147828
-1147267
-1137846
-1136917
-1131708
-1129493
-1123494
-1121098
-1116771
-1114824
-1105254
-1103435
-1084562
-1081335
-1078974
-1076774
-1070962
-1066836
-1065729
-1058843
-1052444
-1050657
-1047725
-1034907
-1024649
-1023457
-1019467
-1018901
-1017393
-1015999
-1014727
-1014325
-1013080
-1001908
-999094
-996369
-990276
-987339
-987154
-985965
-981686
-981615
-977134
-973169
-970795
-970029
-969927
-963917
-960793
-958517
-956837
-947071
-939103
-935534
-935190
-933811
-932959
-931989
-929772
-916242
-900605
-899158
-898346
-894279
-893355
-889947
-887531
-884430
-881299
-873364
-868690
-867690
-866297
-864504
-862166
-854913
-853832
-836017
-830449
-829700
-819315
-814417
-809503
-805142
-804164
-803341
-802958
-795448
-792168
-791407
-791348
-789544
-788439
-781724
-779815
-777670
-770007
-769750
-766717
-766509
-760980
-749525
-740588
-734772
-733385
-730965
-728838
-726156
-721426
-718334
-714929
-714715
-711511
-710517
-710015
-709706
-703128
-697466
-694650
-686934
-679358
-676762
-676310
-673215
-671308
-668395
-663105
-659684
-651354
-650701
-643283
-632077
-628554
-626649
-613375
-612906
-612764
-610902
-607312
-604928
-602891
-597867
-594616
-594094
-593205
-581614
-575235
-573502
-570716
-563441
-562156
-558533
-556555
-554411
-551528
-551492
-547856
-547578
-547212
-546134
-545167
-543999
-533458
-532993
-529799
-529700
-528566
-527409
-526226
-522352
-521893
-519730
-519208
-515750
-506518
-504766
-502851
-497049
-494973
-478996
-476337
-470916
-466110
-465021
-464584
-463980
-456043
-453579
-439120
-438222
-437959
-433808
-433289
-430931
-426111
-425023
-423507
-421990
-416498
-400134
-390976
-381259
-379614
-370146
-370087
-369352
-368285
-356507
-354117
-353054
-350805
-349868
-347547
-346611
-342704
-341589
-340343
-334164
-330572
-328949
-327523
-326029
-313743
-313618
-306089
-305721
-300102
-296183
-296147
-287186
-284817
-284338
-283589
-283041
-277260
-276452
-270013
-268811
-259085
-256508
-255942
-254180
-250958
-242001
-241135
-241070
-239546
-231475
-231239
-228382
-222539
-220172
-220057
-219611
-206989
-203777
-203675
-201100
-177162
-170575
-166468
-157073
-154540
-148830
-146106
-145681
-145427
-142802
-136299
-119834
-116777
-115916
-111983
-110115
-106964
-106149
-97381
-90784
-85231
-82673
-82457
-77632
-71158
-70846
-60358
-52754
-51398
-49681
-44980
-44456
-42073
-39387
-28913
-23164
-21120
-18751
-16709
-3976
-2258
-1959
-1468
-59
6738
15179
24450
26392
27468
28968
33093
39262
40450
44803
45422
46012
53431
55735
56925
64843
72526
72752
78988
81101
81125
84051
90807
91185
94651
96032
97891
98499
108548
113082
113643
113798
114665
116337
123962
129480
133287
133783
134162
135972
145941
159039
159814
164044
164123
171028
176093
178090
182165
183360
189129
193292
194058
195211
198730
201129
202875
204517
204589
211778
213091
214270
218268
220441
222331
226702
230877
239367
248526
253181
266507
269932
273691
275142
278009
279346
282342
289172
291207
300816
303235
307562
307742
325611
326090
329973
330375
336481
343210
346121
346389
348590
351601
355059
360170
365120
365514
371677
376772
377245
379048
384957
392363
401078
401584
404541
406492
407052
419192
420986
424272
428080
431981
432462
433784
434029
436796
440525
442049
448044
449354
449419
451224
451487
451583
470826
475103
477388
479429
491099
491519
493013
495301
511984
513123
513866
514737
516524
521024
522673
524799
530326
531097
532131
537687
538084
538423
538855
549917
553616
553783
554357
562050
562355
564747
570586
570651
575004
579951
582115
583106
586151
591690
599926
600635
602440
603731
607453
613526
615650
627298
628625
634103
635643
636888
640557
646210
647172
651568
653532
654066
654504
664790
672497
674897
675525
703148
703429
705732
706899
714407
720197
720816
721864
723171
728705
737521
740637
752053
755126
755144
759895
763711
764214
767993
771950
779143
780502
785228
788534
789495
793424
794260
808186
810903
812565
812959
815259
817741
817777
824501
839050
839980
840974
844319
850888
857516
862598
865637
868741
877604
888246
898101
898630
899885
901924
904068
914764
926844
927733
929707
931961
934026
934228
935489
937445
940520
941293
941310
950202
953111
956121
957541
960001
960776
962187
962717
974252
977710
983874
989069
991640
998366
999550
1002336
1005484
1024267
1031155
1041201
1043923
1049477
1050794
1052047
1052331
1052893
1054832
1062758
1065032
1065118
1069492
1070196
1074980
1075172
1075180
1078677
1082230
1089224
1093632
1094571
1098677
1103708
1105823
1109672
1122798
1125616
1126802
1127632
1135220
1150763
1151920
1157383
1163480
1169474
1174322
1180275
1183291
1185716
1196520
1205402
1207129
1208311
1212943
1220228
1222035
1222889
1231621
1234503
1235233
1237522
1237526
1240584
1246641
1249379
1250872
1251013
1262934
1265353
1265558
1273833
1275199
1279827
1284001
1290238
1300141
1305734
1309669
1311399
1317528
1318946
1321598
1321916
1325710
1328245
1328362
1333740
1335967
1336530
1342273
1342504
1343676
1345098
1349088
1357549
1360509
1367175
1368523
1370602
1372926
1373279
1378711
1381548
1382138
1388008
1393133
1398410
1398601
1402488
1403373
1403602
1404862
1419256
1423661
1435059
1436499
1438272
1439247
1440895
1451604
1456021
1459735
1467808
1470453
1470886
1476669
1484188
1487151
1488036
1490353
1491368
1500996
1519677
1519972
1519979
1526903
1532098
1535570
1537896
1542125
1552124
1555544
1556383
1557488
1558707
1560568
1560832
1561600
1562779
1563518
1586579
1587400
1600426
1615745
1624625
1626089
1630780
1631254
1632521
1633120
1635033
1635628
1638855
1645879
1646905
1647833
1651329
1652012
1655453
1660152
1660898
1671762
1681173
1683875
1694726
1718566
1721891
1725208
1729719
1730154
1732653
1737522
1741071
1781420
1789140
1789288
1793445
1793563
1800840
1805472
1810167
1814752
1824664
1828588
1832551
1833586
1835208
1846831
1848543
1853095
1855071
1861649
1865202
1869205
1869316
1869904
1873962
1875697
1876997
1879060
1882391
1882763
1885799
1889623
1891632
1905377
1908582
1914576
1922138
1923556
1929440
1934642
1946324
1952290
1969538
1975717
1978473
1979488
1979979
1979992
1985987
1988525
1996974
