-1999541
-1997800
-1987521
-1986820
-1979313
-1978371
-1972805
-1968705
-1961771
-1957027
-1956066
-1955176
-1950496
-1949447
-1948889
-1948512
-1947104
-1944977
-1943335
-1937780
-1937486
-1935983
-1920972
-1908148
-1903682
-1898099
-1893087
-1893086
-1888473
-1884114
-1877229
-1876666
-1866316
-1855322
-1854879
-1847411
-1844708
-1843772
-1843438
-1834019
-1825757
-1825572
-1822276
-1819484
-1819375
-1818038
-1812308
-1805865
-1805141
-1803259
-1796835
-1796172
-1795044
-1790447
-1789456
-1784121
-1782722
-1779844
-1777665
-1775873
-1775386
-1772775
-1770609
-1764745
-1758143
-1756708
-1751060
-1739676
-1735181
-1727848
-1725982
-1720697
-1718304
-1711385
-1711283
-1710255
-1709458
-1709272
-1707927
-1707885
-1703619
-1701759
-1698943
-1697808
-1688066
-1686620
-1683160
-1682563
-1680144
-1677993
-1677095
-1674795
-1673692
-1669176
-1667402
-1664627
-1652782
-1646789
-1641461
-1638149
-1634670
-1630422
-1626766
-1619318
-1619159
-1613680
-1604181
-1603204
-1602942
-1602911
-1596939
-1595900
-1595463
-1591569
-1588448
-1582861
-1581518
-1572610
-1571456
-1564265
-1561686
-1559856
-1559237
-1558640
-1555591
-1550087
-1549298
-1543056
-1541406
-1537748
-1535116
-1533046
-1528361
-1528134
-1526490
-1526374
-1522620
-1510283
-1506133
-1499766
-1498895
-1493746
-1490346
-1485888
-1485260
-1484153
-1480341
-1476161
-1471805
-1471193
-1470206
-1468545
-1463622
-1458018
-1454803
-1452336
-1450880
-1449123
-1448071
-1447258
-1439669
-1439341
-1429081
-1427618
-1407910
-1405284
-1401718
-1398470
-1390372
-1390126
-1370532
-1362953
-1358141
-1355369
-1351250
-1350390
-1348353
-1347263
-1345692
-1336248
-1327894
-1325954
-1323971
-1314411
-1311289
-1310526
-1308694
-1298630
-1293725
-1289532
-1288995
-1288725
-1282396
-1273257
-1270407
-1265968
-1264229
-1261207
-1254813
-1254201
-1245483
-1242179
-1239334
-1239129
-1238404
-1232136
-1231705
-1225472
-1223703
-1222911
-1222619
-1220338
-1219690
-1219524
-1217341
-1216843
-1215082
-1208801
-1205173
-1204810
-1203350
-1200657
-1199988
-1198522
-1193122
-1187965
-1175097
-1174605
-1168544
-1163839
-1163768
-1160802
-1160626
-1160530
-1160044
-1152776
-1150401
-1136469
-1124553
-1123148
-1115780
-1113641
-1112159
-1112089
-1108861
-1106557
-1104663
-1090201
-1088805
-1078326
-1078069
-1077509
-1067278
-1065293
-1062832
-1060156
-1056854
-1055102
-1051783
-1042347
-1042293
-1039408
-1038136
-1032595
-1028993
-1025415
-1019022
-1006485
-1001416
-998725
-995081
-986953
-983500
-982488
-977320
-976549
-975463
-973574
-963217
-958526
-954170
-953559
-950747
-935709
-928390
-922778
-915817
-908184
-906666
-901731
-898763
-896552
-894847
-892029
-881335
-878993
-873369
-869119
-868119
-865606
-859591
-856058
-853654
-848816
-848537
-839631
-836945
-829942
-829303
-823992
-823657
-810076
-807771
-805119
-802421
-801850
-780186
-774468
-769212
-768470
-760961
-760506
-759565
-749542
-747457
-744129
-732488
-732035
-731983
-721232
-701983
-701460
-690038
-676089
-659650
-656575
-655650
-649063
-646531
-643647
-632293
-622706
-620334
-620142
-611683
-608737
-603120
-602003
-595993
-587262
-586654
-581787
-572778
-564705
-554121
-552297
-551598
-544601
-543143
-541575
-535868
-529457
-525841
-512926
-508008
-495864
-488693
-485600
-481657
-481644
-468420
-467309
-464272
-455748
-431820
-430522
-426607
-421302
-420393
-415008
-411452
-411396
-406035
-405637
-395613
-390607
-382838
-380829
-378680
-376178
-361660
-349677
-343565
-338066
-334202
-333612
-332956
-329980
-327556
-321621
-316241
-314011
-312971
-311540
-309361
-308231
-303214
-297286
-296484
-292339
-286841
-266431
-263403
-250787
-248928
-248222
-246446
-245068
-244201
-237438
-235412
-232662
-230468
-229782
-228281
-224715
-224350
-218125
-216747
-215990
-214067
-210811
-206519
-205855
-188269
-188235
-183351
-177049
-176712
-172522
-158888
-156862
-152899
-152022
-148787
-147561
-146290
-145662
-136934
-135620
-124024
-119660
-117736
-111178
-108301
-106382
-100588
-99285
-94672
-90578
-90258
-89281
-84599
-78991
-74182
-70920
-65577
-60876
-60036
-50054
-47158
-41185
-30630
-17931
-8964
-4272
-3446
2029
4282
11889
13601
16293
17916
19446
19486
24108
25397
26679
27172
29267
31815
32487
39285
45247
50029
54017
62095
62754
63951
65201
66836
69974
73436
74247
75565
79297
85053
86911
91493
97029
98359
106094
106542
112122
113567
118671
120034
120348
127958
141388
141927
144537
151325
151339
152120
157254
158499
161837
164069
164243
171844
174551
182434
183467
185927
194127
194671
196404
198418
212984
218277
220354
224598
225209
227821
229353
233510
234439
237222
237687
245745
250215
255446
257082
257971
259647
261952
264435
265835
269221
272678
276055
276317
277474
277716
285101
285195
285381
295336
297792
311350
313917
321806
323056
335234
338326
338931
343749
343888
350324
353321
358042
360129
362202
362615
368358
370322
372413
385043
388296
390186
390795
390983
392279
404528
407315
410284
412147
414725
424312
427031
431583
434633
434824
439728
446833
452348
460811
467350
468727
474154
478054
478158
482319
487276
487965
492036
498776
508531
508649
508726
509819
517955
518390
521667
522474
522868
524515
530314
548286
556597
568746
569022
576464
581493
582931
583573
586362
587935
596859
599606
605946
606708
608954
610787
611951
614525
615339
616219
618697
620615
635223
635896
635931
643064
644493
655204
660622
663323
666184
667211
669275
670335
673597
677320
682800
683594
685770
687689
697698
700637
704555
705938
707553
709002
709758
710375
723036
726034
726919
731714
733890
738156
740069
748710
748952
761964
768634
768764
780187
784527
787625
789383
789870
789933
793175
793637
798108
798256
800469
801909
802846
806287
806497
809069
817654
820087
822352
824628
825579
825602
833499
848223
850089
855668
855734
861734
874927
876788
877859
880774
883595
885826
889913
893270
894118
894426
898092
898128
900754
904351
906030
911897
919369
923556
925208
926792
941502
942178
944124
944357
950316
956945
960712
962011
967613
970123
974536
979760
980320
982658
982999
990292
993456
995457
999555
1004870
1009618
1011431
1012376
1028287
1028418
1028960
1030249
1031217
1031712
1035709
1038679
1046049
1050903
1054461
1061552
1062244
1062786
1068005
1073801
1078862
1081653
1082867
1083570
1092892
1097608
1103909
1104040
1104892
1107962
1111757
1112296
1117770
1117806
1120825
1125926
1129523
1130859
1130965
1131863
1132924
1135773
1135831
1149784
1157315
1164030
1167954
1168576
1170411
1174962
1176632
1177783
1184391
1184898
1190851
1195343
1205302
1206535
1207004
1214983
1221423
1224626
1228437
1228778
1229901
1238836
1250567
1256098
1260239
1261066
1263563
1263585
1267915
1277789
1278054
1278582
1284531
1294289
1299624
1302672
1303983
1305010
1309567
1311580
1323636
1324591
1328005
1332790
1337941
1343949
1357215
1364631
1370378
1378754
1381463
1382625
1384832
1389509
1389798
1400952
1403099
1404224
1406814
1407386
1410561
1412910
1417543
1423450
1424514
1424863
1431409
1436265
1451270
1458824
1464742
1468678
1470409
1473038
1475880
1477283
1478392
1482151
1484971
1496957
1498645
1499898
1502365
1502421
1502827
1512846
1515849
1521310
1527019
1530829
1539945
1540815
1541950
1543008
1552915
1553189
1563835
1569602
1579974
1580923
1583492
1586918
1587374
1591382
1592941
1601192
1604939
1608054
1609100
1619672
1623608
1626018
1626453
1633985
1634037
1640800
1656592
1660602
1661021
1664217
1667547
1668917
1670074
1681119
1683633
1687605
1688994
1689833
1692431
1700991
1704723
1718541
1725066
1725693
1726917
1732817
1737316
1740599
1742749
1744863
1748177
1749458
1749658
1753201
1753987
1762436
1771180
1773310
1792068
1795456
1802784
1804177
1808637
1809500
1817592
1820101
1835372
1838414
1841937
1845319
1845835
1848700
1849816
1850846
1851616
1858277
1859546
1864291
1864742
1869632
1873683
1883026
1883074
1888650
1893476
1895697
1901185
1904836
1905055
1914243
1923307
1923533
1932659
1935035
1940133
1946014
1949185
1953102
1953851
1957500
1958689
1963491
1965032
1971602
1973462
1973532
1975963
1977338
1983320
1997235
