-1998624
-1997254
-1996849
-1996466
-1991867
-1984569
-1975291
-1964702
-1956230
-1955748
-1954431
-1946554
-1943072
-1941760
-1939906
-1933000
-1931677
-1930580
-1925195
-1902819
-1898163
-1889818
-1883071
-1882556
-1882253
-1877054
-1872516
-1870638
-1869287
-1868212
-1867950
-1850904
-1850132
-1848634
-1845865
-1841573
-1840981
-1839765
-1837970
-1835330
-1833688
-1822809
-1822647
-1821933
-1821190
-1809194
-1807170
-1803972
-1799916
-1797039
-1791546
-1787197
-1780055
-1777236
-1774887
-1766114
-1764204
-1743545
-1739074
-1738910
-1733097
-1728604
-1715106
-1710940
-1710212
-1692611
-1691185
-1690241
-1683320
-1680153
-1679544
-1679361
-1675342
-1670548
-1664436
-1663407
-1662360
-1656917
-1655391
-1653391
-1648980
-1647759
-1645698
-1644649
-1640428
-1633296
-1632346
-1631640
-1629485
-1623596
-1622110
-1610994
-1610128
-1600562
-1600395
-1596097
-1587689
-1587460
-1587240
-1574314
-1571067
-1562305
-1560002
-1558461
-1552940
-1538896
-1534494
-1529710
-1529342
-1525945
-1520262
-1518345
-1514754
-1508017
-1503124
-1502316
-1500164
-1493065
-1488773
-1488023
-1487088
-1486961
-1477859
-1469569
-1469098
-1460414
-1459921
-1457313
-1456611
-1453269
-1452752
-1448346
-1441436
-1438591
-1436913
-1435274
-1433091
-1426163
-1415298
-1409395
-1408707
-1408245
-1407390
-1406004
-1403268
-1400324
-1399989
-1398004
-1394514
-1394513
-1388639
-1373023
-1362400
-1351525
-1350086
-1347075
-1346533
-1346339
-1342759
-1341746
-1333244
-1330562
-1328126
-1324626
-1311091
-1310730
-1303891
-1303439
-1302417
-1299592
-1295496
-1291632
-1288993
-1288896
-1278938
-1277193
-1276084
-1272499
-1269151
-1247385
-1244519
-1242019
-1241593
-1238912
-1230316
-1229670
-1228551
-1221964
-1208787
-1208664
-1207388
-1206328
-1200496
-1198542
-1187311
-1177506
-1174219
-1172507
-1167136
-1163787
-1159448
-1151836
-1142129
-1129623
-1124612
-1124060
-1122333
-1119029
-1117357
-1116720
-1114297
-1111176
-1110788
-1103286
-1100841
-1100762
-1097765
-1093369
-1091959
-1088717
-1085123
-1082138
-1081165
-1080419
-1078507
-1077781
-1076868
-1069976
-1067713
-1067652
-1061091
-1060535
-1055868
-1053186
-1051778
-1050987
-1049917
-1041251
-1034844
-1029093
-1028061
-1027940
-1020676
-1018454
-1017433
-1016729
-1010212
-1001930
-999315
-996709
-996344
-995785
-992194
-988585
-984839
-984406
-982978
-980352
-979224
-978315
-973624
-973109
-968342
-967301
-947819
-937119
-936825
-933521
-929537
-927348
-926611
-926062
-924392
-923129
-922615
-919181
-914010
-902698
-902220
-901240
-894836
-889187
-883615
-879220
-878421
-865517
-863508
-861028
-855618
-852048
-841648
-836368
-833571
-817053
-812909
-808529
-800070
-791728
-791418
-787926
-787667
-783399
-782214
-779939
-779038
-774748
-766016
-763142
-758440
-752577
-747602
-743885
-743817
-740214
-740178
-734039
-733907
-733360
-733121
-731530
-727686
-722615
-722263
-719910
-717589
-716885
-715976
-707556
-703959
-703193
-701662
-692649
-686829
-684905
-681631
-681595
-676926
-670851
-668207
-661978
-661349
-654854
-652675
-649783
-647123
-646275
-645356
-638906
-628153
-627714
-626908
-625847
-621524
-619710
-619152
-616628
-614521
-611872
-608574
-604599
-603847
-601994
-590224
-585484
-578188
-573681
-569552
-561375
-558854
-557676
-545158
-539050
-536359
-535056
-531989
-522941
-517902
-517685
-516930
-509613
-497981
-496972
-492811
-492349
-480392
-479390
-474530
-473405
-468644
-459022
-455318
-439378
-434445
-432005
-423615
-422805
-416372
-410553
-407919
-407824
-403207
-398245
-388930
-374508
-374425
-374068
-372518
-372271
-371539
-369745
-368534
-363919
-359797
-358371
-357996
-353123
-353085
-351374
-346326
-339063
-338650
-333659
-328958
-325344
-320693
-320357
-320125
-315644
-308917
-301347
-298738
-297334
-294073
-292631
-289309
-286519
-281353
-279403
-276052
-274064
-268338
-263989
-262149
-259741
-254073
-252892
-251584
-246640
-245241
-238262
-236085
-229551
-218169
-216367
-214528
-211990
-207121
-206465
-189569
-187497
-185901
-182698
-170963
-156514
-155739
-151667
-141537
-133570
-127743
-127040
-125564
-123216
-119204
-113798
-106711
-79818
-79789
-79537
-76152
-75021
-73782
-71768
-65883
-65515
-62649
-62246
-59102
-54664
-53653
-49703
-42669
-41517
-36757
-30128
-17292
-13330
-10938
-6359
-5816
-4781
13455
19054
19634
19755
21819
24981
32025
34279
37430
44229
62228
73303
78198
79948
85582
94918
97570
105648
105865
107785
116168
116418
120390
120569
126879
129529
139613
157127
161739
162893
164842
168771
168791
173152
176598
176881
177537
178533
193635
198373
199292
199605
200644
200657
202820
206779
212166
236450
238893
239276
249053
261611
264401
273454
275175
284524
289910
295391
299464
302134
306001
310231
314952
319091
332704
333905
334243
334330
336955
341709
354680
363605
372556
376267
383853
384803
388349
390150
393650
394364
395755
396306
403929
404419
404888
405031
409295
409745
411619
415174
419052
428036
428631
431346
445830
447245
450043
451029
451260
465179
468087
469017
472150
472258
474317
475308
478993
487286
488617
490130
492167
506769
507424
510279
514404
521945
523324
526192
533587
538981
540480
543638
544430
546078
550116
553914
557291
564852
574075
577198
585448
585524
586935
591708
591720
592495
598352
600040
600538
605391
611774
612744
613371
619544
619959
621429
626948
627421
636182
639240
639638
639911
642203
646109
649835
655631
659300
662443
669779
672882
674580
675176
675990
684137
688279
693027
693213
694442
703835
705670
706791
708996
717071
723431
732595
735599
736265
739373
739437
740654
752500
753799
762695
768891
770214
771148
774040
774447
778035
778677
780407
781336
785255
787040
790453
793272
795821
815789
826592
830511
836093
840489
842918
845293
846290
857633
859166
861386
866036
870186
871200
875691
877097
890156
890507
892758
898795
900714
902787
916665
923201
927940
929900
931649
934714
942418
942780
943984
946672
948776
950982
951692
956086
958059
965869
968273
968530
969830
970567
971267
971554
979583
985378
992643
994189
995797
997330
999262
1000310
1003074
1005860
1006837
1010253
1023780
1028336
1033103
1037014
1045493
1048362
1048669
1048905
1057139
1059760
1060319
1069692
1070708
1075370
1081704
1082656
1085593
1086146
1087539
1089992
1093625
1100707
1105586
1107800
1111107
1112184
1113260
1115345
1119534
1123322
1126397
1137390
1137869
1137923
1139174
1152438
1157854
1158052
1159045
1164667
1175463
1177281
1180934
1188373
1190319
1196303
1197455
1200568
1205375
1212795
1215869
1217620
1218584
1223650
1225645
1228784
1232152
1244014
1246397
1249446
1250310
1250832
1259044
1267738
1269203
1271523
1273038
1276312
1281665
1283131
1296217
1299647
1301120
1305211
1311350
1317733
1323037
1324094
1344847
1345784
1352417
1358063
1368638
1371735
1373441
1375564
1386347
1394445
1399373
1402258
1402281
1406592
1409950
1411361
1416576
1419064
1420407
1422407
1423637
1425687
1429261
1429714
1430268
1436243
1439448
1443392
1449788
1459951
1465870
1471373
1473335
1478100
1478928
1481294
1492008
1492280
1493273
1502861
1504905
1510796
1512509
1515941
1517353
1518084
1520310
1521251
1525412
1526043
1532641
1549541
1550161
1551196
1553934
1554358
1557401
1567182
1569995
1570430
1572169
1584186
1589987
1601049
1601459
1605003
1607097
1608620
1610812
1613189
1616254
1620532
1627184
1628303
1633166
1636379
1640033
1645324
1647036
1651918
1660132
1663400
1671573
1677043
1682355
1699376
1700532
1701394
1702095
1708994
1715720
1725662
1737746
1741763
1743208
1751232
1751832
1752204
1753055
1755734
1756018
1758532
1761171
1763274
1769707
1772584
1777623
1780320
1780483
1792627
1793144
1797159
1801705
1805370
1815016
1823245
1823290
1827037
1841174
1843167
1844017
1845924
1849361
1849422
1849878
1855936
1864014
1867574
1868957
1870279
1872884
1877127
1881195
1884928
1886099
1887928
1889261
1900097
1902120
1903749
1910380
1926261
1929245
1933843
1935598
1938630
1946254
1959397
1960511
1962610
1963060
1964907
1967417
1968086
1969187
1970555
1971972
1973928
1984833
1990315
1991952
1993447
1993664
1994424
1996073
1996088
1996499
1997473
1999475
