-1990624
-1989036
-1979180
-1974886
-1968682
-1966559
-1960610
-1956738
-1956350
-1954620
-1954012
-1951863
-1951667
-1950255
-1937912
-1934982
-1933445
-1932559
-1925929
-1923582
-1923239
-1912687
-1909510
-1907905
-1901859
-1878027
-1876761
-1871709
-1870374
-1868669
-1868232
-1861554
-1854696
-1842789
-1836276
-1833347
-1831090
-1828769
-1827755
-1826141
-1825164
-1825064
-1822293
-1821189
-1819749
-1817160
-1816846
-1816233
-1810864
-1802097
-1801301
-1799668
-1790534
-1788084
-1785124
-1784532
-1780302
-1779177
-1775122
-1774268
-1772505
-1770843
-1769678
-1767661
-1765362
-1762565
-1762433
-1756279
-1753497
-1749686
-1741038
-1732376
-1730228
-1729820
-1724981
-1712993
-1712836
-1702647
-1700788
-1700292
-1690746
-1689402
-1686934
-1677169
-1674553
-1670184
-1668820
-1668763
-1661933
-1652632
-1646378
-1637716
-1635570
-1633168
-1631532
-1626821
-1624336
-1623876
-1623720
-1620451
-1620240
-1619093
-1613246
-1610723
-1601779
-1599320
-1595740
-1594685
-1590728
-1590381
-1588707
-1585286
-1581871
-1579862
-1577986
-1577005
-1564651
-1562167
-1561297
-1558928
-1555263
-1554354
-1552550
-1550704
-1546370
-1546184
-1539035
-1535680
-1531667
-1519777
-1514396
-1512717
-1504424
-1499004
-1498617
-1495803
-1492508
-1491951
-1486552
-1486396
-1484730
-1480332
-1475674
-1475258
-1474183
-1471340
-1460159
-1458125
-1456920
-1447527
-1446693
-1438623
-1438080
-1436330
-1434895
-1428629
-1422269
-1422185
-1422085
-1419754
-1417853
-1408157
-1400391
-1399719
-1393638
-1388945
-1386274
-1380886
-1379294
-1379045
-1373312
-1368019
-1366178
-1361450
-1360624
-1355778
-1354728
-1354455
-1351531
-1337011
-1335292
-1333491
-1333166
-1324342
-1321685
-1315367
-1309312
-1308844
-1304193
-1297940
-1287837
-1283474
-1282374
-1278064
-1276013
-1275043
-1274465
-1268754
-1266456
-1257407
-1256201
-1253868
-1245902
-1244344
-1243374
-1239238
-1234237
-1230515
-1227806
-1224421
-1218156
-1217797
-1217767
-1210466
-1208217
-1206206
-1203925
-1202943
-1191810
-1191220
-1184240
-1183859
-1181019
-1178660
-1164355
-1163389
-1147626
-1141287
-1139853
-1137565
-1134695
-1125764
-1124983
-1115654
-1112726
-1108799
-1104707
-1101602
-1100994
-1098231
-1092227
-1081837
-1078677
-1074982
-1074929
-1069836
-1065244
-1065016
-1050659
-1041344
-1038073
-1037925
-1028390
-1017078
-1013605
-1009232
-1007019
-1002353
-996084
-994497
-992732
-991301
-989387
-989110
-986679
-983449
-969694
-967051
-966462
-961356
-958716
-958663
-956423
-955703
-953068
-952039
-950868
-950428
-950394
-945935
-940828
-935942
-924306
-922766
-921411
-918675
-916134
-915088
-913901
-908974
-903408
-899339
-897903
-895930
-893033
-882791
-878881
-876909
-874340
-873669
-864002
-856265
-855847
-850786
-841010
-837283
-837162
-829204
-828816
-820399
-818402
-817098
-813322
-811334
-809891
-803469
-797043
-790284
-787588
-785171
-778392
-774136
-771604
-767523
-752537
-745501
-731009
-730429
-729913
-727212
-723670
-723288
-722921
-722518
-721940
-716303
-713806
-705801
-702470
-692469
-691012
-689930
-688654
-688632
-685746
-677085
-673388
-667979
-665070
-657943
-640000
-634502
-630042
-627792
-625689
-621560
-619617
-616826
-611104
-601070
-586822
-582219
-576582
-566644
-565232
-560343
-549557
-547255
-546050
-545308
-542576
-541463
-539898
-538453
-537239
-536449
-534452
-524948
-520602
-503696
-499818
-498782
-497691
-497432
-492112
-484244
-477284
-470800
-470784
-465846
-450121
-448317
-447929
-446743
-444671
-440069
-434457
-423897
-421741
-419597
-419397
-419278
-407743
-402346
-385428
-375995
-374796
-372263
-371238
-366067
-364218
-359009
-351046
-348070
-346399
-345618
-341407
-340792
-333004
-326363
-323277
-322414
-321973
-321469
-319318
-316660
-300790
-299545
-295349
-289998
-282789
-282614
-274156
-268462
-264867
-263072
-250218
-239911
-239768
-239584
-231179
-227782
-216214
-214419
-211637
-211399
-205067
-188831
-188327
-188044
-187708
-186494
-174379
-167940
-167631
-164244
-159857
-158524
-157425
-156789
-155214
-154917
-154870
-150194
-147939
-143975
-139175
-134320
-134207
-131126
-128914
-127774
-124333
-114480
-113940
-113860
-110330
-107516
-104624
-101131
-96229
-91725
-90396
-82227
-81092
-80225
-69839
-68020
-64801
-63768
-60761
-57272
-56611
-53431
-51453
-47997
-47266
-46875
-42906
-41761
-36216
-35648
-32995
-31871
-31467
-29747
-26751
-24890
-24836
-17168
-17036
-15254
-12632
-2311
33
7602
13929
14882
17800
24723
32200
34144
40153
41180
59826
61591
65306
65417
72695
103115
106104
121367
124716
127183
127415
128922
135806
137656
137797
146015
147684
148247
153148
156223
157239
161014
167640
168640
169809
174634
181089
191453
202107
204048
228594
239179
241185
246892
247316
252292
257382
260272
261710
262356
262528
263889
264627
265136
265833
268106
269460
271191
271479
276663
279684
282752
285644
289203
289637
289749
295786
310766
312574
317121
317460
318636
318657
330690
334028
334189
336085
340713
341714
342386
343057
345936
347000
349788
350164
352545
366679
369760
372303
382674
388858
390386
393940
397771
398101
402224
407152
409155
419364
436179
438582
445645
449104
450996
451994
453780
462356
471104
490509
493516
496631
505392
510471
512254
512862
515770
517260
518103
519435
528459
530143
536616
537928
540359
544931
546721
550847
552717
559432
561762
578511
583955
590733
600086
607611
612596
616947
624482
624755
628077
630999
633015
641705
644454
648220
650593
651930
658752
659018
664066
666448
668035
668154
668705
671635
676058
695493
701210
705452
705984
706953
710889
714988
715852
716915
733045
734687
736183
737094
738918
740667
748259
751041
753335
755858
756907
773156
775777
780685
782582
785601
788722
797303
799709
802486
803608
807207
812561
813911
813923
814288
815827
819628
819774
823178
823582
825688
826897
833328
833968
840542
842660
843550
844850
854064
859957
862538
869013
871886
874869
875315
877028
888226
888434
888993
892115
892224
894930
895902
901705
902837
903339
909872
924011
928412
929154
930083
930610
938804
940200
945110
948074
949533
962874
962969
966293
968875
969615
980033
986548
987832
998007
1000642
1001429
1011563
1022253
1022626
1023376
1024615
1025433
1041979
1042632
1045529
1045538
1047233
1051665
1055248
1057488
1070191
1082059
1086174
1093847
1094830
1103928
1104473
1115538
1119450
1119611
1120376
1127999
1129343
1130120
1137395
1149547
1150227
1151997
1152587
1163827
1174828
1175550
1175701
1177466
1178285
1179381
1180148
1183215
1184778
1188663
1191246
1200167
1202122
1204155
1205812
1207811
1212079
1213615
1223896
1224362
1227715
1233930
1236836
1240654
1251704
1252098
1253682
1254591
1256263
1260672
1263375
1269902
1270394
1274129
1276367
1278584
1282948
1283866
1285218
1289082
1295778
1298630
1308331
1312252
1312734
1314909
1319789
1327484
1327744
1332334
1332909
1337128
1343955
1344125
1347781
1352680
1358116
1359239
1378482
1381508
1384996
1386295
1387703
1387784
1392704
1408963
1411572
1422215
1424085
1425256
1425898
1429996
1432706
1439416
1440895
1445610
1446877
1448536
1454130
1456216
1463451
1463699
1478264
1478356
1479556
1489562
1491953
1494749
1496101
1499380
1503415
1516656
1517633
1536927
1550320
1553585
1555536
1570478
1573948
1578281
1580967
1587391
1587487
1592707
1597163
1598309
1612789
1614285
1619225
1621701
1622231
1627491
1628145
1637413
1640542
1643075
1646273
1652120
1654860
1655575
1656448
1658457
1665759
1671299
1685620
1686917
1691846
1697750
1698396
1701782
1707799
1715291
1727303
1732597
1737501
1755835
1759556
1760229
1772023
1776186
1787002
1789123
1791040
1795843
1797420
1800436
1804447
1804691
1805247
1807017
1808136
1810969
1815056
1816717
1818833
1819204
1823173
1828489
1833423
1833633
1835047
1839145
1844330
1851976
1853541
1857255
1860712
1860896
1860910
1861337
1861741
1876455
1878301
1878315
1878608
1880164
1884245
1886192
1889292
1891328
1895001
1897525
1901695
1902807
1903993
1907085
1921873
1926567
1934255
1937801
1951149
1961335
1961743
1966569
1968316
1970899
1972782
1973338
1975807
1980292
1981991
1984385
1986066
1991502
1992429
1993414
1995682
1998501
