-1999486
-1997353
-1995885
-1991546
-1989796
-1986731
-1986630
-1983774
-1983172
-1980405
-1980246
-1980148
-1971015
-1970032
-1965983
-1965521
-1962656
-1961371
-1958125
-1955200
-1950597
-1939360
-1928665
-1928165
-1924462
-1917591
-1911804
-1909895
-1909818
-1906917
-1897904
-1887141
-1886375
-1867002
-1865335
-1864578
-1863209
-1861880
-1853762
-1844038
-1837969
-1834785
-1834105
-1827850
-1823686
-1821044
-1811523
-1803241
-1799361
-1798427
-1796003
-1794877
-1791582
-1788591
-1788225
-1785895
-1785524
-1770552
-1770509
-1760890
-1755257
-1752907
-1742766
-1742209
-1741117
-1737108
-1735020
-1731548
-1730493
-1726674
-1721678
-1717994
-1715844
-1703612
-1699470
-1693066
-1692007
-1690912
-1688242
-1687932
-1687927
-1681759
-1679168
-1674724
-1668920
-1663643
-1661050
-1660279
-1654988
-1654176
-1652171
-1650176
-1647865
-1644031
-1635111
-1627806
-1626846
-1619420
-1617015
-1611703
-1600974
-1592190
-1587946
-1583239
-1573686
-1561605
-1557924
-1556664
-1556219
-1530855
-1525015
-1522435
-1521821
-1521296
-1521148
-1520122
-1510367
-1505045
-1491882
-1490012
-1482954
-1471044
-1468265
-1467087
-1454445
-1451473
-1448402
-1446450
-1441288
-1437678
-1430042
-1428365
-1414640
-1411639
-1400601
-1394005
-1392655
-1391686
-1390364
-1388760
-1377598
-1375990
-1370966
-1369988
-1368823
-1363729
-1356307
-1352838
-1350971
-1347505
-1345292
-1332744
-1332038
-1325205
-1321221
-1304833
-1304333
-1304239
-1297321
-1292558
-1284499
-1281549
-1279583
-1279413
-1272386
-1264545
-1263714
-1255418
-1253430
-1244055
-1243114
-1239418
-1235948
-1230766
-1230371
-1224447
-1218161
-1213694
-1212374
-1206796
-1204727
-1202637
-1197079
-1195882
-1189919
-1181439
-1179129
-1179013
-1170080
-1167229
-1158061
-1151898
-1150384
-1148108
-1146815
-1146490
-1138770
-1123629
-1114944
-1113728
-1111915
-1111319
-1111267
-1110131
-1109896
-1104316
-1103640
-1100509
-1092139
-1091209
-1089573
-1076879
-1070884
-1070690
-1067484
-1067470
-1062579
-1059068
-1057995
-1056308
-1052385
-1050850
-1050224
-1049061
-1042521
-1041360
-1040537
-1039905
-1036472
-1031234
-1030555
-1026245
-1016180
-1009498
-1005312
-1002009
-1001711
-989654
-984544
-982272
-973926
-972794
-971269
-969102
-968238
-958752
-958025
-956869
-950477
-943010
-942528
-942202
-941400
-934425
-926915
-926909
-924155
-917996
-916413
-911580
-910718
-910022
-908017
-898822
-897550
-897035
-895324
-889898
-887740
-883464
-862949
-859116
-846688
-843008
-840560
-838011
-835504
-828466
-820803
-817587
-813453
-807932
-807211
-806140
-802852
-797576
-793910
-793494
-785182
-781423
-781198
-780713
-775700
-765485
-763616
-758889
-758661
-755136
-749990
-749234
-748983
-748098
-747225
-746285
-743025
-742227
-739213
-737228
-735707
-726774
-725009
-714603
-711979
-711089
-709664
-704913
-701634
-692006
-688572
-683545
-675451
-673908
-670180
-664136
-662845
-662189
-661125
-659055
-658567
-640074
-639280
-636213
-634002
-631016
-629925
-610050
-601531
-601398
-600957
-599034
-598746
-597869
-593981
-593158
-592570
-587202
-586622
-585661
-583386
-580654
-576712
-565070
-560230
-556878
-549520
-549141
-547563
-540454
-537162
-533660
-528501
-525041
-523063
-518474
-509884
-509661
-507958
-506844
-506504
-497221
-492300
-490568
-488088
-486720
-485803
-485265
-480175
-478882
-475819
-470307
-468819
-464976
-463261
-443546
-443155
-423577
-422371
-412471
-403477
-399031
-397831
-395162
-390207
-381598
-373606
-359574
-357704
-354119
-353250
-351983
-351454
-349953
-346371
-342507
-340340
-339054
-323991
-323811
-320866
-312368
-309731
-306959
-301754
-299764
-291924
-287534
-282926
-276747
-272730
-270763
-264132
-261018
-259198
-257574
-256657
-255142
-254712
-251757
-246870
-246449
-236937
-233392
-226635
-224664
-222471
-215988
-214146
-214008
-203182
-196027
-192406
-191482
-190186
-189842
-189362
-189209
-188222
-187562
-175603
-174486
-161581
-160075
-159316
-156714
-144986
-143928
-138615
-135938
-132698
-131250
-128518
-123336
-119396
-118206
-117494
-105268
-103473
-98272
-94267
-63272
-63187
-62834
-61635
-56339
-47815
-42040
-39515
-38800
-38767
-30629
-26382
-25833
-20631
-18431
-13761
-12459
-12145
-9860
-8277
3024
4113
6472
7706
12561
14861
20500
21855
22940
23119
24089
28574
32677
35365
44502
44598
47199
48811
50280
54311
55023
57370
58401
59077
62211
63584
65407
66121
68403
72707
72908
76699
78806
79840
82023
89611
99760
103553
108763
119763
127640
127751
128715
130014
139360
146501
150467
152787
153211
153746
171492
173621
177303
180241
180326
185209
185962
186574
190342
190896
191981
200383
201689
207130
207209
215817
220300
220673
222606
226656
227886
229439
230304
233176
241455
242412
245540
251800
252203
253670
254943
267311
277977
278999
290609
293750
298397
316616
320910
321706
322020
326266
335573
337177
338030
344673
359472
362875
364549
379084
388270
389016
391022
395739
397996
407017
408788
410012
414579
416421
418620
421488
427743
430372
432831
446186
449669
449676
451900
455632
462724
473139
474742
483100
485068
485881
490374
492821
494004
503819
507064
514192
515894
518077
523717
523822
525526
531317
537127
537136
541734
543177
547915
548393
551484
552430
552925
556604
559611
566557
583816
590559
593231
593751
593786
595388
607276
609424
610798
615512
615722
622673
624896
626240
627679
627991
633062
633876
634535
636159
636444
642445
644307
645585
647992
651325
656945
663570
665234
666856
667026
673270
676096
676900
678101
683011
692502
692738
694105
696849
709835
719335
724615
729157
730308
733182
745802
751097
751766
754345
758932
759966
770781
771247
776451
777946
785304
789231
796094
807144
807627
809550
810789
818154
824323
825778
837692
838085
841965
846266
872109
872312
873014
874311
880683
882476
882785
889193
889593
899112
906057
914354
916492
922918
928953
931582
931810
932994
934569
940748
944984
946429
949586
953411
961963
964925
965368
966448
971329
972835
978511
978827
979065
979982
995995
996405
999126
1007723
1014874
1019326
1025674
1027754
1032422
1033704
1035136
1053647
1059226
1063654
1064347
1064970
1066555
1067876
1068714
1077295
1079359
1095411
1100789
1107811
1114663
1116522
1116762
1128170
1128646
1129113
1133363
1135365
1137015
1137765
1147547
1150946
1152408
1154428
1159371
1160099
1163200
1166657
1167111
1168992
1178112
1178528
1190124
1191054
1201572
1201881
1206050
1209060
1209915
1211955
1214731
1214927
1226294
1228203
1243906
1246403
1253033
1260497
1262609
1265023
1266535
1268830
1268931
1272371
1274581
1277363
1278793
1279167
1281506
1283146
1296759
1301936
1304227
1311708
1327096
1327388
1334157
1335084
1346708
1348675
1351005
1355920
1358332
1363479
1366019
1366816
1368504
1378825
1380132
1380196
1381453
1388322
1390811
1392129
1392235
1392713
1396168
1397076
1399217
1402252
1404702
1405777
1408478
1408812
1413022
1422664
1423582
1441089
1469006
1481066
1482700
1482983
1483392
1490465
1491696
1493567
1494078
1497144
1502243
1506570
1510350
1512217
1514587
1518326
1525884
1528708
1529979
1531115
1531635
1532738
1535084
1538531
1543567
1548794
1555200
1565637
1572121
1572820
1573897
1577595
1586124
1587624
1588815
1594500
1595601
1600844
1604368
1608331
1612735
1625474
1630374
1632706
1632942
1640980
1643522
1644474
1648283
1659234
1661967
1663398
1665642
1667823
1670141
1670650
1678832
1680885
1681771
1682932
1684687
1690430
1692840
1694634
1695355
1700026
1702605
1710725
1717357
1718274
1718886
1722451
1726419
1727792
1729824
1739799
1753531
1755176
1756216
1759103
1759443
1763522
1769296
1770907
1771781
1783725
1784496
1787739
1788981
1789613
1791679
1800069
1806697
1810544
1810902
1812054
1812573
1813917
1817104
1818925
1824760
1827285
1831784
1836078
1837776
1839138
1847505
1849045
1859692
1865736
1868420
1872087
1875338
1877706
1879083
1879956
1880028
1886807
1888261
1896837
1897955
1905980
1909388
1910514
1919026
1919462
1919639
1920514
1925812
1933991
1934008
1934542
1935255
1938981
1964139
1969992
1970828
1975717
1977849
1979202
1987044
1989426
1993311
1993766
1997703
