-1999358
-1985135
-1984904
-1980051
-1979094
-1975205
-1972385
-1963123
-1960829
-1957658
-1949566
-1946499
-1942374
-1939453
-1938828
-1927044
-1925953
-1922506
-1910085
-1903892
-1897600
-1894366
-1879941
-1873111
-1872459
-1869741
-1867010
-1865162
-1861902
-1859909
-1857982
-1853236
-1851951
-1850202
-1845075
-1837946
-1837829
-1837374
-1822478
-1818033
-1812876
-1812513
-1812497
-1811127
-1810789
-1806530
-1803194
-1798383
-1796429
-1788023
-1785976
-1785570
-1782261
-1777342
-1762301
-1752676
-1752585
-1751630
-1750479
-1750026
-1744652
-1741346
-1727718
-1727599
-1727588
-1726040
-1723664
-1715838
-1710376
-1694338
-1693684
-1690624
-1685067
-1681096
-1680959
-1680714
-1680205
-1675838
-1675547
-1674057
-1672179
-1668985
-1668773
-1663287
-1662028
-1658372
-1658040
-1654411
-1648180
-1641722
-1641124
-1639606
-1637205
-1636393
-1636330
-1635890
-1633177
-1619700
-1618054
-1614781
-1614383
-1610703
-1608977
-1606401
-1604195
-1604055
-1601136
-1595783
-1581623
-1573948
-1554739
-1551121
-1546462
-1545060
-1542447
-1542294
-1537231
-1529364
-1527160
-1521804
-1521531
-1518005
-1517926
-1508663
-1502534
-1501921
-1499885
-1498460
-1490619
-1489588
-1487584
-1481069
-1478027
-1476955
-1476866
-1476434
-1475000
-1472523
-1472464
-1471202
-1464418
-1463579
-1459350
-1443675
-1441972
-1440099
-1437977
-1435350
-1432623
-1428363
-1426050
-1422901
-1420946
-1415952
-1409575
-1406456
-1402809
-1401621
-1397395
-1395972
-1395010
-1394713
-1393888
-1393430
-1381115
-1377064
-1376910
-1369378
-1360705
-1360640
-1359236
-1355404
-1343787
-1343750
-1331207
-1322824
-1320855
-1320559
-1318911
-1318087
-1317889
-1317788
-1317252
-1314506
-1309307
-1306190
-1306092
-1305833
-1305138
-1304604
-1301420
-1298300
-1295718
-1285398
-1279188
-1277033
-1276754
-1272246
-1271844
-1270082
-1259189
-1252241
-1245924
-1245567
-1235070
-1217981
-1214988
-1212589
-1211601
-1208021
-1201223
-1197036
-1190537
-1190080
-1186343
-1186191
-1177628
-1169773
-1166509
-1161702
-1160667
-1156720
-1148952
-1133390
-1133326
-1130160
-1117169
-1112435
-1111952
-1107490
-1104781
-1085458
-1076056
-1073391
-1069631
-1065905
-1056030
-1052753
-1052586
-1043049
-1036598
-1035580
-1033361
-1030310
-1026300
-1026179
-1025208
-1020286
-1016401
-1011552
-997875
-996012
-992576
-991781
-991478
-990753
-983841
-980935
-979002
-971272
-959710
-956607
-956575
-946310
-944061
-941127
-936510
-922284
-919534
-918680
-915706
-913784
-907789
-907455
-905459
-897811
-897611
-891334
-881899
-879862
-879119
-866585
-864771
-861819
-859824
-857444
-856159
-850083
-848461
-843805
-842561
-841400
-841016
-832856
-821942
-820729
-809589
-805960
-799318
-798902
-797813
-795869
-795127
-787234
-783584
-783157
-781913
-779125
-776187
-769777
-768873
-758288
-756845
-756217
-751239
-745448
-743406
-739492
-738251
-737103
-736794
-732557
-714011
-713048
-712600
-707374
-704590
-701739
-699574
-699185
-690418
-690357
-687654
-681295
-677136
-672020
-670611
-665811
-664383
-663750
-658702
-654564
-649453
-648646
-639324
-638979
-627959
-621396
-620718
-615032
-611396
-607633
-607624
-607025
-600167
-591982
-591314
-587487
-575920
-567950
-563529
-554837
-548624
-545134
-537187
-536214
-535428
-532146
-530010
-512206
-511789
-509607
-509463
-507460
-504745
-504390
-492535
-492333
-488808
-484592
-471626
-470251
-468955
-463805
-461599
-459948
-449266
-447969
-445691
-441305
-422379
-421781
-421555
-417814
-416648
-406075
-401491
-394945
-392540
-384985
-379315
-366822
-361701
-358569
-356214
-352871
-349280
-348279
-347423
-345251
-343951
-342464
-341704
-337169
-337166
-332025
-328513
-326653
-324192
-315315
-311865
-307732
-307266
-301205
-294915
-269155
-256419
-251530
-248292
-245188
-239964
-233980
-231100
-228533
-221764
-219868
-217269
-217212
-205680
-205556
-201726
-199046
-195984
-192430
-191244
-182218
-170959
-169769
-163892
-158145
-153010
-151368
-151231
-150597
-139623
-137796
-135743
-135239
-130442
-130229
-122540
-122280
-112693
-112384
-111961
-106932
-105500
-102625
-93858
-91545
-89634
-88360
-83825
-80103
-79284
-73410
-72646
-72293
-70595
-67950
-67704
-65248
-43548
-40819
-33086
-26455
-18869
-15782
-15646
-11055
-8074
-5212
-4699
2324
2982
8704
10842
12848
14906
15604
18269
20049
20875
21739
23886
25348
27240
44446
53579
53667
60141
73498
74594
81209
84719
85220
86499
92695
99958
105162
117120
117990
122266
123019
137446
137590
139133
141621
149771
158369
167426
180327
187298
190108
190742
207231
210592
211021
214595
218613
218818
221654
228442
228915
228968
234751
242240
242897
245199
247797
252575
255428
259074
264685
269616
274654
279375
279642
279977
280031
280640
284140
284408
287983
298716
301731
304396
308598
310809
317608
320908
323354
329362
331966
341158
342193
351369
358507
360531
363596
365022
368199
368547
373937
375352
377793
387643
390083
392736
405816
408652
412173
416196
421468
425462
433996
436082
437361
438901
445310
457437
479006
480503
485083
490020
492605
492770
499413
500267
500892
506935
513681
518679
520155
521131
523040
523680
524522
527416
534017
534082
542551
551421
557092
562734
564369
567845
571822
582885
589532
592317
602231
606575
608691
610310
612634
622626
625260
625906
628023
629284
629377
630045
637818
641116
647429
660805
666902
672508
675217
679121
680375
681060
682205
682474
684187
698672
699357
707959
708813
709961
710055
720281
724353
727134
727496
735726
740067
744293
746709
759283
761761
766481
766563
771439
772385
776274
779245
781781
789211
789324
795303
809160
811746
813475
818516
820228
822442
842038
842865
843733
850832
853337
863382
868909
870480
872166
873414
874015
874783
877816
878003
879545
889497
893571
893970
902961
905698
907695
912491
915256
915698
915864
920023
923531
933573
939329
945427
946795
954487
955785
955873
963398
964001
966691
967977
968220
969993
972489
974554
987493
991947
1004425
1007779
1011383
1011911
1016169
1018632
1023276
1034794
1035381
1041206
1043821
1049283
1049807
1052816
1054924
1065301
1067407
1067673
1067726
1069438
1077208
1079435
1081491
1085301
1092434
1094008
1096889
1097493
1098177
1104561
1104878
1123589
1124037
1126514
1128848
1129916
1132069
1133368
1134206
1138265
1141696
1145832
1151125
1153719
1165300
1166700
1168314
1172901
1174167
1178870
1178951
1182166
1186898
1187588
1188254
1193318
1194501
1196767
1200695
1211352
1213053
1223724
1224885
1227908
1234723
1234953
1235581
1236037
1236403
1239747
1241262
1245097
1249166
1256649
1258427
1261407
1261533
1261605
1262331
1263185
1265073
1268670
1274349
1275774
1284929
1286466
1287169
1290659
1292260
1294894
1300923
1301887
1302151
1305850
1308682
1314238
1325780
1331361
1335424
1341190
1341537
1342864
1343372
1350618
1355712
1357569
1357606
1365888
1367163
1371847
1372842
1377598
1382596
1389365
1393025
1403308
1404014
1411648
1418566
1420167
1422385
1422846
1428538
1442702
1442960
1443672
1444229
1449462
1453972
1461166
1467587
1470218
1475317
1475878
1478678
1481196
1482662
1483380
1484659
1484794
1485443
1485659
1486918
1487351
1487785
1490737
1492031
1495415
1496629
1502149
1504609
1505621
1507272
1510884
1546639
1546790
1550912
1565135
1570375
1571097
1572801
1575764
1577804
1581545
1594130
1594525
1602948
1603217
1605840
1606765
1607952
1611276
1613368
1622236
1627725
1628166
1628640
1633305
1633985
1643620
1644204
1653842
1659978
1666707
1670068
1674562
1680935
1682404
1682573
1683293
1683795
1684821
1697327
1704400
1708347
1710675
1719666
1724686
1744876
1749871
1750281
1750374
1752690
1755302
1762130
1762604
1770642
1779112
1779295
1786552
1793821
1797258
1797378
1802732
1806683
1808203
1812052
1813529
1820411
1822569
1823398
1828807
1834028
1836277
1837889
1839333
1839913
1842632
1842866
1851889
1852897
1853548
1855343
1861022
1865270
1867546
1869211
1870107
1873972
1880109
1884460
1888521
1889799
1892591
1896448
1899139
1902062
1904191
1908452
1914751
1922951
1924445
1927889
1943581
1945221
1946736
1948531
1962968
1965374
1965928
1972690
1974732
1976669
1986584
1986650
1987676
1995200
1998646
