-1990623
-1989205
-1986467
-1980827
-1978030
-1963389
-1963340
-1962358
-1959764
-1945924
-1942530
-1930759
-1927988
-1923338
-1917595
-1916196
-1913646
-1913197
-1911767
-1910571
-1909657
-1904480
-1897113
-1896235
-1895506
-1887814
-1882269
-1881260
-1878066
-1876275
-1873319
-1869736
-1862844
-1856435
-1849883
-1848775
-1844405
-1839671
-1839166
-1836582
-1833902
-1823908
-1820766
-1808604
-1805166
-1798567
-1797505
-1790398
-1785722
-1780222
-1778921
-1776500
-1775802
-1768487
-1768277
-1768056
-1764781
-1761146
-1746514
-1745465
-1742808
-1731247
-1727283
-1723899
-1718717
-1716961
-1711229
-1709821
-1708027
-1706589
-1696779
-1694479
-1692225
-1689723
-1688042
-1684655
-1682625
-1662040
-1657332
-1651986
-1649911
-1647102
-1645071
-1642252
-1641170
-1632313
-1631642
-1626518
-1625364
-1624493
-1620248
-1617582
-1616209
-1611446
-1603342
-1594483
-1590652
-1584055
-1575534
-1575339
-1571877
-1568509
-1566986
-1564899
-1561794
-1561426
-1559847
-1558796
-1557932
-1557828
-1555978
-1555323
-1551952
-1548741
-1544753
-1540956
-1530454
-1529982
-1527499
-1517172
-1516019
-1515332
-1511159
-1504350
-1500884
-1495478
-1486304
-1475667
-1474927
-1471383
-1469471
-1467378
-1462753
-1462085
-1461986
-1448810
-1444398
-1441318
-1438719
-1430454
-1427083
-1423985
-1421253
-1419888
-1415693
-1414402
-1412695
-1399683
-1393955
-1392152
-1391574
-1390404
-1385690
-1378406
-1376068
-1369017
-1363555
-1356201
-1346802
-1345596
-1344641
-1337164
-1336819
-1321126
-1321043
-1319511
-1314368
-1303047
-1301946
-1300155
-1298814
-1288935
-1287604
-1282925
-1276269
-1275219
-1263934
-1257650
-1256286
-1251168
-1243195
-1242256
-1236947
-1233947
-1226936
-1219880
-1218514
-1216159
-1213168
-1209704
-1208896
-1201311
-1187497
-1174034
-1173029
-1157118
-1145578
-1133383
-1131232
-1123014
-1118201
-1112085
-1107659
-1107531
-1106312
-1093268
-1091003
-1088700
-1087121
-1079219
-1074387
-1062392
-1061311
-1057086
-1056744
-1050463
-1046079
-1035516
-1029323
-1027244
-1021242
-1019583
-1013324
-1011631
-1005554
-999997
-998061
-991898
-991711
-986685
-979117
-975426
-973897
-973353
-969799
-969598
-954117
-952935
-945741
-929562
-921881
-921868
-920169
-917814
-916253
-914691
-908497
-903842
-903500
-903153
-900152
-893825
-891948
-890701
-889904
-872617
-867333
-862490
-858411
-856092
-853807
-845918
-845794
-843149
-841994
-841060
-835902
-835570
-828515
-826187
-824764
-823792
-822681
-821805
-820206
-814080
-811031
-810631
-810039
-805350
-801959
-796941
-789277
-779657
-775693
-773741
-770698
-770342
-768944
-768165
-761702
-761063
-760521
-760351
-758919
-753132
-749365
-747707
-744394
-734692
-719559
-712624
-710649
-703288
-700145
-698124
-697997
-694790
-683152
-680686
-680156
-676135
-671653
-670998
-662270
-649721
-647367
-647073
-644435
-642495
-634252
-631610
-625635
-621837
-614912
-613413
-612824
-610611
-597098
-593431
-588559
-587667
-575774
-575681
-575644
-570892
-563400
-555740
-555611
-548789
-545035
-544386
-535681
-534505
-533113
-532163
-525801
-524028
-514914
-513368
-511617
-511458
-502208
-501506
-500668
-499283
-491596
-482876
-479127
-474248
-471223
-464973
-460226
-457635
-456254
-455317
-454418
-439113
-438322
-438038
-431607
-424911
-424180
-418260
-409880
-406694
-406067
-403802
-396851
-396538
-395352
-395192
-394392
-388947
-386584
-376758
-355042
-354287
-349659
-346816
-343582
-334077
-332506
-330705
-329522
-327483
-325053
-322917
-321597
-317760
-305384
-305188
-301572
-297345
-296880
-294929
-286795
-282079
-281754
-281358
-272098
-271571
-268962
-263454
-262392
-258760
-252487
-246649
-244874
-239128
-234609
-233836
-230176
-229776
-229494
-229094
-222737
-221018
-220903
-217792
-217381
-208931
-202711
-200212
-197040
-190951
-190050
-188684
-187268
-185255
-180869
-178485
-176448
-176041
-174575
-169363
-154991
-152555
-141982
-141336
-137970
-133112
-122291
-120305
-109011
-98191
-96549
-84348
-81978
-78444
-78118
-75592
-73632
-65599
-61226
-60083
-59900
-55162
-54777
-52356
-51086
-49244
-47328
-46139
-44034
-41262
-40757
-40240
-39708
-37833
-34311
-13654
-8505
-7255
8852
9651
16437
19842
24871
26527
26707
27192
54764
60301
61698
61996
62853
66979
69041
77031
78571
79318
89216
93377
95580
102457
112382
113298
113501
113575
116522
118249
118425
119380
121960
124268
127420
127689
129250
135062
135216
135249
136339
137077
150058
157109
158186
158473
161469
162536
163602
169468
172619
176776
180082
187822
191210
191265
191593
194066
196655
200634
208204
210418
210860
217403
223552
229662
230804
232408
239375
243155
246349
246589
249220
258608
265474
265730
265879
271696
272406
283472
285086
286095
292614
295046
304273
331624
333054
341900
342681
346948
350030
369080
369637
370324
376654
382128
385406
387057
393718
395140
396290
405795
407708
408316
409497
413708
415941
422247
426505
443795
444409
444915
450687
453169
454211
456198
461223
465116
470839
471030
477356
478663
484804
489953
491965
504687
507334
509464
510503
517241
517822
526021
527759
530542
534541
536259
545315
550018
550231
553034
553853
554300
556595
566528
569405
572997
574699
586461
588835
589557
597749
601737
604121
620518
628541
636185
647468
648246
650681
652486
653096
663459
664414
670228
674579
679670
695702
704978
708089
717790
719964
722141
722815
723430
727931
733986
735404
739607
740056
743970
745342
749259
755373
758552
762533
763156
763345
763712
765738
769530
772676
791998
795599
797268
799830
803685
809765
810337
814289
814809
816512
822470
824737
842294
846724
848173
849161
857035
864233
864337
866337
866773
875756
876623
879784
880725
882124
883386
886325
888245
895165
905297
905607
906332
908181
912361
915771
923776
923829
925186
929200
942306
943909
944797
950146
954071
957081
957146
967866
974125
975558
977263
978553
979969
983880
987980
991357
991581
995705
1003436
1009049
1013679
1013698
1013765
1018472
1019588
1022033
1023704
1025036
1028449
1035505
1035618
1047855
1049184
1056777
1060586
1062381
1062443
1064299
1065515
1074862
1090563
1095766
1096451
1097923
1100155
1107941
1110304
1115513
1120202
1124173
1126177
1133804
1135615
1136660
1139729
1141682
1144470
1149257
1155013
1156597
1160957
1162228
1163206
1164211
1164658
1170527
1175058
1175727
1178688
1198529
1205527
1207527
1208439
1214846
1215226
1217007
1218432
1232301
1239636
1240229
1242064
1242203
1248428
1251468
1255172
1256143
1259181
1259197
1271031
1271375
1274873
1281654
1289460
1290226
1292487
1294213
1294675
1294755
1297424
1297864
1300422
1300927
1303980
1307247
1314361
1317432
1317864
1345197
1348920
1354529
1359373
1362844
1366393
1368405
1370693
1370854
1373733
1380746
1387417
1388880
1394016
1395915
1397161
1399818
1400287
1414561
1417976
1418348
1424070
1425913
1427066
1428677
1431324
1432762
1433134
1436477
1438022
1439439
1449231
1453664
1463341
1464522
1466617
1474698
1491835
1496630
1500215
1502891
1504051
1505342
1508452
1509090
1511220
1511437
1513848
1514352
1515898
1516217
1517290
1526056
1526655
1529575
1529730
1532576
1533446
1536847
1538521
1541691
1543153
1546927
1551438
1560265
1560655
1560738
1570745
1573335
1577426
1578538
1581201
1584981
1588534
1591470
1591939
1592001
1592207
1599578
1605664
1622966
1625138
1628437
1636488
1636816
1647433
1648097
1649437
1649470
1655396
1664731
1666214
1667748
1669133
1671072
1676188
1682648
1684707
1696344
1699129
1707049
1708013
1710390
1712851
1714254
1723404
1727199
1729375
1733085
1733727
1736613
1741163
1742555
1743391
1760418
1761764
1761859
1765581
1768955
1769551
1781774
1784109
1785880
1792697
1794474
1796374
1799533
1807187
1808315
1813120
1818422
1818760
1819590
1820403
1829122
1830726
1831421
1837719
1849432
1861873
1864349
1868461
1874551
1883449
1885047
1889692
1892651
1898431
1900101
1900870
1903484
1903604
1909169
1909446
1910066
1915566
1917059
1921779
1923322
1928453
1931443
1933628
1933909
1939920
1944244
1954225
1957049
1961325
1962823
1963088
1967707
1967970
1974721
1977567
1979761
1991207
1991415
1991764
1995547
1998600
