-1998868
-1997936
-1996298
-1988562
-1987901
-1987017
-1986391
-1974173
-1973453
-1971849
-1970872
-1969681
-1956605
-1953230
-1945182
-1944474
-1941101
-1940167
-1930020
-1926721
-1925259
-1920695
-1915389
-1912527
-1911438
-1904021
-1899408
-1887623
-1887373
-1884163
-1882375
-1874978
-1868717
-1868037
-1866580
-1865933
-1859982
-1857245
-1854976
-1845413
-1845388
-1842842
-1838619
-1838201
-1832180
-1824325
-1823225
-1813891
-1813514
-1812562
-1806826
-1806606
-1806255
-1805257
-1804473
-1792780
-1785566
-1780863
-1775895
-1769001
-1765915
-1761792
-1758991
-1754264
-1752675
-1736692
-1730037
-1729786
-1725994
-1724387
-1721706
-1718203
-1717698
-1710144
-1706282
-1700686
-1698003
-1697846
-1694643
-1685911
-1683351
-1680112
-1678856
-1675961
-1674893
-1674026
-1673732
-1660124
-1659206
-1655552
-1644938
-1641427
-1640417
-1638713
-1638048
-1637117
-1634397
-1633397
-1630062
-1629245
-1620955
-1618022
-1614821
-1614134
-1602836
-1601198
-1599674
-1582473
-1580328
-1580102
-1573095
-1566566
-1560741
-1555136
-1553957
-1539083
-1535082
-1533239
-1532350
-1531143
-1530108
-1528890
-1525906
-1521002
-1513398
-1501117
-1499356
-1498679
-1493985
-1491605
-1488850
-1487647
-1476786
-1469613
-1467197
-1465887
-1465796
-1465212
-1464624
-1463638
-1461436
-1454080
-1446025
-1442638
-1440942
-1439353
-1439240
-1427766
-1424919
-1415425
-1407146
-1406935
-1397990
-1396768
-1396761
-1395153
-1393687
-1393267
-1392134
-1391185
-1389923
-1386782
-1380793
-1378324
-1373085
-1365496
-1349736
-1346303
-1345775
-1344334
-1342871
-1341220
-1339149
-1328168
-1327151
-1326149
-1323259
-1313590
-1308282
-1307839
-1306182
-1303727
-1297224
-1291989
-1289363
-1286141
-1286002
-1281875
-1278673
-1277171
-1275301
-1275155
-1274696
-1269295
-1267449
-1256830
-1256411
-1253542
-1247107
-1243173
-1240154
-1229606
-1225778
-1220717
-1218686
-1216005
-1213256
-1209976
-1205615
-1197719
-1195425
-1191514
-1190665
-1179491
-1179467
-1179338
-1175494
-1175047
-1173557
-1170109
-1169003
-1165670
-1159340
-1157977
-1156142
-1149833
-1146572
-1138893
-1137089
-1135924
-1134886
-1131111
-1125889
-1114125
-1108819
-1106849
-1100527
-1098323
-1091503
-1090066
-1086971
-1084901
-1081082
-1079754
-1078339
-1077868
-1074450
-1074291
-1071248
-1055222
-1049584
-1047233
-1045427
-1044532
-1034794
-1032098
-1031761
-1031304
-1022980
-1022931
-1021500
-1013809
-1010811
-1007765
-1006741
-982022
-976860
-968756
-967766
-963431
-962782
-958264
-955034
-954746
-951835
-951077
-951067
-947166
-937618
-926893
-924797
-924738
-922482
-914420
-912204
-908968
-901521
-896914
-885466
-881734
-880800
-877697
-877564
-873797
-870702
-869084
-868692
-866264
-861379
-851542
-850244
-848492
-841386
-834762
-834707
-831129
-828510
-820612
-818417
-815476
-802515
-802507
-802134
-799993
-799457
-797523
-796759
-794247
-791248
-789838
-789331
-787534
-784801
-783617
-781544
-773684
-773278
-773260
-766609
-765694
-755274
-741207
-740994
-727094
-725740
-722904
-722151
-716847
-702892
-700477
-699403
-699078
-696562
-692762
-690207
-688769
-682871
-681345
-680180
-679212
-675162
-673370
-673028
-661355
-657848
-657754
-650783
-649528
-638227
-636270
-636241
-632122
-631518
-626193
-619067
-612750
-601750
-600646
-599671
-591718
-587796
-581414
-574868
-569449
-565220
-560003
-558272
-558114
-553420
-553348
-549383
-547746
-545720
-545017
-542654
-538377
-530724
-524711
-517952
-511583
-507685
-507531
-500553
-494716
-492896
-483496
-475473
-475430
-462433
-452314
-446854
-444892
-443920
-439598
-438879
-435432
-432921
-410654
-410226
-410171
-408755
-408678
-404108
-403145
-397305
-393629
-390637
-389840
-387660
-383153
-380703
-379057
-376978
-368380
-363391
-359503
-356429
-347586
-344592
-327226
-325685
-324461
-307398
-304779
-301350
-290812
-289497
-288160
-284668
-277754
-277697
-272769
-266808
-265797
-264738
-262814
-262560
-255283
-244066
-236909
-217510
-213058
-212949
-211623
-206984
-203970
-200264
-193782
-187460
-185260
-182994
-182068
-169355
-167767
-166381
-163686
-163594
-161522
-156910
-151120
-148850
-144305
-142283
-139103
-132661
-131147
-128076
-124347
-121219
-117411
-117307
-113853
-107210
-105929
-102192
-99821
-91317
-89498
-87293
-82443
-80080
-68368
-61599
-57464
-34848
-20408
-17464
-16107
-12482
-8998
-1947
18234
18357
20362
22118
26972
30772
36877
37649
38598
40172
40911
53139
59749
60346
60499
61377
72847
74078
75879
82668
83502
86442
89167
89276
97566
97784
105882
113614
114089
116660
125543
128828
134855
137060
141222
144091
155513
162515
166250
168023
168498
176712
176725
177423
191798
209801
210496
213709
214912
225552
227848
227956
229920
230344
232323
240386
242157
243372
251345
253325
254285
256794
266803
267780
279668
285702
292940
293702
293852
297827
299705
300075
300963
302133
304253
309609
312093
314236
317069
317520
325877
332912
337581
337589
341166
343669
350151
354514
354555
355167
355911
357168
360913
364067
365342
375190
376567
389144
399446
400126
403012
409782
418475
422205
422938
423205
431686
437690
438483
438762
440096
441379
442272
442580
443644
448488
450994
457383
458571
459492
469955
471089
472733
475468
475862
489111
491087
499159
507223
516256
516998
524165
528563
531380
535304
544494
546547
546910
551791
558371
561479
562528
566983
579063
581498
587893
590616
596697
598485
598857
601022
602296
604024
608446
610432
611362
612880
614206
616613
617642
623231
629946
634353
637099
642061
643107
644775
652473
657861
681642
684341
687448
696077
697800
702147
705272
708320
714679
715476
720603
724495
726513
727638
732064
753469
754126
754841
760304
760813
761576
764471
775692
776323
777344
782268
795343
796123
799249
802391
808124
809274
809831
810894
813161
813484
814441
814764
816524
816601
817198
818418
820778
820846
824944
825729
827401
829725
830128
836912
837324
838151
841358
845317
845530
847208
849111
849860
850088
852528
854959
856753
870774
879064
879496
886359
894489
897942
900908
902109
905646
906332
906627
908126
915035
918712
932168
932990
934099
934899
941917
942082
946617
947458
951633
954841
955150
960312
963230
977753
980868
981003
986351
987734
990866
997959
1000975
1001170
1004569
1007469
1008294
1014425
1015251
1015792
1015942
1024419
1028620
1029866
1040023
1052792
1055332
1063738
1067138
1086923
1088363
1099315
1101169
1106440
1109123
1111033
1112053
1118457
1118853
1130839
1133415
1134483
1137859
1139634
1143365
1143718
1152176
1153126
1153695
1155480
1165104
1169056
1174642
1184641
1185717
1196293
1200142
1204635
1211008
1214883
1217997
1222652
1223127
1225017
1229548
1242561
1245405
1245737
1256526
1261127
1262262
1263934
1271238
1274409
1283508
1290836
1295571
1295859
1296036
1296173
1297796
1299930
1300892
1305362
1309093
1310118
1317044
1320181
1320888
1325534
1345904
1348003
1356158
1361577
1365161
1366181
1381156
1382110
1389574
1390780
1391573
1391718
1392522
1396013
1397682
1411504
1412020
1413698
1416081
1416304
1424988
1429866
1433562
1434657
1435929
1440034
1444421
1453423
1454432
1455043
1460999
1474985
1476914
1497122
1502050
1504107
1505707
1511727
1512605
1515428
1518572
1519827
1521311
1522212
1523327
1528217
1534218
1534808
1538933
1543461
1543677
1543690
1544732
1546194
1548706
1569120
1569666
1569782
1570413
1577042
1578363
1579185
1579467
1580581
1584542
1588994
1590440
1596231
1599051
1600825
1608775
1608972
1616259
1620372
1624633
1634636
1635626
1638917
1641411
1649794
1650108
1655880
1667616
1669845
1672178
1673920
1676535
1679293
1680779
1682632
1684220
1698922
1712341
1713904
1725621
1741585
1746675
1755324
1757627
1759888
1762006
1766923
1774721
1791993
1792442
1795707
1805050
1812847
1814104
1814677
1820485
1820501
1820951
1821745
1822025
1833636
1835582
1836291
1837906
1840190
1840393
1852898
1854172
1854307
1858081
1863002
1865064
1868373
1877606
1881018
1881705
1884721
1902710
1902823
1906541
1910410
1912260
1912285
1917852
1919559
1921096
1921603
1921831
1925455
1931161
1932506
1934746
1945793
1947544
1953240
1956795
1959694
1981523
1987859
1988904
1991860
