-1993301
-1989880
-1983503
-1983334
-1982207
-1980941
-1978575
-1977169
-1958392
-1956219
-1955573
-1955386
-1953192
-1951359
-1950304
-1949143
-1945094
-1942563
-1939015
-1937574
-1937461
-1936277
-1935098
-1932698
-1932233
-1922334
-1922312
-1910093
-1901315
-1901198
-1901042
-1899414
-1899160
-1895655
-1891220
-1889104
-1883002
-1881756
-1877456
-1863749
-1860933
-1853841
-1844644
-1836004
-1832824
-1832626
-1827772
-1827140
-1822237
-1794221
-1792838
-1791081
-1789607
-1786497
-1779481
-1773724
-1771875
-1767848
-1761514
-1758024
-1755145
-1753148
-1751077
-1750040
-1741200
-1740858
-1738797
-1727970
-1723064
-1721113
-1711483
-1709683
-1708464
-1706721
-1705904
-1698370
-1697563
-1683718
-1681380
-1677336
-1675707
-1673502
-1666017
-1664765
-1661142
-1660933
-1657713
-1644828
-1637992
-1628556
-1627717
-1625993
-1625075
-1619906
-1616813
-1613304
-1612151
-1611919
-1610369
-1603561
-1599918
-1595948
-1595253
-1592436
-1582531
-1574108
-1561948
-1557116
-1530587
-1529970
-1519596
-1512687
-1509535
-1509373
-1503841
-1501317
-1499475
-1498226
-1496852
-1495934
-1493203
-1492089
-1488665
-1484125
-1482657
-1473599
-1463709
-1457849
-1456903
-1456055
-1455390
-1453339
-1451983
-1451416
-1451296
-1441066
-1436938
-1436595
-1432095
-1431324
-1424110
-1422108
-1420097
-1419753
-1402265
-1400750
-1399479
-1399478
-1397534
-1392982
-1391674
-1382330
-1381749
-1372562
-1372113
-1368763
-1365939
-1365341
-1363018
-1358127
-1356235
-1354106
-1337068
-1336708
-1335895
-1328396
-1328118
-1325925
-1324505
-1314547
-1313086
-1302397
-1301977
-1300274
-1293006
-1291636
-1290224
-1288705
-1287745
-1285202
-1284125
-1283360
-1279762
-1273328
-1268752
-1268465
-1258796
-1255566
-1254231
-1253354
-1251559
-1248622
-1245896
-1242745
-1237678
-1229234
-1226364
-1225413
-1214726
-1213800
-1213255
-1208540
-1198550
-1192981
-1187474
-1175397
-1172226
-1170816
-1159220
-1155312
-1154438
-1154309
-1151907
-1147671
-1145270
-1138713
-1134750
-1132782
-1126128
-1125391
-1125092
-1124604
-1124533
-1121097
-1121049
-1114375
-1109969
-1105787
-1104030
-1102740
-1102206
-1090282
-1089364
-1085343
-1080414
-1077650
-1061052
-1057279
-1052484
-1050533
-1049332
-1046666
-1041131
-1036884
-1029993
-1028644
-1027164
-1024234
-1023647
-1018340
-1017239
-1006302
-995646
-989988
-988760
-980330
-972367
-971869
-962544
-957197
-950708
-948747
-948194
-938149
-937789
-930127
-926063
-923560
-918997
-917964
-909410
-905003
-901652
-899418
-897217
-896111
-894682
-891845
-889666
-883767
-877432
-876496
-873355
-872514
-871680
-868062
-862116
-860017
-853060
-846151
-843347
-841663
-840497
-836952
-835613
-835488
-823660
-818806
-817820
-811602
-810503
-807754
-805780
-802534
-797405
-793199
-792573
-792275
-788841
-788507
-783278
-777020
-772884
-770701
-764776
-763768
-761578
-745791
-743364
-743307
-743183
-742166
-740685
-731460
-730722
-728035
-723056
-722442
-719922
-719533
-717417
-717101
-710735
-710284
-708431
-701255
-699473
-697953
-694397
-689021
-684315
-677626
-673143
-672529
-666774
-661289
-660858
-659753
-659155
-654290
-652769
-651484
-648326
-644560
-644464
-643554
-639781
-636250
-628824
-624345
-618845
-617076
-613808
-610049
-609644
-605561
-605503
-602252
-599664
-569082
-565406
-564286
-564268
-564137
-563838
-560779
-549609
-545797
-544517
-543353
-541123
-539621
-538245
-536455
-532001
-531568
-521740
-520871
-518684
-518158
-512671
-511782
-510301
-507511
-504988
-503269
-503222
-477928
-476146
-470138
-467459
-463203
-462414
-459628
-457329
-455441
-446810
-444486
-443506
-442992
-439036
-429406
-428028
-420579
-419109
-409048
-409031
-407667
-404874
-404812
-400624
-395526
-395124
-394015
-392086
-390627
-389899
-378672
-377713
-377677
-366374
-362163
-356374
-354057
-326138
-325850
-314522
-306759
-298110
-296527
-295131
-287286
-285145
-284847
-279141
-278399
-278327
-276543
-272513
-267663
-267475
-258858
-257539
-248683
-244841
-242166
-241097
-236022
-230357
-229566
-221520
-217355
-212940
-209803
-207406
-206492
-202586
-199251
-198664
-194874
-190201
-185304
-174779
-172118
-169215
-165044
-159960
-157187
-154177
-153908
-148267
-145409
-142440
-142259
-134039
-127654
-124373
-124237
-121602
-116222
-114429
-106912
-103743
-100608
-95014
-91665
-91425
-88350
-71312
-67209
-62944
-59200
-51075
-50883
-48504
-41476
-41079
-37074
-34798
-34032
-33602
-32745
-31958
-31068
-25030
-16037
-13631
-10934
-10455
-9973
-1121
22341
25307
28775
36341
36577
44201
48216
50194
51893
54135
54433
56726
67116
79075
82847
82929
87199
93183
97718
101090
106537
115374
124157
134862
136253
147682
150420
150548
152229
152680
152697
154615
160058
160933
161510
161900
162490
167248
179240
179843
184942
185389
199567
200157
200294
200631
201823
203052
210275
211651
212273
212866
231137
232601
237676
243764
250398
254174
258361
264861
268310
280131
283070
285744
295124
311429
313402
321689
323680
333924
341097
342895
346563
352031
353234
354032
361673
368405
374739
376942
381335
382776
386300
392294
392763
395235
396959
401788
403101
403678
408368
415551
435361
440077
445937
462131
467396
469459
473571
480448
480703
493633
494817
499200
505917
509684
514593
521342
521359
521439
529010
530175
532577
540464
544026
549168
549847
555494
556355
558072
563943
565536
565635
566250
570401
575065
576082
578292
578575
579846
580134
588431
588476
596533
606596
613973
615682
615730
620939
634312
635162
643464
652037
653302
656223
662186
669981
672881
673316
674800
677007
678342
690397
713783
723976
727209
729653
731489
740332
751693
751760
754419
755753
756251
761639
770047
770771
771243
771975
772299
776426
784530
793314
801497
809697
809735
811832
821399
832413
841783
841891
846732
852531
855209
858481
860176
863251
868265
871944
874644
887789
889077
890873
894039
895668
896685
896981
899728
901927
907838
908411
909148
916041
920306
926792
928048
932489
936863
938559
939869
940342
946068
961944
965589
970770
971785
976110
980493
987433
991369
997182
1004651
1012826
1013616
1015398
1026133
1026854
1034485
1037789
1042208
1049927
1050286
1054195
1054932
1055104
1062103
1070247
1085258
1087847
1090809
1093635
1094939
1099609
1101286
1109776
1110181
1113384
1113633
1118036
1121963
1126692
1131069
1135394
1142696
1143851
1145946
1150273
1150957
1150993
1152254
1153366
1158955
1160720
1160972
1162921
1166675
1166708
1168526
1168705
1172110
1173089
1174182
1179637
1180917
1183527
1185170
1185909
1186156
1193136
1202533
1204707
1204808
1218461
1218609
1219265
1222654
1231201
1236699
1243757
1250400
1255280
1256677
1259443
1262945
1270350
1272753
1282616
1290102
1295037
1303722
1309637
1312343
1312932
1316437
1318933
1320366
1323516
1325798
1327986
1330322
1336807
1348588
1352490
1356356
1357663
1358838
1359034
1365757
1367821
1368515
1375032
1377755
1382503
1382945
1383740
1385341
1387969
1390090
1391223
1395417
1395654
1397713
1401831
1404809
1405710
1405751
1415898
1426341
1427133
1429578
1433672
1440658
1451383
1452658
1454156
1462972
1464947
1465983
1477646
1493487
1495924
1504090
1504324
1505894
1508993
1510202
1511291
1514846
1518818
1519482
1520969
1521921
1530214
1540355
1540409
1541305
1553049
1553064
1557422
1559689
1561965
1568425
1575749
1582918
1583353
1584676
1587134
1590252
1590611
1591025
1612937
1613171
1618943
1621145
1624315
1625311
1625960
1626231
1639005
1640379
1641838
1642061
1646975
1647899
1651890
1652021
1653223
1656609
1659446
1664149
1669201
1669908
1671917
1675212
1677769
1679403
1681875
1687417
1692863
1694707
1697224
1704292
1704415
1707076
1712479
1712639
1713356
1715637
1718316
1718550
1723556
1724668
1742947
1743620
1746772
1748272
1762088
1762095
1766084
1772494
1773856
1775067
1778621
1780200
1780357
1782034
1793142
1795421
1808602
1810494
1819993
1824723
1825796
1832442
1835703
1844120
1850877
1850963
1864242
1868158
1869657
1876050
1886420
1892021
1893284
1905844
1905968
1908098
1909451
1918096
1921118
1924436
1924855
1926572
1926953
1927620
1928699
1928706
1939326
1943639
1946676
1951070
1959841
1969328
1972209
1978752
1982125
1984493
1989848
