-1996934
-1993717
-1992853
-1974099
-1973658
-1972882
-1965626
-1963940
-1946038
-1932760
-1929188
-1928687
-1925687
-1922947
-1922757
-1922190
-1917616
-1913795
-1901309
-1896642
-1887558
-1886798
-1885399
-1883396
-1874227
-1869337
-1867425
-1865938
-1865561
-1864684
-1860419
-1859040
-1856497
-1853817
-1851824
-1850905
-1848426
-1835930
-1825806
-1825743
-1821708
-1819613
-1819411
-1812413
-1812258
-1809351
-1808474
-1807799
-1807229
-1802956
-1802519
-1799874
-1793082
-1792700
-1792200
-1792067
-1785974
-1775915
-1768212
-1763957
-1758371
-1755694
-1749806
-1749333
-1748518
-1744178
-1741568
-1738731
-1737775
-1737760
-1735243
-1732329
-1724397
-1720844
-1718163
-1710407
-1704520
-1700222
-1696339
-1696166
-1687421
-1684733
-1683393
-1672197
-1671940
-1671033
-1660590
-1657431
-1652200
-1651037
-1644171
-1642408
-1634554
-1633045
-1631758
-1626869
-1626799
-1626015
-1620432
-1618431
-1617712
-1615554
-1615284
-1604892
-1593812
-1588567
-1584521
-1584347
-1583446
-1579741
-1573550
-1572164
-1566013
-1559795
-1558671
-1552112
-1549579
-1548104
-1541550
-1538913
-1526694
-1522810
-1515218
-1513867
-1513041
-1510459
-1509637
-1507317
-1502022
-1500456
-1491356
-1487056
-1487005
-1485450
-1484816
-1479294
-1477011
-1471769
-1464819
-1464272
-1462577
-1462287
-1461891
-1452996
-1446769
-1440443
-1439583
-1431184
-1430336
-1426607
-1421348
-1419829
-1418674
-1412515
-1397838
-1394925
-1389900
-1381573
-1379683
-1376271
-1365372
-1365123
-1351871
-1344538
-1320307
-1320221
-1311389
-1309681
-1307165
-1306867
-1306308
-1303435
-1301518
-1297018
-1295302
-1284689
-1279156
-1277875
-1275099
-1273423
-1273225
-1266366
-1262167
-1252285
-1250103
-1249799
-1249420
-1242365
-1237684
-1231126
-1221148
-1220216
-1219847
-1215910
-1215095
-1211579
-1211105
-1200891
-1198889
-1196013
-1185896
-1183685
-1176683
-1172623
-1167678
-1161237
-1152213
-1136926
-1134754
-1131116
-1130447
-1125530
-1119978
-1114157
-1108268
-1100587
-1090586
-1083777
-1080826
-1079961
-1077517
-1076690
-1076035
-1068654
-1058482
-1057119
-1053025
-1050725
-1050432
-1040104
-1034782
-1022723
-1019621
-1012474
-1011342
-1009248
-1005471
-1004507
-1000744
-999917
-997491
-997219
-995629
-993231
-988246
-987503
-980282
-980082
-979903
-975851
-973093
-973075
-958243
-957516
-956687
-953611
-952669
-942599
-941929
-934751
-927671
-926044
-918841
-913488
-912664
-911982
-911243
-910997
-903907
-899381
-898859
-890874
-889858
-886155
-867809
-865907
-865155
-857164
-848794
-841027
-838550
-823745
-812413
-804521
-783882
-783268
-782760
-782751
-780044
-778703
-777494
-774504
-773371
-773282
-763041
-752848
-749763
-739236
-728767
-728705
-723634
-712406
-706599
-702151
-701360
-693663
-686147
-684747
-684412
-682965
-682834
-667940
-663848
-662676
-659871
-656235
-646261
-634476
-634391
-630372
-629623
-627993
-617778
-606045
-596721
-596160
-589651
-584252
-582896
-576102
-574533
-565608
-563114
-552733
-548579
-540717
-540153
-530153
-529986
-524895
-522509
-516502
-514940
-512184
-511356
-511287
-508947
-507243
-501268
-499174
-494588
-494467
-492849
-489732
-483894
-483561
-482472
-481171
-480370
-479175
-476262
-468698
-466218
-459286
-455422
-454241
-447149
-446953
-443840
-441116
-435838
-435092
-430154
-425654
-424798
-420442
-415126
-412934
-401692
-401349
-399348
-397321
-387690
-385999
-380200
-370993
-365253
-364043
-364004
-355336
-345569
-331404
-329256
-320228
-319775
-318765
-310886
-306098
-305274
-301492
-292053
-290094
-289808
-288462
-284064
-283407
-277511
-265184
-258113
-257685
-257446
-247003
-246325
-244672
-244286
-240781
-239436
-232133
-228388
-224096
-215387
-213694
-211282
-207868
-203590
-197608
-194069
-187562
-184544
-181111
-179622
-173784
-166525
-166473
-157499
-157268
-140832
-140538
-139225
-138347
-137331
-137123
-124874
-124501
-115909
-110311
-108869
-102959
-98374
-98353
-96234
-88833
-83659
-79834
-79573
-75447
-72179
-68655
-68407
-67256
-67097
-62622
-55009
-53210
-49841
-49190
-34780
-22835
-22756
-21711
-12541
-7869
-5534
-555
-93
6904
13394
13962
15731
17140
17424
20364
23529
24377
25177
37138
38494
43987
44124
44725
52861
53523
53531
56209
56438
56893
61496
64891
68127
68584
71111
75782
77258
79105
83581
90769
93788
94240
94264
95782
102894
104596
105257
106255
119157
122859
137642
139521
139637
139969
154027
165714
167390
168851
169220
182278
187080
188573
197578
198315
199137
199485
199704
208942
211076
212747
217075
223985
227070
236025
243671
244272
250550
251865
252774
257594
265024
267923
271112
271366
272062
274806
278970
281380
282530
283744
294992
297524
297913
298970
300805
304280
314898
314971
315185
323565
324156
328288
330317
332382
333667
341376
355172
357096
357207
362977
364403
376098
382544
388151
390472
392738
398406
400854
401701
404532
406497
407574
411072
411307
416095
416548
421467
426298
428515
430165
432056
437375
437841
443151
448968
449820
452656
454644
457700
459373
461330
461360
465665
467693
469573
476152
479690
482809
485151
485447
487393
488551
489474
494501
499871
499872
509295
510741
511099
514687
523608
528931
533760
543808
547424
550385
555721
561136
567178
568492
569290
571008
571944
574428
575949
586039
588870
594115
595065
602318
608996
615017
629067
631168
641872
641904
642535
642908
653578
657179
658830
660306
662852
663928
664065
664588
667780
675031
684624
695250
705376
711219
714947
732811
735755
744733
744836
749964
759692
762354
763331
774518
776450
781816
782739
787824
790416
795863
797230
798215
806549
809106
811382
815222
818495
819585
819800
820385
824292
824363
824999
825578
826966
830326
831146
836723
837932
840493
842511
845702
849072
856230
861902
862135
866218
867296
868198
876698
886648
888540
888784
895164
900495
902548
906320
909601
912707
923117
929322
929695
932959
934417
937625
956108
970731
974075
974453
974864
974983
979167
979690
983150
983535
986067
991439
995290
995496
997386
997803
1003690
1006813
1016006
1017072
1025446
1026705
1028605
1036025
1037878
1045004
1051284
1054329
1070197
1072741
1076272
1077503
1080844
1083511
1093662
1094511
1096667
1102855
1104828
1104878
1106141
1108297
1110837
1114070
1115031
1121771
1122563
1125431
1126090
1127320
1127488
1136224
1138620
1149088
1151506
1155783
1160379
1161370
1164480
1166181
1167547
1173299
1185415
1189054
1194044
1196554
1197796
1200431
1208559
1218322
1221532
1224738
1226642
1227481
1229761
1230776
1234338
1238575
1238871
1242479
1253176
1262058
1263856
1272370
1273049
1274621
1274985
1275334
1275455
1277914
1296848
1299283
1300385
1306932
1310829
1311906
1313677
1314582
1314585
1321427
1328866
1342740
1347298
1352403
1359661
1371108
1372757
1380992
1382021
1386766
1388992
1394175
1394777
1395996
1396369
1399499
1402185
1404009
1404960
1406912
1414268
1418393
1422945
1433137
1441259
1441715
1444828
1446809
1447708
1453097
1453382
1463438
1463651
1463730
1464213
1465198
1468891
1471135
1474029
1481140
1485405
1490271
1496073
1499062
1503997
1506410
1511436
1511451
1511676
1512255
1523541
1527814
1528806
1534294
1535310
1535751
1541651
1549565
1552074
1556755
1557187
1562129
1565928
1574917
1576248
1591980
1594581
1600479
1605482
1605615
1608308
1608983
1610807
1612931
1613942
1613977
1616677
1622588
1634647
1637550
1638881
1649235
1653228
1654841
1656599
1657702
1660313
1662156
1663399
1665276
1668390
1668694
1669264
1669767
1675039
1676005
1682459
1687694
1691787
1692236
1697585
1702536
1734076
1735560
1737614
1739787
1741204
1751959
1754269
1754561
1762566
1762722
1768277
1771679
1774262
1774373
1790698
1794808
1796507
1804043
1805598
1805671
1807615
1815765
1821662
1824045
1830415
1830976
1832521
1834763
1842677
1845710
1858717
1860330
1862133
1862705
1870495
1872020
1874972
1877713
1881462
1889794
1892359
1893389
1895294
1898143
1900166
1902861
1908507
1915024
1917655
1919521
1919956
1920407
1923490
1924323
1926428
1933742
1941567
1943210
1944512
1946190
1946276
1951780
1957041
1958446
1960684
1960812
1962055
1994760
1995674
