-1997235
-1994461
-1994117
-1990239
-1970618
-1969486
-1966073
-1965831
-1963766
-1959015
-1955138
-1944042
-1940528
-1933347
-1931795
-1927771
-1924132
-1923121
-1922501
-1920183
-1919149
-1912563
-1912177
-1905319
-1884867
-1883646
-1880704
-1878888
-1878610
-1875164
-1872119
-1863676
-1859540
-1856782
-1853450
-1851725
-1850345
-1845812
-1836788
-1835300
-1834862
-1828175
-1825616
-1817676
-1816049
-1813610
-1812241
-1811385
-1810152
-1806353
-1801138
-1796996
-1794557
-1787047
-1775298
-1764213
-1760057
-1759974
-1753709
-1748808
-1748327
-1737540
-1736915
-1736570
-1719482
-1718318
-1715821
-1715540
-1701187
-1700960
-1698465
-1696083
-1687175
-1683611
-1682409
-1670918
-1669447
-1668136
-1667443
-1665554
-1664818
-1663114
-1656434
-1654265
-1651492
-1644030
-1643192
-1641947
-1638289
-1637022
-1625806
-1624652
-1623590
-1622611
-1617693
-1616546
-1613123
-1611497
-1596115
-1595076
-1589687
-1586269
-1583581
-1578115
-1577409
-1575060
-1573512
-1557643
-1557150
-1553852
-1552733
-1549434
-1532498
-1532456
-1531299
-1527287
-1518396
-1505592
-1502766
-1500489
-1499187
-1492091
-1487473
-1484450
-1480138
-1477632
-1477425
-1477001
-1464308
-1452353
-1452263
-1450332
-1447846
-1439969
-1425638
-1399705
-1398142
-1392858
-1388734
-1386823
-1368328
-1366526
-1366120
-1357548
-1357050
-1356859
-1354937
-1354707
-1332924
-1323799
-1319951
-1319433
-1314535
-1313937
-1312273
-1292148
-1291509
-1289627
-1288741
-1282629
-1281156
-1278195
-1277033
-1275436
-1270984
-1256868
-1252919
-1252581
-1249966
-1246737
-1243639
-1228438
-1227143
-1224150
-1223798
-1220941
-1219807
-1219635
-1217595
-1208767
-1208427
-1205359
-1201016
-1199099
-1198301
-1195356
-1190132
-1178033
-1172163
-1167349
-1164185
-1155303
-1151702
-1151212
-1150222
-1144243
-1128765
-1120835
-1119862
-1116311
-1115441
-1108794
-1107726
-1105114
-1103464
-1103157
-1093094
-1092405
-1081753
-1061081
-1060159
-1053798
-1052817
-1048145
-1047208
-1042852
-1038679
-1035959
-1030901
-1023442
-1020612
-1017058
-1016606
-1015939
-1013160
-1008742
-998414
-997528
-990729
-987931
-986996
-982564
-982268
-979180
-977852
-972131
-963420
-957407
-953312
-952473
-951034
-950716
-944975
-941133
-932047
-929695
-926369
-926069
-924897
-924592
-922986
-921523
-916904
-894012
-890688
-889191
-888042
-884302
-883683
-883279
-880150
-878448
-875799
-874793
-863005
-859194
-858945
-852312
-845937
-845856
-838347
-837108
-836721
-824572
-822613
-821934
-792223
-789988
-789172
-788678
-787257
-784104
-783610
-778852
-773804
-772806
-771608
-765926
-759171
-743379
-736377
-729221
-725884
-719512
-718536
-707446
-698641
-698261
-690697
-689224
-687002
-686758
-683203
-681357
-670396
-670000
-664598
-663991
-662349
-661772
-659954
-649953
-649092
-637419
-636466
-627323
-623716
-622307
-622021
-616194
-615779
-606132
-597380
-592236
-591538
-589840
-589037
-586557
-586122
-582402
-581289
-579168
-576910
-570442
-570091
-569156
-560384
-550772
-537371
-533138
-526453
-518719
-515950
-509989
-502490
-501040
-500387
-499874
-496156
-491007
-490777
-487107
-486758
-479662
-470920
-468386
-465990
-459462
-458947
-458045
-455103
-442666
-437427
-437247
-436196
-434762
-431668
-422298
-410641
-391700
-389545
-386733
-383577
-379044
-378034
-377518
-376595
-367247
-362420
-360897
-356679
-353922
-348594
-343786
-341140
-339023
-328858
-309248
-308699
-307420
-303325
-301208
-297332
-290622
-286738
-285539
-282425
-281807
-277935
-274515
-264324
-249792
-247265
-245674
-244737
-242688
-240157
-239620
-237368
-237358
-234482
-234229
-232844
-223986
-223652
-218452
-204966
-204578
-199739
-198174
-194373
-192976
-189181
-189137
-186958
-178102
-177542
-176662
-171734
-171588
-167450
-167211
-163207
-160609
-154563
-150406
-147964
-144091
-142384
-140079
-135816
-135610
-122266
-106009
-105792
-101754
-98879
-92704
-91848
-90223
-85622
-63695
-57750
-54620
-50890
-49769
-45133
-40766
-40590
-39782
-34778
-33568
-31176
-30572
-30253
-27381
-25866
-4704
1758
5124
8159
9781
11119
21704
23109
24989
35099
37278
37395
39024
40350
45354
46154
47721
51737
67919
69112
75436
75640
79842
85369
86122
93650
94243
95002
99997
100336
103289
104060
105521
106155
111902
113128
115035
115427
119683
126370
133816
136269
137452
138575
140492
142495
142792
143523
146629
150766
150856
152004
166151
166268
170744
172188
182413
183840
187165
196004
196007
204983
207547
219708
222824
225308
226562
237435
238445
243995
246495
249739
250579
252066
255578
255592
261568
262712
268098
273650
274288
278123
283723
283790
290260
292690
315735
316975
317082
321958
322803
324511
328426
328589
331216
332033
337634
347627
348883
362938
363997
366272
369010
369642
374640
381717
382078
383898
384738
387138
387298
388347
388875
394639
400038
408748
409187
415314
417946
419717
419937
420220
423714
425182
427056
427603
430047
441298
441590
442644
447280
451020
461803
471528
479970
480511
486699
490324
496650
499272
499532
501241
503354
517991
526132
532669
536127
538526
543003
543920
547488
555756
558010
563959
567013
567679
567901
572711
572783
577736
579110
579230
585688
591048
591310
592625
598489
600260
605582
611817
612126
625114
628410
633565
646088
648715
648845
657829
658474
662957
665462
670931
678052
681006
683181
687619
691676
692733
692881
697616
706652
707303
708647
709266
711726
715206
716504
717303
719128
719612
722304
723002
723407
725338
741470
741610
743618
751530
752565
754186
754716
759419
764540
766119
771304
774171
777409
778922
787415
787620
788814
788980
801842
805496
809953
821931
826335
827018
827694
828267
840132
846610
848511
852315
856761
859689
861088
863990
867619
869654
870246
871065
879038
881754
885282
896072
896521
907071
909008
918059
919325
933636
937379
938174
938783
941614
945003
951621
951898
954686
956045
966892
971664
979730
985671
986459
997926
999391
1011860
1026392
1028428
1030029
1030840
1044929
1046332
1048204
1050074
1053146
1058384
1063581
1067718
1068221
1069534
1069938
1081487
1087313
1087792
1090057
1091042
1093331
1095525
1100480
1102196
1109912
1110417
1110597
1119578
1123723
1129875
1133425
1142355
1155599
1156564
1168262
1168268
1169979
1175755
1182184
1183148
1189190
1194693
1195882
1200619
1204321
1211169
1218575
1218755
1224746
1240549
1240979
1242751
1249342
1251779
1257142
1257502
1259036
1261885
1266257
1266846
1268522
1268833
1270380
1281966
1286625
1288504
1291616
1292602
1293771
1301590
1303631
1305855
1306323
1307175
1310384
1312759
1315684
1317076
1318669
1321342
1323106
1336627
1339050
1339655
1342739
1344197
1348489
1349317
1352642
1356548
1356889
1362996
1371275
1372729
1379931
1381029
1389934
1390703
1397498
1400230
1401259
1403231
1406752
1412908
1425668
1426316
1426332
1438658
1440640
1445786
1445835
1446762
1453439
1455459
1459037
1465320
1468082
1473150
1474878
1482185
1487453
1488868
1494083
1509370
1511169
1515789
1519104
1522551
1526932
1527093
1533312
1534096
1541139
1543593
1550127
1552834
1561694
1578613
1583066
1596463
1597143
1603011
1607595
1611709
1612600
1624929
1625767
1625873
1627451
1630516
1636022
1636996
1639490
1643107
1644600
1648192
1650923
1657823
1663664
1665383
1666874
1676016
1677398
1678380
1678770
1682022
1683389
1684014
1684370
1694345
1694674
1707110
1708936
1710298
1716959
1717379
1717650
1732525
1737458
1738100
1742163
1742300
1754318
1757816
1758896
1762398
1768697
1774310
1774599
1779610
1781801
1787201
1798202
1799741
1800871
1811228
1814289
1818026
1819886
1820858
1822428
1826196
1829810
1835292
1839581
1840765
1845482
1846028
1855769
1856373
1859283
1860879
1863602
1868518
1870019
1870916
1873106
1873280
1873336
1875723
1878918
1879778
1880215
1880525
1880636
1880703
1883539
1889267
1891107
1893779
1894389
1895389
1896828
1898178
1900195
1904870
1904918
1911024
1914592
1915636
1922425
1922871
1926857
1927739
1928713
1944240
1944368
1951656
1952188
1952951
1954381
1956910
1960462
1961616
1963422
1965916
1976138
1983758
1993523
1994866
1995105
1995757
1999148
1999784
