-1999707
-1996813
-1991707
-1991688
-1985763
-1984257
-1983296
-1977958
-1975269
-1971890
-1970249
-1963970
-1958729
-1953473
-1947186
-1941064
-1939485
-1936588
-1934395
-1932892
-1930606
-1926923
-1925464
-1923873
-1921758
-1920649
-1920145
-1918861
-1917051
-1915202
-1911621
-1909916
-1909185
-1906543
-1894648
-1892998
-1888022
-1885750
-1885017
-1880526
-1877980
-1871928
-1871694
-1871054
-1865818
-1864281
-1858108
-1855263
-1854963
-1854084
-1836378
-1836267
-1833032
-1828107
-1827531
-1820502
-1815607
-1809524
-1806858
-1806247
-1794755
-1792417
-1791273
-1786808
-1785331
-1783815
-1780292
-1774520
-1760010
-1751114
-1750397
-1741321
-1732855
-1731638
-1724049
-1713374
-1712094
-1706096
-1700937
-1697355
-1696752
-1687330
-1686032
-1681635
-1677880
-1673335
-1660266
-1660204
-1657570
-1656959
-1647203
-1644950
-1644666
-1632385
-1631439
-1626436
-1625213
-1623289
-1622194
-1618938
-1616231
-1614980
-1608517
-1601148
-1596658
-1593421
-1585000
-1584926
-1584546
-1583545
-1578770
-1569312
-1557245
-1555350
-1554940
-1546889
-1543184
-1533150
-1531935
-1531927
-1531917
-1528973
-1524898
-1524183
-1521333
-1521289
-1512076
-1508840
-1507418
-1500815
-1500308
-1498451
-1497959
-1497087
-1496203
-1488892
-1488138
-1476078
-1474552
-1474033
-1473932
-1473479
-1466713
-1466341
-1465203
-1463690
-1460648
-1458242
-1450550
-1448621
-1432256
-1430358
-1425237
-1423807
-1422697
-1421481
-1409971
-1402826
-1401867
-1398556
-1398320
-1394536
-1387062
-1374382
-1371295
-1364820
-1362447
-1361881
-1351575
-1348700
-1348604
-1348239
-1342905
-1339096
-1335506
-1325615
-1323849
-1321779
-1308813
-1300110
-1298016
-1297581
-1297207
-1291492
-1291112
-1288813
-1284446
-1284052
-1281623
-1280481
-1270793
-1268965
-1258147
-1257260
-1250716
-1236533
-1234501
-1229135
-1228189
-1226831
-1217684
-1216034
-1214022
-1213797
-1209287
-1203129
-1202971
-1202281
-1195135
-1189527
-1182375
-1174187
-1172482
-1166292
-1165650
-1156432
-1148909
-1143833
-1141478
-1141387
-1128206
-1113182
-1112954
-1107905
-1100293
-1100283
-1090960
-1088178
-1073583
-1069618
-1068272
-1065692
-1065011
-1063802
-1058556
-1053219
-1047736
-1047248
-1044802
-1043169
-1036129
-1035217
-1034070
-1028080
-1026385
-1024047
-1023555
-1023226
-1023109
-1013658
-1012148
-1008689
-1005613
-1005305
-1002729
-1001101
-999354
-997959
-996703
-996198
-992176
-992104
-990651
-989119
-973207
-971016
-969774
-968962
-968293
-967199
-964016
-956116
-953379
-950020
-934244
-928973
-920559
-917642
-907470
-906743
-903754
-899665
-898239
-889262
-887712
-879374
-877429
-873370
-870865
-869883
-866943
-865600
-855677
-855073
-849441
-849079
-841809
-838912
-830300
-829843
-829724
-827011
-820530
-817045
-814861
-814476
-812279
-805865
-801640
-800344
-797408
-790975
-779018
-773456
-771509
-770373
-768447
-763131
-761708
-760927
-760920
-760505
-758002
-756776
-752413
-751250
-747504
-744789
-742036
-740484
-737908
-732847
-727086
-724665
-723867
-720927
-718033
-709505
-706071
-702437
-695077
-688453
-681279
-676690
-670559
-668714
-668585
-665397
-655248
-652244
-651136
-646638
-638656
-625880
-608249
-608092
-606940
-604825
-598956
-595201
-594513
-585565
-583363
-582792
-579629
-574211
-572849
-568844
-561053
-554708
-550057
-545720
-542137
-540284
-538251
-535291
-530347
-520011
-515758
-514072
-508344
-506411
-497165
-489650
-484494
-482313
-480003
-468990
-455796
-454762
-454123
-452907
-452499
-449249
-448922
-444453
-441415
-439308
-439150
-437494
-433773
-431418
-426577
-420322
-413080
-409738
-406583
-400551
-400126
-390679
-389757
-388643
-387549
-377793
-377099
-370292
-363197
-360077
-351035
-349121
-347997
-337093
-335982
-334578
-330930
-329618
-328134
-323208
-318417
-313892
-306132
-299154
-297758
-297757
-297510
-285082
-283963
-282058
-281965
-279921
-271590
-270326
-269504
-259583
-259173
-258837
-255487
-241620
-237669
-232022
-230276
-228959
-220727
-219040
-217800
-216110
-208515
-207459
-206483
-205877
-202449
-194710
-192503
-182541
-175598
-174384
-169990
-168104
-165469
-158593
-157013
-156879
-152487
-133264
-132468
-113533
-111648
-110067
-109352
-108355
-106805
-106268
-105007
-100318
-96539
-90727
-89197
-89133
-79687
-78542
-78130
-75933
-71097
-67195
-66243
-65299
-59365
-51241
-44327
-43847
-31030
-26608
-24908
-20426
-15124
-13771
-4707
-2592
1141
1573
5022
9788
11070
12428
17492
18278
20137
25019
27980
28344
29875
33112
47444
50069
51246
52298
54020
54767
55292
56566
60986
65828
71836
72069
72687
73743
74816
79344
83041
90232
93323
93372
94077
94333
99768
101536
102992
104361
112968
114351
118302
118533
125785
141769
143524
146906
149363
156463
162563
163387
164578
166901
172075
177527
177671
182597
196683
208614
211272
211938
212174
216329
216347
216732
220236
225695
232715
232885
233935
237311
237981
242228
251799
253249
269329
280419
288019
289071
289883
290373
291804
298976
324531
325252
334884
335335
335808
340758
342715
358184
358388
361998
363582
367576
368452
369934
369964
372381
377427
384852
386298
397912
409366
412939
416308
417307
419379
423979
426054
428700
430717
431250
433662
436622
451906
459905
467544
476718
477794
487246
489065
490248
490956
494124
494728
501679
504612
505773
505927
509446
516431
524780
526936
530939
533500
537624
541120
543908
545274
547102
553947
554511
555404
555898
556897
565784
567022
568607
570147
574680
576780
577350
581035
597265
597353
598421
599414
600640
601324
604756
610067
615600
621225
622444
623253
623504
628715
631547
636059
636662
649791
650943
654094
655742
657695
672398
675956
685290
685478
688963
693421
697584
699682
708990
711125
717136
717935
722038
724829
733296
736868
742434
750211
751581
751928
761067
762620
763126
764371
766054
767349
779266
780868
803604
811441
816547
826609
830173
835803
838235
842327
842374
846673
849984
857367
862272
863571
864048
866564
867350
869582
870587
887169
891193
896065
900477
900546
902107
913402
915582
918806
919699
921520
921763
925701
932029
938697
939589
939677
942176
944579
949046
951605
952359
953697
954890
955246
969736
971723
971728
971830
973597
973656
977141
983518
983759
991680
992123
994866
995763
1004840
1005723
1011034
1016291
1023344
1031573
1033853
1037437
1037693
1039347
1040578
1043904
1046396
1061248
1062022
1062716
1065038
1067841
1068713
1071187
1076357
1079211
1081620
1083053
1084441
1091214
1094335
1103621
1109103
1113155
1113847
1115329
1120541
1124312
1128541
1129771
1130563
1148845
1150618
1154755
1164100
1164658
1172503
1173055
1175187
1179765
1181988
1182462
1204434
1206236
1210002
1223076
1228004
1228893
1232418
1234756
1238285
1238506
1247350
1249453
1253123
1255471
1275670
1288023
1289520
1290696
1290808
1296103
1299732
1307590
1309010
1310432
1319399
1319446
1320459
1322821
1327379
1341614
1341969
1342366
1346260
1351497
1364463
1368456
1368674
1379863
1382940
1382954
1390088
1399198
1400133
1400508
1404963
1405543
1408008
1414970
1415064
1416061
1421176
1421902
1422303
1431301
1432005
1437973
1444802
1462071
1465523
1466920
1467246
1467627
1475207
1486482
1489297
1500713
1507255
1508657
1515898
1516736
1516999
1517860
1527357
1529432
1534276
1537037
1539311
1541720
1553142
1554158
1560231
1560636
1564085
1567579
1569448
1570507
1575979
1578460
1600263
1602252
1602960
1607493
1609642
1612818
1626548
1629801
1633994
1635489
1639431
1640152
1653149
1655333
1661007
1668697
1668898
1669094
1674564
1679651
1680613
1680640
1681269
1684106
1692937
1693290
1695394
1700429
1712319
1713415
1716212
1718248
1719005
1720970
1721639
1723303
1736314
1738323
1739599
1740700
1766652
1769855
1775051
1776685
1778152
1780835
1783057
1784732
1787366
1796161
1803888
1807690
1810892
1822748
1824431
1824866
1839240
1839712
1843115
1843355
1850317
1854443
1858301
1861113
1863789
1870367
1879376
1884185
1884854
1886716
1892561
1894784
1902114
1903672
1904423
1904803
1905069
1918621
1924179
1925308
1928922
1946079
1947875
1953023
1956655
1966805
1967068
1967676
1968563
1968849
1981146
1985073
1986566
1990827
