-1997584
-1996799
-1989659
-1983148
-1980979
-1979745
-1979199
-1975480
-1960973
-1953305
-1951488
-1944201
-1937205
-1935810
-1934528
-1930305
-1927813
-1927616
-1921002
-1919418
-1916836
-1915126
-1912453
-1909291
-1905676
-1902614
-1894018
-1888055
-1887374
-1885350
-1880631
-1880006
-1879763
-1879641
-1873871
-1873344
-1871659
-1866274
-1865328
-1856759
-1850702
-1845219
-1841999
-1831151
-1820500
-1818829
-1817684
-1813234
-1812633
-1809178
-1804412
-1800825
-1799452
-1788819
-1784644
-1784178
-1778508
-1772761
-1771077
-1769781
-1762006
-1757105
-1755949
-1753977
-1749585
-1746303
-1745817
-1738632
-1738103
-1729483
-1721987
-1718778
-1716511
-1709056
-1697475
-1692671
-1686292
-1685167
-1684064
-1681954
-1677875
-1676797
-1670162
-1669982
-1669744
-1669267
-1662296
-1660277
-1649381
-1648161
-1639454
-1629364
-1625866
-1623238
-1619257
-1616723
-1615268
-1610537
-1604068
-1602883
-1598547
-1593900
-1592985
-1588595
-1582626
-1581858
-1579304
-1577800
-1574035
-1565451
-1565389
-1560100
-1556693
-1548146
-1545927
-1542438
-1521981
-1517370
-1515947
-1513544
-1512427
-1511489
-1510135
-1504050
-1501806
-1492082
-1482340
-1482078
-1480871
-1480617
-1480145
-1478039
-1475051
-1468400
-1468185
-1466554
-1460099
-1456310
-1446772
-1446460
-1441972
-1438806
-1434506
-1430995
-1422383
-1421121
-1419526
-1418156
-1414858
-1412311
-1401842
-1401000
-1388821
-1384003
-1382370
-1379386
-1365870
-1359786
-1359064
-1358919
-1353505
-1344104
-1312617
-1308863
-1302979
-1302692
-1299436
-1296731
-1296635
-1294136
-1293781
-1284279
-1282116
-1278953
-1277845
-1277376
-1273475
-1271457
-1269000
-1262492
-1259234
-1257897
-1256884
-1250877
-1246678
-1244193
-1241962
-1236425
-1234776
-1227060
-1223112
-1219198
-1209740
-1207669
-1204797
-1199581
-1197613
-1185206
-1182169
-1181517
-1169108
-1166935
-1165086
-1160071
-1158179
-1148360
-1144120
-1142299
-1135034
-1134961
-1134902
-1134347
-1131144
-1120801
-1120360
-1119878
-1111897
-1111553
-1109229
-1108984
-1108506
-1103689
-1103595
-1089721
-1083879
-1081987
-1080709
-1078125
-1075068
-1073030
-1063536
-1057372
-1052413
-1040502
-1038650
-1029008
-1013548
-1011062
-1005573
-1003508
-997064
-996497
-994226
-984338
-983333
-979724
-977502
-975248
-971323
-970682
-967577
-961757
-960917
-960240
-955536
-955313
-953793
-950565
-949236
-941787
-925537
-922492
-920776
-920622
-919017
-914641
-911677
-910569
-909150
-907277
-902797
-900721
-897320
-892335
-891240
-890963
-887194
-870590
-863305
-857751
-857627
-855110
-853240
-850857
-848056
-837386
-836508
-827482
-823967
-819943
-817688
-808358
-807049
-801770
-798139
-793549
-787395
-786520
-783612
-768131
-767919
-757370
-757104
-751906
-739914
-736799
-731737
-730038
-729708
-727463
-723799
-720888
-711255
-702872
-690584
-683381
-673430
-671168
-660187
-653666
-653077
-649378
-646758
-644218
-643759
-642156
-639630
-635767
-634211
-632133
-625108
-623517
-617083
-615143
-614741
-611918
-607274
-594289
-592989
-586721
-586338
-577253
-562779
-555987
-551899
-551550
-550541
-538979
-537832
-534800
-532091
-531515
-524745
-522665
-520718
-513464
-511029
-510614
-507424
-505589
-504788
-501789
-501541
-501345
-500890
-498579
-494089
-490353
-489814
-488385
-486165
-471227
-470537
-465582
-464150
-448030
-435851
-435431
-432556
-430882
-429311
-426122
-418011
-411023
-401661
-400662
-394436
-393806
-393363
-391361
-389035
-386015
-380487
-379752
-375861
-375530
-369176
-368975
-368373
-366898
-354018
-350123
-338866
-337513
-330228
-325849
-322011
-321947
-309540
-305903
-303369
-302051
-299588
-297965
-297083
-293336
-292961
-291961
-289372
-279521
-279028
-273732
-266268
-265146
-264888
-255454
-250639
-248559
-247005
-239526
-236819
-234022
-233553
-216243
-206593
-205605
-202023
-200114
-199073
-196366
-188689
-188485
-186826
-183579
-177323
-163769
-152717
-139058
-131202
-126380
-124983
-123120
-121961
-120081
-119445
-116548
-116297
-114403
-108273
-104610
-103746
-102174
-98742
-96993
-94891
-90493
-89280
-84949
-82028
-80975
-76206
-74771
-74694
-72166
-59521
-54388
-53585
-51738
-51300
-49396
-46812
-45854
-32911
-31153
-30055
-23633
-23040
-5035
2717
10039
16219
16360
19077
22963
31214
35820
39122
39966
46378
53026
53616
53638
58446
63252
65865
66123
68684
70022
77665
79032
80268
80391
80637
83252
84465
87381
88314
88565
95448
95943
102082
106184
107285
122441
131435
135000
135739
137600
140906
141233
145317
147364
156531
163775
170762
175875
177302
178428
180202
185006
188868
190298
196678
201992
223321
225736
233327
235611
247851
250214
251412
251801
256754
270085
272898
278051
282687
286667
295440
299179
303408
307209
321696
325622
325851
331320
332387
332938
334338
347130
350115
373635
374462
379684
380831
381572
383634
394652
399262
402620
404922
409825
414521
416202
416713
416971
417486
417647
419343
423305
432057
432862
434374
451153
454476
457313
466782
470030
474678
475186
483217
488801
492896
497643
504700
505714
506856
518921
520725
522360
524072
531206
531598
532682
540913
542403
546133
546275
547441
555780
559992
562567
563829
569762
570085
580959
582350
591325
597765
602775
603639
608908
609448
610710
617639
627220
629282
629480
629685
631345
631412
632689
636411
637807
639357
640452
641308
643444
648293
653665
654461
669695
676368
678239
681727
684601
688671
697067
699727
701389
719439
724224
731261
736873
738970
743975
745589
745748
748874
750769
751034
753208
753787
762444
764912
770667
771844
771931
773626
775866
777034
781114
788158
801372
804871
843427
843584
853203
854973
855313
874108
878240
884779
887865
891354
911931
912202
912511
913790
917773
919912
919994
923880
926110
927580
927626
930738
940248
944895
975438
978148
982166
983317
984737
986729
987101
987276
992316
995471
996169
997751
1001148
1006960
1011930
1014435
1014527
1014868
1019858
1023815
1023815
1035467
1040294
1041813
1044386
1044703
1046503
1047311
1048335
1048653
1055645
1067789
1069291
1071462
1073392
1075270
1078251
1081994
1092562
1093240
1096049
1101930
1103189
1106997
1107745
1108939
1111850
1113565
1114395
1119336
1120833
1124159
1126744
1132039
1139643
1140775
1148045
1150723
1155052
1155896
1163500
1164671
1169613
1174539
1181707
1182374
1189545
1197313
1197646
1198392
1200937
1209577
1211107
1214631
1218206
1218796
1219663
1219814
1221312
1221377
1222321
1222578
1224746
1225809
1232637
1235484
1238271
1241234
1244242
1249265
1254942
1262622
1263296
1271238
1275197
1278753
1278836
1282787
1288821
1290117
1292917
1293672
1296068
1299441
1306893
1314311
1315720
1318466
1329717
1334250
1334577
1334796
1335552
1337825
1337858
1337991
1338968
1341377
1346328
1349066
1349402
1350040
1353666
1358047
1362247
1368668
1368707
1376999
1385558
1386467
1389988
1392975
1400155
1400208
1400411
1400541
1403406
1404715
1405784
1407832
1411026
1413203
1416729
1418704
1418743
1421961
1427478
1428452
1432185
1439021
1439952
1441369
1444759
1449113
1449218
1459226
1462225
1463396
1468146
1471675
1472824
1474083
1476178
1479119
1480629
1483948
1486352
1506103
1508045
1509182
1509659
1511247
1518418
1528448
1547676
1550189
1550255
1561215
1566949
1568960
1578129
1583197
1592991
1595449
1596553
1597691
1598659
1599606
1611764
1612169
1616134
1629103
1640253
1644684
1645464
1645683
1646833
1649296
1650794
1655065
1663990
1667234
1673629
1678381
1678763
1690842
1690963
1700792
1701495
1706384
1712032
1715963
1716324
1717130
1721277
1730121
1731850
1735708
1741566
1742695
1745801
1748453
1748764
1750924
1756746
1757257
1758964
1760935
1762178
1763394
1768703
1771135
1773169
1776456
1789625
1789804
1790017
1794946
1795406
1800416
1811643
1811838
1812892
1813976
1819724
1822364
1823919
1823922
1824246
1824637
1829241
1835684
1837043
1837731
1840680
1853084
1853582
1861559
1862556
1866070
1866396
1868962
1870623
1878565
1884666
1892990
1898358
1910838
1917546
1918462
1920587
1923554
1925737
1926757
1935212
1935258
1939435
1942216
1953562
1953977
1954769
1957547
1958434
1960003
1966526
1971987
1978740
1986684
1989792
1997250
1998849
