-1998799
-1992793
-1992093
-1981213
-1980328
-1976030
-1968548
-1965700
-1965234
-1962434
-1961714
-1959905
-1956515
-1955937
-1953204
-1953137
-1949911
-1949123
-1942087
-1940856
-1932622
-1930739
-1918230
-1917970
-1916557
-1915531
-1898821
-1891951
-1889616
-1880310
-1873362
-1871510
-1869342
-1854503
-1852997
-1852713
-1848142
-1842066
-1840532
-1832697
-1812416
-1811997
-1805887
-1799928
-1798826
-1797999
-1796265
-1795866
-1791144
-1789171
-1788211
-1787773
-1759398
-1758688
-1757017
-1754610
-1748397
-1740509
-1739533
-1733637
-1709378
-1707588
-1698609
-1694960
-1682632
-1682505
-1676618
-1674765
-1674670
-1672332
-1671916
-1669776
-1660033
-1660015
-1659615
-1659510
-1651127
-1643445
-1631638
-1630774
-1627903
-1624892
-1620134
-1619893
-1618485
-1615500
-1605226
-1603652
-1600287
-1597669
-1596160
-1594805
-1593531
-1590096
-1589966
-1574817
-1574676
-1562619
-1561787
-1561607
-1557325
-1556159
-1553892
-1550152
-1543435
-1538622
-1532668
-1531569
-1530021
-1528381
-1523781
-1520252
-1505150
-1505044
-1495996
-1495006
-1480528
-1473239
-1465638
-1459545
-1452600
-1445046
-1437699
-1431593
-1420105
-1418454
-1407397
-1406325
-1405962
-1405911
-1403003
-1399013
-1397199
-1386684
-1384765
-1374724
-1371872
-1371367
-1367215
-1366596
-1362991
-1355824
-1347902
-1345824
-1344551
-1343179
-1341930
-1340886
-1336120
-1333998
-1333286
-1332590
-1332045
-1327427
-1325756
-1322581
-1316314
-1309203
-1290977
-1290402
-1283726
-1283274
-1278924
-1276572
-1272798
-1271277
-1270352
-1266655
-1262695
-1260563
-1260531
-1256708
-1252281
-1250725
-1247824
-1230193
-1229824
-1229641
-1217997
-1217135
-1216487
-1210163
-1204949
-1201382
-1197543
-1195507
-1192910
-1192182
-1190769
-1177871
-1170399
-1166828
-1164021
-1161698
-1161664
-1160333
-1158236
-1157728
-1152568
-1143414
-1140166
-1139102
-1138644
-1138225
-1131327
-1118557
-1106383
-1093131
-1079558
-1075295
-1070689
-1068070
-1066698
-1056068
-1049721
-1045849
-1032386
-1028918
-1027864
-1016636
-1011352
-1010644
-1007677
-994587
-992772
-991775
-991738
-969152
-968445
-967626
-961574
-961310
-956327
-954296
-941885
-941131
-927507
-921560
-917726
-917368
-910276
-909004
-899029
-894313
-894101
-893702
-892405
-885281
-884968
-884147
-883456
-883150
-876202
-868974
-867148
-866711
-864338
-860561
-850241
-849641
-845734
-840889
-840426
-829928
-823291
-823224
-821829
-818077
-807837
-805797
-803980
-800814
-799559
-798596
-789454
-788705
-785438
-785160
-781350
-779554
-779157
-778658
-775328
-765733
-764063
-753993
-750346
-749541
-748070
-742839
-737521
-734249
-731702
-726667
-716501
-712665
-711433
-709273
-704893
-700418
-689220
-687764
-685560
-682523
-679593
-676848
-670779
-669306
-668059
-665747
-665259
-664886
-658586
-655413
-654562
-645110
-639500
-639426
-633140
-632036
-629596
-625184
-610234
-609705
-599835
-599144
-597722
-594543
-591665
-591177
-588313
-582093
-578001
-577360
-563648
-562519
-559157
-557354
-551294
-550513
-548243
-545688
-538117
-536527
-527819
-527619
-527233
-525762
-525585
-512759
-506494
-505681
-480566
-477524
-471788
-470556
-456791
-449258
-447057
-440436
-433626
-427582
-427092
-426796
-425563
-424544
-423448
-417421
-412450
-402458
-400649
-400129
-398091
-394633
-394605
-392600
-391082
-382624
-377986
-373495
-369370
-364789
-357584
-357551
-355351
-354275
-352534
-347995
-347434
-344832
-344371
-338474
-329174
-314574
-310669
-310593
-307139
-305500
-295723
-294885
-290712
-288583
-287291
-284194
-276206
-275494
-269005
-265376
-259709
-258983
-255526
-253582
-252773
-251824
-246470
-237116
-230116
-225634
-218906
-216367
-205643
-200757
-198317
-198243
-194542
-188794
-188313
-187320
-184928
-182242
-181348
-180904
-179873
-179665
-175535
-172304
-170673
-168935
-168068
-165740
-165706
-158125
-156039
-153004
-151658
-148352
-147603
-143755
-141811
-137971
-136643
-134084
-130288
-122177
-120907
-117723
-117511
-103238
-102079
-100173
-90999
-88554
-87491
-78939
-72953
-68691
-66160
-57412
-53921
-52681
-49675
-47733
-44874
-44832
-43450
-36828
-36257
-32865
-28714
-27973
-21430
-10827
-2959
10886
11245
16836
26366
27283
30005
30282
33375
36712
41985
53252
56997
64025
77042
79423
88292
88329
89372
92074
94729
95226
98547
103154
103822
108236
114248
115569
117010
118243
122459
122570
131883
134632
145211
146502
148539
149977
153112
158525
160637
160984
161085
161672
169949
175373
175575
176653
176912
177057
178658
185416
193759
195063
195204
196237
197523
199934
202784
205793
207743
210435
213073
214403
220660
228069
236663
238111
239544
246349
246616
256857
259065
259398
281080
282024
285252
287056
290307
291801
300335
306491
311932
312170
326660
330938
331546
337770
340551
342356
345663
345884
347816
349152
349924
355114
361719
362401
364733
368472
369095
376342
385354
388964
392970
397955
399644
400761
407600
412312
416545
419888
420935
421975
429954
430198
431233
436255
438757
440374
459002
468119
469340
478512
482128
484554
485742
486068
486678
486951
500046
500265
504160
504274
510098
510583
511677
513120
520081
526237
527264
528895
536424
538494
539259
540211
546886
551260
558339
562641
565644
573379
576095
583591
593619
595150
595432
597806
610379
610448
612753
622360
627426
630361
633974
640233
643474
650004
653119
653715
656795
660658
663951
672634
685489
686260
694597
698750
703071
703351
706171
714303
716476
718891
722263
723003
726226
734474
735427
736636
738725
750166
752610
754948
757636
761585
766346
779510
782519
804583
808146
809664
812679
817672
824477
829571
832927
833258
836044
842463
845465
845638
846637
851945
852219
852479
857697
860658
866010
866396
869697
871200
875493
875574
879214
883043
887851
893715
895297
895832
896028
897232
912055
916730
918748
926609
932915
936328
943935
948212
950598
955898
958871
962317
962550
963426
964136
969989
970274
973243
981268
981607
984197
986034
986473
987097
989070
989821
993561
1007124
1012056
1012589
1014093
1014406
1019740
1022251
1023357
1031031
1034573
1035539
1035769
1040390
1045320
1045408
1045875
1045909
1049152
1049262
1057297
1064707
1069093
1075281
1076867
1078119
1094933
1096617
1104945
1115862
1116220
1124103
1128583
1131418
1132190
1137387
1143790
1145392
1148353
1150417
1158209
1160817
1165223
1166890
1173205
1184038
1186729
1193173
1198752
1202500
1203700
1207370
1212187
1214196
1224012
1230719
1230764
1238103
1239261
1242613
1247453
1252340
1252887
1254221
1260686
1264299
1267628
1272062
1272841
1274351
1274891
1289231
1292791
1295329
1295933
1296003
1299537
1303416
1308732
1331435
1334943
1341246
1343839
1345067
1348810
1355244
1363113
1367270
1378288
1385935
1387114
1387712
1391280
1392167
1397625
1403318
1407131
1409008
1409515
1420698
1421707
1426069
1426743
1428098
1428330
1431706
1435242
1439492
1443690
1448135
1448597
1451464
1452181
1462543
1467776
1468299
1469185
1470526
1473611
1474244
1477393
1479125
1479421
1482447
1489728
1495491
1503014
1504215
1508442
1510875
1510898
1511192
1512400
1513415
1522641
1525735
1525799
1526795
1534723
1538302
1538345
1539411
1545863
1548427
1551553
1553721
1558603
1559028
1559775
1565252
1566312
1571210
1573463
1574196
1575457
1579955
1584144
1586155
1592758
1593232
1601030
1602112
1615509
1620370
1620808
1626788
1626878
1628033
1629447
1631940
1640461
1648525
1651263
1651409
1653830
1654952
1656508
1657746
1662729
1691917
1692138
1702721
1703932
1704598
1704664
1721611
1723163
1729559
1730639
1738737
1742994
1745185
1746073
1748103
1749809
1753267
1756477
1757897
1758780
1765434
1770449
1770557
1774580
1780809
1782521
1787015
1789169
1796032
1796918
1798464
1798623
1799143
1806726
1813747
1817736
1822044
1823629
1832725
1835636
1836071
1841901
1843678
1847767
1858564
1866163
1869500
1869637
1870685
1873900
1885148
1888260
1890056
1893552
1893799
1900361
1901534
1911488
1918688
1919623
1921446
1924978
1925794
1932438
1934406
1937678
1941979
1943645
1948115
1949178
1950878
1954779
1958413
1961330
1961832
1966342
1977916
1978531
1989080
1992882
1999700
