-1998587
-1996053
-1980756
-1968948
-1966299
-1964286
-1961825
-1956421
-1956364
-1953270
-1952493
-1942008
-1941198
-1939089
-1929621
-1926511
-1926317
-1918312
-1917336
-1911314
-1894993
-1891117
-1887629
-1882549
-1870209
-1867499
-1866516
-1860280
-1856009
-1849251
-1846670
-1846068
-1844630
-1842005
-1839120
-1837187
-1832297
-1831118
-1828863
-1825780
-1824468
-1819492
-1816469
-1813591
-1805622
-1805085
-1802282
-1791216
-1789408
-1778214
-1773596
-1772147
-1770909
-1766369
-1764075
-1762105
-1757889
-1757515
-1755995
-1753774
-1753212
-1747689
-1747157
-1747035
-1741979
-1735060
-1734159
-1711495
-1710219
-1700267
-1699751
-1697935
-1697841
-1696459
-1681060
-1679592
-1676302
-1667990
-1666856
-1665859
-1660449
-1656697
-1653769
-1649527
-1647255
-1645537
-1638280
-1630660
-1612646
-1609004
-1602565
-1601613
-1598558
-1596992
-1592565
-1580402
-1575060
-1568392
-1566679
-1557069
-1551771
-1548937
-1548554
-1541055
-1537736
-1535489
-1531844
-1531628
-1530225
-1529957
-1523775
-1519959
-1512649
-1508490
-1507863
-1495412
-1491210
-1491200
-1488913
-1482345
-1473495
-1470572
-1454173
-1449222
-1447737
-1447697
-1445544
-1438780
-1432642
-1432227
-1424491
-1423033
-1422861
-1422573
-1421901
-1420972
-1419595
-1407578
-1404906
-1403835
-1395371
-1386277
-1382275
-1374683
-1373566
-1366657
-1360174
-1359669
-1359564
-1358617
-1358383
-1354992
-1354832
-1345532
-1340322
-1335423
-1334748
-1331325
-1329363
-1326037
-1319344
-1317859
-1314007
-1313140
-1300765
-1297164
-1295487
-1295056
-1291771
-1291539
-1289538
-1282889
-1279685
-1274538
-1271981
-1270629
-1266650
-1253891
-1249895
-1245718
-1237437
-1236065
-1231470
-1229313
-1228152
-1225522
-1225300
-1218358
-1213589
-1197757
-1194014
-1193451
-1192804
-1191297
-1190999
-1181316
-1175613
-1165423
-1164656
-1162858
-1156704
-1152818
-1149239
-1148830
-1148240
-1138312
-1137459
-1132799
-1130251
-1129062
-1127286
-1125465
-1123655
-1123485
-1116988
-1105337
-1098441
-1098106
-1097272
-1097179
-1086910
-1085892
-1081725
-1080928
-1080536
-1076024
-1072329
-1071069
-1068722
-1066794
-1063899
-1062829
-1060895
-1060237
-1057934
-1052393
-1046147
-1044427
-1043103
-1042377
-1038491
-1036152
-1034276
-1027443
-1027140
-1026156
-1026121
-1021243
-1018730
-1016035
-1015359
-1011181
-990646
-987729
-985998
-985158
-983233
-980951
-978926
-970419
-966918
-961651
-957651
-953062
-943830
-925226
-922348
-913336
-913244
-910452
-908817
-892968
-892914
-892301
-890639
-881992
-877570
-872426
-867816
-862493
-862239
-855921
-853375
-844198
-831099
-827990
-826631
-820367
-816024
-815126
-813526
-811477
-810296
-805450
-801017
-796281
-795044
-790117
-783974
-782889
-781951
-780452
-780015
-767324
-767224
-764192
-763037
-756270
-752022
-746999
-746812
-746419
-742856
-732116
-730130
-726829
-723293
-716538
-716416
-710875
-707980
-707309
-692825
-691117
-684937
-684617
-681497
-678983
-676061
-674439
-663283
-642910
-642370
-637477
-631329
-629150
-619930
-616659
-615711
-613751
-612965
-608814
-598624
-596537
-588664
-586933
-584178
-581963
-580832
-578171
-569194
-565944
-554017
-544933
-543754
-542027
-532042
-531684
-531494
-527504
-525422
-511831
-511140
-509835
-507596
-497165
-496115
-495250
-491148
-489854
-477034
-475796
-471097
-469486
-468171
-466281
-463966
-458655
-457302
-450545
-447124
-445861
-444055
-438850
-436792
-435837
-428203
-417962
-415247
-413348
-413159
-406994
-406556
-397568
-393969
-392629
-391932
-384657
-384475
-383715
-383494
-382978
-379082
-375534
-375337
-367285
-364333
-361703
-360084
-355222
-353614
-350434
-348118
-347176
-347105
-345536
-344649
-344132
-337840
-332756
-330107
-329449
-324639
-324037
-315828
-310048
-309930
-308938
-308265
-302592
-293222
-276962
-274645
-267151
-265480
-264163
-257927
-254024
-253984
-248823
-245334
-242056
-232425
-230504
-229459
-229369
-227379
-222918
-222799
-222643
-220972
-215744
-215176
-214583
-210375
-207541
-198757
-197027
-187844
-187173
-183934
-174943
-169136
-168926
-168860
-167772
-163148
-159644
-157721
-154842
-149323
-146418
-143829
-136168
-131762
-130930
-129949
-119525
-116752
-96567
-95989
-94352
-94009
-86114
-77008
-69647
-68350
-66683
-44848
-43623
-41564
-41108
-35104
-28071
-23911
-21611
-20443
-14232
-11466
-2556
-2354
1228
2370
3995
4718
4766
5116
5671
14666
17848
21917
32155
32306
34604
35355
36443
40165
41327
45250
54636
67498
71378
74105
74804
75187
78033
78407
81132
84120
87546
93077
98204
98717
98881
102238
105149
109414
110314
114705
120192
125976
128869
129205
131450
132972
133399
139896
139941
149508
157729
158405
175021
183550
189076
193364
205362
207194
212331
213628
216607
222609
228095
230293
230693
238378
242179
248261
249333
259708
261371
263955
265272
267997
274316
282619
283247
283679
283874
286706
287133
288398
289864
292899
294913
303013
304089
308759
311563
313019
319910
322613
323586
326209
331586
339322
344562
348712
349860
352166
355520
357134
361111
361788
365902
371891
374000
376723
383647
388049
393423
404695
417114
424374
433822
435656
441495
443403
447064
450600
451957
454288
463057
475427
477721
482137
488030
491682
492750
496325
498682
502186
506219
507644
508764
509150
511199
515572
516601
522511
525995
531632
542916
544904
547690
553263
557441
563786
575192
579717
589878
590059
591125
592985
596022
596923
596957
598322
603651
606469
611238
612391
615544
617112
620829
624743
627612
639971
645717
646113
646936
652474
653455
654422
655986
663419
666008
666751
670358
675501
684926
685244
686502
686813
691114
691211
694606
695208
697342
698737
706815
718155
722329
727598
733091
734231
739231
741682
743449
755011
755397
759448
762974
767262
769717
769864
770200
774104
776326
785675
792810
793987
795463
804923
809089
811321
815175
818004
819133
820928
821276
821850
825945
828869
834367
835680
842991
849983
853034
856177
857744
868107
870778
870866
874118
881722
882228
883466
888056
894538
900263
901618
903813
906501
913644
922922
923241
927808
934495
934730
937162
942568
945448
947819
948256
953462
954847
956460
959719
966610
973787
979518
996399
1000985
1008867
1009115
1009210
1010082
1010141
1012101
1015048
1015078
1015319
1021543
1058790
1064712
1077325
1078047
1079304
1081128
1090946
1096872
1105249
1107533
1111826
1123986
1124793
1129802
1131464
1133222
1136747
1141503
1153726
1158917
1160731
1162997
1163776
1165362
1166935
1167105
1174405
1176078
1176693
1180444
1192752
1197009
1202871
1203289
1203737
1210132
1212243
1218367
1219394
1220085
1224391
1227744
1228803
1233175
1235202
1245176
1247032
1250633
1250785
1252614
1255490
1276915
1283340
1291599
1291798
1293387
1293409
1301774
1303599
1308331
1315525
1325263
1333410
1353227
1353569
1357023
1361240
1369387
1369745
1371747
1378201
1380541
1381617
1381726
1386993
1388953
1389088
1390317
1392457
1404339
1406870
1413006
1422001
1425591
1429772
1438078
1439717
1447479
1454195
1457270
1458895
1460426
1465869
1470235
1489452
1498164
1502964
1505904
1510788
1512006
1512092
1516190
1518667
1523696
1524269
1526157
1526557
1532647
1544035
1551834
1552235
1556676
1563913
1568508
1570650
1575248
1575337
1580744
1581630
1591906
1599290
1599698
1601075
1602905
1611276
1614510
1620817
1629562
1634347
1635537
1635802
1641412
1642423
1650960
1652767
1654535
1659136
1661419
1666025
1666579
1674817
1682082
1682278
1687945
1690702
1693277
1695030
1699031
1703691
1704468
1707583
1708388
1713265
1713746
1716892
1719486
1726599
1729269
1730274
1743248
1745796
1746435
1754558
1768550
1771576
1773155
1783815
1784206
1785865
1788284
1794760
1797680
1798360
1804877
1806001
1806154
1806296
1808472
1809483
1811335
1814248
1824699
1827251
1828596
1837143
1843370
1848388
1853644
1855307
1855870
1860262
1861874
1863863
1864832
1869972
1871015
1879687
1886923
1890305
1894351
1894470
1897403
1898894
1901891
1914318
1914689
1915520
1916753
1917573
1920350
1922847
1930875
1932613
1933608
1936667
1939652
1950305
1963840
1971391
1975385
1977179
1979725
1986426
1990499
1991270
1995062
1995081
