-1990873
-1990428
-1988121
-1980605
-1973892
-1971357
-1967296
-1965028
-1960618
-1956566
-1951812
-1948657
-1944795
-1940431
-1928272
-1923497
-1922709
-1922289
-1921974
-1914459
-1911517
-1907131
-1904170
-1902342
-1899899
-1899616
-1896667
-1891871
-1882884
-1882758
-1871392
-1867911
-1866302
-1863076
-1856958
-1850674
-1843853
-1843514
-1839737
-1835002
-1831123
-1819221
-1816349
-1813243
-1809134
-1800560
-1798573
-1797091
-1795874
-1795009
-1789514
-1779180
-1778585
-1777664
-1772478
-1770088
-1766759
-1763439
-1762912
-1762183
-1758984
-1757214
-1753302
-1750183
-1749666
-1748186
-1747051
-1744601
-1735674
-1735352
-1730639
-1730078
-1729522
-1722657
-1719920
-1718742
-1714316
-1713724
-1710746
-1707586
-1703244
-1698678
-1692837
-1690391
-1687258
-1685625
-1685251
-1676376
-1670099
-1668624
-1667509
-1665881
-1664743
-1662343
-1658396
-1657928
-1657474
-1654515
-1651125
-1641408
-1639666
-1639401
-1634641
-1624773
-1623875
-1620315
-1613801
-1610409
-1607967
-1607756
-1603181
-1599417
-1597132
-1593240
-1585079
-1574833
-1574796
-1573451
-1572206
-1570392
-1549859
-1549363
-1549226
-1544875
-1541137
-1540515
-1534573
-1532444
-1527439
-1521776
-1521087
-1520030
-1519061
-1517814
-1515875
-1514896
-1501199
-1498438
-1482986
-1472645
-1471078
-1465528
-1464304
-1461532
-1452903
-1451049
-1450491
-1446290
-1442179
-1442111
-1438959
-1429728
-1417905
-1410864
-1410763
-1395480
-1382731
-1377444
-1377160
-1376904
-1364420
-1362607
-1351971
-1338054
-1338042
-1335458
-1332468
-1331125
-1329583
-1317093
-1316986
-1315579
-1315098
-1313919
-1313717
-1309170
-1308087
-1305208
-1304330
-1298675
-1296490
-1284060
-1282932
-1277070
-1272490
-1270230
-1269201
-1262854
-1253968
-1240190
-1238941
-1237056
-1234955
-1231606
-1229151
-1229050
-1223189
-1211210
-1205429
-1204595
-1196830
-1196718
-1190610
-1190372
-1188248
-1184306
-1183406
-1181430
-1181026
-1174741
-1171472
-1168421
-1166112
-1164644
-1163572
-1162797
-1157937
-1142531
-1136286
-1134085
-1131567
-1129912
-1128610
-1125029
-1118299
-1114590
-1108338
-1103993
-1102726
-1099660
-1099616
-1090317
-1084767
-1083552
-1078781
-1077505
-1076423
-1074807
-1073948
-1072589
-1071612
-1067068
-1066879
-1063171
-1048275
-1048052
-1041906
-1038154
-1037548
-1035234
-1034000
-1032190
-1025496
-1020682
-1019124
-1010074
-1002706
-1001931
-1001649
-990269
-984735
-984063
-982550
-961869
-956260
-955090
-949805
-933561
-932705
-920795
-909400
-907978
-907594
-907125
-903955
-902275
-893566
-885047
-881289
-878249
-876146
-872347
-868227
-864510
-861501
-857454
-852578
-852152
-842740
-827134
-821202
-817265
-811835
-810444
-809797
-809201
-785146
-782710
-778699
-776649
-775766
-765669
-761872
-759003
-758165
-755533
-751845
-749534
-740510
-740391
-733356
-730940
-726372
-723048
-718231
-712010
-705631
-697128
-693636
-692977
-686433
-686160
-683563
-682550
-669277
-665821
-665304
-652708
-651336
-650978
-644439
-635019
-631439
-629276
-624589
-623874
-620938
-607320
-602600
-596548
-592693
-591600
-590698
-586195
-585163
-582197
-580636
-579863
-576154
-575331
-570619
-565437
-565004
-563622
-563445
-562365
-550300
-543909
-541913
-541296
-536250
-529753
-527808
-520203
-519652
-519122
-515044
-509887
-506364
-498012
-497779
-497156
-492575
-485585
-484888
-482580
-474377
-467815
-467475
-467133
-466169
-463833
-459096
-449776
-444873
-441118
-435253
-431687
-430453
-428481
-427882
-425784
-420941
-415899
-411329
-410551
-408785
-406939
-406241
-391870
-390521
-376725
-374212
-373407
-371139
-370495
-368958
-346058
-344042
-343807
-343088
-334119
-333855
-332897
-330861
-329902
-329413
-327904
-324866
-323835
-319786
-317989
-314248
-313709
-309884
-305483
-304355
-304206
-303095
-297643
-297234
-291299
-287973
-286965
-284506
-283358
-274295
-274281
-269901
-269350
-266726
-264303
-261277
-254219
-245708
-243706
-242997
-240792
-240447
-230827
-230135
-226649
-218402
-217921
-216240
-212992
-209386
-208050
-201714
-200068
-198067
-194789
-193046
-191103
-190618
-181967
-168457
-163646
-161734
-159957
-149798
-147375
-146336
-131064
-130612
-130589
-130131
-129721
-129099
-121427
-120564
-113716
-108967
-98061
-90142
-88976
-80384
-79213
-77786
-75460
-71559
-70062
-65513
-59760
-57857
-53160
-45718
-44371
-42749
-40085
-19657
-13892
-11841
-8030
4799
8598
17851
19612
24538
29482
31713
36589
37802
39431
39975
40511
43215
45977
48505
53193
57183
59039
63169
65213
70187
77123
79273
81966
91586
101089
104553
109116
109450
109779
110346
110932
115405
120703
123217
128076
131033
137197
139869
141076
145406
152953
163512
164881
170233
173611
177577
181381
188465
192877
197303
198862
202094
213275
214026
218077
219166
221212
227706
235273
238255
242845
244790
247336
253279
255410
275187
276858
281640
284355
286050
293298
302513
309778
314208
319970
322625
325166
325590
327752
328409
329476
329703
329837
333623
338947
345253
347271
349889
353012
356103
357503
358905
363287
365026
368283
374287
374523
380013
383214
384754
389636
392400
395404
401038
411858
412625
416325
417674
418854
419789
422802
422942
426768
431303
434642
435678
451512
459118
467427
473579
474555
478622
479208
481583
488160
494666
495758
500898
514748
515557
517857
520733
520810
521336
522451
532543
555593
560312
566335
569303
576008
578188
580372
586811
597840
599380
601402
607280
607516
607688
611833
612516
615070
615137
622011
629901
631847
636818
641876
648410
653951
654787
657585
661662
662453
665875
666929
668501
683010
689833
694967
702834
704908
704984
707075
707148
707720
707893
709045
710706
712254
719939
720874
724573
726096
729603
732223
742837
753477
754981
758300
758592
762239
762242
762387
765192
781251
782368
785860
801533
806660
808189
810707
811578
814810
819752
827527
830325
834139
835804
837105
844152
844555
852406
853036
861062
863319
863412
865946
868572
870362
870430
870444
872806
878910
880024
894361
897703
900112
927940
929198
931282
932960
934490
935864
943117
948255
951428
966794
967803
975098
975233
976824
984125
987621
989354
994771
995765
1000750
1001438
1003468
1003812
1005387
1014254
1015061
1021022
1027966
1038626
1048020
1049552
1049954
1054563
1065296
1065723
1074549
1075406
1076163
1078546
1084962
1086123
1086901
1088003
1095579
1118843
1122845
1129830
1134505
1142359
1143168
1150867
1151718
1154323
1155450
1166064
1167013
1169970
1171554
1172926
1186884
1196473
1198566
1199243
1201532
1203909
1204862
1221499
1225111
1228001
1231237
1234784
1253520
1257888
1260414
1261564
1266079
1266148
1267433
1279501
1279740
1285050
1291892
1292910
1293404
1296731
1298338
1305383
1307278
1309958
1312853
1313328
1315756
1318875
1320686
1322487
1322787
1325592
1326360
1332603
1337202
1337261
1345834
1347941
1347965
1355959
1360800
1364385
1365055
1367713
1372103
1381607
1386121
1391711
1392189
1393848
1398172
1401701
1404490
1413523
1414147
1422022
1427650
1427760
1442165
1448585
1449073
1455394
1456425
1458366
1458907
1462058
1466868
1466900
1468896
1475176
1476179
1476373
1478277
1482335
1483014
1487185
1487732
1490328
1491408
1497195
1499569
1500233
1512543
1521541
1528611
1530388
1531557
1532289
1539034
1544370
1550997
1564045
1565522
1568818
1570509
1573566
1579266
1582511
1598830
1600226
1602174
1603457
1605898
1610607
1611330
1618343
1620086
1623282
1630495
1633384
1634289
1635166
1638662
1659656
1660314
1667522
1670846
1677265
1677721
1677851
1680471
1683210
1702255
1703680
1707786
1709317
1709480
1718143
1718915
1726336
1728513
1732105
1732252
1734133
1734850
1740879
1743067
1754774
1758278
1760070
1761390
1766814
1768724
1770830
1773869
1774527
1778547
1781002
1781717
1782480
1783898
1784092
1790781
1792908
1795956
1799154
1801903
1803970
1805958
1805988
1810432
1816766
1820380
1825607
1826597
1828722
1832344
1835304
1840013
1846440
1850139
1854365
1859051
1862641
1867643
1873496
1874098
1878807
1879332
1884106
1886428
1890505
1891802
1908254
1914270
1917774
1926070
1927521
1930336
1931531
1933514
1945065
1949970
1953100
1964640
1966482
1969279
1975210
1981182
1985759
1995451
