-1990186
-1989589
-1984441
-1982440
-1978614
-1971440
-1969208
-1968611
-1968310
-1964536
-1961670
-1959331
-1955679
-1953550
-1950531
-1937346
-1931179
-1916822
-1912531
-1907847
-1906174
-1902529
-1893332
-1893083
-1890622
-1888500
-1887910
-1877277
-1876972
-1875196
-1874468
-1869613
-1863275
-1858930
-1857906
-1856625
-1851745
-1850809
-1843604
-1840700
-1837735
-1831031
-1828991
-1828735
-1826751
-1826674
-1817854
-1807164
-1800649
-1799639
-1796492
-1789946
-1783657
-1782052
-1779183
-1779007
-1775749
-1772859
-1769246
-1768836
-1765550
-1760470
-1728327
-1727789
-1727195
-1726805
-1726625
-1722772
-1717181
-1711790
-1703210
-1692200
-1691829
-1687705
-1682061
-1673873
-1669196
-1668839
-1662338
-1661863
-1660192
-1650365
-1648153
-1647887
-1641285
-1637972
-1636519
-1634261
-1633708
-1632100
-1628089
-1623123
-1620590
-1603898
-1603367
-1602507
-1601647
-1595694
-1592928
-1592111
-1589821
-1589030
-1583685
-1576965
-1565693
-1562275
-1560997
-1554529
-1550235
-1545205
-1538354
-1537267
-1529994
-1523448
-1521564
-1514088
-1513771
-1510262
-1509739
-1506902
-1493188
-1491703
-1491698
-1480609
-1475642
-1468773
-1468464
-1463808
-1452981
-1451681
-1440880
-1428354
-1427593
-1424516
-1417559
-1417272
-1416556
-1415925
-1415803
-1413732
-1410369
-1408189
-1406364
-1406324
-1406201
-1404631
-1403538
-1403468
-1401457
-1397334
-1396327
-1393327
-1393173
-1390081
-1387302
-1384759
-1384499
-1378950
-1377248
-1373148
-1366504
-1362761
-1361455
-1360282
-1356449
-1350605
-1349723
-1344518
-1342986
-1334580
-1322624
-1314384
-1313478
-1308119
-1301535
-1300880
-1296333
-1296096
-1293764
-1293391
-1289877
-1284062
-1273736
-1267794
-1266327
-1263152
-1261254
-1256651
-1254446
-1253613
-1252454
-1250653
-1245961
-1235829
-1234449
-1228429
-1220447
-1216836
-1216492
-1211099
-1210484
-1198322
-1195857
-1189151
-1188745
-1186873
-1186333
-1179038
-1166583
-1159459
-1155308
-1153201
-1150842
-1138268
-1137330
-1135458
-1135077
-1120385
-1113140
-1109200
-1108062
-1107520
-1106068
-1105974
-1103739
-1097617
-1091467
-1084414
-1083474
-1074970
-1069371
-1061111
-1058211
-1057784
-1051410
-1051131
-1048530
-1044444
-1032783
-1028512
-1028382
-1026662
-1026338
-1017150
-1011415
-1004068
-998708
-988535
-967070
-964931
-964528
-956966
-950611
-937071
-934003
-925136
-922096
-914485
-913310
-905953
-905189
-896457
-894682
-892622
-890055
-883521
-881329
-880583
-878382
-873777
-871183
-863541
-857891
-855586
-847934
-841710
-839623
-839415
-839135
-838342
-837811
-831430
-830780
-826517
-818924
-818736
-815426
-812313
-806951
-803387
-800730
-793417
-792170
-786979
-785573
-782891
-772100
-772068
-765643
-763551
-758867
-752691
-752360
-751044
-746083
-740265
-728158
-720633
-717972
-712120
-710868
-704472
-702252
-701952
-691623
-685893
-681097
-680686
-679373
-671074
-666990
-659241
-652864
-647007
-642308
-637213
-634943
-633502
-626523
-610316
-608656
-604311
-598984
-586465
-575451
-571664
-548294
-547426
-546167
-539294
-538048
-533882
-525499
-508521
-505302
-505213
-491074
-484674
-483336
-481505
-470950
-469198
-465575
-464749
-463004
-450335
-449959
-443365
-442044
-441302
-436936
-433033
-431608
-425897
-424061
-413633
-411999
-411206
-410737
-409147
-407468
-399844
-391768
-388009
-387678
-380324
-371469
-370591
-366192
-363030
-357647
-357433
-343439
-342948
-340904
-321569
-318781
-317057
-315973
-311737
-305906
-300648
-299936
-299703
-292717
-287421
-287137
-283436
-281753
-280396
-279014
-271731
-266914
-264030
-263011
-258140
-257917
-256126
-245592
-226823
-223602
-222914
-221917
-221271
-214349
-214128
-208341
-200926
-199443
-192578
-189795
-169840
-168697
-167983
-165814
-165294
-163681
-162616
-162031
-156735
-147481
-146388
-142441
-135652
-124289
-119170
-118003
-109606
-101930
-101180
-99149
-98766
-94481
-93935
-91161
-87812
-83568
-81596
-77507
-72134
-62906
-58329
-56680
-50802
-50325
-46734
-45126
-42648
-40289
-29477
-22536
-17525
-10530
-4071
2812
3672
13359
14133
24817
24941
28021
32310
33411
35896
36128
41924
44942
47701
48104
50650
51825
54571
55016
57153
67678
68507
71372
74736
75721
76608
79734
82517
92311
96309
96713
97125
103358
113243
115165
116307
118014
119722
128203
134479
136006
140794
141757
142882
146985
147144
152293
156357
162481
162647
165929
166428
167374
181538
181975
190581
191595
197073
198361
213737
213742
218318
218950
225793
227575
230758
231387
237671
240750
240808
243029
254590
257746
258313
260740
265813
266784
268210
272921
273207
274024
278243
280056
283392
283476
284451
284502
288506
288614
296509
301592
303059
305407
309974
311270
314392
315211
316442
318332
324358
328983
330142
345669
345853
357156
358443
376727
378126
378454
383620
384507
392945
393403
394284
398531
400638
404984
408059
411292
412537
421994
427153
430535
431953
432662
433737
438232
442390
445881
451518
467219
474649
474693
479558
485041
489754
490321
496092
500708
501984
505826
506000
511940
512970
522614
525106
532084
532755
533505
538487
542082
543681
545754
545980
551547
567794
571749
574194
578881
580286
580476
587638
587726
592164
598777
599620
601202
609482
610684
611967
615963
616483
617472
621301
624403
629417
633778
636518
637113
638067
643235
646316
653900
655465
662630
663734
669126
675459
678019
679450
685783
687273
689125
691949
697754
698035
703615
705086
707976
718198
719067
722100
723365
725399
726113
726756
734103
735666
736259
738785
740206
749328
751267
754047
754642
756683
760975
762138
763472
766313
768463
769423
775914
776210
777291
780899
784533
793636
796048
811155
813846
819749
821392
822596
838121
838893
840950
851454
856017
864208
870547
881236
883292
886520
898627
908035
910271
912862
912881
916644
920286
922784
927331
929119
935634
940045
944775
945310
948560
957204
957651
959936
960840
962158
963421
969590
973000
983995
988076
996123
997154
1002144
1011288
1011744
1022309
1028083
1031385
1033170
1037023
1039084
1043964
1048418
1053854
1059853
1060295
1062501
1062647
1062667
1062745
1065471
1070494
1071237
1071439
1080056
1091129
1092572
1092875
1093276
1093667
1094444
1094484
1095069
1097138
1098201
1100063
1105509
1106484
1107189
1116630
1120734
1121264
1121716
1124144
1125286
1135654
1140999
1142977
1143610
1145897
1146575
1151762
1152392
1153939
1160572
1162893
1169529
1171300
1189638
1191407
1191960
1195940
1198418
1199013
1203607
1204072
1204954
1206307
1208172
1208302
1209294
1210915
1214782
1214806
1215960
1217591
1220570
1225694
1225744
1232177
1234716
1236411
1237571
1242335
1245495
1245662
1276229
1278761
1286885
1291264
1293495
1294732
1295859
1296509
1299957
1306144
1309429
1313990
1316479
1317463
1330436
1330745
1331815
1338777
1339264
1343430
1351625
1352944
1368615
1376512
1378101
1380823
1382541
1390182
1393602
1396484
1397152
1397503
1401303
1401567
1427009
1427707
1429460
1431068
1437507
1445508
1447964
1450177
1459717
1463747
1465908
1467747
1468509
1469426
1472197
1473343
1475814
1476915
1479048
1501005
1503634
1510341
1510426
1510537
1513920
1514282
1515213
1516900
1518423
1518607
1529260
1533474
1538477
1542835
1547993
1548801
1550537
1551144
1558011
1569733
1574206
1581462
1582477
1594595
1603780
1608711
1609162
1611094
1618076
1620205
1622973
1623678
1631182
1632429
1633871
1644347
1649364
1655779
1661981
1662494
1663526
1667214
1681011
1682771
1686249
1686380
1687059
1692291
1698935
1711075
1726317
1729690
1737508
1739284
1741717
1748040
1752071
1756724
1758873
1759860
1776066
1776117
1783241
1790111
1793801
1803570
1805841
1807168
1808210
1811679
1814165
1814573
1816323
1817941
1819618
1823763
1825842
1829660
1831032
1831666
1835526
1835550
1838010
1839991
1844385
1850026
1853362
1854363
1860907
1867949
1868196
1874016
1879629
1882559
1882819
1889999
1892334
1894997
1897527
1899750
1902494
1902930
1903938
1918696
1923113
1934993
1937952
1939954
1946398
1949776
1952485
1957402
1960073
1960261
1961028
1961229
1962449
1966705
1967874
1968894
1970094
1971201
1975018
1987106
1989821
1999039
1999984
