-1991411
-1989702
-1989248
-1988859
-1986873
-1984515
-1982376
-1977409
-1977350
-1976931
-1974739
-1954496
-1954271
-1952833
-1952667
-1951779
-1948970
-1948193
-1941933
-1937553
-1933684
-1928152
-1926182
-1923469
-1911529
-1902833
-1896411
-1896363
-1893235
-1890907
-1886602
-1884362
-1884311
-1871162
-1866858
-1861168
-1859216
-1855898
-1854785
-1850211
-1848027
-1843200
-1841892
-1837003
-1835868
-1822948
-1822912
-1818311
-1814639
-1807989
-1807718
-1806775
-1798999
-1796786
-1791903
-1779815
-1774135
-1770374
-1759726
-1756912
-1747717
-1743859
-1738106
-1729462
-1728699
-1722597
-1703483
-1703299
-1702698
-1697500
-1692617
-1690488
-1687800
-1686027
-1682514
-1672930
-1662635
-1661662
-1657351
-1656011
-1649291
-1641804
-1641317
-1629675
-1629151
-1629086
-1620471
-1618199
-1613588
-1610980
-1594399
-1593864
-1587252
-1583925
-1583873
-1581410
-1577397
-1575929
-1575717
-1571709
-1562258
-1561489
-1559276
-1555941
-1553670
-1552265
-1547601
-1546769
-1542147
-1540327
-1534539
-1527705
-1525833
-1525384
-1504782
-1490751
-1483049
-1471793
-1469070
-1468683
-1462747
-1462319
-1453622
-1452485
-1452326
-1451016
-1443807
-1440417
-1437790
-1433259
-1433243
-1427675
-1427292
-1426751
-1414700
-1409802
-1407686
-1403739
-1403332
-1395441
-1390674
-1386515
-1382936
-1381578
-1379008
-1377009
-1375562
-1370357
-1368078
-1367455
-1365070
-1363651
-1354033
-1352002
-1350083
-1346997
-1346008
-1340984
-1338884
-1333992
-1330690
-1327221
-1324237
-1323586
-1322292
-1322178
-1321472
-1315546
-1315273
-1313444
-1305819
-1304608
-1300917
-1298006
-1297941
-1295785
-1275331
-1266146
-1263001
-1258361
-1254705
-1253864
-1251260
-1248151
-1248144
-1247504
-1241916
-1241336
-1238482
-1237634
-1234084
-1229070
-1226047
-1223980
-1222117
-1214808
-1211551
-1210834
-1209102
-1208032
-1207652
-1205274
-1199306
-1199154
-1193841
-1190741
-1189512
-1189203
-1188483
-1181852
-1173697
-1171911
-1168440
-1166927
-1156784
-1154082
-1151977
-1146255
-1144940
-1141563
-1140613
-1140377
-1136096
-1132295
-1131776
-1130932
-1124344
-1111194
-1105086
-1097780
-1096384
-1093139
-1080264
-1078894
-1075836
-1073549
-1066895
-1049581
-1048270
-1045524
-1042065
-1026591
-1018678
-1016814
-1015996
-1010150
-1005381
-1005151
-1000968
-992891
-990331
-988920
-986384
-979763
-979012
-977362
-976410
-972887
-968473
-962736
-960483
-957527
-956042
-952027
-947784
-947749
-943741
-932314
-932100
-932070
-931297
-926598
-926576
-920756
-903623
-901748
-900541
-898094
-893650
-892690
-875068
-873922
-870173
-866448
-865212
-863810
-852680
-852367
-850546
-849819
-848755
-846758
-844526
-841932
-841420
-831448
-827246
-825468
-824455
-822298
-820550
-819976
-817346
-806729
-803134
-802209
-799840
-798716
-797246
-792972
-785332
-779932
-762454
-761766
-760147
-758172
-756912
-752253
-749214
-745815
-740659
-739903
-736229
-735606
-733627
-732370
-727258
-717156
-716701
-713291
-711111
-707556
-706212
-695686
-685011
-684241
-683547
-680890
-679964
-678783
-669626
-660666
-658168
-642654
-640336
-639812
-638442
-628751
-625026
-617158
-612781
-601581
-600320
-594255
-593529
-586477
-584409
-583367
-582333
-581209
-581032
-577566
-569054
-562418
-555001
-552154
-552131
-548158
-538734
-531561
-529465
-526744
-521069
-513229
-506146
-493588
-490883
-489774
-487009
-486954
-486228
-482408
-481980
-478146
-472526
-465454
-464847
-464417
-462773
-462435
-460341
-460204
-448332
-435230
-422347
-418987
-417147
-415751
-414171
-408930
-401099
-382443
-382036
-379133
-371329
-370878
-358873
-349095
-348691
-336609
-335318
-334823
-334200
-331937
-326230
-322983
-317348
-296457
-291445
-282727
-282071
-281419
-276837
-273923
-261407
-259798
-255876
-250123
-247815
-241935
-239781
-238078
-221381
-216951
-210554
-207033
-200187
-199851
-197942
-194799
-192082
-189377
-181691
-176199
-173736
-171267
-169401
-168623
-163750
-159002
-157797
-156739
-155991
-139642
-136493
-130473
-124266
-122816
-121274
-117471
-113505
-107725
-107232
-105728
-104747
-94279
-90136
-86312
-79364
-77459
-75657
-72536
-69628
-68138
-67081
-62295
-55364
-52896
-49383
-46490
-36898
-30830
-29228
-24597
-23280
-23044
-20070
-18060
-17292
-14839
-7661
-3843
-3221
-935
248
3678
11189
11840
13513
15148
16656
17111
17501
18791
27954
29615
29673
31976
37930
39342
53864
58515
79157
80070
83655
86208
93331
104110
120195
126547
130826
137169
143912
147949
159063
163628
167652
177286
181527
187367
188084
189467
194609
198452
199057
199073
209584
214192
221596
225124
233118
233903
235615
237662
241599
247359
255018
255752
270610
271894
281940
287240
289461
290751
295888
297702
303241
310916
313097
313097
316621
323343
327827
337296
344315
344364
346601
347786
350608
354605
355409
355459
360852
361256
363558
364605
364923
367022
369328
377996
379473
381693
382160
384589
387145
389966
393088
394763
398701
407716
410662
418712
425788
429231
452291
452814
454414
455984
456496
457380
462197
462353
463108
463212
465275
471749
472848
478364
482024
482035
489348
494944
497209
497479
510993
511687
516895
534242
536277
537600
538838
542569
543926
549144
550396
554505
562000
565120
570995
579343
582623
582984
583886
586086
587425
588253
589039
593275
594889
596070
597185
602247
602412
609704
610109
611330
614068
617011
619083
622759
626069
635384
638430
638750
642258
644518
652299
652737
655053
657820
663587
663938
665823
670574
673174
685536
686504
688957
704275
712882
713104
720742
722294
728003
729372
732604
733863
740500
745394
752604
756340
756991
759644
767397
769132
770805
781651
781771
782711
783291
786045
786886
788739
793638
794772
805122
805429
810212
814993
825554
834076
834480
837069
838623
839986
840457
843213
852309
857192
858273
861108
873336
882128
882546
888680
891020
899632
911517
918929
925572
926281
927743
934775
943030
944249
945894
950071
955871
956875
960028
969151
969616
975497
983204
986525
994596
997054
1001076
1002644
1002742
1003932
1015086
1017939
1018374
1018943
1021005
1022296
1022296
1022865
1029353
1031192
1032404
1033395
1040242
1044168
1044850
1047846
1050361
1053470
1058473
1060495
1060747
1063148
1063890
1067266
1069259
1075356
1077999
1083340
1087323
1088069
1088515
1088659
1090907
1095060
1097193
1105910
1109166
1113257
1113437
1120311
1120624
1121937
1121961
1138580
1144229
1156953
1158346
1166540
1169346
1178114
1179530
1187291
1187343
1187979
1188021
1193453
1193726
1199360
1199924
1201708
1208862
1209147
1209426
1216689
1220089
1222668
1231187
1234694
1236004
1237401
1239350
1241079
1246211
1249272
1249502
1249860
1250458
1255893
1257027
1265111
1266056
1266601
1269192
1272661
1274010
1277268
1283029
1292023
1298593
1305524
1309403
1309852
1312034
1312122
1314270
1314299
1320323
1321672
1329722
1335194
1340056
1346051
1348398
1348891
1356377
1361680
1362310
1366298
1375259
1376516
1378689
1382501
1384935
1391241
1402423
1410703
1410831
1412733
1413533
1414667
1417679
1421153
1425067
1429779
1441259
1442315
1450084
1450553
1451285
1452093
1452962
1457734
1459008
1462873
1463392
1481904
1483871
1491969
1492464
1493953
1494823
1495530
1499488
1509610
1519003
1520339
1521412
1525605
1533833
1535654
1537657
1547695
1549331
1556884
1567061
1596945
1598918
1599116
1609115
1621876
1627124
1627174
1634756
1638823
1641597
1643320
1644754
1644825
1645869
1647598
1648582
1658191
1660380
1664729
1668538
1671446
1673671
1681882
1682993
1683026
1694252
1696240
1696506
1699720
1701224
1701231
1707278
1708394
1708519
1711794
1723158
1723164
1723638
1725417
1727717
1728492
1729076
1730060
1739939
1747620
1751305
1767099
1770106
1773065
1773963
1775054
1788390
1793367
1798425
1800022
1800930
1807326
1809198
1810281
1811224
1813969
1816296
1816514
1818288
1825747
1831235
1834571
1837876
1839933
1856855
1869695
1870206
1872757
1874443
1877499
1879523
1879592
1880534
1881889
1882377
1886356
1888763
1892054
1908929
1910443
1917028
1925046
1927305
1931889
1934869
1940767
1947206
1951630
1955558
1960328
1961499
1967830
1970912
1975944
1976452
1978877
1985496
1987369
1992278
