-1995089
-1987238
-1985532
-1983837
-1980388
-1975780
-1967559
-1962246
-1948600
-1940664
-1936526
-1936254
-1922582
-1921784
-1918376
-1914515
-1904100
-1901229
-1900578
-1882240
-1876004
-1875077
-1871645
-1869732
-1867640
-1865994
-1864293
-1861759
-1861500
-1861319
-1859939
-1855628
-1842030
-1839070
-1837544
-1835039
-1833667
-1829618
-1816790
-1811566
-1798632
-1797753
-1795226
-1788381
-1784297
-1783542
-1782594
-1781525
-1780159
-1778163
-1774106
-1773946
-1771417
-1769598
-1767453
-1758384
-1757561
-1753403
-1746603
-1746184
-1737483
-1731736
-1720168
-1720085
-1719297
-1716828
-1705169
-1700103
-1698688
-1695026
-1691807
-1683445
-1680438
-1679526
-1678437
-1676037
-1675483
-1668688
-1655487
-1653641
-1649554
-1646311
-1646203
-1643677
-1629105
-1627195
-1623373
-1621729
-1620613
-1619407
-1616675
-1613229
-1608796
-1608521
-1595453
-1593416
-1591025
-1590104
-1585364
-1584363
-1584012
-1579447
-1579265
-1578779
-1575392
-1567358
-1564398
-1559163
-1558940
-1550240
-1537617
-1528375
-1527073
-1522710
-1520131
-1516331
-1512738
-1506700
-1506041
-1505057
-1504985
-1503893
-1502018
-1489992
-1484665
-1478105
-1476927
-1475513
-1474979
-1472949
-1468275
-1457491
-1453625
-1453320
-1450690
-1446044
-1442537
-1437009
-1433421
-1417976
-1417334
-1411816
-1405343
-1403192
-1402027
-1400353
-1397328
-1395029
-1380852
-1375109
-1374177
-1372894
-1367686
-1364814
-1356246
-1354539
-1352398
-1341977
-1339184
-1334815
-1326327
-1324883
-1320807
-1315783
-1302475
-1290279
-1286177
-1285784
-1285562
-1280976
-1280681
-1266265
-1265956
-1263519
-1253545
-1253418
-1249579
-1248980
-1239199
-1232933
-1225432
-1208391
-1201296
-1195405
-1194996
-1191563
-1191172
-1185832
-1173277
-1169080
-1168424
-1166390
-1163461
-1153479
-1149232
-1147634
-1135055
-1134699
-1126402
-1122782
-1122607
-1121524
-1119044
-1118280
-1110883
-1106499
-1101425
-1096854
-1096804
-1093761
-1092296
-1082136
-1078182
-1077712
-1076661
-1076440
-1074534
-1073586
-1070548
-1069327
-1066901
-1066126
-1060901
-1059789
-1057175
-1053341
-1050557
-1041410
-1040240
-1036297
-1035173
-1029606
-1028294
-1026375
-1014875
-1010413
-1001217
-994570
-985703
-984949
-980849
-975281
-973120
-970830
-969638
-965788
-965629
-964702
-964315
-964052
-963423
-957841
-953421
-952817
-950131
-947726
-944132
-940719
-940039
-937971
-930473
-926085
-921722
-919432
-919119
-915212
-909536
-907134
-904471
-897280
-892826
-889532
-884152
-884102
-882086
-880716
-878178
-875448
-874499
-872286
-870463
-867972
-867775
-867321
-858736
-855069
-851573
-851302
-848756
-845146
-839939
-836977
-836734
-832595
-831244
-827561
-822862
-821965
-802350
-799236
-798791
-798672
-793264
-790236
-787442
-779633
-779346
-778538
-776167
-774411
-773306
-768610
-766164
-760890
-758896
-751953
-751934
-744756
-737753
-733509
-732624
-720858
-717718
-714654
-712418
-711601
-709735
-694707
-689599
-688807
-684215
-681365
-674893
-674226
-666911
-666482
-663120
-661686
-660772
-655064
-654639
-646511
-645733
-645476
-644680
-642529
-640012
-637613
-636054
-632042
-630988
-624602
-623932
-617269
-614345
-611802
-610636
-608653
-592019
-590044
-576016
-575856
-569505
-569076
-569032
-562259
-561459
-557545
-552620
-547580
-545540
-544237
-540247
-536680
-532262
-531562
-521979
-521493
-514711
-514312
-504147
-494694
-487014
-479683
-478738
-476557
-456742
-455917
-448570
-447323
-440867
-432630
-428515
-428092
-422767
-420688
-420129
-414049
-408833
-408728
-407702
-407472
-402246
-398010
-397076
-394870
-393038
-390950
-390515
-387702
-376283
-374865
-370766
-360315
-350647
-344013
-343290
-342098
-341083
-338809
-336670
-331922
-328700
-326767
-325511
-324457
-321277
-318160
-314730
-312960
-310148
-307296
-306186
-290432
-284025
-274429
-272913
-256343
-251914
-247450
-243160
-242215
-238908
-235411
-231757
-230338
-228247
-228145
-218797
-213033
-212040
-210264
-208837
-208470
-201814
-198770
-198187
-197099
-195808
-192231
-191375
-191299
-189233
-185947
-178670
-165445
-148633
-148067
-144773
-143974
-143399
-142969
-140062
-132791
-131647
-131361
-117618
-117286
-115810
-111449
-106578
-101094
-101093
-100678
-100377
-85864
-85386
-75244
-63761
-57529
-49696
-39466
-38597
-32368
-30410
-28228
-25300
-13692
-12075
-7125
-6624
-2953
122
12097
13878
18498
29483
32925
34657
36577
45987
48690
49847
50074
56034
64022
64167
70300
70320
74121
76543
77658
79138
80123
80321
85512
87915
88337
90187
94479
99610
104461
107164
108121
108646
110502
112871
127055
135720
141988
146027
151586
155833
156376
161851
167896
170079
173915
174292
177687
179040
182062
183241
183424
184065
184619
200847
203393
215561
215660
220247
221140
222640
223352
225368
228352
239817
243436
249984
253616
257043
259188
262564
267789
269267
272436
272794
274727
290524
295207
304014
304033
305721
309768
325845
326604
329715
337371
337933
339284
340410
341005
344611
348104
351152
353389
358748
359922
360681
362631
369928
370218
376365
376914
379046
381659
387605
392547
394394
403720
406672
407034
427754
432449
433021
438400
443603
452644
457370
458426
459196
459970
471828
478721
498887
500409
507929
509865
512744
515162
515190
516152
519065
521357
521754
531249
531318
534309
542236
542925
544046
544653
550637
554573
557235
557497
563389
568783
570916
571162
577573
582678
587607
592784
599725
615227
615963
621944
622358
625095
626210
633564
635735
643764
645938
658057
660200
661824
662330
667573
674721
675575
675915
677392
686167
689274
694341
698065
701591
702854
708691
715524
720603
723384
737456
739804
742966
747028
753626
755791
756036
762888
764099
769842
773667
775834
778334
778843
793276
796886
801369
806373
811874
822335
826801
833682
835980
845590
846332
847431
862282
863823
863882
867260
871879
873196
878905
894114
895861
896791
898735
904047
912463
919778
930046
940041
940468
941961
947773
948727
952318
954316
957854
958249
960227
961312
967630
980714
981787
989163
991595
1007700
1007986
1009284
1025441
1026201
1029646
1031048
1033239
1036961
1037083
1047856
1053546
1057567
1060736
1063456
1063884
1069800
1073158
1092233
1096444
1098650
1106414
1120901
1121836
1122204
1122413
1124572
1130915
1131314
1134338
1137380
1143525
1148634
1152754
1152924
1162746
1163418
1165024
1165427
1171170
1184815
1191907
1198210
1199354
1204737
1209621
1210902
1216401
1218022
1218023
1227188
1228804
1230995
1235732
1244184
1249880
1251859
1263203
1268016
1276808
1281202
1284749
1285261
1285985
1288077
1291925
1293167
1293682
1295096
1295404
1301814
1302599
1311640
1313060
1317093
1323872
1325656
1327151
1329540
1331022
1338419
1340878
1343591
1354987
1358577
1364819
1384528
1388682
1389241
1389348
1391635
1392094
1397022
1397582
1404237
1404296
1407853
1408782
1411315
1415497
1420893
1426866
1431603
1433701
1448423
1451198
1452558
1458422
1458685
1459687
1461767
1461982
1463014
1465149
1465753
1467889
1470301
1471999
1476560
1481565
1486052
1487255
1487921
1492428
1495077
1496916
1498531
1505554
1515223
1518518
1518875
1520821
1524311
1525598
1527277
1529697
1533910
1534513
1543074
1545641
1548965
1550345
1551609
1552924
1555110
1555123
1558300
1559111
1560513
1561858
1572767
1574714
1580571
1583892
1584621
1586972
1601113
1607380
1616017
1618565
1619494
1622245
1627201
1627289
1627851
1637032
1640779
1642716
1643363
1645791
1650900
1652006
1653875
1654325
1656312
1662097
1662387
1672373
1672751
1673731
1685182
1687243
1696679
1697141
1702479
1704923
1712105
1727877
1728522
1735281
1737118
1741375
1747879
1748321
1755724
1757547
1758436
1765097
1767281
1769844
1771877
1774703
1777932
1779689
1782006
1784365
1785232
1794522
1795860
1799831
1799999
1802408
1805548
1808046
1808989
1828871
1833185
1836998
1840440
1840506
1840687
1846342
1846510
1847189
1858298
1858818
1867695
1874801
1875481
1888318
1889231
1889772
1891023
1891951
1896298
1897466
1902692
1906353
1913173
1918025
1923336
1924289
1927178
1930189
1931697
1934388
1950109
1950315
1957662
1960375
1962038
1962357
1966337
1967911
1975677
1976512
1981373
1994695
1997381
