-1980704
-1971874
-1971201
-1970174
-1969982
-1964628
-1964613
-1961571
-1960734
-1958483
-1958166
-1951604
-1946052
-1945975
-1934294
-1933251
-1933109
-1927988
-1927339
-1927010
-1926162
-1924036
-1922479
-1918472
-1917831
-1913266
-1907892
-1897394
-1891906
-1891861
-1887603
-1884266
-1878359
-1877787
-1875173
-1872161
-1871622
-1868568
-1859698
-1857135
-1852271
-1850678
-1844088
-1843164
-1840019
-1834858
-1830204
-1821770
-1820975
-1817102
-1816472
-1812308
-1809004
-1806251
-1798637
-1797684
-1793351
-1791911
-1784528
-1782862
-1778274
-1774864
-1773275
-1772519
-1769935
-1769273
-1768594
-1767602
-1767013
-1765835
-1764017
-1762815
-1752295
-1750822
-1745523
-1742909
-1741072
-1736341
-1735407
-1732743
-1731039
-1729562
-1722076
-1721589
-1716898
-1711224
-1710498
-1707112
-1699583
-1698639
-1690968
-1648642
-1647259
-1641988
-1637733
-1637165
-1635330
-1633904
-1630133
-1626229
-1623745
-1623736
-1616311
-1607162
-1597561
-1595850
-1591295
-1591119
-1589010
-1585454
-1572582
-1567981
-1561028
-1557664
-1556182
-1555440
-1536848
-1533850
-1532187
-1524948
-1524499
-1516913
-1512908
-1512275
-1506310
-1500508
-1499106
-1494925
-1494264
-1488648
-1481442
-1480763
-1479325
-1476936
-1474202
-1465830
-1459195
-1458916
-1457498
-1457090
-1449161
-1449050
-1444665
-1437633
-1434247
-1429134
-1424347
-1422156
-1417401
-1417341
-1410880
-1410150
-1403777
-1390165
-1371010
-1363823
-1359116
-1354638
-1351483
-1349957
-1348908
-1348736
-1347183
-1344857
-1338299
-1333390
-1331187
-1330822
-1329688
-1325185
-1323186
-1316101
-1312201
-1305790
-1305390
-1295825
-1295064
-1286138
-1283041
-1283022
-1279434
-1272455
-1272177
-1268429
-1260363
-1260139
-1258071
-1257393
-1254691
-1253250
-1248830
-1244838
-1241556
-1233356
-1231198
-1226167
-1220169
-1219693
-1214963
-1212595
-1203044
-1193284
-1188647
-1187247
-1187219
-1169445
-1145264
-1144163
-1141195
-1140402
-1139810
-1136844
-1129570
-1128913
-1127665
-1124468
-1121735
-1109943
-1106819
-1099019
-1092161
-1084619
-1084521
-1083391
-1078080
-1065386
-1064993
-1064752
-1055938
-1054897
-1046873
-1044279
-1039639
-1039391
-1038964
-1038926
-1037008
-1035868
-1032943
-1028296
-1027769
-1026594
-1026405
-1023735
-1021990
-1019743
-1015072
-1012077
-1008513
-1000098
-998822
-997633
-992356
-981714
-980252
-976134
-961746
-956295
-949211
-945978
-944131
-942923
-940267
-939751
-935083
-933028
-929308
-928924
-921667
-912433
-911620
-907598
-891853
-882595
-882135
-874660
-869767
-868694
-865048
-855320
-853007
-848553
-848119
-846415
-842311
-834711
-828610
-823507
-814220
-801818
-796536
-795812
-787275
-784353
-784332
-782312
-777983
-775619
-774204
-762559
-762058
-760078
-758157
-746411
-744680
-742979
-735883
-734239
-728050
-726016
-724950
-720229
-718680
-711667
-704307
-695366
-689288
-686844
-670448
-668366
-666331
-662983
-658468
-657876
-655689
-655539
-646429
-636191
-631333
-624019
-615612
-614597
-609179
-600103
-598941
-598502
-594471
-587038
-586904
-581596
-581286
-580654
-580362
-579575
-574661
-574655
-569077
-567077
-560010
-559714
-558129
-553162
-551341
-548610
-544214
-542846
-538619
-534618
-527389
-527338
-522551
-518945
-516077
-513023
-511894
-509338
-503962
-503415
-477726
-466567
-464050
-457570
-455629
-455160
-446028
-444648
-444231
-443658
-439327
-436224
-434391
-434085
-427776
-420551
-418410
-412955
-411817
-411492
-408240
-401573
-400168
-398774
-393469
-386944
-367698
-364152
-361653
-361371
-360292
-358181
-357698
-354679
-343894
-343624
-343609
-343425
-343232
-340305
-338608
-333209
-328895
-328341
-326386
-325267
-320105
-317106
-316831
-308536
-305444
-303448
-300689
-297877
-282681
-281954
-281809
-277512
-266766
-264040
-254532
-254174
-251588
-245331
-239335
-237405
-232950
-231510
-224581
-222285
-210018
-209390
-205195
-201714
-199383
-193902
-189364
-188521
-177482
-176241
-167485
-166337
-154291
-153993
-150282
-148381
-148092
-146370
-145893
-142238
-142042
-141691
-135575
-131104
-130632
-126135
-124096
-114024
-106385
-103292
-99662
-99485
-90644
-87055
-83142
-83137
-77378
-73620
-66180
-61184
-58982
-50135
-48900
-44816
-40363
-33682
-31616
-28799
-28752
-22600
-22349
-20688
-18428
-17994
-16530
-13294
-9980
-9322
-5155
-1120
-445
3704
4833
5000
5225
7266
7768
10898
16504
23250
24185
29424
31455
33323
37388
38648
41832
53306
58638
62928
67988
73266
77605
81754
90618
93495
98162
102189
103086
109156
114002
121666
126701
127085
130473
135555
141645
142669
147594
148693
151669
154988
156334
158979
161433
162576
165618
170833
185274
195177
196673
197887
206845
211231
213017
234697
243657
254905
254940
257430
260761
274826
276902
282467
285253
287932
290535
290741
291347
292665
293587
293764
296421
297402
301102
304729
309763
310220
310418
315837
319590
324263
331342
344667
349352
351722
356757
358298
362223
364311
364965
367039
375483
378698
384230
403367
403568
408714
410835
411654
419331
422133
430565
434521
435797
443633
445887
447578
449600
452258
457579
460391
460465
471125
472175
476500
490222
490447
491089
491959
494543
495716
501179
502289
506503
508672
509706
520647
527725
530565
532715
533798
534705
541471
546980
558593
564014
570049
573862
574424
574517
577376
584670
589402
599274
605835
606813
613121
613559
617013
621127
621536
624969
627644
630347
636545
643061
644902
646617
649402
649815
651100
652032
653657
654548
655291
656184
661165
663451
665267
666140
672829
673524
676399
679092
679410
698604
700117
701307
701879
704820
708596
713386
717476
724942
732367
737992
738856
742027
747320
747899
749449
750182
751987
753097
769445
772676
774096
777513
779841
780728
781142
789096
794140
794244
798453
801428
802254
803325
808451
818724
820728
820741
821868
824912
825496
830775
837761
841755
842316
843144
848475
849780
852911
858708
863287
866782
868627
870521
883971
887115
887444
903657
913155
914411
916948
918962
921169
921409
924819
929538
930693
933822
935560
942603
944669
950935
953181
953289
960180
960972
971215
979982
982643
986761
991038
993251
998179
999872
1002586
1002670
1007805
1008157
1012419
1016659
1021047
1026446
1028499
1030019
1035038
1043917
1043994
1047406
1052332
1063831
1063871
1064696
1070535
1081050
1085365
1088098
1088611
1091600
1094898
1098518
1098946
1106098
1116097
1117838
1117982
1119341
1122145
1134647
1134671
1138270
1142058
1153061
1164171
1168786
1179581
1187631
1196263
1197414
1197822
1199864
1200593
1210489
1218589
1222678
1227523
1231343
1237169
1238523
1243923
1245239
1247370
1254922
1255753
1257400
1269430
1278899
1281106
1283546
1292944
1314281
1324537
1325503
1327529
1336843
1338636
1345393
1353613
1354677
1354687
1356989
1364195
1364433
1367360
1367911
1379520
1379740
1381617
1382120
1386070
1387542
1389250
1392205
1392953
1397231
1398173
1399644
1400356
1406298
1407653
1410787
1415065
1417900
1422586
1426423
1428648
1433445
1437150
1437820
1441160
1442294
1446095
1446969
1450222
1459168
1465842
1466489
1468156
1476327
1484942
1487728
1489100
1489662
1493609
1499689
1503679
1507267
1509379
1511098
1514840
1517100
1523330
1527049
1527365
1527426
1527670
1528484
1529949
1533532
1533751
1535160
1540285
1544199
1548628
1560039
1561276
1582118
1583653
1595207
1602795
1605879
1608801
1615983
1616231
1617110
1618994
1623030
1625256
1627965
1637724
1638068
1638774
1641734
1642838
1642867
1645906
1664198
1668677
1676283
1678037
1684019
1687586
1687607
1698010
1698309
1701640
1703184
1707580
1708631
1720653
1720747
1721779
1724982
1725607
1727260
1728005
1728538
1737445
1742458
1746442
1754724
1756509
1759587
1763015
1764766
1764860
1769040
1774019
1779987
1786765
1788720
1797259
1814130
1821750
1823044
1830366
1832772
1838371
1840738
1845950
1855001
1857585
1867217
1872401
1875248
1876439
1880487
1883963
1888461
1890405
1890783
1892502
1893474
1894429
1895818
1898174
1900080
1913024
1913261
1913553
1913899
1917504
1932187
1936046
1942360
1942838
1947258
1948072
1958384
1964949
1966061
1966859
1974652
1975646
1978399
1980858
1986682
1989326
