-1987912
-1982164
-1981421
-1975062
-1973792
-1973235
-1972987
-1970593
-1969812
-1960256
-1959788
-1956200
-1952439
-1948041
-1946262
-1945608
-1945387
-1941600
-1938004
-1937665
-1934745
-1925536
-1917655
-1915238
-1913673
-1910415
-1909819
-1908605
-1905718
-1903636
-1903218
-1901158
-1901104
-1898427
-1894695
-1892005
-1891020
-1888671
-1886149
-1885279
-1881878
-1880145
-1870739
-1861918
-1861349
-1853275
-1851577
-1841390
-1839090
-1837410
-1833492
-1830076
-1812986
-1812460
-1809680
-1808972
-1807813
-1806521
-1801432
-1801353
-1800439
-1793525
-1791158
-1783700
-1779135
-1776422
-1771232
-1771102
-1770956
-1762816
-1760515
-1759974
-1745602
-1745228
-1744864
-1744258
-1743107
-1741342
-1738677
-1738069
-1734470
-1731285
-1729983
-1729066
-1724726
-1722489
-1722432
-1721856
-1720364
-1713271
-1712236
-1711054
-1707219
-1704109
-1694399
-1686517
-1684813
-1679570
-1679090
-1678590
-1672364
-1666764
-1665654
-1648132
-1641433
-1639461
-1636755
-1635139
-1634685
-1626386
-1622327
-1611461
-1609849
-1599523
-1595788
-1592728
-1590033
-1588556
-1585207
-1584880
-1579013
-1571996
-1567534
-1565222
-1564711
-1554949
-1550914
-1543539
-1540417
-1540105
-1539174
-1538861
-1533539
-1532992
-1531919
-1530387
-1516829
-1515238
-1508720
-1507882
-1505955
-1498359
-1497939
-1496985
-1492742
-1492491
-1492282
-1491457
-1491244
-1489911
-1487367
-1483545
-1479373
-1475659
-1461856
-1461570
-1454161
-1449595
-1440793
-1432969
-1429085
-1427406
-1421151
-1419260
-1419259
-1411126
-1410846
-1403966
-1402722
-1399568
-1393895
-1393637
-1392587
-1391164
-1390481
-1384995
-1382954
-1382734
-1378993
-1370637
-1369582
-1366777
-1363358
-1357107
-1356053
-1355412
-1355093
-1348767
-1341878
-1341854
-1337888
-1337029
-1333896
-1329283
-1325749
-1316985
-1312797
-1308781
-1305212
-1298854
-1291749
-1291475
-1291327
-1290692
-1279975
-1279350
-1270800
-1269406
-1268462
-1263514
-1261306
-1250580
-1247146
-1240454
-1240030
-1238710
-1237064
-1234736
-1231176
-1231024
-1229962
-1224710
-1219149
-1216418
-1213431
-1208696
-1208204
-1207658
-1207573
-1207200
-1202864
-1202440
-1198059
-1195569
-1190763
-1185149
-1184397
-1176099
-1175921
-1175386
-1173908
-1170704
-1168391
-1161854
-1161034
-1159471
-1154914
-1154599
-1153152
-1152481
-1144756
-1123017
-1119481
-1116642
-1112890
-1100358
-1095436
-1095096
-1093901
-1089857
-1085386
-1075353
-1072707
-1072600
-1062860
-1055234
-1051908
-1051433
-1049644
-1046650
-1046098
-1040128
-1038332
-1038279
-1030152
-1028104
-1022576
-1021616
-1008921
-1008366
-999951
-994239
-967352
-964030
-963882
-960313
-958202
-956364
-946639
-944328
-940021
-934918
-928605
-925212
-925062
-922407
-915585
-906897
-903203
-897192
-897135
-887855
-885220
-873641
-866307
-865954
-865202
-864726
-862480
-860204
-857359
-854778
-845739
-845046
-843076
-841508
-840962
-837354
-835136
-831182
-829020
-825097
-817959
-817102
-813846
-809944
-795326
-786342
-785174
-781610
-775374
-767269
-764636
-762109
-754744
-754508
-751881
-747829
-741009
-734032
-727995
-727032
-723319
-718121
-709561
-708043
-702324
-699524
-694746
-693343
-690931
-688933
-687509
-685909
-685828
-679849
-675253
-674248
-668878
-663357
-660628
-641324
-640063
-633891
-630851
-624438
-619567
-619294
-618777
-613801
-610022
-606086
-597872
-592004
-590330
-589864
-587136
-586835
-583739
-579389
-577501
-570970
-568577
-567708
-564278
-561823
-560482
-553597
-551911
-548277
-538674
-538563
-533506
-527011
-524771
-517947
-514619
-514284
-514132
-510653
-510155
-506690
-506235
-504835
-504249
-502365
-494115
-489214
-488709
-484599
-483073
-473111
-470966
-467590
-460909
-459709
-451935
-442433
-438902
-437856
-437753
-424993
-422178
-414552
-413251
-409457
-409029
-407927
-407771
-405401
-398714
-392396
-391985
-390668
-385750
-382602
-382276
-381942
-380157
-376990
-370511
-367474
-364456
-360168
-359027
-342462
-338499
-331272
-330794
-323996
-321799
-318239
-317953
-316310
-315362
-299976
-297818
-295791
-290725
-281595
-280651
-280204
-275689
-274010
-269827
-268810
-268605
-266164
-264595
-259620
-255099
-254836
-252885
-250640
-239866
-231643
-231576
-231572
-231170
-219493
-213746
-206547
-203766
-202223
-188165
-184196
-177449
-172913
-169476
-169052
-168799
-163995
-158790
-150289
-146583
-132352
-131000
-125053
-123537
-122234
-108863
-106410
-103981
-99837
-99820
-99120
-88979
-86271
-82925
-82465
-79874
-79492
-76401
-76348
-73021
-72848
-71621
-70773
-70513
-68236
-64454
-60065
-55027
-53821
-53752
-42487
-34536
-29952
-29423
-28548
-18137
-17958
-12048
-11168
-10591
-9133
-6141
702
4077
6468
13230
16855
18906
24095
26854
28753
29914
32102
37048
37772
39846
47930
51552
51596
64959
67902
73876
75242
76128
78832
87644
87836
92713
93062
93414
101506
104912
105952
106309
108562
111313
116118
121138
121448
126111
129278
134580
141030
143007
147588
163238
166897
167259
169342
171718
172983
174988
177931
183972
186615
188701
189302
191967
192458
200761
201620
202266
206713
208044
217296
223981
243165
243518
244997
247641
255694
259034
264498
265920
270984
271496
271964
281204
283448
284234
289150
294875
297003
297699
300429
303876
306022
306489
314537
317150
322918
326660
331190
331837
347506
347646
352691
361066
363650
365061
388773
392561
393260
393572
399528
404716
418773
425346
447611
463562
467762
468445
469298
470111
477067
489306
495298
495688
500553
500872
504756
507716
509097
511827
513045
519661
528599
528671
535267
537282
539335
539940
540365
552594
558140
559653
560980
563824
568144
568585
569320
573175
578335
579017
580994
586535
590444
590977
601749
617417
619983
622134
625534
630937
635676
639304
641601
644958
648967
648968
648986
653018
654647
655467
656619
661395
669539
672923
675166
677874
680226
681864
686632
688077
694233
694903
695162
704395
717097
720351
725462
730645
736028
736331
739639
740232
741452
748516
750525
755366
760134
764168
771859
774905
775946
775960
784241
799241
801570
809248
810047
814135
818909
819250
823730
828607
833585
837705
840608
842906
850090
855533
861135
871127
875858
883866
885502
888030
888958
889838
890726
892394
892486
901848
905951
914874
915069
921043
921250
922813
925564
927223
927318
930713
939314
954445
969885
984565
985337
1007524
1016793
1024402
1025585
1025924
1048498
1066921
1072082
1073721
1074171
1082195
1089777
1090375
1090778
1094435
1094656
1098757
1102930
1105529
1109586
1111108
1115639
1125030
1131639
1133898
1134115
1134767
1139679
1142667
1150596
1151805
1155812
1163371
1164678
1164801
1167635
1170441
1177652
1194030
1197080
1197418
1199575
1201781
1202277
1209727
1210183
1220056
1220697
1226415
1229822
1232106
1233723
1240732
1250163
1250756
1251142
1256646
1257455
1259645
1268471
1275657
1275908
1279045
1282767
1293164
1294179
1297704
1302120
1302412
1306252
1306865
1307116
1311346
1311397
1315055
1325269
1339402
1347576
1351150
1364078
1368624
1382988
1384279
1385577
1387079
1399363
1401884
1404415
1404749
1406726
1407131
1407978
1410620
1415293
1418108
1418253
1422967
1423750
1427420
1437260
1440651
1449136
1452499
1457779
1459600
1464633
1465438
1471116
1472900
1475633
1476703
1477832
1480414
1490411
1492704
1500628
1507910
1509146
1509394
1517502
1522948
1526518
1527605
1528859
1531396
1531598
1532375
1535513
1539509
1541609
1541735
1542113
1544904
1545389
1547770
1553994
1559625
1569538
1573859
1574130
1575403
1575517
1578419
1579222
1583733
1607714
1612498
1614551
1614780
1615976
1618475
1619302
1620117
1620230
1621431
1653073
1659090
1669878
1673937
1674560
1680162
1685293
1686217
1691533
1693056
1697707
1703195
1710888
1719618
1724458
1737547
1744539
1747216
1748667
1755839
1765581
1774558
1774909
1776607
1790729
1792951
1793825
1795369
1795770
1796355
1797584
1798783
1820821
1830664
1830699
1837783
1846022
1850588
1851584
1853098
1853337
1860636
1867990
1869551
1875243
1882827
1887336
1891313
1898854
1899734
1902428
1902946
1903913
1904318
1915297
1917042
1917705
1920732
1922673
1937233
1938258
1943737
1944353
1948839
1950376
1953600
1959849
1961620
1963623
1966657
1977096
