-1986205
-1983338
-1979612
-1975281
-1974625
-1974454
-1965444
-1957095
-1956793
-1947243
-1941959
-1941878
-1941769
-1934015
-1932901
-1932267
-1928289
-1923441
-1919958
-1919549
-1918992
-1917222
-1912946
-1912185
-1909374
-1907826
-1907484
-1906963
-1900535
-1897791
-1888887
-1887911
-1885939
-1885627
-1883363
-1870732
-1868744
-1858628
-1857822
-1856070
-1846061
-1842297
-1842090
-1840272
-1836286
-1834427
-1824361
-1824195
-1820001
-1814706
-1811480
-1808237
-1803649
-1788666
-1778156
-1776086
-1775615
-1775297
-1774604
-1772561
-1770893
-1768052
-1759992
-1756532
-1747395
-1743042
-1742071
-1733499
-1723354
-1722678
-1717729
-1709108
-1708313
-1705492
-1705020
-1704205
-1697757
-1695793
-1687397
-1686697
-1685073
-1680543
-1675554
-1672295
-1671384
-1665647
-1658201
-1655868
-1642839
-1641497
-1630186
-1629587
-1629164
-1625397
-1610353
-1598699
-1595679
-1591641
-1579989
-1578167
-1576359
-1574920
-1571596
-1569618
-1561951
-1559289
-1557552
-1555695
-1551784
-1545119
-1537699
-1532635
-1526642
-1524650
-1522016
-1514354
-1512430
-1512005
-1499769
-1499337
-1495115
-1471821
-1463693
-1462919
-1460853
-1455143
-1450705
-1450409
-1442806
-1435833
-1433408
-1431773
-1428734
-1417478
-1410815
-1402520
-1401253
-1399049
-1396048
-1392041
-1387359
-1385502
-1381963
-1377731
-1372131
-1370930
-1369196
-1364769
-1364390
-1364358
-1358622
-1355460
-1354708
-1352819
-1351335
-1350024
-1350002
-1348910
-1336301
-1335964
-1331562
-1329260
-1327364
-1324700
-1318975
-1317894
-1316870
-1316756
-1314585
-1314208
-1312949
-1309710
-1302614
-1300181
-1290094
-1289219
-1278140
-1275358
-1272043
-1267682
-1266742
-1266021
-1251763
-1251557
-1250274
-1245452
-1237116
-1224757
-1218461
-1214671
-1210288
-1209988
-1191222
-1179686
-1173559
-1171756
-1165944
-1161908
-1161335
-1160150
-1151312
-1145853
-1139633
-1133344
-1126868
-1123964
-1120548
-1117457
-1110915
-1106553
-1105445
-1104398
-1100393
-1100178
-1094201
-1091899
-1089929
-1084195
-1084088
-1083666
-1076758
-1066610
-1062762
-1059246
-1058828
-1057063
-1051440
-1038705
-1037590
-1028048
-1027759
-1025981
-1020662
-1019480
-1017717
-1012860
-1007533
-1001260
-1000338
-993328
-990765
-987514
-986292
-982094
-973085
-971358
-957869
-950432
-948833
-948026
-943513
-940685
-938215
-937874
-934671
-928039
-924246
-920377
-913707
-911962
-908887
-908101
-901185
-899114
-895260
-892191
-888624
-883863
-881267
-879714
-868148
-866832
-859138
-853903
-852017
-850330
-849644
-849175
-844791
-843315
-837746
-834449
-833261
-831929
-828618
-826107
-820480
-816365
-812211
-811413
-805354
-804593
-802349
-799714
-793787
-785192
-781517
-775815
-767149
-764494
-759987
-758664
-750493
-750420
-746723
-746110
-742769
-741175
-728525
-717703
-710819
-707765
-707245
-701112
-700559
-699919
-699051
-697014
-695961
-695386
-694473
-691627
-690128
-682644
-680181
-677008
-674427
-671856
-667895
-662483
-640822
-629235
-626643
-625322
-623492
-618442
-618128
-614084
-612113
-611651
-609678
-609012
-600564
-595934
-586848
-586039
-584448
-581191
-574756
-574583
-570767
-570239
-563927
-558717
-548200
-542742
-541887
-537961
-532607
-529998
-529627
-523757
-523209
-517770
-517622
-514566
-512040
-510876
-509420
-498877
-494601
-488010
-483370
-482325
-479564
-475385
-475258
-473735
-471696
-467678
-466360
-465652
-464075
-462724
-459561
-456109
-455049
-454039
-443664
-439152
-436411
-431744
-428286
-423491
-417763
-411741
-405604
-396360
-386666
-382694
-379520
-379447
-369864
-363002
-361385
-359693
-354568
-352798
-349473
-349436
-345985
-345312
-340851
-328700
-327234
-326520
-324279
-324034
-323549
-310709
-305675
-304630
-302207
-292448
-289167
-273208
-273197
-270467
-263872
-257502
-256295
-256092
-250834
-247924
-247548
-245843
-236597
-229336
-228760
-221391
-219290
-203189
-202653
-198775
-195957
-191334
-182018
-177255
-175208
-174469
-172188
-170464
-170331
-163057
-156386
-153785
-145508
-142186
-140332
-137076
-136796
-134022
-128064
-118954
-118490
-110143
-104923
-102390
-97592
-93311
-88158
-74870
-74597
-66043
-65082
-63865
-59776
-51242
-50053
-47120
-44879
-44431
-35047
-29393
-24025
-8880
-7847
895
1102
1564
2151
2868
10399
13388
16617
16927
19469
26569
32978
38741
40891
54741
55421
58292
63132
65923
75081
75880
80702
89047
95121
100716
111769
114539
115890
120470
124817
132064
133508
142523
143609
145747
156621
160859
161103
167967
170095
171842
173625
173756
180884
181494
181604
187740
189126
195152
196605
200443
215414
216800
218168
224044
232488
241820
259843
264435
266052
268534
274586
277466
279683
281262
287093
287103
292391
296414
296579
305450
305771
316482
317285
319674
321688
324073
326177
327317
327801
334028
355790
359859
376691
381073
386533
388081
390118
393918
395653
402376
405717
411209
412190
419213
419517
420266
427073
432096
432783
435211
437006
438222
447617
452559
455986
456334
461201
462129
462602
464802
472307
472785
472827
476443
476967
492090
496020
509261
509513
514072
518693
519997
520925
522897
526133
528107
531028
534147
535019
535202
540611
543544
545290
546963
549950
558108
565015
579813
584516
585666
586169
594434
597617
598880
604074
604456
613710
613775
615393
615605
620348
622004
625421
630070
631624
631938
632511
638778
638870
640424
641288
646496
647042
647824
666617
668275
669992
670867
674187
674918
681660
681805
684597
690390
691244
691546
692576
692791
698682
700994
709494
715829
721020
725029
729268
731636
734231
737985
739172
739722
741787
742245
745917
768818
769298
773192
773780
776100
776900
780740
787212
788701
792087
793273
794319
794378
797551
798011
801123
802310
808188
808323
817260
818803
819861
820787
824678
829860
831783
835502
837646
838369
852366
855227
858644
864679
867477
867647
869028
869869
871265
877791
892850
901632
905032
905071
907644
909213
909966
910740
915338
916899
919556
926596
929687
932881
934225
935788
937142
937750
938482
940269
940495
943112
944149
949698
949811
953835
960066
965523
966057
968361
968654
969559
969864
977978
980695
981399
981662
982709
989272
990186
995513
1000379
1001592
1003393
1003909
1012486
1020112
1036073
1038115
1038413
1039888
1041395
1041414
1045175
1045935
1054746
1055557
1056695
1059084
1069147
1074249
1076050
1077137
1089176
1089236
1090169
1092276
1099431
1107474
1108867
1119944
1123960
1126778
1135041
1137762
1147539
1157011
1162062
1167875
1171245
1181374
1184874
1188010
1188712
1190924
1192473
1195365
1198299
1199578
1201134
1208123
1220090
1230953
1233302
1238644
1241246
1244521
1244765
1244840
1248399
1248457
1252820
1255715
1257509
1257978
1258000
1259399
1264581
1269115
1270463
1281136
1284025
1293783
1296547
1296848
1299916
1302163
1303400
1306158
1318518
1320109
1342322
1344584
1348708
1355153
1355599
1370027
1375036
1380288
1384326
1386920
1388984
1389035
1392834
1394262
1395390
1398901
1400456
1402608
1403930
1419151
1420182
1420296
1432590
1436126
1436986
1438488
1440323
1443610
1444287
1447477
1454872
1454959
1455726
1458128
1458239
1477311
1478742
1479877
1481407
1485838
1493152
1499252
1500182
1503390
1509373
1511506
1511769
1516497
1517827
1519584
1527305
1543293
1547683
1552356
1559163
1560842
1564977
1580989
1583738
1583948
1584890
1587475
1591376
1595628
1599050
1602233
1609823
1610870
1619906
1630366
1634417
1635059
1635740
1637636
1640961
1646596
1647880
1653481
1656950
1686725
1690330
1694759
1695759
1697568
1698986
1708192
1711688
1713373
1717349
1721309
1722437
1726235
1735261
1739769
1740767
1741950
1748197
1751522
1754819
1764890
1764969
1771676
1775116
1775485
1789454
1794061
1796815
1800655
1804618
1807008
1810655
1812651
1814467
1821192
1826801
1837537
1839847
1842730
1844187
1846575
1849211
1851276
1856347
1859323
1862498
1864126
1864692
1865540
1875990
1876392
1876463
1877733
1878865
1879955
1881381
1893831
1896166
1903712
1904525
1907555
1910453
1924626
1925347
1935706
1941685
1946550
1952759
1954330
1961172
1962773
1965557
1968511
1972301
1977980
1982754
1985076
1987380
1991007
1998559
