-1989309
-1979875
-1979703
-1958068
-1957312
-1956551
-1955614
-1954813
-1951001
-1949389
-1947157
-1941883
-1925901
-1920347
-1920038
-1915978
-1912343
-1909255
-1908651
-1906293
-1899892
-1888155
-1876349
-1872030
-1866808
-1862991
-1859540
-1850287
-1843663
-1837213
-1836714
-1835641
-1829348
-1819795
-1807983
-1807253
-1805091
-1804922
-1802666
-1801404
-1799583
-1798802
-1797659
-1796869
-1796330
-1792545
-1790248
-1775887
-1774415
-1771430
-1758801
-1755117
-1753266
-1751036
-1750131
-1739279
-1736992
-1735832
-1735095
-1734252
-1732513
-1732074
-1727034
-1725979
-1723630
-1722804
-1713861
-1709415
-1706911
-1706622
-1702169
-1699571
-1698895
-1690855
-1690345
-1684678
-1681746
-1681640
-1679485
-1663044
-1662690
-1658051
-1655408
-1649996
-1646684
-1643697
-1641331
-1627115
-1624289
-1618789
-1615931
-1611405
-1608517
-1604786
-1603395
-1602492
-1601784
-1592997
-1589186
-1588372
-1588202
-1585944
-1585823
-1584340
-1583211
-1581251
-1579303
-1576236
-1575313
-1570221
-1562419
-1556604
-1552997
-1551766
-1541568
-1541425
-1539131
-1538178
-1537710
-1536424
-1535381
-1532676
-1531053
-1519885
-1518773
-1518139
-1516911
-1507015
-1506824
-1506459
-1505963
-1487541
-1481597
-1480658
-1480449
-1471855
-1470124
-1457386
-1451057
-1443420
-1441902
-1416868
-1415705
-1409388
-1407240
-1398446
-1396351
-1396269
-1387238
-1384089
-1382364
-1376051
-1374451
-1367214
-1364014
-1361931
-1356983
-1356342
-1345239
-1344194
-1326924
-1325186
-1323792
-1320808
-1313883
-1312857
-1312352
-1311629
-1298177
-1294986
-1285540
-1280135
-1277144
-1276695
-1275402
-1273931
-1272795
-1270570
-1269884
-1261944
-1257120
-1256672
-1253197
-1251880
-1247337
-1234310
-1232718
-1228684
-1224171
-1220147
-1219782
-1217412
-1207363
-1206054
-1202877
-1200877
-1199145
-1196800
-1196181
-1194238
-1193713
-1186061
-1185508
-1184638
-1175817
-1171574
-1166061
-1160030
-1159022
-1158639
-1157703
-1151782
-1150820
-1147936
-1145095
-1129109
-1125442
-1120870
-1117825
-1111492
-1107034
-1106837
-1105119
-1100415
-1100339
-1098840
-1097806
-1095209
-1094370
-1083869
-1083461
-1077412
-1057764
-1054200
-1052758
-1051080
-1050932
-1050340
-1049917
-1043512
-1035742
-1032787
-1030013
-1022049
-1019271
-1017478
-1015339
-1012860
-1008705
-1007983
-1005466
-999713
-990849
-984961
-979932
-977314
-975429
-964405
-963836
-962171
-960140
-956371
-952388
-949651
-946900
-942673
-942442
-941395
-940902
-939597
-937937
-937791
-934975
-925832
-925778
-924462
-919968
-917900
-915378
-913854
-904972
-894084
-892188
-889701
-887149
-883739
-883532
-879280
-879107
-872979
-870056
-862027
-860842
-846937
-841695
-834671
-829230
-826829
-812558
-782561
-782418
-780389
-775754
-773144
-769985
-767517
-761376
-760482
-751677
-750659
-747596
-745742
-736081
-735246
-734229
-732734
-726634
-724084
-722547
-721647
-720254
-705399
-705079
-695450
-690440
-689277
-687076
-686540
-686250
-683255
-676686
-675853
-669440
-664283
-658322
-655174
-646849
-645208
-632287
-630938
-621863
-620181
-612491
-594762
-588158
-587967
-582127
-580247
-576032
-575337
-571296
-557771
-553285
-551767
-548663
-548020
-543895
-540937
-534953
-527153
-524678
-524471
-516227
-511413
-507007
-506880
-500951
-499827
-497777
-487044
-482363
-476173
-474883
-467275
-455690
-438125
-438080
-434681
-425415
-424222
-421629
-413492
-411836
-391921
-389705
-383831
-380335
-370578
-367793
-361901
-355652
-348350
-343786
-332915
-330543
-329471
-326771
-320344
-315846
-314473
-313959
-309128
-302602
-302191
-297393
-292117
-287339
-286475
-285140
-284849
-280050
-279846
-272792
-272694
-269029
-257545
-254129
-252087
-247820
-245727
-238453
-232841
-231909
-228260
-227997
-227161
-221188
-218734
-212160
-207122
-202322
-200799
-187128
-186579
-182297
-182099
-179702
-169479
-166664
-162850
-151048
-145640
-143064
-136506
-133429
-130822
-127641
-126236
-119462
-113388
-111514
-107046
-105224
-104984
-98685
-97557
-97429
-96968
-95378
-95247
-90029
-88187
-84078
-82695
-70867
-70716
-56947
-49710
-45980
-42925
-38542
-37463
-27788
-12032
-10493
-6631
-1285
1286
9309
11207
14853
15824
20437
26689
29846
30172
43194
45261
49010
52626
54932
57240
59439
61063
62283
63283
63713
67666
68088
79466
88356
90757
91913
95108
96715
97597
99269
101003
104086
105996
108116
108839
109784
112360
116103
126184
130158
136574
139097
139569
145325
152290
152366
155138
162552
162636
166099
166325
169521
170405
170618
176627
177271
181727
184072
188905
189758
190282
199431
204902
206805
208190
209534
214902
219274
224874
231288
234339
244761
258218
259658
260059
261475
268013
268542
272866
273379
276860
279948
282887
289004
292375
298399
308376
309193
312803
314303
314509
320722
321729
326233
335549
335970
337073
337434
339588
340460
341446
342119
343210
352803
359618
361593
361857
370999
373390
381987
382882
383136
384610
385586
395769
400626
403763
418287
419304
422002
430783
433829
435071
437966
438467
445651
453472
457429
460837
473195
474711
478441
483229
493055
495353
497068
497599
498833
502903
505611
505886
510249
511787
529321
535401
535706
537701
539089
540113
543462
544532
549549
558505
559891
564768
569629
571219
572015
576368
581076
584958
585160
587499
588349
602715
606255
611712
612888
613408
615393
615909
618846
619620
625973
627653
629989
635361
642734
646706
647421
651365
653473
659212
663882
667660
679850
684387
684968
688791
691697
696569
703990
705822
711558
714943
716464
722335
722347
722786
723941
728890
731632
732603
732653
733543
737512
743047
749377
749395
756020
756432
780711
782112
783135
784964
787918
801010
803242
805264
806416
815759
817757
820497
825904
827021
832645
832897
836395
839103
842797
844273
847174
847530
854960
857429
864457
868320
870595
874721
885806
890066
893232
894351
899139
909163
910144
912517
914001
916325
917969
922954
928610
933058
934883
936497
941277
945295
947014
947101
947147
949771
951472
965875
969852
972321
972860
984612
988001
1002742
1005013
1006572
1008637
1012028
1013180
1018700
1020779
1024218
1026654
1040430
1045529
1047201
1049544
1051700
1052824
1054595
1067880
1068922
1073085
1077459
1088033
1093705
1094498
1099463
1105077
1105122
1105156
1119915
1120851
1128381
1131330
1141262
1144181
1146795
1146842
1147616
1150109
1151250
1153025
1153797
1156002
1163407
1164298
1164857
1165672
1171017
1171377
1171811
1174490
1175614
1176128
1183413
1186304
1187663
1189909
1190601
1195576
1208323
1209030
1209823
1213251
1213561
1214913
1223211
1223228
1225979
1226401
1231756
1232515
1234688
1247171
1250205
1264904
1268733
1274669
1275758
1275905
1278064
1280669
1281954
1291188
1293133
1296683
1297792
1299391
1300253
1300414
1306040
1306374
1307908
1317983
1332683
1350005
1352118
1358421
1361628
1375433
1388019
1392457
1410933
1414062
1418624
1424754
1432467
1442282
1443291
1447361
1448448
1449686
1453030
1456409
1467052
1467637
1469335
1470199
1471100
1471215
1472306
1472815
1477211
1477371
1482886
1484594
1486002
1486160
1489857
1497223
1498375
1499241
1510428
1510657
1513315
1515287
1516058
1520785
1527011
1539728
1546539
1549834
1550022
1554738
1561298
1563122
1563224
1564785
1573239
1576804
1576891
1579514
1583833
1586421
1587030
1587819
1591525
1592550
1604135
1608989
1625587
1626879
1632589
1656167
1656763
1656781
1660403
1663675
1666283
1666924
1671670
1673132
1675047
1679690
1691662
1693312
1695331
1696798
1700255
1706395
1710002
1718849
1723236
1723995
1741982
1746970
1749309
1749367
1749589
1758050
1758398
1761784
1765324
1766004
1766738
1767175
1768391
1772218
1783225
1783947
1786381
1793834
1800197
1800565
1801968
1805599
1806424
1811273
1815042
1823883
1826753
1826780
1829793
1834501
1834977
1842120
1850357
1854216
1856630
1858055
1860338
1861674
1866196
1866494
1868017
1875037
1876844
1880798
1887814
1893598
1901658
1903915
1907600
1908162
1908237
1917665
1924954
1925393
1926215
1926773
1949477
1952926
1957080
1959134
1959474
1961866
1961934
1964035
1967518
1971317
1974885
1977947
1978511
1988061
1992992
1996445
1997559
