-1994910
-1993389
-1992775
-1988421
-1985696
-1984881
-1982821
-1976454
-1963434
-1959098
-1954243
-1941371
-1929248
-1924316
-1923275
-1921669
-1913874
-1910761
-1910731
-1909278
-1906807
-1894001
-1892782
-1876267
-1875506
-1872715
-1857435
-1851340
-1848892
-1847291
-1843299
-1842924
-1842780
-1834491
-1829557
-1829429
-1821214
-1812181
-1808346
-1805866
-1803116
-1796717
-1795726
-1795307
-1794751
-1787953
-1786251
-1785851
-1775283
-1749574
-1748018
-1741872
-1738686
-1737804
-1730279
-1721984
-1721463
-1720023
-1717910
-1711725
-1710309
-1697650
-1696182
-1689472
-1684775
-1680976
-1679722
-1677419
-1668577
-1667957
-1667654
-1662845
-1660166
-1659930
-1654219
-1653465
-1652172
-1648825
-1647085
-1642844
-1642256
-1641296
-1640929
-1631377
-1624512
-1624426
-1624225
-1622466
-1622055
-1614871
-1603225
-1600746
-1600624
-1600078
-1599169
-1582116
-1575610
-1573124
-1572060
-1569173
-1563766
-1561880
-1560099
-1558283
-1555538
-1554633
-1541284
-1537400
-1535959
-1532859
-1530507
-1519179
-1512426
-1510367
-1508584
-1491617
-1485042
-1479608
-1474868
-1474349
-1472625
-1470625
-1466964
-1454297
-1452686
-1450508
-1447983
-1438746
-1436224
-1430752
-1429911
-1425768
-1424079
-1404427
-1391274
-1386014
-1382499
-1381944
-1378627
-1377722
-1374862
-1369782
-1366914
-1366851
-1366332
-1364792
-1364760
-1359426
-1346384
-1344802
-1344667
-1343831
-1333536
-1329842
-1329202
-1327920
-1324361
-1321275
-1320186
-1319588
-1317768
-1311957
-1304851
-1297220
-1290785
-1290150
-1277836
-1266923
-1266685
-1265263
-1262134
-1253590
-1250405
-1249573
-1247550
-1239943
-1238165
-1235879
-1230162
-1228675
-1226469
-1217998
-1214002
-1206178
-1205729
-1204469
-1203833
-1197953
-1194888
-1188303
-1186074
-1181244
-1178835
-1176666
-1173552
-1168353
-1166929
-1166545
-1165064
-1164363
-1153477
-1149646
-1147701
-1144452
-1140598
-1139868
-1134881
-1117656
-1116905
-1113500
-1113461
-1113071
-1110286
-1109966
-1108929
-1106824
-1098113
-1091029
-1090973
-1089018
-1085572
-1081510
-1078552
-1068546
-1058942
-1056749
-1056446
-1051487
-1046535
-1042491
-1036864
-1036792
-1033879
-1033533
-1026487
-1024007
-1022387
-1017692
-1015487
-1010362
-1009539
-1008106
-1006679
-1002685
-998678
-994023
-990784
-989931
-986381
-986039
-985377
-984352
-982447
-980109
-980005
-979248
-976421
-962926
-959046
-952438
-946627
-943175
-941493
-939319
-925475
-917978
-908827
-905703
-898082
-895025
-894826
-892081
-891798
-886739
-863310
-861577
-848966
-848690
-846966
-844385
-842935
-841057
-837537
-832005
-829357
-826137
-820495
-818305
-817748
-813184
-806894
-806735
-800851
-800483
-796772
-796144
-792096
-782788
-778264
-766588
-758502
-748452
-747209
-744553
-743568
-742340
-741166
-737503
-736540
-733855
-725625
-725299
-718403
-713533
-708815
-708234
-707375
-704698
-704614
-701661
-686246
-684718
-682297
-680843
-677647
-677146
-662571
-661996
-658675
-653047
-653010
-650887
-648637
-646331
-644014
-632103
-627725
-621907
-617534
-615147
-614811
-607686
-602714
-602010
-597280
-568929
-568488
-563455
-561664
-561364
-556469
-555907
-545625
-539729
-532891
-531522
-530345
-528551
-518329
-511714
-507179
-504641
-497751
-490825
-485777
-482277
-477892
-466909
-466234
-463074
-461807
-460062
-451464
-448658
-429644
-426675
-425387
-420401
-419128
-417011
-409481
-404143
-403037
-400270
-396865
-388327
-386308
-384303
-382873
-375858
-358956
-358117
-351163
-348235
-348191
-345129
-335070
-331965
-327404
-323349
-322448
-320975
-314658
-311696
-301056
-300699
-294937
-292659
-289443
-284744
-283375
-282648
-282335
-277931
-275050
-274151
-270095
-266253
-261967
-255174
-242155
-234541
-232939
-232683
-232490
-229287
-227898
-215517
-212723
-210081
-207339
-207138
-203966
-203117
-199696
-197629
-185395
-184795
-178457
-164945
-164627
-157793
-154933
-137784
-124841
-121795
-119369
-117564
-116691
-110687
-110132
-101761
-98851
-91096
-82105
-75483
-74085
-62499
-47569
-38505
-33470
-32537
-27647
-23327
-18437
-13901
-12573
-9869
-8356
-3296
-2617
-1119
-101
2354
9710
9993
10464
21910
23014
23634
25043
26414
32244
35254
36741
37343
44242
44801
54013
54678
58522
60901
63705
64357
69825
69976
82638
87066
88309
91797
95119
113981
115856
121828
124457
139166
140706
141558
144264
148110
157459
159468
162936
177569
178301
179474
187507
188711
194990
195155
197084
197105
199521
205776
208433
213117
215339
216361
217229
221953
226062
231356
239600
249525
254084
260864
262276
263002
264314
265179
268591
269312
271014
271329
274428
282826
284243
289895
292112
294299
297556
297948
300003
300746
302211
303686
313529
315002
321193
321905
322352
326465
340979
344504
349618
352836
355121
359724
368029
370299
381562
390809
391648
393075
394103
394574
395706
399225
413432
414824
419893
424078
430197
434408
441594
443653
451818
453829
455125
456741
457591
466013
469146
470358
473901
480002
493525
494326
495909
498015
498425
507097
508422
510188
511974
518751
524283
530001
530146
535143
538352
539151
552189
560139
562834
564804
567981
569945
570970
573754
574241
576375
577649
580683
583725
586995
588100
588694
590213
591025
603807
604584
607160
625663
631692
637942
648957
659874
663431
673644
679482
681343
682921
684140
685769
695839
718488
724020
724270
730314
731477
735353
742072
748208
750859
757971
765257
776867
779779
780991
783067
790730
792619
794982
795163
799928
812447
814677
816195
817106
818541
828728
830585
836174
843113
844213
846526
846546
859181
859995
860996
866333
871618
872263
873156
875749
876002
880649
890763
892083
896236
896971
900581
915173
919097
932622
935248
936218
941640
944877
948112
949768
950626
951780
958087
960023
967542
968470
975446
978655
979749
981511
983080
986794
987511
987588
995145
997773
1001817
1002296
1002800
1002934
1006759
1009684
1010614
1014031
1014741
1019746
1024695
1025221
1033449
1036129
1036330
1049342
1053573
1057149
1058955
1065609
1066188
1068959
1070110
1070828
1073568
1075780
1081130
1085811
1086093
1096049
1096060
1096416
1099902
1101085
1101390
1101699
1105949
1109055
1112148
1114556
1131634
1150682
1154916
1161005
1161682
1161754
1167807
1174135
1187587
1191152
1195508
1195809
1197283
1198437
1199803
1206477
1208703
1213547
1217361
1217682
1223136
1235996
1236323
1238857
1250970
1253474
1253999
1259098
1259285
1261738
1261786
1264439
1265385
1273034
1273507
1273946
1277153
1281618
1283330
1284736
1286602
1292488
1297081
1297602
1302497
1305496
1306910
1309834
1309952
1311340
1315957
1318246
1327530
1329238
1344936
1347660
1348014
1349277
1350968
1352011
1357153
1359659
1366270
1369940
1379208
1380164
1380252
1382242
1384042
1384438
1389605
1391861
1398088
1398611
1413330
1418034
1418662
1418715
1421569
1421745
1431217
1435479
1436630
1440439
1443828
1445786
1449967
1459976
1460529
1464218
1466214
1472038
1473817
1491077
1495076
1498089
1498881
1500309
1503559
1507864
1510523
1513581
1513996
1517475
1520482
1522089
1527471
1529097
1531336
1532209
1549643
1557364
1558152
1564000
1569834
1582951
1583132
1593689
1595387
1599261
1602886
1603122
1603617
1610168
1610341
1610532
1615161
1617875
1618495
1618563
1619231
1627855
1631067
1631857
1632118
1632553
1638646
1643899
1647222
1647886
1648357
1653136
1654355
1655554
1657018
1657935
1658084
1659766
1661089
1665161
1678042
1680770
1684191
1687175
1692214
1692970
1697308
1697580
1699462
1709793
1709920
1713608
1719654
1725057
1725318
1732608
1733745
1734290
1734318
1736673
1746920
1753748
1760655
1760754
1764508
1764671
1764762
1769522
1771540
1780628
1785859
1787629
1790326
1794024
1795195
1795435
1805027
1806060
1811914
1812971
1822431
1822949
1823913
1826166
1827285
1833265
1834643
1834939
1839930
1847324
1848839
1850125
1861437
1865369
1867312
1869593
1870008
1870723
1878208
1879113
1882978
1887670
1888066
1896663
1901437
1901983
1903780
1909225
1912135
1912176
1925674
1933265
1935400
1940836
1942024
1942906
1944375
1945074
1945982
1946170
1947957
1952336
1952703
1963797
1966314
1970802
1971413
1976743
1984378
1988346
1991458
1995916
