-1993976
-1989815
-1977260
-1975737
-1973137
-1972481
-1968198
-1967201
-1965726
-1965419
-1963791
-1961479
-1955301
-1953659
-1945907
-1943027
-1941471
-1938399
-1937873
-1936581
-1935150
-1930354
-1924409
-1913494
-1896060
-1895406
-1886190
-1882718
-1877598
-1873677
-1868582
-1866846
-1863350
-1857498
-1852022
-1851559
-1847641
-1847107
-1844946
-1843736
-1842631
-1838068
-1835253
-1826901
-1826353
-1814592
-1805046
-1801500
-1800178
-1798433
-1791966
-1781406
-1779234
-1778735
-1777918
-1772698
-1760948
-1757039
-1755033
-1748924
-1746946
-1744057
-1741712
-1736495
-1735330
-1734873
-1725173
-1724293
-1724161
-1721053
-1715227
-1707388
-1706620
-1696305
-1691593
-1679548
-1675948
-1671782
-1671076
-1670514
-1669273
-1664341
-1662515
-1658318
-1657002
-1654870
-1653153
-1651393
-1647614
-1642873
-1641093
-1628723
-1624382
-1620179
-1615704
-1604051
-1595354
-1593369
-1585535
-1584204
-1579018
-1577807
-1573491
-1561846
-1559308
-1554048
-1553288
-1546172
-1546083
-1543320
-1540165
-1530753
-1527655
-1525143
-1524204
-1519673
-1517023
-1516047
-1510019
-1500359
-1500238
-1497232
-1492627
-1467231
-1463466
-1459684
-1458747
-1451077
-1447552
-1444181
-1442554
-1441397
-1440676
-1430861
-1425628
-1417899
-1417475
-1412930
-1398250
-1398232
-1395374
-1379349
-1377810
-1373966
-1363285
-1358549
-1357758
-1357132
-1355856
-1351693
-1348551
-1346720
-1341074
-1335819
-1334207
-1332981
-1332293
-1330976
-1328319
-1325554
-1318627
-1314826
-1309934
-1309533
-1306398
-1306044
-1297940
-1297819
-1291047
-1290534
-1288015
-1257338
-1257169
-1249376
-1236891
-1235146
-1232363
-1230358
-1227954
-1227905
-1227126
-1224380
-1220504
-1210024
-1207618
-1196785
-1194386
-1191056
-1186525
-1185691
-1185098
-1180077
-1177145
-1170278
-1166373
-1166342
-1166138
-1165407
-1159933
-1152877
-1150253
-1149505
-1146882
-1140380
-1137390
-1135011
-1130335
-1130117
-1129991
-1126119
-1122820
-1120720
-1119961
-1110211
-1107219
-1102428
-1102100
-1099349
-1096499
-1094547
-1093767
-1089471
-1086828
-1086010
-1085327
-1082996
-1081063
-1079238
-1064389
-1059571
-1057661
-1056588
-1056158
-1049483
-1048042
-1045188
-1043495
-1042219
-1031058
-1022319
-1020295
-1012882
-1000358
-998710
-998133
-997237
-984233
-981193
-976717
-975842
-971838
-968727
-964544
-963725
-957199
-954210
-952609
-951016
-945870
-943444
-938575
-927316
-920717
-919065
-916544
-912640
-905226
-893934
-892539
-888084
-884335
-879549
-878190
-868959
-866237
-865794
-861039
-856658
-854362
-852421
-848647
-848188
-844953
-833079
-830847
-827645
-826129
-824952
-823660
-822705
-822430
-820737
-820335
-817768
-810506
-809910
-807295
-804112
-803098
-795305
-793586
-791461
-787648
-786913
-785757
-783162
-781777
-780728
-769519
-769356
-769034
-767655
-756351
-753900
-752691
-750395
-745423
-745182
-726804
-725497
-722064
-719388
-718796
-715087
-710331
-699095
-698209
-694307
-692987
-688833
-683532
-682236
-682085
-680704
-651853
-649890
-649673
-648643
-644238
-637097
-636389
-636331
-627082
-626882
-623145
-617001
-613787
-607037
-599165
-598490
-595587
-594447
-583999
-582021
-578252
-578102
-575822
-574404
-571880
-569198
-567607
-565153
-563158
-555863
-546221
-543278
-539929
-539619
-527132
-515986
-508189
-507981
-501897
-495105
-485704
-476712
-475259
-472350
-467443
-464300
-462181
-454986
-453907
-453706
-452722
-450711
-450535
-449396
-445367
-444448
-441457
-439618
-437131
-436373
-433666
-432549
-432346
-431736
-428733
-427870
-415536
-414834
-414803
-411499
-405106
-397836
-396269
-381787
-381546
-372065
-369224
-366162
-365235
-360121
-355936
-350537
-344508
-341621
-338775
-332459
-331759
-328896
-321185
-314018
-304714
-294575
-293677
-290376
-287084
-282891
-278929
-277751
-273042
-265498
-254853
-254070
-253848
-252485
-248795
-242838
-241072
-236840
-233208
-224124
-212561
-188336
-187216
-182586
-180153
-176952
-171459
-165328
-164598
-163694
-163043
-158538
-151606
-137907
-135718
-135496
-133073
-131005
-126799
-123656
-117747
-112407
-106320
-103219
-102816
-99373
-94876
-91400
-90347
-87821
-83938
-82380
-77712
-68507
-66712
-61531
-59916
-54508
-53459
-45718
-43860
-41043
-33832
-29269
-27854
-24652
-13776
-8477
-4915
-330
6419
8471
12448
15870
21378
26722
32142
36771
36810
42456
42800
51388
54502
71052
77327
92052
100054
102990
106971
113698
116445
126147
130918
131652
133124
133588
135989
144218
145194
147381
148210
156492
156752
160480
161435
162343
162822
163602
171414
175553
182985
184892
186514
191046
192780
193717
203980
206288
207547
214424
216253
220105
221781
224111
225405
231097
231542
232867
241207
244547
248542
248905
251198
262144
265482
268315
268972
270682
270738
280969
284778
285850
289519
292411
293883
297999
299714
315629
316863
317022
318218
324345
326949
329116
329888
344149
344768
346710
351382
353232
356282
364037
374030
378785
380766
380929
383892
393911
406022
414030
415094
421472
422583
425611
428658
430553
430755
432179
445528
446314
452341
454688
456993
460328
469692
471952
472186
475119
486343
491692
497933
497952
498112
498809
510865
512985
519717
521921
524644
527770
531618
531993
537504
537838
559093
565313
565701
573885
576712
586411
587347
588027
593346
595751
599005
607456
622411
627702
644434
657342
660840
664214
664585
671195
673470
684491
689157
706317
709671
709735
709773
711535
713436
719145
719527
722776
727217
730312
732925
740874
742079
753395
756318
756622
758636
774488
776054
785633
786023
786428
786837
789655
799755
800045
805762
810092
822305
826916
829955
831874
842930
845990
851324
851792
852392
855243
865310
865814
871788
886651
892214
903520
907186
910022
910139
913052
916196
922543
923179
923226
926606
935176
942151
943139
943213
947159
948722
948925
949663
951069
952766
955884
957521
957882
962167
962798
978967
981509
982774
984222
985160
985824
991214
993089
994997
997081
1000095
1001083
1002667
1003189
1004850
1011018
1011809
1015327
1026728
1028752
1041090
1041706
1048624
1049188
1055095
1059572
1061599
1061773
1070146
1075583
1083298
1083567
1091919
1093942
1094714
1095332
1100607
1102504
1103252
1109590
1111587
1111762
1119831
1120710
1130953
1131787
1134864
1135254
1138894
1140586
1142037
1142927
1143896
1145929
1154300
1171425
1172319
1172440
1173551
1175242
1181297
1182147
1184959
1193847
1194942
1197239
1201128
1201954
1202184
1203348
1204463
1212246
1213411
1216279
1220030
1232004
1234448
1239375
1241365
1247873
1253915
1267935
1269312
1277673
1286978
1289438
1289916
1291467
1291584
1292354
1295105
1295953
1306862
1307725
1321023
1323023
1323297
1327847
1331405
1334306
1341541
1343325
1344013
1346838
1347078
1349892
1354336
1364919
1365842
1375782
1377513
1377560
1380561
1391283
1394580
1400521
1414654
1416841
1418220
1420514
1424825
1425890
1429364
1429382
1429435
1431129
1432785
1435317
1437364
1437925
1442804
1447641
1461497
1462428
1464950
1467511
1469200
1476423
1481412
1505073
1508786
1511528
1514742
1515693
1520756
1527157
1549070
1554604
1561299
1563681
1567049
1576838
1579796
1583736
1583739
1583936
1584082
1593252
1600361
1602188
1603478
1612819
1614437
1621276
1622412
1623481
1625322
1626644
1628211
1629887
1629891
1639060
1642907
1646431
1649112
1657298
1657524
1659870
1665837
1666543
1666835
1670024
1670593
1672570
1674248
1679394
1685866
1687103
1688983
1689443
1690153
1690809
1700985
1703358
1704431
1708574
1709981
1713771
1714160
1719214
1719845
1727287
1733957
1738111
1740784
1741206
1742859
1743344
1744262
1746137
1747430
1748890
1749304
1759775
1760579
1760900
1761675
1764370
1766348
1774723
1774809
1775002
1775359
1775461
1781207
1782771
1795114
1797426
1799178
1804187
1804861
1827507
1828260
1830570
1832912
1833804
1835305
1838285
1838563
1839197
1841215
1852245
1853479
1854963
1859088
1860951
1862799
1867273
1871485
1878637
1879882
1885867
1886152
1886336
1887961
1894453
1899147
1905220
1907538
1913669
1920067
1926884
1928349
1930247
1937293
1942148
1947712
1964684
1970888
1971140
1973857
1974765
1975093
1977070
1982332
1987430
1988825
1992064
1994982
1995605
