-1999977
-1995682
-1995410
-1988648
-1984984
-1982534
-1979989
-1976377
-1975696
-1974333
-1974030
-1972969
-1963068
-1962882
-1962514
-1960905
-1960904
-1942530
-1938528
-1929759
-1928971
-1925419
-1924812
-1919030
-1918406
-1916654
-1909945
-1907305
-1907184
-1900169
-1897056
-1895145
-1889154
-1886400
-1882877
-1882009
-1878160
-1868366
-1866775
-1865924
-1865436
-1864517
-1861554
-1857795
-1838039
-1832789
-1829977
-1825245
-1824212
-1816389
-1812221
-1811342
-1797087
-1788818
-1786667
-1781428
-1780945
-1780131
-1778516
-1775540
-1772822
-1769511
-1767794
-1760481
-1751202
-1750716
-1748204
-1748082
-1743085
-1734048
-1733320
-1730413
-1728144
-1722837
-1716887
-1714457
-1711242
-1703880
-1695232
-1693514
-1683569
-1677719
-1677666
-1672603
-1670443
-1668666
-1667067
-1659403
-1651238
-1650551
-1645379
-1641004
-1637665
-1626261
-1621224
-1620771
-1617972
-1614817
-1614465
-1614029
-1611473
-1607835
-1602290
-1598910
-1596404
-1585276
-1583440
-1570869
-1563512
-1562185
-1561829
-1556663
-1555194
-1543528
-1540476
-1538986
-1532103
-1519453
-1518106
-1517143
-1515305
-1512721
-1499190
-1497518
-1497494
-1495941
-1493047
-1492926
-1487557
-1486401
-1480466
-1480034
-1479706
-1477939
-1477057
-1475754
-1468734
-1468138
-1464857
-1463431
-1460500
-1447584
-1445497
-1445332
-1440930
-1439591
-1438660
-1427305
-1426662
-1422712
-1421688
-1419396
-1417251
-1409453
-1407987
-1403981
-1400785
-1399925
-1399403
-1398686
-1397938
-1396787
-1389018
-1384199
-1383586
-1383579
-1368980
-1367010
-1364882
-1351258
-1348492
-1347172
-1346896
-1340743
-1340431
-1338168
-1328420
-1326528
-1322278
-1313687
-1309732
-1307844
-1304612
-1303520
-1283864
-1277261
-1273738
-1265216
-1263841
-1263367
-1261578
-1260501
-1258664
-1250748
-1249270
-1239057
-1236845
-1235650
-1230628
-1227001
-1224954
-1219335
-1215656
-1202861
-1199034
-1188032
-1186485
-1185281
-1179164
-1169649
-1169309
-1166509
-1163694
-1159336
-1158775
-1155865
-1150471
-1137936
-1134145
-1120128
-1119328
-1118633
-1118372
-1113523
-1111485
-1104747
-1099844
-1094611
-1094589
-1093878
-1078186
-1074565
-1070854
-1070446
-1067084
-1063059
-1061967
-1059023
-1055880
-1044951
-1042436
-1036086
-1031730
-1024605
-1023638
-1021299
-1017832
-1011296
-999951
-995589
-994216
-992647
-990760
-984117
-981050
-979238
-972120
-971798
-970925
-970039
-955711
-944725
-935953
-930701
-929940
-927548
-926317
-923596
-920504
-917844
-914219
-913765
-913246
-911928
-908039
-906124
-901325
-901146
-899411
-898889
-898796
-892815
-890665
-886700
-883659
-879340
-877473
-876495
-874547
-873455
-872384
-870924
-870901
-867598
-861205
-856215
-846013
-843944
-842326
-842064
-841251
-839237
-833805
-832677
-830083
-829279
-820280
-808313
-807580
-806448
-804662
-802412
-800818
-792575
-791678
-780337
-772163
-770897
-764601
-761548
-760139
-751150
-744300
-741295
-741202
-732143
-727903
-727837
-727756
-726477
-722910
-719429
-715654
-697543
-681929
-672638
-672575
-665785
-656623
-654985
-642399
-642315
-641478
-638638
-635535
-627785
-623086
-619443
-617531
-607343
-605120
-593849
-588689
-581866
-577258
-576085
-575729
-573247
-572769
-572275
-571402
-553257
-548720
-546828
-538346
-535786
-535672
-531949
-526305
-523898
-519818
-519736
-519613
-518563
-507064
-498182
-490815
-480823
-476349
-475592
-474654
-474065
-473044
-465120
-461742
-461003
-458599
-456927
-455031
-453393
-451540
-439288
-438000
-433325
-430004
-416478
-411630
-402034
-401380
-395735
-394852
-394629
-391005
-390750
-389656
-388433
-387122
-385253
-381647
-379889
-379751
-375266
-372615
-367685
-346061
-342792
-342512
-337414
-322078
-318548
-317473
-316509
-310449
-306143
-305370
-301051
-294747
-293615
-291159
-289165
-287202
-282583
-278665
-274861
-274340
-273619
-267651
-261493
-261240
-255533
-253259
-242824
-241702
-227908
-222158
-207515
-207266
-197963
-195352
-194310
-189861
-189704
-188971
-185308
-174904
-173409
-172391
-170330
-164979
-153897
-153856
-140660
-140378
-138374
-137822
-137205
-132925
-131491
-130122
-122396
-120909
-117006
-116680
-116196
-104025
-101094
-100931
-90674
-90421
-88568
-87111
-70611
-69831
-69559
-67093
-63503
-46953
-45392
-44734
-40611
-25709
-25320
-16523
-16325
-2082
2443
2983
5136
6695
7019
12310
17415
20951
21417
29854
30007
30182
33032
39769
49370
50539
53922
72332
79486
79635
86667
97728
100096
109806
118011
123969
124914
127951
129073
132710
142849
148154
149527
163084
173521
175471
176168
178328
186205
193986
194289
196810
197360
198121
199952
200273
204586
206026
206763
215145
216715
224109
224232
233118
247982
252127
264794
265617
271749
283246
298401
300284
300417
304151
310397
313480
320520
321590
321950
321992
331840
332579
332950
333692
339242
340967
357681
365759
366974
371544
377384
378204
380205
386185
386444
388550
390141
393897
394559
396934
397531
403522
406987
407719
407936
410689
412556
414866
416075
422903
423482
426813
429826
433647
434031
436632
436818
438698
447392
449767
450315
455545
456777
463227
465045
467260
469830
471145
473705
477092
477171
488364
499710
510391
521421
521810
526868
529357
529360
532789
533692
538980
547260
548367
553611
562631
564462
566398
568901
571878
576279
576468
577172
583863
584007
593300
594895
599233
602406
614090
620562
622335
625169
625731
631101
633239
633929
646258
655635
659006
659397
660194
660483
664712
672692
672790
674423
675895
678775
712692
717786
722278
723779
726191
726925
731370
732138
738412
739271
739780
745797
746974
759636
759897
773225
774660
775254
777880
789603
790632
791419
800759
803728
814656
817138
817325
822347
825564
837736
838258
838734
840781
846870
850320
851931
851936
853472
854242
855204
855650
856599
878743
880776
885696
892237
896432
897896
897992
904144
906763
906848
911859
915469
916129
920967
922506
931367
931790
932357
939859
939998
943123
949903
961807
964581
965067
968898
970672
973420
974416
990571
995244
996620
997269
1003382
1012448
1024044
1027324
1035472
1036622
1041806
1045523
1050031
1054868
1056466
1062820
1063712
1065885
1069750
1075557
1082040
1086571
1091413
1092197
1095895
1099724
1105346
1109064
1115769
1123448
1125569
1140331
1144243
1144313
1147517
1148342
1160744
1161217
1164127
1166019
1167145
1171541
1172089
1175252
1184679
1185072
1192265
1200312
1206941
1209891
1216609
1217159
1218385
1225057
1228250
1228325
1233233
1235669
1250356
1262185
1264000
1269034
1273739
1278290
1279633
1287496
1288134
1290586
1292434
1292956
1294836
1295495
1297819
1300511
1302578
1308200
1309105
1313248
1313481
1321088
1324903
1327253
1328023
1335068
1341803
1345920
1348410
1348719
1350077
1354205
1356047
1356158
1365202
1368653
1368668
1369322
1370228
1373369
1374233
1378186
1378901
1381051
1383851
1383899
1385781
1388679
1394756
1399220
1400429
1407637
1409180
1416507
1421612
1431079
1436995
1449423
1450914
1452646
1473542
1481150
1484598
1488910
1489648
1491104
1502515
1503891
1506100
1506205
1522912
1527606
1535416
1536973
1537022
1538361
1542227
1547943
1549557
1557413
1563047
1564598
1567341
1568775
1571503
1581115
1583303
1591053
1593601
1599993
1602229
1607777
1615514
1618038
1620266
1628656
1632260
1635689
1636638
1638201
1647743
1652902
1653443
1655739
1656785
1667604
1668538
1670731
1672190
1674634
1674967
1676941
1678174
1680327
1682969
1686354
1688529
1692307
1697917
1698151
1702471
1703196
1704560
1705101
1706513
1707115
1716427
1726249
1737473
1738995
1742207
1743839
1745411
1749499
1751231
1753250
1760682
1770393
1770739
1775537
1776211
1777427
1786297
1787042
1796658
1801873
1810383
1821086
1822218
1825394
1833479
1839478
1839642
1842050
1848022
1848023
1848125
1848372
1854009
1854804
1855289
1858555
1860816
1861657
1862705
1865031
1868480
1868822
1873296
1877760
1883788
1883905
1885972
1888284
1893636
1898389
1900936
1903147
1904149
1908015
1913925
1916727
1918483
1919724
1926302
1930394
1931996
1937324
1938216
1944914
1951050
1951456
1953545
1953703
1955248
1961169
1961211
1963436
1964999
1966643
1972359
1973779
1976712
1977811
1980721
1990738
1993776
