-1975893
-1973010
-1966886
-1965540
-1965042
-1960900
-1959850
-1957068
-1956664
-1954387
-1953412
-1949437
-1949059
-1943895
-1933724
-1917501
-1912398
-1909237
-1897297
-1897116
-1888645
-1883831
-1874866
-1874259
-1872094
-1869118
-1864812
-1860902
-1856776
-1855251
-1853360
-1847269
-1837420
-1833559
-1829068
-1823357
-1818734
-1816159
-1815558
-1814815
-1814118
-1812155
-1809698
-1807601
-1804244
-1797197
-1795579
-1794438
-1791545
-1787401
-1785950
-1783021
-1768900
-1763998
-1758666
-1751042
-1739630
-1736461
-1733544
-1726924
-1718578
-1713451
-1702703
-1700829
-1692419
-1680713
-1676303
-1676055
-1660111
-1651108
-1650561
-1650266
-1635485
-1635303
-1635062
-1632957
-1632203
-1627514
-1622312
-1616671
-1615888
-1613963
-1613162
-1606466
-1605852
-1603734
-1598468
-1595411
-1592072
-1591356
-1590260
-1588513
-1585879
-1584599
-1581387
-1576417
-1571628
-1571525
-1566450
-1564362
-1564245
-1559391
-1558127
-1549323
-1548505
-1547738
-1544053
-1543343
-1541634
-1539843
-1537397
-1535226
-1534003
-1532694
-1531377
-1530550
-1507311
-1507027
-1500080
-1496310
-1489120
-1476482
-1473992
-1471064
-1469199
-1467175
-1461380
-1456274
-1454872
-1445008
-1443743
-1443014
-1442484
-1441753
-1441227
-1438772
-1435434
-1433391
-1425714
-1425599
-1425208
-1424577
-1422799
-1420860
-1420045
-1419792
-1419074
-1418293
-1405361
-1392071
-1387876
-1381503
-1379441
-1378331
-1377835
-1376472
-1369805
-1363092
-1361307
-1360126
-1360005
-1355044
-1352394
-1351328
-1343748
-1340144
-1331718
-1329770
-1317301
-1311915
-1294799
-1288689
-1288678
-1267022
-1256167
-1237934
-1237851
-1234791
-1231465
-1231464
-1229247
-1227649
-1224781
-1224128
-1222278
-1222195
-1217718
-1196162
-1182202
-1182071
-1177685
-1176947
-1175015
-1169051
-1164000
-1159456
-1145301
-1141716
-1138715
-1128736
-1122173
-1113500
-1112597
-1112304
-1098469
-1098134
-1094707
-1090540
-1088142
-1087451
-1077816
-1076932
-1075131
-1073475
-1072491
-1066829
-1059965
-1059236
-1058981
-1057915
-1057566
-1057346
-1047065
-1042369
-1036655
-1036248
-1029891
-1026309
-1025060
-1018562
-1016240
-1014529
-1009324
-1002379
-997467
-994889
-994872
-984976
-983985
-982523
-981327
-977529
-970968
-951106
-947095
-943858
-939780
-935147
-934200
-933252
-929593
-915277
-910806
-903230
-899749
-896896
-896753
-895388
-891563
-890368
-889400
-886470
-866626
-862282
-858370
-849273
-848386
-848223
-845093
-841645
-839100
-835618
-835496
-835439
-833367
-828625
-823747
-822131
-820861
-812718
-808104
-807953
-806875
-800365
-799359
-795508
-791801
-789155
-787517
-784857
-782749
-767150
-764116
-755165
-750875
-744101
-737796
-736051
-731195
-728150
-723780
-721897
-720376
-719221
-719044
-716908
-711650
-700641
-698299
-686521
-685957
-685733
-684798
-684538
-682639
-675776
-669043
-666165
-662456
-650044
-648046
-646177
-644353
-638806
-629849
-629810
-615231
-613611
-613100
-607850
-606575
-599918
-598455
-596903
-595627
-593308
-584657
-580374
-579163
-577934
-573864
-573299
-564833
-561968
-556692
-550170
-546404
-545713
-545146
-540209
-536456
-535517
-521543
-521381
-519987
-515401
-514187
-508586
-507043
-501785
-495625
-494628
-485208
-482855
-471272
-460095
-458414
-455916
-454892
-441017
-438519
-438344
-430020
-426403
-426170
-423386
-414089
-402274
-399157
-391996
-376905
-374574
-370243
-368322
-367505
-365684
-363916
-361624
-360088
-360069
-359442
-356118
-355103
-352984
-352015
-347736
-347250
-345405
-343529
-341652
-337910
-336136
-331087
-318627
-316912
-311278
-310880
-308438
-308064
-280546
-279868
-279859
-278990
-277927
-276492
-275949
-272567
-269006
-268668
-267862
-266328
-258906
-256493
-256211
-254792
-252562
-252442
-244222
-241969
-233685
-230882
-218998
-216460
-210339
-209680
-205652
-199645
-196324
-192284
-192276
-187153
-179229
-178525
-174553
-173089
-171659
-170226
-166517
-151459
-146828
-146377
-138902
-135473
-135162
-135103
-130611
-128672
-121902
-121716
-121167
-114011
-106952
-103569
-99776
-99261
-98705
-89489
-80936
-77932
-75977
-64294
-61375
-53094
-46744
-43600
-42874
-40112
-37118
-31312
-28624
-28558
-26436
-15101
-14313
-12785
-4340
-2062
32
340
3151
3484
5553
6944
17462
22471
24460
25100
26987
36061
42515
43603
44860
45338
45410
51399
54413
60992
73290
73607
75948
90027
97337
111599
114253
117478
120237
120931
122578
123686
125138
126904
129510
137133
139044
140784
141857
147003
148326
148517
149086
151452
152974
157410
158870
161406
162290
162550
166977
173783
174542
174733
175751
177288
177540
182540
194501
200520
200581
202478
203996
207978
208520
209617
223618
236027
237104
237546
249190
257018
266757
269856
270798
271448
272212
276351
280821
283889
285008
287328
287689
297836
298710
299187
305499
305721
309219
315073
319152
319157
325787
337653
341080
341473
346544
346681
356666
360437
362477
364190
375524
384180
385140
389414
399120
402105
408751
408891
414839
415404
417767
419612
421623
423137
427223
431664
440252
447324
451852
454549
460236
461382
462886
474848
475463
479197
482560
488999
489492
490531
494220
509213
510358
511385
512477
512650
512767
515697
515783
517053
534601
539669
539691
548617
548991
550323
555767
559573
564694
566496
567913
578807
584353
587134
590475
597172
599251
607065
613974
615102
616046
633772
634132
635290
636301
638076
642395
645009
646202
648597
655300
662294
664214
673994
678918
679318
682685
684453
685704
693890
695335
697113
700584
700784
703127
707287
710211
711635
712572
714258
714357
715098
728092
730017
730976
737100
739175
739341
744162
746580
747448
749566
764456
766055
767553
772172
773918
788995
792693
797680
801685
803950
806081
808114
810151
817109
818999
819191
819387
821206
828324
832443
835581
840273
841812
859328
866831
874072
874158
878974
885824
886020
886889
890908
901051
902951
906801
908011
918257
925774
926588
929017
941704
948727
960525
960843
968762
983731
985239
990552
1000194
1001300
1007579
1012707
1013945
1020099
1020446
1020647
1022458
1027229
1028638
1032000
1036583
1041725
1047993
1048216
1048437
1048965
1055624
1056403
1063771
1063791
1063871
1080251
1080998
1092335
1093966
1094055
1096161
1099642
1100169
1105259
1112169
1114383
1118949
1120234
1128478
1130121
1131713
1137905
1141110
1142751
1143082
1154273
1154321
1160135
1161045
1168990
1174250
1176453
1177327
1181865
1181866
1183092
1186295
1188026
1188272
1189167
1194003
1195262
1196243
1203580
1204305
1206346
1206816
1207873
1207937
1213357
1214157
1216919
1220887
1222388
1225301
1226673
1232067
1233370
1241727
1254605
1261008
1261265
1262433
1272468
1289067
1289952
1294761
1301792
1310335
1323078
1324993
1328554
1345271
1347240
1349716
1350972
1353703
1354608
1359181
1362301
1364129
1364999
1367021
1370386
1374098
1377041
1378372
1381401
1388968
1390175
1392021
1396270
1398783
1404038
1406898
1409531
1415458
1421564
1422361
1423091
1424739
1425514
1432087
1432718
1433226
1433571
1436130
1438069
1447969
1448739
1462292
1467023
1472090
1472642
1478661
1480810
1489761
1490888
1496028
1497167
1500055
1507853
1510075
1512378
1513014
1521462
1523326
1526408
1534054
1534637
1534827
1537332
1539361
1540193
1540719
1540983
1545266
1551148
1552220
1552586
1555284
1556917
1560416
1571755
1572109
1583820
1593075
1595752
1600598
1602892
1604486
1612818
1618321
1625369
1636097
1645388
1645707
1650542
1657515
1658455
1661196
1676493
1682472
1694952
1697684
1698245
1700909
1703150
1708480
1715285
1716415
1716465
1724263
1737750
1744198
1748188
1749816
1751864
1756926
1757088
1759322
1760346
1767615
1767741
1771474
1777234
1780817
1785664
1786181
1792692
1796099
1804336
1806452
1809528
1810139
1813821
1814214
1821969
1825765
1832732
1833441
1846032
1847092
1851529
1857384
1859521
1865471
1874890
1877610
1878574
1893448
1896967
1905515
1905923
1906598
1906961
1907120
1908052
1908671
1910887
1910966
1915274
1917035
1919265
1941069
1953655
1953671
1956411
1959788
1961908
1964622
1965641
1969464
1979542
1980489
1982535
1985236
1990307
1990506
1991061
1999050
1999108
1999688
