-1997444
-1996336
-1994822
-1990413
-1990103
-1989411
-1988994
-1980098
-1977805
-1977283
-1968937
-1968712
-1968292
-1961315
-1957535
-1956772
-1952882
-1943021
-1937636
-1936421
-1920795
-1920106
-1908141
-1907073
-1905173
-1896759
-1895246
-1892132
-1885599
-1883888
-1879979
-1878465
-1870616
-1867751
-1863914
-1863558
-1862561
-1849636
-1846514
-1846116
-1844811
-1842229
-1841177
-1839632
-1834497
-1833102
-1827683
-1827457
-1821912
-1819561
-1817698
-1812531
-1807287
-1800105
-1799543
-1798460
-1797560
-1797498
-1783626
-1782464
-1782336
-1781066
-1780910
-1762546
-1760344
-1757240
-1756037
-1754367
-1752533
-1745658
-1743634
-1739903
-1739821
-1729320
-1722041
-1720818
-1719682
-1716651
-1716059
-1709192
-1696952
-1695566
-1695360
-1695067
-1690374
-1689251
-1684286
-1681622
-1679725
-1677485
-1670864
-1667556
-1662500
-1660112
-1652059
-1650525
-1643786
-1639534
-1636074
-1635558
-1634466
-1631300
-1621195
-1620554
-1616683
-1614695
-1604728
-1601992
-1599922
-1589711
-1580961
-1579493
-1578288
-1573459
-1573297
-1572148
-1563605
-1551008
-1549278
-1548172
-1544082
-1534105
-1531163
-1531120
-1527263
-1522605
-1519115
-1515170
-1513968
-1513014
-1512483
-1509314
-1507654
-1504815
-1500312
-1499662
-1498701
-1491945
-1490416
-1487542
-1483405
-1479355
-1478448
-1474704
-1471994
-1466156
-1463413
-1455969
-1455356
-1453939
-1451975
-1451111
-1450071
-1448850
-1444468
-1443449
-1438222
-1431710
-1431227
-1431067
-1427334
-1425433
-1408562
-1407426
-1404125
-1398862
-1396755
-1387294
-1383358
-1377199
-1375831
-1375529
-1367126
-1366053
-1364003
-1362698
-1347741
-1338651
-1333534
-1331177
-1318694
-1312053
-1311127
-1306855
-1300453
-1300256
-1292475
-1291628
-1288429
-1280654
-1280458
-1277923
-1273048
-1272639
-1265578
-1265150
-1263913
-1263331
-1256529
-1256142
-1255496
-1250293
-1245644
-1241346
-1238150
-1216006
-1215897
-1201948
-1192324
-1192030
-1190642
-1189536
-1183765
-1181150
-1178962
-1177220
-1174217
-1172421
-1170226
-1167643
-1162028
-1160259
-1157646
-1156124
-1155524
-1149025
-1147972
-1136922
-1131613
-1128522
-1127765
-1124877
-1107634
-1105234
-1101378
-1096327
-1091706
-1087871
-1086613
-1083616
-1070849
-1069763
-1052965
-1051250
-1041291
-1035261
-1034115
-1032178
-1031593
-1025259
-1025169
-1024795
-1024523
-1023420
-1019656
-1008090
-1007645
-1006462
-1000801
-998777
-991239
-987060
-986410
-969552
-966699
-958215
-957413
-952936
-952665
-949999
-947289
-941730
-938469
-931456
-931325
-928645
-926583
-926232
-922180
-921844
-917045
-913499
-908143
-906586
-906390
-905323
-897422
-891955
-887029
-884670
-883353
-881236
-875939
-866674
-843430
-841477
-838398
-824517
-824478
-824172
-820548
-811033
-794550
-794107
-791530
-779240
-772779
-767384
-766684
-766046
-758157
-757336
-753990
-749788
-749574
-749129
-737894
-731807
-727211
-721997
-712168
-709231
-708501
-705157
-704794
-704028
-704025
-701581
-698357
-689050
-683358
-680487
-679531
-676368
-674407
-664894
-662812
-661359
-658983
-658386
-655700
-654840
-652477
-652402
-645726
-630676
-623795
-621589
-619923
-612364
-604914
-604295
-603468
-600477
-595588
-594820
-592924
-582606
-581494
-577555
-575299
-570441
-568019
-565430
-561033
-554013
-549738
-548380
-547635
-544699
-538619
-532874
-532768
-522012
-519364
-518543
-515405
-513811
-509062
-505362
-503888
-494462
-491924
-486405
-485130
-484956
-484148
-483052
-479920
-473743
-470717
-470601
-470593
-464239
-463053
-457447
-455184
-454820
-454490
-447000
-443841
-443539
-442632
-438922
-438273
-435730
-433944
-428612
-424600
-416531
-409974
-409703
-407860
-404647
-402170
-401708
-401236
-387371
-385641
-383818
-376356
-373894
-359747
-349348
-346626
-342726
-339668
-338202
-337769
-328660
-327367
-323765
-322400
-321024
-319904
-304781
-295523
-295401
-294084
-285984
-278437
-277555
-274233
-269926
-268295
-266964
-252815
-247969
-247317
-241069
-236885
-233494
-222516
-206651
-206399
-205180
-203916
-201126
-191806
-189737
-188430
-178790
-170065
-167130
-163711
-156024
-154498
-150426
-139061
-133682
-130708
-127778
-115811
-114729
-114529
-109314
-99692
-99126
-98544
-98472
-96380
-91187
-87814
-87192
-86753
-79078
-72044
-70806
-62907
-60317
-58596
-54499
-51153
-48230
-47573
-46291
-41951
-41532
-38420
-32708
-15637
-13826
-9259
-7928
-7273
-7131
8975
14104
31268
38474
49237
50534
66168
69740
74650
75108
75935
82339
82615
83029
84755
88428
96691
99689
103094
106132
111269
111755
117704
124722
125534
126258
130264
136522
136876
137715
143137
155010
158925
165577
172942
173339
174416
178547
180036
189586
192285
198182
204080
204895
205564
206825
207772
216256
217155
223310
224653
239442
240164
250891
253355
259784
265566
267029
270396
273136
274207
275616
289530
292587
299861
300330
302155
310812
323421
326117
332859
332989
340816
343203
344131
344241
345152
360391
362608
367297
370291
371719
377662
379088
383364
389836
390131
391075
396746
397116
416031
421938
427792
431901
432077
436466
437174
446439
447960
451164
466151
467634
472172
473450
475545
476551
478820
493665
496317
499191
503002
514966
520631
520780
527121
530891
537944
540279
541099
542366
544410
552580
555064
570894
575567
578085
579252
581559
587274
588067
595487
600500
603355
614779
615326
622824
629388
630394
632409
636714
637048
638178
638423
640466
640737
642979
646721
647134
648269
648410
650299
653535
653646
659361
661694
664193
667690
668678
671481
683562
691029
694160
707543
709010
713909
718569
721954
722188
722843
729946
731261
732986
737871
738971
742344
743518
747720
759061
760569
764512
771728
775450
778056
782426
783986
787391
795904
800703
816331
816969
823275
825584
826879
832964
838338
842428
845501
849893
854624
856379
856852
862517
862536
862947
866940
870135
870726
871503
880590
885646
885815
888598
907705
908417
911713
915800
919492
922826
926730
928148
932782
935732
936487
939617
942378
944156
950637
959134
959450
965976
967942
968711
974068
982214
982648
983175
985841
986550
995199
997434
1004579
1005732
1006039
1009029
1009227
1010351
1018101
1018145
1021182
1023693
1026429
1032377
1039989
1040273
1044443
1047152
1054562
1057344
1070095
1072265
1073076
1074349
1074627
1076871
1087527
1091272
1091589
1095883
1100147
1103804
1108008
1112342
1113865
1119083
1123916
1124455
1128763
1129015
1139270
1146947
1147282
1147913
1154772
1154945
1164399
1175326
1182250
1194037
1201909
1202760
1207014
1207247
1210317
1221680
1222897
1225685
1237993
1242645
1246313
1250181
1253622
1257107
1261766
1261957
1263617
1269513
1279328
1283035
1285651
1290396
1294008
1294989
1296494
1302375
1307713
1320558
1323517
1330362
1332469
1340096
1340416
1366421
1376165
1376522
1376724
1383448
1385976
1392911
1394956
1399445
1400383
1408296
1411803
1415323
1416789
1419167
1421945
1422060
1422510
1429831
1431288
1435605
1435830
1442183
1446696
1447744
1451874
1455174
1457202
1465247
1470200
1470435
1474265
1487320
1487619
1494422
1494691
1495097
1497855
1498249
1503305
1506351
1508188
1521971
1524644
1528313
1528360
1535784
1542149
1551212
1552036
1553779
1556375
1564011
1564098
1565891
1571323
1575800
1579851
1583612
1585174
1588633
1591760
1597861
1599176
1602600
1603922
1604169
1604611
1606380
1607187
1607415
1608849
1620890
1623973
1628273
1632660
1637345
1641296
1645754
1646186
1651784
1655372
1656639
1656834
1662859
1679430
1685015
1685511
1688884
1699743
1703702
1709729
1724697
1725279
1739528
1742874
1743046
1743380
1744448
1744665
1745460
1745507
1747742
1749456
1751250
1751881
1752669
1764462
1766732
1769030
1770812
1772609
1777069
1779500
1781748
1784300
1791974
1800057
1801307
1811491
1817909
1818536
1822016
1822445
1829761
1842295
1846986
1847426
1863720
1866907
1870797
1874080
1879506
1882482
1885142
1887115
1892357
1893411
1894628
1896318
1899145
1900643
1908430
1909730
1913200
1913393
1925247
1925749
1928641
1930024
1930476
1930542
1930808
1932933
1935014
1936334
1945028
1952890
1961448
1965017
1966935
1969204
1972926
1975992
1976310
1977735
1980336
1980536
1981313
1984839
1987541
1988279
1995064
