-1998952
-1996803
-1992868
-1989983
-1987420
-1987326
-1984186
-1980815
-1979056
-1978644
-1974883
-1969403
-1963262
-1960941
-1953399
-1952691
-1951235
-1950599
-1948043
-1943606
-1937952
-1929930
-1928620
-1927123
-1914529
-1903364
-1902673
-1899353
-1897509
-1884992
-1883974
-1878520
-1876512
-1875371
-1872383
-1869928
-1869474
-1866912
-1866009
-1864170
-1858132
-1856112
-1855287
-1852113
-1850961
-1841412
-1839913
-1838142
-1807095
-1793141
-1790632
-1781361
-1779395
-1774406
-1773180
-1773147
-1766570
-1766025
-1757825
-1757546
-1752439
-1749635
-1734967
-1728225
-1727471
-1726886
-1725443
-1723954
-1719921
-1715223
-1713931
-1707411
-1705056
-1701410
-1700018
-1699010
-1696141
-1695609
-1695076
-1694545
-1693205
-1688505
-1684981
-1681824
-1679135
-1675322
-1673312
-1673311
-1672633
-1671411
-1667101
-1642547
-1639068
-1639036
-1635382
-1634779
-1631928
-1625240
-1622696
-1622594
-1620072
-1606028
-1599832
-1595171
-1593870
-1584176
-1580995
-1580715
-1577345
-1574249
-1561364
-1549118
-1548678
-1546597
-1545094
-1544817
-1537760
-1534875
-1534031
-1526113
-1521779
-1512359
-1512051
-1504337
-1494066
-1491930
-1490691
-1488773
-1485871
-1473956
-1473666
-1471121
-1463612
-1462385
-1456676
-1453110
-1446666
-1440624
-1438450
-1437681
-1435294
-1434845
-1434201
-1434105
-1419351
-1415102
-1410596
-1405142
-1403053
-1402805
-1402766
-1399593
-1395028
-1391145
-1388240
-1386059
-1381404
-1376477
-1371567
-1366784
-1362870
-1358829
-1354150
-1349807
-1345254
-1342209
-1332283
-1330334
-1294592
-1293112
-1282484
-1276392
-1270938
-1267363
-1258169
-1258114
-1254798
-1251803
-1249876
-1239894
-1238571
-1231717
-1217968
-1214904
-1208795
-1207333
-1206857
-1205783
-1205408
-1200736
-1195490
-1193229
-1190164
-1189868
-1187367
-1185658
-1183986
-1167454
-1161848
-1159813
-1156017
-1150757
-1147838
-1138645
-1138410
-1133265
-1126789
-1119693
-1118362
-1109170
-1105590
-1105408
-1104254
-1101079
-1096339
-1092565
-1086285
-1081347
-1076273
-1072102
-1071510
-1071018
-1067245
-1062079
-1061933
-1056150
-1054705
-1054658
-1045005
-1038750
-1036583
-1033164
-1030019
-1026631
-1020731
-1018421
-1009487
-999437
-996879
-996324
-995702
-994241
-988208
-987205
-985458
-984875
-984421
-980510
-974676
-968422
-965669
-965037
-954663
-946473
-944747
-939063
-935938
-930563
-928823
-924639
-924556
-921797
-917373
-916995
-915909
-915598
-904399
-896244
-894456
-892250
-889887
-886273
-882429
-880794
-879624
-879175
-865582
-859831
-842010
-841097
-837319
-836596
-829737
-827584
-824457
-814666
-813364
-810531
-802593
-800374
-799589
-791406
-790181
-786708
-774910
-770464
-765934
-763661
-751445
-745095
-737640
-733758
-717964
-716034
-715160
-708093
-702136
-701423
-700359
-700105
-697791
-697492
-696192
-695713
-695332
-692821
-690509
-687958
-681748
-677269
-676866
-671689
-668775
-662418
-661032
-656682
-652587
-648983
-648877
-647542
-637187
-633770
-633704
-633349
-630625
-629760
-629406
-625558
-615281
-605419
-604151
-601656
-587537
-585030
-580926
-577156
-574773
-544965
-540189
-529438
-526146
-513510
-508711
-506918
-506569
-504040
-503998
-502999
-501609
-497334
-495375
-487387
-480827
-477837
-474105
-472038
-467457
-464759
-451506
-450148
-443688
-442015
-438119
-436580
-428009
-427443
-426629
-425648
-421514
-421510
-420729
-416707
-416424
-411547
-408199
-403981
-400636
-400326
-396660
-395339
-395299
-388117
-384385
-379959
-369297
-363153
-361520
-353486
-352422
-344994
-343191
-340376
-299507
-288070
-286001
-284881
-277878
-277375
-275795
-273436
-264604
-264512
-262694
-252045
-235473
-235418
-231907
-219348
-216856
-214516
-210531
-203818
-194140
-190391
-190360
-186158
-182224
-174194
-165517
-157497
-153115
-144405
-136715
-131755
-131429
-130323
-125888
-125646
-124743
-124172
-123066
-120889
-118964
-106823
-105980
-103089
-98177
-86423
-84986
-83030
-79296
-75139
-71534
-66276
-61582
-55577
-53285
-35617
-34917
-27123
-26163
-16290
-14511
-10759
-6526
-6523
-1311
632
6673
11603
18489
23390
25832
28116
31914
42072
46592
50295
57070
61808
63358
64404
67440
69415
70786
70978
74442
78685
80825
80963
82406
85133
85173
93018
94821
96194
96679
97675
98501
98631
107056
109802
110971
112775
115886
117981
120511
121128
121210
122163
127534
128965
129263
130326
136091
137519
138118
143157
146406
149988
152407
152832
154610
156034
161200
162435
162894
164058
166220
167510
169480
169850
175971
177180
179521
181095
182462
185436
200744
201322
204541
206560
206741
208837
211883
213516
215896
228750
237832
240968
242406
250156
261109
272173
280047
280786
302738
307713
310322
311169
318335
320760
321239
328062
335147
336519
336571
341375
346056
352970
353066
364279
364918
365332
372375
372785
380856
387849
388866
390131
393728
397606
399124
401232
405892
408559
408952
415465
415837
415844
416584
421310
424228
425334
425362
429126
430424
430457
441863
442754
443722
445730
450084
450478
455753
460787
467711
471705
476060
484424
485344
500139
503583
508255
513152
514756
517423
524809
532173
532588
535526
553288
555528
556039
563457
565250
567533
567726
569001
573842
577600
580208
582296
590555
590617
593912
594236
597690
597822
599288
601569
603914
604178
615107
617181
620414
620540
622687
623277
632027
632335
633090
643242
643656
644490
648520
650335
650640
653451
653764
664083
666970
670145
674647
680820
681136
684595
691414
692760
694041
697804
701097
714960
715564
719166
722819
723079
724947
731649
748821
750397
750945
756427
761908
765168
769608
771135
773050
789335
799791
803362
812695
817900
824266
825694
826209
830592
833537
833951
841037
850572
856379
862592
866540
869728
876573
880073
883356
886888
887248
887484
893981
894783
900800
907241
913977
918428
920347
920814
923444
925472
927092
927754
929089
930033
935752
937006
938989
941358
942411
943057
948413
963032
964088
968376
968528
969637
977245
983916
983951
986227
991756
993408
999071
1001828
1008708
1010407
1010932
1014180
1015283
1017255
1021614
1022510
1026699
1026802
1030402
1033652
1037474
1042422
1043539
1044617
1046956
1047783
1050118
1062109
1074910
1076822
1079709
1085086
1086842
1099799
1100420
1103335
1106511
1107635
1110372
1113600
1114705
1114866
1123905
1124842
1130791
1133629
1134410
1140128
1147916
1149102
1150396
1154750
1156301
1159496
1159848
1162027
1169914
1176154
1177489
1188765
1200111
1201673
1205834
1209034
1210462
1210500
1219137
1223963
1224757
1228509
1234522
1236024
1238538
1238701
1248348
1249331
1249449
1251388
1257454
1260198
1264988
1266142
1266678
1277713
1283781
1284293
1285930
1285936
1287577
1302493
1302814
1305277
1313479
1314705
1318133
1319593
1323355
1323522
1325025
1325669
1325754
1328389
1332736
1340878
1344084
1350555
1356221
1356695
1356804
1358161
1359598
1364510
1371615
1379225
1392285
1400807
1401070
1403259
1415767
1421863
1424692
1424758
1424810
1428591
1429591
1430964
1437557
1439420
1441460
1446637
1450092
1451077
1454179
1455541
1457664
1459470
1463467
1464135
1468450
1468500
1481119
1481856
1483961
1487951
1489928
1497970
1504082
1513005
1536197
1544153
1546202
1547970
1549167
1549590
1558408
1558630
1560598
1571170
1571305
1572815
1574879
1577181
1577391
1577546
1604744
1614914
1615593
1630608
1641160
1641882
1642007
1643051
1644684
1645567
1645817
1657593
1659924
1660887
1663979
1664190
1664852
1668503
1676544
1685219
1686991
1689374
1697215
1700298
1701759
1705317
1717003
1719311
1721484
1724230
1726320
1730693
1731224
1732596
1739084
1744201
1744528
1745805
1746707
1748866
1751379
1753027
1755481
1755827
1756752
1762583
1763581
1766324
1768113
1770425
1787605
1791899
1793688
1794632
1800027
1800571
1802831
1805682
1807417
1810809
1819375
1819896
1821081
1829556
1839534
1843173
1848788
1852732
1854324
1858275
1860223
1862008
1873137
1878355
1881394
1882839
1884130
1886207
1886827
1889218
1891916
1892809
1898032
1898040
1905219
1908616
1909331
1916712
1920853
1924052
1941926
1944697
1957230
1960835
1961922
1961989
1981226
1998384
1999221
