-1993327
-1992236
-1985469
-1982836
-1982549
-1972190
-1971023
-1964430
-1956830
-1954075
-1946861
-1942766
-1934488
-1932643
-1932455
-1929111
-1927506
-1916386
-1913846
-1905537
-1903697
-1899871
-1899191
-1898511
-1890423
-1889776
-1887079
-1885317
-1882185
-1881477
-1875798
-1865281
-1864453
-1862564
-1859400
-1858293
-1855223
-1849242
-1846517
-1844006
-1842273
-1842120
-1837346
-1829329
-1827517
-1821757
-1821489
-1817331
-1811676
-1810077
-1809865
-1809495
-1806590
-1802801
-1799987
-1797248
-1791806
-1791799
-1788045
-1786342
-1774317
-1773991
-1767991
-1761870
-1757422
-1755628
-1753755
-1738841
-1736470
-1731229
-1729786
-1720330
-1719941
-1718570
-1716341
-1710885
-1709031
-1708548
-1706591
-1705248
-1702438
-1701885
-1700493
-1688138
-1687613
-1677236
-1676698
-1672604
-1671416
-1671416
-1665907
-1665894
-1664618
-1662188
-1654025
-1650988
-1649547
-1645188
-1642728
-1640875
-1639775
-1639422
-1635084
-1633633
-1628446
-1627168
-1627168
-1626818
-1624255
-1613478
-1607789
-1604606
-1602498
-1600156
-1594451
-1593448
-1590115
-1589947
-1584233
-1583431
-1568594
-1567023
-1559404
-1556840
-1551735
-1543771
-1542390
-1540922
-1538893
-1536286
-1535892
-1535756
-1532333
-1527070
-1525633
-1523865
-1517483
-1504343
-1500262
-1496093
-1490826
-1490090
-1481117
-1474002
-1462613
-1458527
-1457304
-1455364
-1452140
-1444511
-1432247
-1422841
-1421988
-1421126
-1420588
-1420570
-1417037
-1411508
-1410832
-1406833
-1402756
-1397488
-1389081
-1386554
-1380362
-1376068
-1375844
-1365644
-1365243
-1341835
-1339507
-1339368
-1338145
-1330934
-1329798
-1329334
-1324582
-1314844
-1314186
-1306616
-1305147
-1299087
-1297783
-1297259
-1297167
-1291761
-1289779
-1288901
-1277704
-1269329
-1269234
-1268911
-1267722
-1264508
-1257517
-1256362
-1256329
-1251743
-1241448
-1241265
-1237692
-1231470
-1231161
-1231069
-1211435
-1211128
-1207982
-1206953
-1198695
-1197404
-1195551
-1182267
-1172706
-1165793
-1165262
-1165012
-1164073
-1158268
-1150401
-1140627
-1136571
-1132298
-1120740
-1105227
-1105005
-1086686
-1085317
-1084878
-1078918
-1075460
-1073886
-1070894
-1066642
-1063145
-1062284
-1061771
-1059559
-1059176
-1054396
-1047565
-1042170
-1037815
-1032921
-1030575
-1028642
-1026267
-1025013
-1024303
-1022770
-1016815
-1015402
-1015135
-1011107
-1005216
-990118
-984098
-979334
-978223
-977465
-974613
-972840
-937841
-936109
-933354
-921743
-920682
-916884
-909899
-907907
-905620
-899333
-895836
-890178
-881152
-880689
-878087
-874096
-871114
-868599
-865976
-855288
-846876
-835461
-831241
-823891
-822963
-822257
-819239
-808238
-802351
-798706
-796503
-796069
-791059
-788755
-787249
-786832
-781233
-780562
-778236
-772870
-769305
-769030
-768306
-766628
-762197
-758906
-752221
-739432
-738249
-737218
-728253
-723816
-720623
-718296
-716597
-712553
-703018
-695388
-692272
-690768
-690136
-688598
-686018
-685525
-682847
-681125
-665862
-664495
-663946
-659065
-647554
-642520
-642012
-639056
-635117
-627940
-623317
-623209
-615312
-615292
-613778
-608469
-604553
-603223
-602363
-602185
-602061
-601860
-601608
-599142
-591684
-591143
-582519
-576897
-572672
-571340
-566796
-566655
-564885
-563938
-562869
-562339
-559454
-552696
-549513
-545475
-542483
-539860
-529056
-528454
-526512
-525907
-524545
-518752
-514461
-506618
-505770
-494595
-493886
-493512
-490022
-483607
-482925
-481181
-465988
-460727
-456753
-448886
-448355
-444907
-436358
-428302
-424579
-423702
-416623
-414985
-413792
-410380
-407381
-405647
-400340
-393543
-384106
-383764
-382318
-379184
-376654
-372830
-369754
-366683
-364155
-360706
-355265
-354496
-354135
-351805
-349085
-346723
-342818
-341353
-327406
-320694
-318735
-315123
-314867
-314757
-309373
-308779
-308219
-302050
-300138
-300119
-299742
-296600
-290904
-288279
-282995
-275094
-270863
-268627
-266402
-266013
-265112
-263597
-263243
-262784
-261354
-259765
-257861
-252412
-236979
-234995
-234203
-230071
-227197
-226065
-224174
-222133
-218986
-213906
-212470
-212006
-210628
-200388
-195751
-194827
-194457
-188933
-187235
-187190
-182922
-172950
-172671
-150590
-148678
-140455
-138624
-131256
-120780
-120323
-119148
-116859
-111843
-110696
-109036
-109028
-100985
-94904
-90109
-71044
-67688
-67539
-65492
-65310
-58320
-55572
-52704
-51840
-50418
-42331
-30202
-27335
-26948
-22262
-16379
-16203
-10743
-8793
9323
9371
12641
15987
20856
23208
33431
35951
46275
56646
60634
72296
72808
73001
76671
77132
91663
92395
95032
95763
99566
101044
105771
107749
111611
115668
119406
137490
137568
137903
145690
147489
148135
148674
148899
159454
160306
168596
170307
171428
172813
173190
179571
181923
185137
186233
187423
188349
189846
193056
199518
199746
202175
205224
205998
211287
215637
226921
229235
232009
236615
237277
240070
244552
255256
262624
266183
267964
269691
282266
292402
293274
294144
297295
298098
299129
300593
309954
310126
327149
329665
332372
336273
337640
347745
354892
357563
364414
365543
371948
372720
378383
379185
379659
381589
386846
388138
393810
396731
402613
406326
409489
409975
410965
427129
433983
437066
438237
438280
438861
448425
456962
465978
466521
474145
474856
485849
486694
493560
494094
494715
497491
501248
503866
504418
517768
520959
523392
551899
566785
566979
579570
582857
584382
585438
586157
587728
588676
589509
589596
591542
592060
594418
599013
601964
602439
602607
610207
616954
619435
619853
626379
631481
658726
672083
682568
687926
689744
692019
697398
705748
714480
720315
728702
729242
731967
734056
735854
741611
743026
743146
745770
746112
747500
750873
755507
755993
756147
756629
770620
774356
774721
774988
776915
776986
779158
779752
780271
780890
783257
796282
796870
798746
803389
807192
808474
815335
815493
824985
827112
829200
831687
832084
834969
836561
837153
837474
841929
842056
842683
848793
852881
854934
855199
860311
861324
861402
867258
871700
873627
873792
877848
878612
888917
892684
894364
903187
906904
922547
923713
924340
925169
925226
927222
930505
933461
935728
940682
946119
948074
948543
962318
968203
969318
969505
971468
975333
977041
983216
989495
991932
995486
997567
1003245
1008716
1012561
1013148
1017274
1017492
1018264
1019620
1021686
1026754
1035337
1037440
1037961
1039042
1039838
1042209
1048752
1049370
1051629
1052107
1057062
1064973
1065096
1077553
1085254
1094958
1095957
1097241
1107263
1107723
1117446
1118543
1118705
1120833
1123061
1123686
1124570
1128775
1129178
1136130
1146696
1149383
1158631
1174710
1175957
1190323
1194354
1196480
1203706
1203724
1205746
1210435
1210583
1219733
1220064
1223329
1226832
1228536
1233145
1236166
1239359
1241908
1245131
1245454
1247422
1256169
1256735
1262686
1263647
1268433
1270192
1271030
1271414
1273330
1275604
1281096
1286295
1287718
1289901
1292454
1295118
1305104
1319550
1321014
1328136
1328929
1338257
1340625
1344165
1345451
1352100
1352700
1368377
1374866
1377221
1380712
1381542
1385234
1389488
1390232
1396554
1400781
1403238
1406478
1419451
1419662
1419915
1430690
1434290
1434720
1446241
1446891
1448411
1454329
1454333
1457046
1461823
1473395
1478004
1481391
1485547
1494188
1494811
1495399
1498730
1502280
1513071
1515653
1518955
1524792
1537217
1563883
1566650
1576874
1580131
1583707
1584928
1586383
1586805
1591063
1591502
1599321
1604387
1607302
1607617
1612724
1616807
1627430
1628126
1629353
1634631
1637330
1637931
1638835
1639221
1640593
1642409
1642563
1651151
1651382
1652044
1652936
1653569
1654191
1663325
1665398
1671144
1671631
1679635
1684660
1692638
1701271
1702298
1703135
1704221
1705735
1713113
1719952
1720754
1721048
1728610
1733135
1733550
1734139
1739251
1740728
1755316
1756424
1758920
1764294
1771440
1772079
1781381
1786885
1793686
1794555
1796788
1809750
1823817
1824505
1834167
1835214
1836245
1840611
1841605
1841722
1845720
1846961
1849543
1873611
1876368
1880516
1881012
1883242
1888413
1888432
1892029
1893069
1903437
1905289
1923842
1931721
1932712
1936609
1959308
1962379
1964083
1969817
1974235
1976828
1983271
1983491
1984724
1988807
1993039
1996016
1996468
1996512
