-1999980
-1996593
-1995993
-1983928
-1970273
-1960983
-1950559
-1948411
-1947198
-1944095
-1941814
-1934940
-1929282
-1925725
-1920065
-1915062
-1914733
-1914241
-1911207
-1908961
-1904806
-1902922
-1902892
-1902560
-1902132
-1901142
-1898408
-1891447
-1889609
-1886562
-1878116
-1876762
-1874237
-1871228
-1869519
-1867113
-1860024
-1853144
-1839760
-1834460
-1833994
-1832192
-1831115
-1821499
-1819830
-1819659
-1819611
-1819114
-1816798
-1809066
-1801144
-1800121
-1800064
-1793463
-1792325
-1785258
-1784207
-1781034
-1778480
-1770062
-1769607
-1763854
-1752511
-1750244
-1746395
-1745341
-1742356
-1737628
-1732754
-1731884
-1729186
-1727768
-1726826
-1726705
-1723518
-1722085
-1718064
-1710647
-1707502
-1704315
-1702895
-1693584
-1692166
-1687579
-1687288
-1685232
-1684541
-1683108
-1680787
-1676918
-1673778
-1669174
-1668557
-1663560
-1660777
-1650688
-1648635
-1641129
-1640915
-1633407
-1632528
-1628412
-1626461
-1624120
-1623313
-1620995
-1609936
-1608911
-1597756
-1597546
-1597039
-1596778
-1583988
-1583942
-1582013
-1578765
-1577339
-1574806
-1569851
-1569121
-1566101
-1558972
-1556548
-1554232
-1553989
-1548296
-1546007
-1544931
-1543572
-1536120
-1532416
-1530254
-1524214
-1519052
-1518332
-1515969
-1514975
-1513969
-1510472
-1508173
-1499855
-1492330
-1489595
-1487631
-1487061
-1486815
-1478100
-1475377
-1467425
-1456099
-1452260
-1437845
-1437400
-1431021
-1430748
-1429109
-1417748
-1416634
-1416230
-1410643
-1404917
-1395849
-1388464
-1375895
-1373108
-1352622
-1347749
-1345593
-1340036
-1339884
-1338909
-1337688
-1333207
-1323923
-1321058
-1320307
-1312663
-1306430
-1301098
-1300454
-1296013
-1295772
-1295554
-1291515
-1284831
-1284200
-1283792
-1273947
-1273447
-1267513
-1267151
-1263548
-1254897
-1244752
-1244547
-1241488
-1240760
-1239901
-1235259
-1224305
-1220499
-1220184
-1201136
-1201094
-1199959
-1195203
-1188115
-1186616
-1183344
-1182723
-1182197
-1181652
-1173821
-1172264
-1169994
-1167318
-1160424
-1145582
-1142851
-1142554
-1136062
-1125928
-1122733
-1119712
-1118571
-1117253
-1111900
-1110554
-1110472
-1104992
-1104203
-1087854
-1084651
-1081668
-1081077
-1079702
-1078342
-1075222
-1074287
-1074010
-1074002
-1072218
-1071695
-1069871
-1058762
-1057536
-1053936
-1050404
-1049207
-1047110
-1045069
-1044441
-1042692
-1038397
-1020182
-1013361
-1001339
-1000928
-999395
-997993
-996977
-995927
-993233
-991751
-990718
-990427
-979107
-979069
-976074
-973398
-969810
-969711
-968322
-967983
-966436
-966094
-965858
-962949
-962345
-962219
-958719
-947221
-946243
-936256
-931114
-928550
-927190
-925340
-924795
-920117
-918925
-908945
-907424
-906889
-904435
-897913
-895567
-894465
-893932
-893660
-891516
-888934
-887014
-885399
-882085
-882040
-881893
-881346
-859918
-856978
-853094
-850333
-848489
-846458
-844536
-842217
-838472
-831683
-824916
-823691
-818042
-816872
-814060
-805271
-794857
-791714
-779949
-772012
-765981
-763027
-763011
-751162
-743401
-736036
-731586
-729016
-717513
-715837
-713309
-708460
-707487
-700863
-699483
-690642
-688876
-685399
-685318
-684897
-680410
-673020
-668900
-651549
-647801
-646892
-646408
-645142
-629033
-628412
-623852
-616292
-615778
-609871
-606917
-603093
-602882
-596534
-589815
-589001
-587060
-586472
-583836
-578527
-573189
-567642
-567305
-563463
-562111
-560336
-555880
-555150
-553509
-543979
-542937
-532390
-516108
-515339
-510715
-508006
-505321
-504615
-502435
-496234
-495038
-493765
-491906
-490843
-487964
-485872
-484957
-483550
-481932
-481555
-478502
-474093
-473919
-461155
-459565
-448173
-442251
-441230
-439089
-435328
-429658
-428708
-427121
-424228
-423507
-418027
-414837
-414180
-407500
-397229
-395229
-376455
-371668
-368205
-362673
-360296
-358530
-347685
-345865
-341919
-331521
-323873
-323783
-323646
-317956
-316796
-315423
-312877
-310611
-306067
-303658
-302967
-301089
-300731
-296020
-295294
-285683
-285601
-284630
-278553
-277830
-275046
-273827
-271377
-269707
-269289
-267512
-265617
-259336
-254180
-249674
-248295
-244968
-237769
-236523
-227417
-224176
-218381
-217764
-213170
-212235
-211758
-208824
-192612
-184022
-181769
-171909
-167428
-161327
-160807
-156303
-144291
-137668
-136437
-135922
-130761
-130606
-123801
-120841
-105790
-101498
-98658
-96243
-93176
-83893
-81071
-77857
-64507
-52356
-47071
-43858
-38930
-38495
-34701
-29707
-26876
-26133
-19711
-3746
-1068
9122
22542
23211
23698
28052
43023
47058
50855
55565
58261
66257
67196
71534
73265
78848
91931
94016
98694
99571
100380
102501
113108
118808
124116
124238
130963
143748
152168
163805
164168
170454
170803
173999
176690
178166
180134
181173
185479
203143
205766
209702
221213
228224
236111
237064
238498
239207
241607
268318
278205
280714
284692
296820
299473
304013
308547
308677
316758
317812
321922
332240
332718
334889
339559
343558
346645
349159
349644
354756
362536
371283
378672
386515
395804
401460
405307
408101
412717
413159
413975
419019
419863
421098
430945
431172
431662
438977
439708
440343
441059
441096
448970
452246
457904
458118
465030
471213
472225
474076
475855
481146
485489
485786
486137
490532
505031
508243
508663
509781
512064
513144
517794
518313
519948
526753
544160
545589
551040
553379
555659
572107
572467
573467
583162
585272
595641
601496
604686
607056
609764
614088
615267
615386
616772
617873
620967
626822
627244
638577
643292
645002
654364
654691
661296
673489
677728
682521
683525
689905
691304
696370
700974
701510
713475
734314
737705
744088
744203
746571
747750
748491
749463
751036
753245
759968
760096
761134
766000
770428
773930
786573
793993
799125
804325
807281
816889
818264
823440
825756
827318
837119
837235
837986
842148
846145
846593
854770
865918
866598
870231
871123
871375
873312
874818
880363
880676
880935
885944
889708
892698
895445
896402
897343
898036
907007
909007
913932
916232
919494
923532
925716
927086
950358
953762
954193
959109
962185
965215
965252
966906
972574
981467
990367
994330
997699
998709
1001666
1002228
1002664
1003724
1008441
1010973
1013721
1015273
1016386
1021834
1024413
1027128
1036491
1037231
1042863
1047101
1048963
1049755
1056555
1059586
1064829
1075873
1076326
1081712
1090479
1094592
1097340
1102651
1103150
1106621
1107326
1111079
1113955
1115905
1120031
1124111
1128830
1129053
1129235
1134279
1135090
1136547
1136841
1138476
1141100
1143501
1146610
1148857
1152858
1162395
1162900
1165727
1167085
1167186
1172234
1173165
1178064
1180794
1184781
1187242
1189395
1191929
1196294
1197888
1200293
1200497
1200745
1204747
1218862
1227792
1243100
1246479
1257051
1267366
1268636
1271451
1272316
1276160
1276350
1281397
1282640
1282749
1292189
1292700
1294558
1300424
1303540
1304111
1313223
1317012
1320275
1323330
1329062
1329473
1339532
1343216
1343366
1345957
1346375
1346496
1354743
1359631
1371610
1374123
1375277
1375653
1375764
1382086
1385800
1386536
1388080
1392855
1397117
1398818
1408244
1415690
1416132
1416902
1422533
1425690
1427557
1431261
1441044
1443687
1449423
1450583
1453616
1459890
1470321
1471023
1475057
1479930
1480815
1481794
1486815
1489348
1493729
1495418
1495995
1497181
1498366
1500935
1503776
1508024
1510225
1515818
1518386
1520789
1521060
1523422
1527095
1534525
1535699
1537150
1543440
1544464
1547689
1559130
1560553
1564826
1565939
1573409
1574245
1578220
1581075
1582271
1585364
1598554
1601331
1602606
1605178
1605597
1606644
1612586
1613965
1615747
1632196
1636138
1636172
1636189
1636794
1637964
1640493
1655302
1665837
1675535
1680865
1687908
1690193
1693148
1700081
1707859
1711542
1719660
1736166
1746381
1754337
1760785
1764797
1765523
1769356
1769503
1774606
1782264
1783695
1789780
1790512
1790674
1791872
1797110
1797203
1798436
1798554
1801068
1803845
1806730
1810777
1811773
1822472
1824858
1829093
1840934
1842916
1845267
1846773
1852433
1858997
1861683
1863927
1866325
1881399
1882827
1884806
1889789
1891642
1892040
1895601
1902656
1903552
1908983
1911041
1919299
1928572
1938482
1939735
1945338
1946410
1959242
1959781
1962860
1963502
1963541
1968957
1972367
1973061
1979647
1982095
1982505
1983560
1988794
1997529
1997800
