-1998170
-1994477
-1985257
-1981567
-1979377
-1975348
-1975069
-1972604
-1972373
-1963284
-1962952
-1961709
-1958573
-1950578
-1942330
-1939657
-1938708
-1934107
-1934036
-1933750
-1933037
-1932529
-1928487
-1923375
-1906775
-1906737
-1905593
-1903724
-1898974
-1892129
-1887198
-1883105
-1878548
-1878306
-1875026
-1870346
-1868661
-1867451
-1857716
-1857059
-1853768
-1848574
-1847437
-1845741
-1844413
-1843307
-1836949
-1828293
-1826648
-1826350
-1825608
-1818046
-1816144
-1813598
-1805525
-1803673
-1799729
-1798058
-1796700
-1795785
-1791079
-1790953
-1785834
-1782959
-1782573
-1776551
-1772901
-1771185
-1735586
-1732776
-1728127
-1726841
-1726355
-1724189
-1723103
-1722416
-1720447
-1712198
-1707717
-1703291
-1702112
-1697717
-1687052
-1685573
-1682416
-1664789
-1660288
-1659687
-1657202
-1653312
-1645213
-1630283
-1627830
-1620547
-1619633
-1615145
-1603114
-1596846
-1595923
-1595836
-1595421
-1589710
-1588346
-1585515
-1582772
-1582341
-1579516
-1575113
-1562092
-1556848
-1552147
-1548588
-1546476
-1539305
-1538391
-1536908
-1534865
-1531669
-1530184
-1522444
-1521518
-1516745
-1509164
-1506416
-1497874
-1490851
-1487259
-1485628
-1481536
-1478895
-1476044
-1474497
-1470195
-1465968
-1463696
-1459367
-1458179
-1453627
-1449934
-1449160
-1439436
-1437290
-1437020
-1434599
-1433920
-1433835
-1433529
-1428245
-1425685
-1415495
-1408075
-1402783
-1396834
-1396457
-1395698
-1391695
-1390421
-1389355
-1386028
-1385384
-1374377
-1368215
-1358342
-1357738
-1355490
-1350663
-1342380
-1341530
-1340170
-1333959
-1329653
-1307038
-1303157
-1296749
-1294085
-1291579
-1290737
-1286029
-1279938
-1278254
-1277073
-1274568
-1256499
-1250942
-1250097
-1247213
-1246537
-1242888
-1241253
-1239186
-1238655
-1236848
-1227919
-1225480
-1224769
-1214250
-1213752
-1213483
-1204652
-1199383
-1195064
-1194216
-1192825
-1184463
-1182261
-1178201
-1176580
-1175788
-1170956
-1169845
-1169342
-1161569
-1161276
-1157412
-1155826
-1150965
-1149685
-1148221
-1147451
-1147176
-1142985
-1142567
-1141497
-1141097
-1129092
-1128829
-1124742
-1122360
-1121830
-1118745
-1118234
-1118174
-1115694
-1109979
-1105758
-1104632
-1104109
-1103926
-1095785
-1094297
-1091252
-1085039
-1072135
-1071516
-1068050
-1065100
-1062257
-1061423
-1060213
-1059576
-1057404
-1054644
-1054477
-1054081
-1053487
-1052114
-1050715
-1050111
-1049079
-1046194
-1044616
-1038464
-1033633
-1028756
-1024920
-1013922
-1009900
-1006599
-996841
-993770
-992420
-986878
-985588
-984947
-983914
-982054
-981964
-979441
-964614
-962475
-962068
-960693
-956878
-956285
-953007
-949350
-938081
-937263
-934063
-928641
-927362
-924542
-924225
-918856
-913898
-910314
-909277
-908858
-908690
-908536
-907012
-904279
-898796
-896255
-889904
-880657
-874566
-867331
-867066
-866769
-865152
-861853
-852993
-852230
-850967
-850906
-843416
-837454
-835480
-834685
-832949
-830587
-827759
-826581
-826396
-813750
-807864
-805334
-803923
-795325
-789646
-782932
-780158
-779070
-777704
-770972
-768221
-764550
-763430
-762164
-761611
-746683
-744538
-742252
-742033
-734159
-731701
-729251
-729013
-724969
-719665
-719618
-702365
-697486
-696911
-692325
-687669
-686063
-683487
-681908
-679243
-672435
-671353
-669720
-666659
-654568
-652198
-651941
-651499
-646347
-642398
-638345
-634736
-632795
-629762
-624649
-624609
-616113
-613723
-611133
-607044
-601767
-600564
-595115
-593308
-593198
-592635
-591879
-586177
-585115
-584394
-582359
-578639
-578457
-578403
-575361
-570630
-570044
-557181
-548523
-546156
-542739
-540592
-537789
-533014
-531535
-525981
-524309
-523065
-521833
-514627
-513107
-510597
-508715
-498502
-494847
-480562
-478243
-467323
-451587
-451187
-445909
-444303
-444189
-441977
-436167
-431145
-427165
-426317
-419943
-409882
-408827
-396504
-392509
-391332
-390972
-385867
-384478
-381518
-380638
-378111
-377136
-376087
-375807
-371767
-368373
-368334
-367068
-356624
-353885
-353517
-349522
-344857
-340148
-311451
-305693
-303836
-301845
-299177
-293885
-292417
-288814
-287928
-286889
-281394
-280942
-280582
-277782
-276385
-273597
-271647
-271099
-268987
-265887
-265826
-258015
-256729
-256224
-248945
-248465
-242173
-241771
-240269
-237868
-230689
-226315
-219530
-219157
-217542
-208711
-197848
-193877
-191270
-187192
-165798
-159595
-150386
-148041
-146874
-142616
-137358
-135837
-132520
-125160
-118102
-113885
-111098
-108490
-105950
-98463
-97006
-94176
-91518
-85488
-79087
-77776
-77102
-77038
-71838
-67327
-66682
-64610
-64166
-61002
-59655
-58062
-58040
-53791
-51400
-51099
-40180
-19285
-15124
-14881
-11845
-1301
1506
2543
8110
13175
14776
15945
31444
31502
34904
42462
44911
45041
49440
52905
61789
62926
63571
66498
70916
71495
73853
76415
79330
79485
81329
88329
89411
90185
91445
92533
93143
94059
95625
95685
104712
106612
108610
111038
113112
128078
135793
136653
136955
145746
148464
152066
153364
161457
167648
168441
171451
175617
176879
181129
187560
191630
193615
198066
201624
209076
210571
223606
226039
239061
239280
248920
249271
250808
267164
272078
277894
278333
279287
300501
301269
305701
310449
316510
317048
319786
330886
334338
341974
343142
344349
344725
345854
346319
349529
354371
354723
360035
360862
363659
365901
365940
366748
369489
381492
382966
391121
391440
403151
405819
427144
427182
431912
432799
435024
436274
436620
439907
441896
442057
454571
465364
466687
476688
480156
483441
486751
488829
490000
491729
494859
496594
497937
499692
502466
506840
516867
523642
526124
528570
533945
543262
545325
546828
548958
550367
553628
558738
561881
562716
567482
572445
576074
578403
584202
588572
590221
590971
593877
596275
597208
600967
604737
616108
616583
619386
625375
626429
636859
639108
639848
649447
651140
655073
656775
657498
657674
662257
667058
667362
673841
676410
679630
680300
680912
685173
686461
686622
695355
697621
700452
700845
702758
704354
709616
725507
728296
730753
747066
760253
762078
763286
767243
769076
771857
773538
773598
774532
778387
779110
789694
796989
801224
809269
811339
813755
815867
816367
831104
844108
854703
857702
880303
881475
887676
892620
894156
895442
899705
902189
905021
915009
917648
920630
922467
926596
926950
927657
928889
936138
959467
960472
966708
967643
969601
970467
976327
979585
981682
991178
994071
994344
1000974
1001404
1003916
1007801
1026876
1027252
1028884
1034991
1041867
1047058
1048746
1051366
1056000
1059809
1067128
1071669
1101816
1111798
1123954
1124732
1126104
1133448
1153365
1153734
1157469
1159981
1165768
1168883
1172082
1172338
1176302
1176770
1177311
1177645
1180357
1180850
1191515
1192646
1194310
1197467
1199094
1199378
1201377
1206189
1209416
1210686
1218225
1219716
1220039
1221640
1222017
1225448
1225703
1225721
1227437
1231260
1233805
1236553
1237900
1240537
1246833
1253637
1256149
1256555
1273135
1295921
1299649
1302388
1310201
1313788
1315888
1317294
1323322
1326571
1329682
1331835
1332624
1338363
1352017
1356051
1360547
1361188
1362595
1366440
1372847
1376082
1376563
1378572
1382401
1391978
1395857
1398783
1406055
1407247
1407560
1408220
1408241
1409997
1416083
1418836
1421646
1426686
1429626
1436170
1437608
1439895
1442218
1452166
1455509
1456428
1459993
1464522
1465458
1469533
1482716
1482797
1482814
1485821
1487421
1487617
1500005
1500064
1502846
1503762
1507250
1509081
1511068
1513255
1515299
1520115
1521477
1530629
1532835
1550607
1551862
1558591
1562248
1565540
1568449
1575638
1579177
1582810
1599353
1606886
1611628
1616625
1617501
1626015
1627749
1635748
1647381
1647440
1654141
1659274
1662600
1669078
1672443
1672500
1679263
1686024
1691776
1699244
1707706
1716536
1717751
1721107
1732616
1737396
1739076
1771314
1774411
1798393
1798562
1798917
1803384
1804255
1804282
1806071
1806490
1807148
1807184
1821019
1825640
1833909
1841752
1847991
1848471
1854769
1861566
1866640
1867477
1870473
1870502
1872094
1872600
1875919
1886259
1888182
1890830
1896489
1906105
1921393
1921886
1922637
1925821
1928392
1937785
1938444
1940691
1940787
1948709
1963086
1967640
1967880
1980036
1984563
1989221
1995377
