-1996120
-1996112
-1989461
-1978698
-1978115
-1974782
-1966001
-1963614
-1954302
-1952661
-1940880
-1935133
-1926121
-1925157
-1920854
-1920260
-1919507
-1906104
-1901957
-1901830
-1899512
-1895938
-1895110
-1894397
-1879813
-1879752
-1875239
-1863777
-1863761
-1853588
-1851544
-1845801
-1815300
-1813010
-1811984
-1807064
-1806177
-1805923
-1805620
-1803401
-1801372
-1801212
-1797845
-1789399
-1787407
-1786731
-1784175
-1772426
-1769426
-1766946
-1765690
-1757161
-1754466
-1753903
-1747318
-1746394
-1739647
-1735414
-1731550
-1728461
-1722338
-1722297
-1711328
-1704950
-1703296
-1688181
-1687374
-1671313
-1664015
-1662657
-1661530
-1652711
-1650553
-1649282
-1647905
-1643030
-1642302
-1628762
-1622519
-1619937
-1617682
-1616551
-1615526
-1613783
-1612647
-1609831
-1602107
-1592430
-1590622
-1588133
-1586483
-1584505
-1574002
-1573241
-1572887
-1572775
-1570843
-1561811
-1553291
-1550876
-1544029
-1543894
-1543760
-1537998
-1535244
-1526560
-1524733
-1506561
-1503711
-1498175
-1497748
-1492503
-1488231
-1486900
-1480917
-1479338
-1465413
-1460529
-1453036
-1450569
-1436268
-1435974
-1426336
-1417179
-1409679
-1407517
-1405749
-1401944
-1398713
-1396725
-1393796
-1392004
-1391228
-1381001
-1373684
-1373025
-1363470
-1357231
-1355886
-1354950
-1349521
-1346948
-1341698
-1333355
-1318813
-1312738
-1311190
-1311163
-1306279
-1305521
-1300953
-1300503
-1297789
-1297221
-1296875
-1296273
-1291475
-1285482
-1284455
-1278439
-1275299
-1274054
-1268938
-1260795
-1255068
-1254005
-1252860
-1248908
-1247549
-1243553
-1243221
-1237869
-1237418
-1235387
-1230125
-1228741
-1223992
-1218396
-1215988
-1215619
-1213790
-1207650
-1204283
-1202912
-1199012
-1193612
-1190615
-1188731
-1185740
-1184107
-1180388
-1179691
-1179171
-1174789
-1172757
-1171700
-1170603
-1168828
-1167575
-1166121
-1166028
-1164942
-1151678
-1146508
-1138635
-1134720
-1130908
-1130552
-1121698
-1114556
-1100647
-1096242
-1095623
-1088847
-1088634
-1075999
-1051607
-1048392
-1035102
-1034366
-1031546
-1029791
-1022179
-1021171
-1020373
-1019529
-1018619
-1017404
-1014249
-1010479
-1004507
-998916
-984297
-982610
-979210
-977736
-970646
-967120
-965727
-960293
-955029
-953298
-948823
-946297
-944612
-944342
-941828
-936456
-934770
-929830
-929694
-929018
-929011
-928337
-916171
-912685
-904170
-901758
-880192
-880078
-877241
-875040
-873340
-873260
-873121
-868358
-858204
-855530
-853715
-848256
-846996
-846053
-845615
-837004
-834176
-830996
-829205
-828716
-827451
-826841
-825802
-823688
-823261
-820438
-816102
-816031
-813042
-810791
-809076
-808610
-807638
-805237
-796930
-792208
-787818
-784186
-783450
-778584
-774000
-773324
-769421
-769271
-766679
-762592
-760363
-757929
-752890
-750144
-746698
-745912
-745718
-743244
-742573
-736852
-732112
-731754
-729613
-727459
-719644
-714173
-710781
-710039
-709586
-709206
-707943
-702935
-702069
-701594
-696476
-680438
-680353
-673029
-672015
-656838
-649254
-645231
-637362
-620877
-615485
-610534
-608759
-602160
-601980
-598169
-596378
-594925
-587502
-585872
-583917
-583516
-583328
-580245
-568712
-563755
-556754
-551525
-551125
-543608
-540843
-536976
-535920
-531554
-529004
-522213
-521950
-521837
-515261
-514797
-509381
-500111
-493824
-472697
-470476
-467783
-453002
-449325
-438859
-438423
-437010
-425746
-423062
-422844
-420828
-420412
-418973
-418877
-414711
-405422
-405244
-403616
-403532
-398640
-396655
-390711
-385637
-383833
-380431
-374819
-372657
-371548
-370870
-367010
-365489
-359842
-359472
-358573
-356579
-355303
-350487
-349537
-345807
-338950
-335607
-332416
-330402
-327553
-324865
-323320
-322062
-317896
-309584
-307952
-306261
-303216
-301516
-294186
-286367
-277943
-272898
-272495
-269970
-263965
-262473
-256076
-245995
-245853
-244707
-240577
-236641
-227255
-212902
-211660
-210194
-205690
-203517
-200018
-199423
-182185
-179964
-175868
-173329
-171751
-168911
-166460
-160270
-156518
-153823
-152640
-146276
-144051
-142549
-141327
-140623
-119071
-111181
-101204
-98473
-95318
-94325
-89637
-87059
-86511
-75606
-74702
-65387
-62214
-61713
-59334
-59269
-58724
-58124
-55056
-49781
-49445
-46768
-38254
-37526
-35533
-34989
-30446
-27336
-26751
-24623
-22147
-16360
-14152
-13686
-10281
-7457
-201
486
3527
13849
23123
31640
33211
39969
51298
56930
57979
58564
59566
67250
68339
71866
76695
77999
80495
82076
83649
84524
86376
86643
90774
99177
103773
105150
108462
110399
113633
114208
114945
128388
131634
134103
138081
138812
145969
148687
150930
156930
175525
180003
180796
185938
189103
193925
199960
202411
207440
210431
213167
214016
214868
215662
229426
232653
245114
248986
252451
261290
262053
267501
271122
271562
278691
286022
288475
289134
303390
303545
306829
311729
311881
319974
326592
332858
333180
340309
340897
343171
348420
354016
358811
359474
362635
363147
364614
368747
369304
370198
371587
378787
388023
391208
395588
399329
400610
402932
404443
411440
411916
412353
414380
423348
424840
425226
425457
428271
429788
433124
433869
433937
437532
457735
468973
473938
474164
477720
481149
488315
489044
495407
497052
498965
505725
505806
509795
509969
514937
520317
521446
525741
526722
530867
533993
534713
541297
541482
547360
548492
548756
552113
554605
564726
566347
567136
572377
581552
589769
594896
596023
597991
605141
608770
608808
619799
620743
631378
632720
633237
633907
637549
641230
643638
645546
651461
652053
656339
659407
660087
661055
664491
666311
666854
667750
674005
685849
685915
694690
701538
709387
714651
722926
726451
729057
732355
733380
739204
747118
750372
752605
752636
753899
756041
758506
758704
763851
774274
774505
774522
781197
782220
795246
799649
807111
807392
807957
808178
808314
820172
821575
829318
841792
842308
847259
847354
847480
848205
848450
848889
850823
856641
863190
866520
867669
875845
876813
885451
887276
889049
893982
895691
902135
903230
907896
909444
911078
912864
916287
924120
931267
931352
936247
940666
946594
958551
959640
963648
964456
967652
969981
974506
976044
980213
997626
1005267
1007862
1010949
1011793
1018676
1022501
1026397
1027457
1031627
1037131
1045957
1053820
1055034
1058107
1060644
1063905
1067709
1075519
1082389
1082451
1084914
1092680
1097905
1101221
1114773
1120218
1120680
1120963
1121287
1131894
1133080
1134227
1134849
1146386
1149810
1150726
1153322
1157870
1160672
1161435
1163850
1164517
1167564
1179727
1182129
1195747
1205614
1208849
1210427
1215335
1216106
1220234
1221886
1226316
1233252
1236646
1236913
1237972
1238391
1242968
1248712
1253421
1260308
1267459
1268734
1268918
1273597
1292856
1300254
1332761
1336785
1344108
1349489
1350223
1350472
1352021
1357256
1358756
1364137
1371286
1376248
1385002
1386256
1395681
1397097
1409000
1411066
1411596
1413656
1414211
1414757
1415771
1422327
1426817
1428447
1430661
1431655
1437847
1438988
1440913
1441805
1442682
1442855
1444004
1448159
1449833
1451968
1456885
1469609
1469627
1470107
1478790
1483891
1497522
1502575
1507179
1512337
1518181
1523628
1543834
1551792
1553338
1554942
1556262
1560768
1564724
1566861
1572357
1574138
1575075
1582489
1585647
1588196
1588631
1589059
1589690
1590918
1600505
1604684
1605219
1608795
1609424
1612049
1612248
1616368
1617842
1623978
1626693
1631024
1647570
1647986
1649687
1651104
1651230
1651745
1653729
1654277
1661435
1661480
1663049
1663883
1684977
1690440
1695602
1698885
1700287
1701189
1708261
1712962
1714829
1723180
1726964
1735367
1738564
1739836
1741530
1744787
1748666
1750143
1758939
1759182
1764812
1766074
1766631
1772114
1773584
1780272
1784055
1786607
1792114
1797741
1808473
1811297
1820318
1821260
1823570
1825018
1825849
1828739
1830704
1838602
1840100
1841274
1841422
1845679
1848372
1850485
1860435
1863375
1864910
1870058
1871433
1876736
1879101
1885234
1886532
1896475
1898084
1898937
1899231
1906280
1914290
1915071
1924002
1930175
1934297
1939836
1942849
1944554
1945104
1946676
1951677
1963181
1967538
1973864
1974737
1985840
1988269
1989124
1989459
1990916
1996504
1997689
1999111
