-1999367
-1991162
-1989968
-1986650
-1982360
-1970351
-1969657
-1955529
-1950810
-1941264
-1930636
-1927892
-1927218
-1926815
-1925550
-1925264
-1921855
-1919871
-1919511
-1917639
-1907412
-1906559
-1901201
-1895587
-1888842
-1879419
-1873326
-1872663
-1865055
-1863766
-1862421
-1857654
-1852849
-1847348
-1842948
-1834309
-1828785
-1825824
-1825122
-1822132
-1819561
-1813556
-1810161
-1808241
-1801992
-1798633
-1796347
-1796192
-1787701
-1783237
-1779621
-1775008
-1770421
-1768151
-1767762
-1764152
-1757193
-1756350
-1753962
-1752819
-1752667
-1752073
-1750030
-1749623
-1748905
-1747650
-1743784
-1740786
-1729820
-1727702
-1725115
-1718425
-1716266
-1708907
-1707816
-1705661
-1703484
-1694963
-1691495
-1686261
-1686083
-1680851
-1678746
-1674697
-1670422
-1666779
-1664519
-1661303
-1660188
-1658614
-1657145
-1649039
-1647516
-1638390
-1622319
-1615540
-1611579
-1608074
-1607309
-1606816
-1604780
-1603642
-1599540
-1598683
-1594665
-1590954
-1584148
-1579197
-1573232
-1561374
-1554895
-1553055
-1552357
-1550993
-1544295
-1539902
-1537555
-1535607
-1534648
-1530927
-1527928
-1525700
-1504217
-1503070
-1489463
-1486288
-1484490
-1480971
-1480213
-1469943
-1467048
-1463354
-1462532
-1461388
-1456586
-1434928
-1433299
-1429282
-1429241
-1426473
-1423535
-1422190
-1419971
-1417329
-1413934
-1397832
-1393577
-1392074
-1391068
-1390797
-1388560
-1384691
-1373240
-1365123
-1352773
-1348383
-1347811
-1345279
-1336294
-1333382
-1333214
-1332325
-1330778
-1329453
-1324082
-1319101
-1318054
-1311917
-1307309
-1303865
-1303478
-1298957
-1293514
-1291298
-1288550
-1285852
-1268706
-1265316
-1259350
-1252425
-1239740
-1238865
-1234588
-1230749
-1221888
-1221708
-1217811
-1217516
-1217214
-1216836
-1216499
-1214403
-1211919
-1210070
-1205160
-1204008
-1189885
-1180654
-1179366
-1177103
-1174031
-1168584
-1166851
-1165850
-1161708
-1160567
-1160561
-1158658
-1157716
-1154622
-1153010
-1147219
-1146464
-1138824
-1127374
-1124309
-1121671
-1118621
-1113464
-1109685
-1096325
-1088258
-1085398
-1080231
-1079814
-1075694
-1072119
-1066452
-1057515
-1057174
-1055110
-1054757
-1046662
-1040374
-1026685
-1020028
-1013263
-1012161
-1011921
-1010231
-1008400
-1006414
-1005935
-998722
-996987
-987482
-984500
-981396
-980841
-969943
-967766
-965158
-959905
-958919
-958092
-956997
-944909
-941946
-941907
-938065
-937182
-935201
-930696
-930513
-929996
-925594
-923355
-921372
-914188
-908909
-908608
-908095
-899175
-893364
-890032
-886722
-877189
-876398
-875956
-859894
-858975
-852253
-852009
-847005
-842132
-840338
-839981
-836002
-834790
-833183
-831652
-827986
-826661
-826570
-822525
-820656
-820490
-816518
-815049
-813122
-810161
-807379
-804222
-802934
-798463
-795740
-782601
-781069
-778234
-778067
-776958
-766906
-765028
-752026
-751308
-750968
-749929
-749792
-746160
-745249
-744062
-743965
-734062
-719693
-718447
-716336
-708641
-703762
-701771
-699879
-699276
-697937
-688932
-684108
-676531
-675899
-667368
-667229
-664531
-662215
-661453
-654415
-652582
-648687
-639708
-636745
-633626
-633503
-631490
-630016
-624898
-620379
-618053
-614123
-613321
-606855
-602722
-600439
-583560
-581892
-571245
-569260
-567203
-566348
-564781
-548198
-545819
-545784
-545535
-545087
-539321
-532678
-530460
-523800
-523213
-520003
-511609
-508918
-507171
-504297
-485102
-482644
-479872
-478291
-471661
-471477
-464854
-462233
-459603
-458031
-456588
-454948
-450775
-448433
-447955
-443172
-435590
-432651
-431091
-430454
-420745
-419805
-414747
-412455
-402351
-399185
-394610
-389996
-389556
-386032
-386014
-383810
-373964
-368494
-368356
-368331
-353859
-352186
-347717
-345575
-345456
-345145
-342452
-340774
-339710
-338420
-337854
-336713
-334936
-334623
-334176
-330019
-329860
-326572
-313606
-312557
-306129
-297575
-285807
-285246
-283646
-283275
-282663
-281451
-277203
-275452
-274749
-261043
-247304
-244880
-243234
-234015
-229737
-218756
-215912
-211419
-210392
-208619
-207344
-191800
-187555
-178368
-173381
-171706
-170008
-169089
-168187
-162354
-161034
-160878
-158456
-153595
-145533
-143682
-137667
-125298
-124252
-122457
-119929
-119641
-117795
-113707
-112316
-110663
-105670
-96014
-89366
-87378
-86895
-76318
-72083
-71198
-65707
-59469
-58514
-58272
-54000
-50102
-49577
-46454
-34786
-33306
-32179
-30835
-30599
-29528
-27952
-27131
-20125
-15302
-14265
-5492
-2185
-285
3265
5059
9189
10374
17565
22000
23697
31355
36096
36632
40849
42852
54864
56125
56393
56884
65236
71467
91772
92133
95290
97297
111489
111582
116163
117728
121223
129300
129334
130725
132411
143656
144119
147913
150045
152263
153274
153276
154664
160716
161595
163522
172156
174158
175323
176251
176365
182187
183903
187908
194207
200186
203313
204048
208655
211602
213235
213914
219185
221900
225205
225515
228564
228888
229084
245083
252282
252752
254607
258531
266088
271254
274466
277564
286474
289521
289773
294791
296098
300447
300881
309120
311018
312909
312956
314663
320728
321274
339543
343705
349348
349712
351547
354793
357352
358721
359976
369345
369770
376353
377955
378134
381401
383550
386790
389564
390155
392343
405308
417963
422116
426633
432546
434961
438018
439316
452057
456526
458365
458645
459166
461546
471908
482326
484331
484711
485679
498762
502099
502163
503372
509702
513302
514278
521447
524342
528270
530027
532474
539615
540898
547727
552790
557593
568347
570673
572517
573033
582003
588150
589049
591975
594571
595541
598504
600688
604360
605741
619685
630061
633892
633897
652401
656326
660871
670819
676593
685191
685547
686029
688025
691326
695217
707877
710225
716044
717089
718284
718408
723711
725453
728425
733619
737949
741623
742941
749888
765200
776329
780407
785608
786713
792499
793129
795777
795817
800401
804376
809317
834246
835014
837593
837658
845143
850194
851975
852894
852920
854968
854980
855614
861834
870371
871479
884300
889350
895743
899695
902421
903152
904515
906660
910136
917006
918063
924255
929847
931332
939489
940087
941109
948195
959189
961333
963104
964350
969383
971651
975541
982945
984943
989423
994331
994580
995676
995761
997267
998640
1003415
1004213
1005494
1010506
1012169
1012216
1014087
1016110
1021713
1022332
1034851
1038963
1040619
1048047
1050747
1056893
1057400
1058634
1059476
1066897
1073510
1078329
1088568
1090323
1091468
1093854
1094238
1096715
1100179
1100864
1102498
1106290
1108378
1111427
1119647
1120885
1126852
1128310
1141952
1144234
1165956
1171322
1174103
1179749
1184746
1186523
1189304
1190396
1191059
1205192
1208523
1213955
1221207
1222179
1235435
1257115
1258773
1275401
1275541
1282373
1285962
1292410
1293205
1295849
1301394
1311534
1314341
1314741
1316703
1317295
1317504
1319696
1319951
1322866
1325246
1326299
1330770
1335939
1341121
1342964
1346513
1348782
1349154
1353784
1356600
1358050
1359004
1361814
1380137
1380146
1405656
1409139
1409156
1410458
1410499
1412978
1418126
1424105
1425815
1426071
1429953
1432601
1442063
1446210
1451228
1454214
1457902
1459595
1473430
1473611
1476979
1478857
1479463
1481581
1482581
1484025
1487179
1489533
1494371
1510410
1519717
1526415
1527426
1528360
1531559
1535963
1547030
1552589
1555297
1562334
1566409
1572508
1579608
1587090
1590989
1591245
1592783
1592834
1594347
1594368
1601070
1607545
1609294
1610923
1611204
1616596
1618053
1618754
1619991
1624804
1626103
1634137
1640417
1644531
1646004
1650260
1650356
1655841
1656129
1659517
1660952
1662509
1671872
1677062
1682382
1682666
1705635
1710202
1719003
1719140
1722627
1723646
1729385
1729924
1729996
1730227
1731520
1732343
1746644
1748517
1750613
1752176
1756141
1756660
1756883
1764227
1767979
1769038
1770641
1777931
1784615
1788469
1795722
1798211
1803142
1829723
1835153
1836652
1840986
1851212
1857656
1866127
1867744
1868534
1869154
1876031
1888520
1889713
1891128
1899873
1904690
1904914
1904965
1905510
1906151
1907321
1915154
1915532
1918739
1929510
1936594
1937778
1938107
1938348
1941922
1945429
1948924
1964356
1965088
1969401
1984602
1985144
1985256
1988554
1989615
1991339
1996382
1997708
