-1999357
-1996579
-1996498
-1983998
-1981995
-1980888
-1980590
-1972434
-1969960
-1963081
-1960557
-1959825
-1959436
-1959418
-1955249
-1950837
-1949523
-1940989
-1938988
-1935782
-1928830
-1928650
-1925963
-1922093
-1917202
-1913497
-1913187
-1912450
-1905483
-1904669
-1901686
-1899161
-1898552
-1897717
-1895729
-1895659
-1891854
-1890068
-1884145
-1883052
-1882603
-1878127
-1874921
-1874272
-1868104
-1859977
-1857210
-1850978
-1832380
-1831011
-1826966
-1826159
-1822269
-1821097
-1820399
-1818779
-1818515
-1817420
-1817198
-1810143
-1808748
-1794943
-1794337
-1792892
-1791690
-1789695
-1786246
-1781368
-1777717
-1767565
-1761153
-1752515
-1752087
-1748888
-1740484
-1736773
-1736674
-1736326
-1735672
-1734034
-1731680
-1727331
-1725886
-1718071
-1716528
-1707893
-1703065
-1702641
-1685229
-1673939
-1669638
-1662045
-1658864
-1655006
-1616256
-1612283
-1608708
-1606793
-1605847
-1602561
-1601610
-1599889
-1596553
-1593727
-1593600
-1584169
-1583380
-1580044
-1575464
-1570689
-1570626
-1561279
-1556919
-1544296
-1541698
-1541142
-1532835
-1529511
-1528844
-1526283
-1522128
-1519020
-1518720
-1518604
-1518524
-1517402
-1513117
-1511521
-1510635
-1510158
-1506994
-1506939
-1503078
-1494459
-1488243
-1481358
-1481047
-1467584
-1463251
-1462881
-1449727
-1442218
-1438638
-1438337
-1435856
-1435372
-1435148
-1435097
-1434680
-1433572
-1432500
-1427229
-1424761
-1422159
-1420659
-1416361
-1412068
-1410292
-1403895
-1389745
-1388562
-1386048
-1384065
-1375165
-1358944
-1358230
-1355196
-1352777
-1352665
-1348524
-1345625
-1341995
-1340019
-1336919
-1335842
-1315550
-1314870
-1312050
-1304028
-1299513
-1299431
-1298980
-1298372
-1297658
-1295395
-1292642
-1289473
-1275917
-1274633
-1273493
-1271429
-1266445
-1256597
-1256040
-1255369
-1254994
-1253561
-1247515
-1244495
-1243115
-1242656
-1235992
-1233727
-1232594
-1226657
-1220657
-1219252
-1217147
-1216443
-1212956
-1212901
-1209255
-1205812
-1196961
-1192734
-1192456
-1188086
-1187677
-1183791
-1183230
-1183184
-1183112
-1174669
-1171196
-1164117
-1162049
-1161040
-1160667
-1155175
-1154678
-1153689
-1152755
-1152649
-1149670
-1145648
-1144020
-1143578
-1137057
-1137029
-1135499
-1131948
-1130883
-1128160
-1124501
-1122586
-1118873
-1115162
-1112631
-1106918
-1106419
-1103031
-1088362
-1081969
-1081936
-1072622
-1068255
-1064610
-1063707
-1057616
-1053286
-1046967
-1046897
-1043633
-1041510
-1036689
-1032281
-1032077
-1022363
-1014990
-1012338
-1011937
-1009364
-1008304
-1007770
-1005637
-1004729
-995841
-987059
-975299
-972975
-971550
-967083
-953797
-951605
-947268
-941863
-941067
-939972
-938534
-936514
-933371
-929009
-927357
-915700
-913655
-912224
-911030
-908726
-906243
-904520
-896351
-885696
-882948
-877293
-873482
-862854
-857234
-856578
-840340
-821342
-820947
-813085
-811976
-809488
-808486
-805650
-802572
-794395
-787515
-785330
-782135
-781315
-779250
-779034
-773497
-766225
-765464
-764216
-763229
-762979
-762681
-755777
-752212
-751232
-748656
-743413
-742263
-734967
-734092
-732260
-726645
-718567
-718429
-707653
-705152
-704052
-703374
-696180
-695267
-694941
-694016
-692601
-685836
-681966
-681901
-680707
-680452
-671297
-665641
-658807
-644501
-643374
-643368
-630193
-629378
-608127
-604356
-603488
-601275
-589116
-586777
-584804
-580720
-577804
-576530
-563995
-561455
-560259
-553633
-547783
-529542
-523416
-523012
-507598
-504739
-502027
-498727
-496764
-493829
-493392
-489526
-488914
-479467
-471038
-466113
-453146
-452570
-451852
-448317
-435836
-418790
-417405
-414094
-402502
-401461
-398975
-398918
-381413
-376895
-376822
-375399
-374201
-369557
-364676
-364092
-362303
-361088
-360820
-359935
-357931
-356623
-353913
-343690
-340639
-340584
-340341
-334630
-330313
-328151
-325450
-314953
-312425
-311126
-309056
-294763
-282355
-276742
-272833
-267388
-266037
-256142
-248929
-246959
-242675
-237473
-231464
-227167
-226326
-215782
-201042
-199451
-198919
-191568
-187293
-186083
-184966
-178406
-173622
-173557
-170921
-169928
-163608
-163467
-160396
-150438
-149891
-143369
-142745
-138657
-134983
-133237
-131803
-130771
-108283
-103322
-97533
-94503
-92491
-88833
-85069
-84989
-83276
-82668
-73209
-65995
-64948
-64710
-56897
-52998
-51190
-46715
-42264
-41217
-38894
-37147
-31130
-26851
-26599
-25591
-15485
-15290
-2486
-2111
116
5451
5896
14109
16676
26398
29330
29866
33223
35004
35213
36780
40535
45647
47592
48646
48920
49836
56466
56651
58381
59322
66596
68435
69945
71004
77634
82231
82608
84719
93067
93551
96719
101801
111486
116629
117845
120384
123721
125880
126513
131339
148569
154800
158629
164425
167172
167263
181291
183424
194606
201645
210426
212003
217513
224825
228191
231548
241505
243681
244329
244734
252508
258493
264500
265875
268215
286957
291173
291750
292410
295455
312096
313124
313562
318268
318483
320929
323338
324720
330662
340371
341820
344952
348559
356150
367334
369946
373872
376913
385895
391099
400354
402466
414669
416237
418355
419150
426334
426379
431051
432446
432906
434435
434690
435478
439973
447323
449312
454935
455688
459054
470412
475132
475787
477510
489416
494362
494427
496177
500741
504003
504191
504662
506466
507336
511568
530123
531675
532043
533656
536338
538833
542342
546400
555264
566697
574846
576317
580830
581244
588133
588242
591725
591740
596814
601916
603799
607105
619559
627218
628590
630847
633924
652154
659793
672116
672463
675157
679328
685202
687595
687951
701306
701524
702165
702535
707407
707539
717664
718339
719271
723174
730571
734351
734748
740799
741682
761049
770415
777673
779853
785094
792677
799495
800779
801791
806091
809465
814422
816240
818925
825256
827444
834691
837036
838454
840854
843215
844760
848586
860537
863737
865161
870270
870960
880007
895141
895478
897897
907128
917080
917407
917512
919345
922834
923134
923975
924664
929132
930442
946388
948202
948855
950561
951602
952826
959488
965615
971364
972829
972882
973574
975896
978214
979791
981273
982879
982976
986144
988463
993385
994330
1000661
1011869
1025495
1031391
1031871
1032995
1036606
1041973
1044513
1044807
1045093
1047564
1050710
1055939
1057627
1073539
1075964
1090883
1097357
1106370
1107924
1110250
1111686
1112364
1114026
1114360
1119304
1125918
1126852
1130301
1130806
1133347
1135316
1141179
1144701
1149270
1150438
1156694
1164407
1165214
1167921
1181759
1185197
1188707
1201439
1204841
1218926
1218936
1222388
1223763
1231460
1233190
1235404
1238072
1240060
1242549
1245016
1247217
1248655
1249605
1250588
1254753
1258479
1260489
1263914
1264808
1265789
1269847
1271098
1274785
1287184
1287612
1291168
1291562
1298253
1300192
1303742
1304518
1306484
1306725
1308338
1309542
1310266
1310429
1311003
1311291
1319453
1320417
1322233
1329934
1333426
1335744
1344797
1354554
1356279
1363172
1365967
1378485
1381701
1382731
1386282
1386610
1399218
1407858
1409419
1413492
1418040
1422685
1423176
1425620
1436636
1439773
1440532
1441775
1444719
1453330
1460755
1462819
1463374
1464831
1465758
1467290
1470569
1477128
1478974
1489636
1492971
1493127
1496187
1501892
1515073
1519453
1520064
1523571
1524136
1524287
1526854
1531985
1537832
1537891
1541412
1543038
1544053
1551542
1553350
1559024
1564243
1568310
1574800
1575918
1578884
1579795
1582028
1588415
1588765
1589432
1589694
1590869
1594039
1600996
1620075
1622726
1624954
1628212
1629792
1631554
1634214
1636388
1638488
1642474
1643665
1645982
1647638
1649783
1651215
1651675
1656041
1660036
1665883
1669644
1684826
1698240
1702234
1708114
1711685
1712280
1721363
1726043
1726744
1727127
1736996
1739285
1745670
1749879
1753832
1753994
1758211
1764662
1769106
1773591
1774249
1774869
1777934
1782746
1796973
1799026
1803909
1807678
1809521
1810548
1812122
1816080
1823228
1824317
1824349
1824539
1826860
1835956
1837182
1841963
1846718
1846851
1849733
1850360
1855359
1855461
1858766
1859320
1862055
1877852
1881410
1883291
1892586
1919280
1923698
1927059
1927994
1930154
1932130
1939811
1945981
1959361
1966053
1971753
1973296
1973384
1974523
1976228
1981094
1982834
1983975
1985744
1996979
1998025
