-1997277
-1997044
-1995751
-1993188
-1990438
-1990090
-1983092
-1980536
-1975257
-1970098
-1969267
-1962567
-1960090
-1959818
-1958768
-1957562
-1955428
-1945778
-1944299
-1941909
-1939210
-1936085
-1933667
-1933159
-1930030
-1925610
-1923052
-1904076
-1901685
-1900206
-1898282
-1897652
-1895966
-1876919
-1875435
-1874126
-1870157
-1867723
-1858579
-1855426
-1849610
-1844696
-1839054
-1829092
-1829041
-1825406
-1824614
-1817467
-1817206
-1817020
-1815985
-1813435
-1812113
-1805160
-1804885
-1803335
-1802116
-1793361
-1792421
-1791655
-1782359
-1782269
-1781313
-1775339
-1774247
-1772603
-1764919
-1757248
-1748629
-1744802
-1742512
-1739667
-1738381
-1728260
-1727983
-1726580
-1715650
-1714033
-1711387
-1710930
-1705023
-1701337
-1700899
-1700170
-1697228
-1694045
-1693209
-1691224
-1685776
-1682106
-1678123
-1677052
-1676908
-1668960
-1668398
-1657259
-1655112
-1654649
-1654253
-1650415
-1641105
-1636992
-1630231
-1623128
-1618825
-1608845
-1608171
-1605326
-1604434
-1592973
-1590362
-1589787
-1586634
-1579448
-1569082
-1568835
-1566737
-1565334
-1564705
-1564599
-1560080
-1559457
-1554071
-1545762
-1545710
-1542897
-1530860
-1530244
-1528654
-1528306
-1523051
-1520642
-1518959
-1511633
-1510187
-1506976
-1504899
-1503135
-1499783
-1497709
-1493167
-1490923
-1488254
-1488029
-1484800
-1474181
-1459106
-1457466
-1450954
-1447258
-1446014
-1439353
-1436667
-1435520
-1435148
-1434967
-1430566
-1425028
-1424237
-1416002
-1411873
-1406842
-1403199
-1403012
-1400100
-1391731
-1390664
-1389645
-1384829
-1382977
-1336069
-1334376
-1328148
-1323909
-1322266
-1315603
-1314329
-1313896
-1303657
-1300673
-1299681
-1270969
-1263654
-1261846
-1258237
-1257440
-1253730
-1245040
-1244311
-1231942
-1223507
-1222900
-1221043
-1220191
-1220159
-1219756
-1195640
-1188806
-1187568
-1183574
-1182622
-1179450
-1172909
-1166105
-1158430
-1151131
-1147958
-1146208
-1145204
-1140404
-1139480
-1138479
-1137984
-1137702
-1137670
-1135563
-1133333
-1132755
-1130939
-1115956
-1115234
-1114450
-1106739
-1104694
-1100189
-1098953
-1091558
-1085385
-1081924
-1077805
-1071789
-1068566
-1068058
-1066846
-1058289
-1056906
-1055537
-1054895
-1048247
-1043519
-1037378
-1036241
-1033180
-1033160
-1031372
-1030555
-1028765
-1020266
-1019805
-1011529
-1009982
-995120
-992706
-992416
-991667
-986752
-986639
-980797
-976656
-974184
-973710
-966673
-965808
-961124
-954963
-953765
-950546
-938972
-938929
-938843
-936562
-934417
-934035
-930588
-928161
-923617
-917885
-917367
-911938
-905775
-900920
-899419
-897414
-895879
-893364
-888596
-887272
-884405
-867670
-863454
-860483
-854586
-849768
-847837
-840980
-835433
-831866
-826478
-823916
-823702
-823676
-817962
-810157
-804866
-804042
-803330
-793606
-783932
-782019
-777678
-771498
-770841
-768965
-762281
-757558
-753032
-752750
-748445
-747707
-739142
-732571
-731007
-728806
-720181
-711159
-707832
-705777
-703376
-697879
-697307
-685253
-678941
-675554
-670413
-665905
-665779
-662103
-661247
-649953
-645159
-644282
-641792
-629941
-627514
-623031
-621717
-620043
-619648
-619456
-618509
-617146
-616171
-612697
-611485
-610906
-607863
-607451
-607311
-607017
-606043
-601682
-588730
-580741
-580018
-578997
-578564
-572984
-561351
-544290
-541596
-538817
-529729
-525646
-521796
-516562
-510920
-509259
-504605
-501855
-496327
-494288
-490123
-460004
-459981
-456085
-453320
-450105
-448589
-446998
-444993
-441234
-437086
-434947
-426632
-424330
-423871
-417786
-413589
-412133
-401905
-397756
-394476
-386651
-377628
-375532
-373305
-367944
-361331
-359096
-341008
-334265
-325962
-321459
-317486
-307697
-305699
-303256
-296263
-294387
-292995
-290042
-287150
-282647
-279764
-278933
-270355
-266188
-263503
-263323
-257338
-245388
-240824
-239484
-233280
-232612
-231052
-229381
-225212
-213366
-209479
-203996
-203557
-195779
-195148
-193330
-189543
-187911
-183658
-183255
-182435
-170688
-169852
-169709
-167587
-164657
-162169
-159562
-156599
-153987
-148834
-143849
-141899
-141776
-139682
-136361
-136038
-129950
-126453
-121156
-119349
-117978
-107255
-106883
-94202
-91544
-91429
-84667
-84148
-71847
-71293
-67472
-62645
-60416
-49974
-46438
-44604
-37342
-31375
-30931
-21554
-20788
-17836
-8807
-329
467
3505
9313
10842
15203
22479
23869
25283
33574
39088
39941
40900
41193
42327
45765
49819
49911
50343
56959
60208
63225
71463
74195
77125
79923
83580
85351
88553
90873
106966
111087
120738
133381
134817
135279
135761
136879
137593
137861
139244
141011
141476
143721
147174
150305
151594
153546
153828
162800
165177
171058
175905
181188
184570
189186
192189
193767
199035
202692
205681
216152
234336
235677
236834
244319
244814
256379
256495
259738
262050
266391
281973
282582
291831
295831
296301
303635
305270
306278
306440
310220
312849
313078
321172
326515
330181
330865
336001
336044
340304
343892
344028
354327
364158
371513
378986
381297
383743
387140
389914
391742
393469
394476
398823
401683
404953
408232
412737
413864
415418
420629
429754
432723
440291
440983
445671
448246
450951
453131
456215
458713
468671
470230
474714
478898
480986
497213
503373
531381
535731
536516
539041
540666
543292
545756
546684
546890
552012
552122
555318
563251
567829
568109
572690
580219
598626
604790
607509
609853
610342
610361
618267
642916
642959
646247
654814
654964
667766
669524
671394
678585
691049
691359
698482
699792
701559
702837
706240
708289
709916
718120
719713
720268
722044
723736
727291
731844
737098
738621
741063
743790
744980
748026
751779
759712
772828
779684
780251
781380
782459
787344
787760
797117
798321
798854
802110
802276
802849
804351
819932
821229
827141
827816
827887
832452
840661
843119
844585
850771
860304
862446
865925
878393
878464
878577
879993
882273
905570
929195
931221
931491
933707
952585
953903
968924
970888
971074
971954
973848
974050
977333
985061
987753
988971
990082
992063
995795
999199
1000297
1000663
1001516
1006202
1010400
1013837
1018692
1020777
1020874
1022748
1032643
1034743
1035538
1036475
1039694
1044920
1046499
1048784
1053369
1058311
1060342
1064223
1064628
1065631
1065674
1068612
1070253
1073161
1078298
1079110
1080293
1081226
1092212
1097208
1105990
1117067
1122491
1123559
1125933
1126883
1128202
1131069
1139327
1140152
1142727
1146089
1147043
1148140
1152616
1153023
1164947
1165966
1171485
1172450
1175331
1177596
1184480
1185187
1190209
1195649
1196436
1199179
1203578
1206003
1207687
1209952
1220231
1228913
1232514
1236818
1239663
1240483
1242752
1243857
1245475
1250566
1251623
1252108
1259961
1263184
1267773
1268868
1269150
1277982
1280497
1280525
1294442
1298441
1306635
1317575
1317831
1327235
1327765
1331062
1331486
1333659
1340233
1346269
1347431
1350848
1353804
1354169
1369232
1371087
1377251
1377934
1386079
1388245
1389558
1392606
1396015
1402599
1408898
1414324
1414745
1418158
1420580
1427708
1430532
1434423
1435935
1445419
1446816
1447870
1449159
1452144
1455304
1458473
1461397
1466260
1467458
1469604
1470386
1471114
1472018
1476741
1477779
1478126
1496175
1499227
1499756
1505488
1507338
1508422
1512368
1513956
1517711
1520116
1523302
1526473
1539237
1539788
1539969
1541667
1544553
1545877
1547693
1550705
1555357
1555999
1560593
1560649
1567190
1576592
1582324
1583214
1584597
1585348
1585793
1589646
1592477
1593050
1593716
1594712
1596459
1602273
1602793
1608345
1613608
1614943
1634187
1639756
1640382
1640674
1641503
1642045
1643296
1644274
1654193
1661298
1664169
1667760
1668624
1674046
1686473
1693095
1693222
1699638
1700736
1702668
1709258
1717813
1718838
1721788
1727911
1734308
1736227
1738848
1746418
1754726
1758660
1759348
1761138
1763817
1771914
1773207
1773959
1776568
1783826
1784525
1784568
1784905
1789408
1792426
1794913
1797788
1799891
1801974
1803310
1810889
1810946
1811610
1812491
1819461
1843544
1846087
1854649
1856153
1856550
1864717
1868022
1868235
1870260
1890392
1896949
1905451
1914738
1914781
1917955
1923483
1924218
1925153
1926680
1934741
1937602
1947906
1950380
1950592
1954281
1955536
1956670
1963569
1970702
1972906
1980714
1985282
1990487
1991718
