-1999017
-1993621
-1990694
-1990607
-1990138
-1987121
-1985077
-1976530
-1968972
-1968805
-1967311
-1963268
-1963182
-1954928
-1953448
-1952204
-1947559
-1942350
-1938489
-1932164
-1931636
-1931196
-1929405
-1929393
-1922487
-1914477
-1911738
-1903963
-1893636
-1889727
-1878525
-1875811
-1874834
-1866103
-1865032
-1862089
-1860970
-1854595
-1853843
-1843914
-1838096
-1837695
-1833200
-1826634
-1824130
-1819321
-1818236
-1815018
-1814857
-1808776
-1808281
-1805829
-1805552
-1800967
-1797632
-1793688
-1791138
-1785900
-1781376
-1780961
-1773977
-1773632
-1773293
-1772119
-1765863
-1763246
-1759931
-1758790
-1750984
-1739994
-1737856
-1736440
-1736248
-1730101
-1723394
-1722594
-1721673
-1718653
-1715198
-1713306
-1708028
-1703866
-1698302
-1696041
-1694898
-1693601
-1691323
-1690035
-1687885
-1681616
-1678136
-1676760
-1674765
-1663030
-1661059
-1657809
-1653014
-1651336
-1648595
-1648332
-1647188
-1645253
-1640985
-1635899
-1629477
-1627571
-1619225
-1616293
-1613172
-1612302
-1610402
-1603895
-1602109
-1596451
-1595580
-1588481
-1580704
-1580546
-1580367
-1580158
-1572816
-1570377
-1567025
-1552792
-1552510
-1550592
-1543231
-1539584
-1539152
-1538066
-1531766
-1528675
-1527528
-1523706
-1520586
-1512192
-1509984
-1509626
-1509520
-1502901
-1499574
-1499199
-1496277
-1495513
-1493629
-1492514
-1491136
-1490212
-1489554
-1483645
-1482563
-1476437
-1471003
-1469342
-1459383
-1455764
-1445556
-1441922
-1439947
-1439560
-1438947
-1422249
-1420910
-1420722
-1413389
-1412370
-1412271
-1406112
-1400586
-1399919
-1399550
-1398455
-1395043
-1391550
-1391083
-1386416
-1378250
-1373579
-1373028
-1363918
-1359133
-1357571
-1342756
-1341073
-1339960
-1334976
-1330322
-1329273
-1326679
-1321922
-1318806
-1310966
-1306525
-1303868
-1294555
-1292250
-1286619
-1286035
-1282549
-1280692
-1279935
-1271612
-1265941
-1262014
-1261900
-1255857
-1255653
-1230480
-1229188
-1218129
-1217394
-1213936
-1211775
-1207305
-1206184
-1199900
-1195064
-1194648
-1188179
-1187712
-1182470
-1179989
-1178524
-1178091
-1177787
-1172219
-1170377
-1162157
-1151002
-1148332
-1145103
-1142514
-1137396
-1127290
-1123671
-1122689
-1122633
-1121470
-1109247
-1105182
-1103010
-1102264
-1099938
-1098956
-1093266
-1087061
-1079473
-1078707
-1058038
-1049260
-1048318
-1046857
-1041812
-1041694
-1041315
-1037670
-1034125
-1029184
-1024117
-1023932
-1023492
-1018384
-1018199
-1016102
-1013759
-1006622
-1005745
-992098
-985790
-984737
-983750
-980162
-978919
-977669
-962271
-961732
-951330
-950098
-949574
-948577
-946052
-940657
-939321
-938279
-937128
-935662
-933776
-933020
-929368
-923753
-922945
-909383
-904598
-902885
-902721
-902543
-892097
-886957
-883768
-879944
-879805
-875829
-873986
-871436
-866926
-863164
-861655
-859154
-856516
-848579
-845643
-842287
-840630
-838817
-834911
-832958
-827719
-824421
-823405
-821706
-820418
-817320
-812135
-804222
-799598
-799365
-795423
-794655
-793089
-791135
-790701
-785457
-784049
-777861
-776360
-768806
-763171
-756793
-750574
-750369
-741064
-739139
-735671
-735369
-733074
-731025
-721447
-719011
-716376
-704560
-701021
-694062
-693750
-688969
-687551
-683774
-682793
-681671
-677304
-666613
-665457
-664901
-662616
-650782
-649733
-630541
-623037
-619998
-619870
-616095
-615603
-612081
-611493
-609181
-609013
-606787
-593357
-590811
-587954
-585835
-582773
-581832
-579339
-574181
-565930
-541662
-528204
-528075
-520448
-516257
-511492
-508836
-504285
-501498
-499790
-497516
-495238
-492544
-490720
-483786
-483269
-483038
-479262
-470214
-469943
-456161
-442223
-434811
-434698
-431635
-427744
-414868
-411720
-392490
-386953
-386864
-386301
-383326
-377705
-373484
-368400
-364482
-360493
-360039
-359894
-356903
-352285
-344414
-343087
-342548
-337885
-336575
-326430
-316798
-312490
-311744
-299418
-296594
-294011
-277560
-274555
-261503
-254494
-251290
-243713
-241103
-240384
-230776
-230266
-224707
-222682
-218298
-202508
-196760
-191200
-189460
-187789
-187421
-185202
-184230
-184157
-183712
-162544
-161824
-158403
-154666
-153458
-151195
-142573
-137064
-131827
-131524
-131131
-125762
-123694
-106227
-103762
-101880
-99973
-98752
-90388
-90181
-87756
-84608
-78403
-73417
-66211
-64675
-63790
-63708
-61941
-60152
-58887
-53788
-53302
-47505
-37632
-37072
-33831
-25007
-18727
-16080
-16021
-10876
-9173
-6027
-2780
-1752
2494
7163
12774
19819
23064
24005
25171
30328
34706
34735
35874
38640
39802
42116
47155
66466
71727
72604
89138
89942
90243
92815
96509
99465
103372
108923
109410
109922
115423
116325
116663
117640
137343
139861
140525
145370
150833
152821
153471
159980
164635
164716
170395
176983
178512
181776
182545
185657
186236
186677
186847
193873
195291
200818
205510
207652
214380
216717
218831
219083
220245
222851
229403
235413
245261
256466
258782
267026
268220
272300
273186
278167
278591
279482
284867
288864
294028
300260
301625
315640
320683
324571
325443
344559
349443
351716
351788
354973
361865
367183
367763
370459
372059
373460
376456
376836
379181
387566
404328
405297
409353
412011
417074
422281
428195
445799
447616
454012
457812
465856
468522
470343
471695
473982
490173
490929
492991
494678
497217
498950
503472
503891
504954
514942
515179
517675
519407
521599
528135
528706
544636
552729
553418
563363
565004
566675
571053
580446
590476
592411
594138
597698
599476
604623
608088
608215
612123
614046
617386
625274
631226
633131
640998
642179
645663
645739
650782
651737
666497
680146
685265
699346
711098
713187
716516
716517
723411
724314
726249
730548
738342
743805
745755
747377
748935
749018
750709
755627
758440
758956
759552
760294
764974
771877
780524
785821
792104
792350
798414
809784
810407
818022
832103
845072
847313
848402
851137
862086
867374
870380
871588
875590
876316
876320
880664
880985
885994
886707
889369
892298
904142
907344
912972
915531
917173
917656
918564
923353
933472
936187
938264
945823
960343
967785
969966
970706
971955
977381
982451
986085
987444
991199
1001085
1002217
1003326
1004681
1011058
1022308
1022386
1023184
1030962
1045802
1046151
1046375
1050497
1053710
1064546
1073510
1075237
1079136
1084708
1088368
1089109
1090220
1091459
1095219
1095523
1104117
1115789
1116077
1117015
1122345
1141150
1145941
1154881
1156079
1156180
1163904
1164624
1166494
1176456
1183433
1185187
1186612
1187427
1190329
1200378
1206775
1207963
1210288
1212743
1216022
1225298
1254437
1256857
1258952
1259755
1262473
1264420
1264673
1269822
1272006
1274274
1275738
1276155
1278131
1280881
1282342
1297797
1299899
1301588
1307215
1307378
1307431
1308633
1314066
1321576
1322146
1324118
1349478
1351550
1352459
1356586
1359836
1363545
1369051
1369659
1370870
1374740
1375759
1381554
1388519
1389748
1394470
1399718
1400231
1401222
1402305
1411253
1411737
1412095
1413749
1416625
1417073
1419507
1420550
1426036
1426039
1430657
1433777
1442097
1447987
1454802
1455350
1462780
1468622
1482438
1482702
1485907
1502300
1508902
1512879
1518126
1534065
1534943
1545254
1550850
1552331
1552875
1554179
1563890
1571045
1577773
1578423
1580257
1582683
1583125
1585378
1589759
1595195
1597040
1597698
1597728
1601624
1607020
1613124
1613733
1615767
1617015
1617499
1621627
1623531
1632326
1635370
1637630
1646692
1650647
1652499
1658333
1658667
1661107
1662133
1664272
1667704
1668714
1679029
1682108
1683854
1684125
1684533
1688969
1695461
1697331
1699515
1703306
1704373
1708038
1708449
1713481
1718088
1720304
1730029
1731927
1735133
1737074
1739883
1743034
1745486
1751002
1752411
1753607
1759729
1769405
1771059
1771391
1772505
1774031
1774713
1779905
1780317
1780896
1781889
1783534
1785730
1788231
1788441
1788517
1798261
1802211
1803302
1804066
1808160
1815801
1816550
1828826
1835876
1836954
1843908
1847276
1848287
1848642
1851000
1852319
1854291
1860515
1863004
1863761
1865673
1867570
1870260
1873710
1874944
1882787
1890128
1906948
1907884
1908655
1909471
1910615
1911523
1911804
1918780
1927543
1927958
1928501
1931573
1940503
1944614
1945967
1952929
1956542
1965186
1973884
1981961
1982357
1983226
1984953
1985819
1990583
1995775
1996104
1999343
