-1997575
-1994689
-1988770
-1985309
-1984020
-1977054
-1975059
-1973102
-1971034
-1963571
-1962384
-1955031
-1954844
-1954223
-1948787
-1942034
-1933915
-1924587
-1918915
-1914343
-1913588
-1908437
-1906874
-1901487
-1893486
-1890613
-1886639
-1884599
-1882018
-1878771
-1878208
-1877992
-1875880
-1873966
-1870219
-1868526
-1860033
-1859099
-1834913
-1832340
-1830264
-1821338
-1818929
-1817352
-1815146
-1814939
-1814466
-1807365
-1799318
-1788755
-1787367
-1774590
-1771788
-1749952
-1748158
-1737498
-1736876
-1734844
-1729364
-1725762
-1718876
-1718432
-1718239
-1708871
-1706458
-1702683
-1700643
-1699834
-1695056
-1693151
-1686947
-1670398
-1667312
-1662459
-1651598
-1647163
-1646538
-1634889
-1630747
-1630033
-1629397
-1627359
-1617417
-1615298
-1604524
-1597422
-1586065
-1572645
-1571726
-1561708
-1560814
-1548371
-1546738
-1539027
-1538367
-1536690
-1534423
-1533778
-1531513
-1525401
-1520511
-1514618
-1508258
-1498926
-1493449
-1489914
-1489639
-1484659
-1484030
-1477171
-1476374
-1475903
-1468786
-1459429
-1459130
-1452831
-1448191
-1442603
-1438511
-1431257
-1429548
-1425782
-1425484
-1419975
-1415519
-1397430
-1392299
-1390455
-1386958
-1384455
-1383141
-1382380
-1381109
-1372397
-1366826
-1356396
-1356168
-1344082
-1343829
-1343690
-1343586
-1335138
-1334786
-1325489
-1321386
-1318852
-1318457
-1317284
-1317202
-1313772
-1312531
-1312515
-1311956
-1311591
-1307056
-1304840
-1298357
-1296693
-1296306
-1289126
-1288711
-1287481
-1285550
-1282580
-1281952
-1275040
-1267731
-1257542
-1245350
-1243285
-1231356
-1228861
-1225249
-1223831
-1216384
-1199949
-1199899
-1198860
-1196707
-1196040
-1191272
-1189951
-1187502
-1186599
-1184445
-1181302
-1179211
-1176531
-1175582
-1170280
-1169672
-1162733
-1154240
-1146949
-1143579
-1139608
-1138729
-1136970
-1134676
-1130258
-1125305
-1117848
-1112937
-1110988
-1109770
-1109672
-1101565
-1101406
-1094910
-1084941
-1081984
-1080278
-1078617
-1077833
-1075764
-1070915
-1070323
-1069744
-1061753
-1054746
-1053075
-1051771
-1043123
-1038205
-1017915
-1017392
-1007441
-1001933
-998766
-987346
-983239
-980958
-980958
-975200
-972865
-970667
-968875
-968060
-965554
-951867
-943753
-924264
-921620
-920940
-920610
-915727
-914601
-912332
-908607
-906840
-906478
-897895
-897729
-896563
-892735
-890668
-885412
-884924
-881540
-872964
-871213
-868507
-865054
-864267
-863284
-862421
-860050
-847753
-829328
-817484
-815995
-811006
-810342
-805461
-803513
-796979
-795188
-791741
-789236
-784434
-782325
-775434
-771293
-769465
-767512
-762555
-756378
-756315
-755504
-749147
-749015
-745931
-744498
-743093
-738852
-736907
-734694
-732308
-729029
-720722
-719844
-717400
-717039
-709351
-706751
-699987
-699224
-698083
-697535
-696530
-694040
-691286
-689471
-684105
-681719
-681705
-679340
-676572
-675999
-674092
-670651
-658081
-650595
-650036
-649228
-645355
-642156
-639878
-633563
-623726
-619346
-612185
-605817
-601501
-601133
-600791
-588086
-586184
-580975
-572012
-571883
-565467
-552166
-546999
-538292
-530302
-523591
-522538
-520887
-520119
-519164
-519038
-517262
-515906
-513362
-505266
-500214
-498900
-476268
-462065
-460347
-460271
-458570
-458389
-455673
-448990
-445849
-445610
-440558
-438736
-437847
-435941
-432357
-429426
-428116
-425184
-415654
-414122
-407340
-401410
-385876
-382974
-380975
-379577
-369949
-368631
-363671
-363200
-362481
-360415
-355762
-352872
-352353
-350837
-348239
-343545
-331660
-331265
-329937
-329023
-326254
-323756
-321319
-318003
-309071
-305260
-289587
-287297
-286013
-284633
-279457
-279120
-278449
-275993
-269990
-260538
-255192
-254363
-251909
-250985
-250729
-244174
-240430
-236596
-233036
-227055
-225890
-218712
-218541
-215074
-206279
-202369
-200710
-195856
-192076
-179977
-175396
-171968
-171158
-162026
-154048
-153880
-151501
-145771
-143973
-143835
-139116
-137727
-133386
-131485
-130029
-129956
-122755
-119135
-117249
-114030
-111649
-109523
-95852
-90447
-86270
-81134
-76038
-71622
-67686
-65539
-58797
-53388
-52558
-52361
-50821
-50556
-45852
-43308
-42619
-42440
-42242
-36664
-36180
-27571
-26469
-22565
-20470
-18731
-15610
-2940
5167
6053
9272
9891
18308
24434
28133
28825
30878
32600
46649
48113
50012
50860
55990
65477
66325
70072
70218
74396
75477
75842
80799
87014
88970
92100
92894
98597
104390
106418
107324
110764
111947
126683
130293
133596
136119
136430
146837
147179
147743
148396
148438
153142
153703
156541
157365
157820
160822
167090
171186
172840
173252
174704
179005
179193
180458
184431
192440
206295
207089
210522
218507
224851
226390
231466
234640
245142
246130
256801
257158
258130
259340
259367
260685
261911
263634
265929
266680
267305
276323
276979
278023
278937
279514
281698
289728
290843
303361
305140
311220
312901
316377
319774
326432
327987
331907
332050
335839
341488
344728
348178
356432
361704
364085
366349
366481
368064
380338
380900
389934
398878
407615
413150
422490
422688
426971
429083
442220
446231
446354
448432
448817
449802
450636
453961
456527
457458
457572
463091
465125
467573
471683
478727
486455
487616
489940
491260
491416
496136
496757
505704
505822
508949
510088
515308
516114
516448
519697
539224
541928
543414
549834
550251
554650
555582
557701
558501
559991
581980
584548
595576
597476
598299
613093
618514
619908
623125
624587
625481
625846
633591
633682
639138
647478
648564
651006
654039
656717
658519
659389
666571
667555
672034
672818
681299
683045
688869
692368
695912
696127
702889
713715
713803
714193
722381
727060
729091
736467
741455
744494
748315
752469
754474
761675
767899
770684
771599
773999
784429
784677
787390
793766
802406
807627
810139
810757
810783
824162
830187
834538
839510
842176
850432
852161
853240
862251
862894
869801
875490
878132
880897
885142
891900
892302
893437
894328
895062
915507
922123
925415
929025
933183
940715
943610
950011
950626
950838
951798
955890
965451
968094
968594
991547
997553
999957
1000018
1001732
1003799
1004722
1011359
1014516
1017959
1019749
1023373
1031694
1033265
1035720
1036760
1038605
1039203
1042589
1049718
1062686
1063974
1068143
1089551
1090690
1095681
1096207
1103707
1104302
1106213
1108469
1109365
1122737
1123909
1125667
1141744
1142391
1153409
1155099
1155285
1160912
1162941
1165902
1169745
1173585
1174747
1175666
1176611
1178476
1178610
1197021
1200009
1202133
1205322
1207180
1209318
1211209
1224288
1224880
1225981
1226634
1230736
1232135
1234453
1235237
1235376
1249218
1253998
1262659
1265227
1267617
1270806
1276779
1278528
1282265
1285137
1286827
1288233
1292130
1292481
1292771
1293676
1296125
1299909
1300823
1301081
1301720
1304538
1310078
1312388
1317325
1318420
1320000
1323836
1332488
1339122
1342698
1349629
1350674
1352037
1361469
1372840
1375791
1375829
1381124
1385093
1387327
1398419
1399302
1403045
1406306
1406317
1410658
1412362
1413041
1414653
1415587
1418535
1418678
1422250
1424651
1430308
1433034
1435702
1441978
1450559
1456588
1458492
1459552
1466490
1467403
1468686
1469770
1473334
1478527
1483992
1488280
1489925
1490453
1491102
1491185
1492408
1493766
1498814
1502802
1516096
1516864
1530939
1540398
1543384
1543430
1544184
1545221
1549021
1550726
1558458
1561688
1567860
1574097
1575308
1577030
1580825
1590063
1590969
1598675
1599382
1602746
1608087
1618811
1625981
1630658
1631454
1633459
1644883
1651127
1655530
1662258
1675638
1678775
1678992
1681406
1683679
1685164
1691720
1696471
1697504
1698471
1704039
1704906
1708090
1708519
1721121
1732392
1733892
1748999
1749361
1759876
1760097
1773815
1774492
1775029
1778263
1780157
1785598
1791250
1793754
1794712
1796680
1799393
1800257
1800313
1800955
1804268
1804598
1804784
1812093
1817042
1828178
1830792
1830800
1830919
1834162
1842361
1855386
1858253
1863093
1864600
1871320
1872299
1872992
1876299
1892694
1895723
1897444
1905453
1907220
1908788
1912902
1915709
1915827
1927728
1927787
1928718
1946921
1947301
1948861
1954724
1958604
1962308
1963792
1965369
1967601
1968827
1988205
1991003
1992219
1992504
1993481
1994111
1995916
1999747
