-1970665
-1968626
-1965400
-1950355
-1950316
-1945936
-1940583
-1938786
-1933831
-1933281
-1932904
-1930967
-1929342
-1927243
-1924639
-1923680
-1921228
-1920921
-1920918
-1919898
-1917959
-1917282
-1911610
-1907870
-1902281
-1900676
-1897337
-1891036
-1890846
-1890639
-1888550
-1887447
-1886865
-1879313
-1876672
-1871240
-1869172
-1865048
-1855205
-1851891
-1843236
-1837556
-1832105
-1823874
-1823705
-1817869
-1816932
-1811813
-1800953
-1798323
-1782122
-1779058
-1769486
-1767704
-1764244
-1760530
-1758836
-1756962
-1756639
-1748469
-1747763
-1746218
-1735472
-1734627
-1726384
-1726367
-1725162
-1724067
-1720382
-1706621
-1698882
-1691097
-1673697
-1665412
-1664632
-1661418
-1661025
-1643751
-1635261
-1629047
-1628272
-1624888
-1620975
-1610679
-1610589
-1591733
-1583369
-1579463
-1578470
-1568284
-1566337
-1558670
-1558050
-1557992
-1548982
-1543793
-1538788
-1534603
-1529890
-1527371
-1527102
-1522422
-1521067
-1513853
-1513184
-1500645
-1497751
-1496906
-1495055
-1493151
-1489134
-1488059
-1487274
-1482548
-1476683
-1471023
-1465240
-1462954
-1461266
-1460568
-1457807
-1444578
-1443340
-1435661
-1434368
-1421590
-1416235
-1407620
-1403652
-1398055
-1396955
-1393236
-1389479
-1386783
-1384419
-1379683
-1379263
-1378897
-1376313
-1374654
-1372488
-1358603
-1353944
-1349396
-1339990
-1328189
-1324359
-1323927
-1315394
-1311310
-1307411
-1306703
-1305780
-1304900
-1304331
-1304266
-1304002
-1297889
-1286700
-1284218
-1281967
-1270533
-1269806
-1269224
-1260962
-1258824
-1257769
-1257339
-1256739
-1254266
-1246112
-1245536
-1244515
-1241853
-1239411
-1235174
-1233510
-1231692
-1231466
-1229818
-1227607
-1224098
-1222883
-1220332
-1219962
-1215871
-1215767
-1213161
-1197192
-1189074
-1185633
-1181386
-1178310
-1177723
-1172696
-1172495
-1168851
-1163564
-1155311
-1151216
-1143084
-1142105
-1141518
-1138676
-1136186
-1134525
-1120268
-1118763
-1117357
-1111241
-1110142
-1104622
-1099086
-1098544
-1097460
-1096189
-1077298
-1071155
-1068679
-1064471
-1056384
-1048025
-1045623
-1044954
-1044148
-1041829
-1029340
-1025784
-1023883
-1008278
-1005281
-1003987
-994834
-993890
-988614
-987832
-983837
-978777
-972731
-971077
-970201
-963569
-962968
-956969
-951965
-948301
-944574
-942580
-941722
-939365
-936776
-936152
-934044
-931787
-926183
-926171
-923812
-909629
-908881
-908421
-905342
-903703
-896711
-888653
-888085
-884473
-880075
-877840
-872352
-868052
-866591
-865150
-863185
-859978
-859976
-858645
-858436
-855729
-855581
-852887
-850651
-848634
-847117
-846235
-845122
-842792
-840185
-836875
-832118
-830714
-828324
-824981
-820286
-817462
-815588
-815360
-811435
-810325
-808946
-808149
-804214
-802849
-792943
-791106
-787352
-781155
-781143
-779992
-778858
-772609
-768277
-764399
-764119
-763275
-759975
-747885
-747806
-745740
-745528
-732442
-731032
-726106
-725524
-724381
-713521
-702358
-701580
-694716
-682116
-681924
-681589
-678247
-676247
-673086
-665136
-664029
-663115
-662721
-661534
-649632
-646458
-633269
-623680
-622360
-617796
-611762
-609704
-606447
-605323
-601602
-598016
-593684
-588704
-579285
-578964
-578598
-577895
-573802
-573009
-558828
-548263
-547540
-544835
-543120
-542197
-538964
-538634
-533517
-521179
-510605
-507425
-507181
-505821
-504396
-494833
-490290
-480540
-476001
-464752
-460935
-460153
-457772
-457608
-448961
-440544
-429727
-426300
-422205
-407343
-406360
-401855
-400274
-396709
-395740
-393008
-391417
-384465
-382026
-375132
-367718
-366327
-366258
-361603
-358107
-356151
-348779
-348522
-348141
-338771
-331287
-329933
-324001
-322772
-322192
-313853
-312555
-310757
-298774
-297541
-291853
-290016
-288561
-287498
-284225
-279972
-275713
-273959
-270870
-270369
-265545
-264378
-263736
-262139
-250780
-248663
-246963
-235944
-233404
-232568
-224548
-220431
-219998
-216896
-215572
-214962
-212734
-211659
-210609
-203562
-200519
-200151
-191519
-180233
-172158
-169471
-159865
-159767
-159656
-156222
-152722
-150476
-148014
-141154
-129691
-128265
-125730
-122721
-117967
-114421
-112048
-101909
-89258
-87165
-75459
-70599
-68668
-67134
-66646
-65849
-55106
-52263
-46539
-38850
-25818
-24257
-23564
-22165
-20074
-17823
-11499
-4212
-3288
3501
5736
7562
22599
28123
31426
35583
38604
53260
53575
62933
69058
72361
83399
86122
88386
88894
88908
91147
96109
96167
98835
104304
105445
110961
118638
124116
124337
127209
131409
131612
132814
134561
135082
140011
140408
143922
145925
172970
174186
177938
181725
187090
187297
188727
189574
190616
191740
191993
194477
195651
201813
204358
205018
213126
215720
221871
224964
228392
230633
232968
238242
238860
250232
251852
253865
260674
263512
263742
269349
270216
271424
298835
301920
304292
317556
324743
332016
334052
340593
341759
341842
342923
345011
345496
358974
359264
359412
359636
363487
370724
371461
371625
379447
379876
384141
384511
387735
388794
391895
392968
393209
393876
398283
401219
403623
413908
414152
415685
423453
426373
427833
435472
442268
445118
446702
453424
458189
458211
460708
461909
463126
463632
465978
472826
473080
474579
476943
477821
482460
489529
490977
499760
504769
529735
534701
535647
538196
540989
542319
542789
552797
556847
557754
560744
561149
563930
564097
564802
567269
569818
581748
583953
586770
601380
601598
602334
604516
605661
607224
609060
609266
612591
615580
617238
622427
623249
623757
626336
630761
632104
636388
637101
639004
641791
645117
645658
648166
651376
652947
662032
685299
695261
696948
698635
702698
706013
707036
708883
712606
714168
715394
716812
720368
723482
725538
727542
745128
751083
763350
768546
770878
772755
774666
777668
780369
789863
796811
797752
799491
805764
806634
815953
815977
819685
825707
829848
831533
832691
832930
835635
837577
839219
850950
851897
857539
866822
868454
869632
869786
871080
871167
877061
882035
882600
885228
891356
893321
910760
911062
912133
914358
917454
920533
922795
926716
927255
929917
945265
946256
950838
950890
953751
955208
962693
968413
968585
970367
975323
978318
984464
984825
988273
999796
1004281
1010649
1017598
1021662
1025778
1027880
1034516
1035077
1044267
1050869
1051438
1053142
1057934
1067233
1074568
1077131
1082964
1097038
1105328
1121430
1133154
1133654
1136005
1140107
1141506
1144464
1147484
1148737
1157734
1158816
1161496
1166145
1170270
1172353
1175582
1177279
1179872
1183423
1185754
1188323
1191330
1197503
1199522
1199824
1200260
1201362
1216086
1225702
1231156
1233891
1234543
1237970
1238524
1240497
1250432
1257956
1258209
1281663
1282170
1288505
1288955
1291584
1291880
1292611
1295354
1296035
1306143
1307252
1310292
1311739
1312151
1319080
1321677
1321870
1333794
1337599
1340814
1346112
1347642
1349425
1355555
1361732
1369314
1374374
1380042
1386754
1389764
1392224
1394244
1397380
1402391
1404272
1411446
1422034
1422738
1423102
1434130
1437884
1441667
1441710
1449219
1455770
1456630
1460403
1466022
1472322
1477121
1477932
1481973
1488578
1495328
1500265
1502590
1503334
1516694
1524472
1524903
1526110
1533223
1547054
1547086
1547404
1559709
1563910
1564065
1568117
1569959
1583358
1585303
1591999
1598466
1599960
1606319
1609056
1610446
1620164
1622401
1623862
1626742
1630230
1635576
1636057
1640402
1647757
1650401
1656199
1659905
1665529
1673002
1676892
1682074
1685070
1685933
1690609
1690837
1691507
1704093
1711092
1715825
1718139
1719566
1721651
1722597
1728421
1731746
1732861
1734671
1738202
1742622
1743186
1749701
1750137
1757919
1761515
1766390
1770361
1772808
1779976
1782520
1787732
1791101
1796363
1798224
1799795
1803949
1806389
1812578
1815895
1816419
1823931
1831043
1831104
1840005
1841433
1841601
1842696
1846732
1849898
1850384
1854894
1857247
1858515
1860036
1865645
1866290
1877015
1878216
1884706
1888796
1891833
1894780
1897220
1899706
1900417
1908549
1911941
1916710
1917017
1917645
1921169
1925054
1927126
1943809
1947344
1947358
1948563
1953490
1953775
1955383
1955819
1956164
1956825
1958429
1963406
1963521
1967777
1969639
1970742
1972990
1977180
1983147
1983843
1995102
1996367
