-1995071
-1993295
-1982533
-1980232
-1978813
-1978169
-1978002
-1969863
-1964052
-1962866
-1962442
-1960462
-1955825
-1954511
-1952779
-1949263
-1949222
-1940090
-1939254
-1937032
-1934796
-1931632
-1929502
-1923815
-1923580
-1912900
-1909337
-1905163
-1900877
-1899800
-1893316
-1892778
-1886768
-1880958
-1874607
-1868418
-1865341
-1865015
-1863992
-1860486
-1859674
-1857958
-1857270
-1853700
-1852937
-1847951
-1838974
-1830199
-1828561
-1825231
-1820398
-1819689
-1813106
-1811548
-1807939
-1806152
-1798876
-1793540
-1790300
-1782812
-1779850
-1774738
-1773595
-1770746
-1761625
-1761473
-1757098
-1755347
-1751964
-1751731
-1750316
-1749496
-1749165
-1746292
-1745853
-1745345
-1740220
-1738142
-1735151
-1725834
-1720159
-1718839
-1690878
-1690779
-1689152
-1688336
-1679133
-1679027
-1666297
-1664464
-1663286
-1659559
-1653763
-1651387
-1648131
-1640746
-1640730
-1636317
-1627420
-1626113
-1625576
-1619050
-1613120
-1607252
-1602054
-1597941
-1592028
-1589197
-1587904
-1586301
-1575229
-1568139
-1558081
-1552016
-1551178
-1549330
-1548341
-1544512
-1543306
-1542805
-1534456
-1531081
-1529098
-1528599
-1527699
-1526557
-1522309
-1508143
-1504451
-1502655
-1496724
-1493119
-1488914
-1487533
-1486566
-1483502
-1483094
-1482006
-1474138
-1474016
-1464342
-1460525
-1458006
-1456130
-1453515
-1453048
-1452603
-1451755
-1443617
-1443030
-1434908
-1432647
-1424692
-1421886
-1415280
-1412875
-1412818
-1412492
-1408451
-1408413
-1407243
-1405799
-1389985
-1384125
-1382361
-1381090
-1378104
-1373420
-1373241
-1372191
-1367535
-1350713
-1339134
-1330970
-1329598
-1328176
-1325770
-1316434
-1315916
-1314882
-1312666
-1310351
-1306108
-1305367
-1301620
-1293993
-1289606
-1283420
-1282636
-1277386
-1276529
-1263888
-1252514
-1249495
-1247157
-1246415
-1239794
-1239275
-1236061
-1232295
-1225809
-1222284
-1213800
-1210626
-1208868
-1204447
-1199414
-1197065
-1188763
-1158683
-1152850
-1144612
-1143330
-1139751
-1134160
-1126480
-1124695
-1121557
-1120462
-1117351
-1113395
-1109881
-1109315
-1106727
-1099861
-1096664
-1093019
-1083234
-1082972
-1078197
-1078050
-1074880
-1073085
-1071156
-1070803
-1065658
-1061476
-1058406
-1056409
-1053898
-1049560
-1049066
-1046433
-1045284
-1043781
-1035664
-1029161
-1028371
-1022671
-1021526
-1014969
-1012896
-1004669
-1004149
-996645
-995772
-991159
-974949
-968647
-961079
-957948
-947495
-945834
-943261
-930959
-920548
-919693
-908332
-904785
-899328
-897194
-895676
-891227
-888303
-878279
-877553
-857102
-853648
-841863
-840842
-824113
-823015
-819266
-816238
-812540
-812237
-807634
-798948
-796105
-795699
-795188
-784539
-774615
-759367
-747193
-746988
-744672
-743811
-743449
-734248
-727734
-720566
-719680
-712248
-709352
-708533
-706248
-700090
-698607
-691094
-690200
-687986
-680331
-680282
-676958
-676112
-671276
-665968
-661273
-659720
-652637
-652254
-649835
-646533
-646281
-645944
-645416
-636428
-630621
-627482
-621667
-607381
-604006
-603957
-600430
-591644
-586926
-581569
-577961
-575376
-574712
-574151
-569664
-564466
-564176
-562358
-560036
-553635
-551927
-551773
-529382
-528754
-528318
-526070
-525739
-525258
-521628
-520813
-518520
-509813
-502664
-498591
-495386
-495274
-490296
-489393
-486767
-484896
-484601
-483764
-483303
-470181
-468293
-466996
-456015
-448637
-444358
-440165
-434387
-422229
-420379
-416131
-415560
-412059
-401579
-391631
-381656
-374289
-372729
-366280
-360008
-357481
-356945
-351131
-339240
-335637
-332735
-329687
-327739
-324681
-324293
-321396
-319519
-318344
-317337
-316744
-315514
-314685
-313650
-310971
-307109
-304166
-303713
-298370
-292575
-290849
-284512
-280615
-277381
-272584
-268710
-268014
-266869
-266157
-260723
-253357
-251159
-244269
-238771
-237951
-236734
-227139
-226304
-223840
-222187
-220995
-219267
-207903
-200323
-198199
-197705
-195880
-190275
-189327
-182807
-182159
-181342
-179368
-177191
-176491
-157102
-151482
-148225
-142299
-141667
-138631
-132009
-125993
-117296
-111455
-107772
-105753
-93123
-90439
-90104
-88002
-83429
-77455
-77339
-75006
-74922
-74624
-72454
-71985
-70412
-67921
-66972
-66890
-60606
-59559
-58654
-54374
-48041
-35060
-32618
-29789
-27664
-21862
-18925
-17611
-14318
-12196
-11864
-11147
-3448
-2074
-2062
-2004
-1890
2306
3549
8682
11265
11929
16900
17410
24184
27126
28546
28944
34428
40337
43153
50940
54010
54016
55595
59806
60943
63422
71828
78402
87226
88812
92040
101387
101759
106520
108402
119704
127546
128921
133624
134431
155117
162744
163239
172506
175756
178480
181998
183691
184783
190507
199059
205537
205766
208548
211586
212016
212496
215633
224893
224909
226724
228111
240244
243325
245524
247074
254214
259643
260046
271862
279358
282659
293890
300586
303277
306185
308510
308790
310171
310321
311138
313212
319594
319803
323227
328993
332282
334071
342850
347039
353836
363051
365638
366177
372202
386350
402659
405389
408854
415309
415454
415684
418848
421456
431603
434606
435753
441061
442967
450865
454142
456050
462912
472319
475959
487261
520298
520845
522297
525023
528329
528434
528774
531189
535146
539892
540459
547040
550297
554913
559879
561555
564455
567214
569303
583124
587438
593062
599779
602622
609416
614717
618421
623951
631362
636078
638993
644840
647315
651528
651645
651747
653210
655229
665447
673011
673335
677035
686997
687589
687827
690362
701959
709312
713331
714051
729089
737906
741360
742497
743777
748976
749123
753392
757914
760903
762401
763200
763723
770240
771311
773487
774111
775961
776260
778380
783554
786682
789831
800772
801521
803387
805870
806446
810838
812000
813263
824245
828702
831871
833920
836388
841248
846710
848012
859758
863852
865441
865577
871872
888028
888865
889886
890393
891162
895737
899585
899999
901376
908870
910386
912965
913503
913744
916251
916372
917872
920538
921475
923156
923985
928249
930866
931059
933653
944090
948764
950235
964076
973300
979402
980361
980675
994325
996476
998458
1006908
1012143
1016337
1022711
1023758
1024373
1024461
1027923
1028408
1036390
1042023
1042504
1043494
1048243
1059989
1060749
1062560
1063723
1073808
1074125
1074561
1077360
1077504
1080879
1085283
1097725
1099917
1102735
1108677
1108860
1109247
1112901
1116540
1124610
1130838
1132624
1133176
1134543
1135278
1136649
1141403
1144191
1147683
1150175
1151293
1152054
1153572
1159915
1163331
1164663
1172702
1174391
1175125
1177463
1177657
1185678
1187424
1193393
1194269
1196336
1201581
1202348
1203162
1206366
1210217
1216158
1219872
1226565
1231537
1234392
1236193
1236684
1252975
1255251
1269813
1270896
1280147
1281171
1283094
1283539
1289208
1290718
1291671
1293086
1298669
1310314
1311856
1315328
1316889
1334229
1335254
1337779
1337899
1342925
1344459
1344506
1347402
1357444
1362906
1365090
1370130
1373976
1375767
1375811
1381899
1389893
1390058
1392865
1401714
1402307
1402397
1411052
1414275
1420138
1423132
1426348
1430565
1434286
1436086
1446270
1446900
1450054
1451825
1452499
1452555
1454250
1455568
1456590
1460833
1471387
1474717
1477932
1489087
1494729
1495760
1504908
1505990
1506722
1513454
1517853
1523161
1523610
1526182
1533279
1534744
1538804
1542761
1551497
1560078
1560380
1560585
1561250
1564261
1567765
1571747
1574519
1575621
1578995
1579834
1584915
1586935
1587021
1587681
1589673
1592107
1594601
1597276
1598531
1600166
1601520
1604318
1620028
1622037
1626234
1627087
1628304
1628556
1629750
1632389
1635819
1636943
1640815
1647596
1655650
1664704
1675506
1675991
1679649
1687716
1692712
1698923
1699009
1713316
1720311
1720866
1739759
1741903
1744621
1744680
1745918
1746152
1747797
1752870
1760405
1763327
1764359
1765053
1765839
1770308
1771879
1776352
1780113
1789793
1801908
1802152
1802271
1804691
1806778
1817978
1823648
1824114
1824961
1825716
1834663
1836120
1843394
1844323
1853225
1856326
1864223
1866647
1868515
1873097
1878812
1894176
1907578
1909096
1916395
1922912
1923631
1923702
1926041
1929064
1931700
1941138
1943195
1948090
1952641
1955100
1961646
1965802
1968415
1968732
1973068
1977083
1977921
1986849
1988769
1992633
1997268
