-1996902
-1996314
-1995954
-1995868
-1993275
-1986240
-1985908
-1982747
-1978226
-1971484
-1967186
-1960685
-1958275
-1957307
-1952770
-1952208
-1944190
-1943264
-1936429
-1933313
-1929122
-1919543
-1918083
-1917404
-1917199
-1914187
-1911481
-1909364
-1902049
-1897887
-1884267
-1883622
-1871044
-1868664
-1858548
-1856373
-1855187
-1854960
-1849535
-1847236
-1844914
-1838799
-1827060
-1826804
-1826062
-1818421
-1813751
-1813548
-1810222
-1810139
-1801459
-1800128
-1800040
-1798181
-1784478
-1783453
-1781538
-1774056
-1771595
-1765826
-1760609
-1746418
-1743748
-1742781
-1740451
-1729094
-1712263
-1711619
-1707545
-1707521
-1694894
-1694792
-1694662
-1693670
-1690678
-1689034
-1685833
-1681224
-1677092
-1673690
-1667317
-1662439
-1660075
-1655314
-1654142
-1651689
-1649623
-1645923
-1645299
-1644774
-1639333
-1637907
-1635747
-1633200
-1629019
-1623941
-1618826
-1618478
-1611575
-1609179
-1606801
-1606468
-1605869
-1605521
-1604699
-1604457
-1595647
-1593686
-1592520
-1591881
-1588288
-1586777
-1582405
-1580351
-1578524
-1578319
-1576918
-1571462
-1571266
-1568196
-1564184
-1560208
-1559363
-1539954
-1537454
-1535685
-1528240
-1522865
-1522686
-1522101
-1515090
-1513302
-1513035
-1506238
-1504210
-1493610
-1487397
-1484936
-1477917
-1473732
-1470017
-1461019
-1449379
-1447413
-1445731
-1442563
-1442458
-1442229
-1440459
-1440178
-1439525
-1438196
-1437874
-1427339
-1421751
-1413184
-1411850
-1410954
-1406505
-1400849
-1389798
-1385233
-1378967
-1371267
-1367884
-1364738
-1364693
-1361771
-1358300
-1355461
-1346542
-1342582
-1330982
-1321491
-1316169
-1314879
-1312255
-1311362
-1307665
-1305764
-1304052
-1302156
-1300574
-1297583
-1294913
-1287105
-1285230
-1281807
-1281083
-1277422
-1277363
-1276989
-1276262
-1270811
-1269359
-1260176
-1259515
-1259362
-1258170
-1250470
-1249905
-1244871
-1227357
-1226623
-1224306
-1223995
-1222409
-1222337
-1211976
-1197323
-1191638
-1182955
-1178635
-1165770
-1157389
-1157000
-1156475
-1153022
-1150436
-1147082
-1135736
-1131024
-1128247
-1124711
-1123951
-1122250
-1121503
-1115865
-1113130
-1105914
-1103021
-1102389
-1097266
-1091054
-1090624
-1085957
-1084395
-1082068
-1066197
-1050854
-1047984
-1045046
-1037176
-1025890
-1023801
-1018646
-1015584
-1015112
-1013651
-1008291
-1007400
-1006598
-1006515
-994262
-992024
-990171
-988618
-985215
-979477
-972721
-972149
-961794
-959847
-958462
-955674
-950402
-949773
-944711
-944576
-928285
-927569
-926703
-925531
-923087
-912265
-912159
-911835
-910669
-909697
-894991
-893693
-891925
-890847
-889588
-889430
-875545
-875029
-873208
-868075
-861949
-855358
-847879
-843625
-836500
-831323
-825050
-816779
-815938
-812497
-809938
-803679
-797760
-796652
-785844
-785593
-783208
-777626
-776870
-772184
-764708
-757915
-750055
-748148
-745946
-743817
-743311
-741244
-737142
-735470
-727792
-718572
-717160
-712902
-711031
-708803
-706302
-701452
-694498
-692739
-684106
-681055
-678219
-673274
-663832
-663783
-661536
-661384
-660567
-655871
-653442
-650076
-644298
-642669
-637175
-629915
-629386
-625765
-625342
-618819
-601498
-598106
-596717
-594585
-592598
-588631
-584185
-583211
-576782
-573359
-572159
-571588
-564833
-563811
-561735
-560696
-560143
-559288
-558607
-557873
-555433
-553408
-543428
-534874
-534045
-528356
-523421
-523197
-521444
-510049
-506316
-501305
-500970
-498819
-496837
-496417
-487876
-487149
-484061
-480746
-475776
-469152
-466403
-461299
-456016
-451108
-438454
-437529
-435838
-424651
-424128
-421035
-417833
-404160
-401116
-400595
-399432
-397055
-396506
-395652
-392129
-389287
-388971
-382646
-381970
-377294
-365648
-357795
-356218
-355767
-347478
-345428
-341285
-338800
-334458
-331519
-326404
-324816
-322261
-305615
-288707
-286921
-284650
-282902
-275480
-271255
-264398
-258775
-258272
-243848
-242435
-237650
-235751
-233629
-226425
-225161
-219817
-218456
-218191
-204728
-202072
-200075
-199220
-197457
-194576
-184907
-183439
-177947
-177922
-176837
-170466
-161447
-158784
-158688
-156782
-147966
-143357
-141973
-139496
-135430
-132979
-129676
-121174
-116622
-110813
-109968
-98264
-97242
-92142
-80936
-74341
-73182
-59455
-53314
-47226
-46801
-41713
-41631
-35746
-33512
-30972
-30583
-27331
-26641
-23257
-16398
13551
14226
17007
20783
24660
25340
34423
44320
46640
55663
57971
67868
69795
71312
75535
77705
80191
85599
88030
90396
95548
95693
98298
99008
104302
108970
110837
125090
128499
135239
138915
146675
153438
160878
166447
166890
167966
169143
176014
176105
178894
182472
188424
192156
196641
197684
198955
201070
201553
202612
204269
204780
206904
211623
215508
217691
219924
225722
228348
238780
240467
240946
241689
247994
248192
248714
249163
254166
257221
258417
260812
265337
274279
278659
282483
282949
289084
291757
294272
296969
297518
298530
306463
315459
330319
341069
344613
347551
349834
349864
350020
351325
356673
357188
357939
358172
358202
360198
360941
361157
362766
363373
365916
373101
376491
378740
384236
385950
387438
391667
392227
398304
401134
401469
402277
403462
403722
405343
405587
412748
415625
427125
427218
434052
437945
439195
445337
447188
452029
461286
471063
473180
478947
488814
488970
490847
492097
494469
498112
501038
501047
503335
506858
512463
520573
527114
533198
533878
535328
543026
547299
553059
562984
566151
566407
575557
576830
581273
586942
593513
599224
601578
605771
607655
614456
614584
617423
629366
639361
641243
641323
648386
650239
660224
660512
662425
664645
665297
666597
667416
667900
668993
670290
676289
693410
695372
695797
702979
709071
710300
711766
719804
719818
720921
721745
730911
731203
743062
758331
764601
773143
773958
774311
777609
783504
786458
791144
793090
795030
799525
809540
811934
817940
818161
826736
827779
833404
839302
840458
841916
845634
852283
852730
853281
858440
860515
874897
875440
876336
885879
888816
891100
891833
908506
915799
916757
921023
927292
940348
942495
945637
948538
952026
953048
953121
954106
960661
964783
966216
971543
981565
989953
995636
995940
996041
996815
1001865
1007215
1012386
1017530
1022131
1024496
1034807
1037667
1039467
1044237
1044822
1046765
1048303
1051785
1059165
1064683
1065508
1069786
1072114
1072313
1073967
1074285
1074684
1079329
1079446
1080093
1082849
1085503
1086604
1087731
1090771
1092741
1097481
1101023
1106357
1108792
1110163
1113059
1113856
1115883
1119277
1119605
1122095
1122506
1124069
1127363
1127694
1130319
1132877
1138882
1140433
1146789
1148801
1160217
1160666
1165697
1169446
1169540
1170131
1177028
1184768
1186264
1191429
1191647
1195929
1213854
1218148
1218321
1223178
1223638
1228994
1229429
1238988
1239444
1240794
1240981
1241173
1247695
1259336
1261204
1269423
1271420
1272858
1277369
1281137
1281779
1290360
1295597
1304969
1306862
1308049
1313626
1319416
1321818
1321849
1322362
1327911
1333887
1334177
1338959
1345020
1347371
1358178
1362549
1370348
1375243
1378762
1384091
1396957
1406140
1416568
1416769
1416942
1418660
1428861
1431011
1432583
1435117
1436086
1451386
1454918
1463878
1468533
1470030
1479269
1485977
1492547
1494463
1495042
1496597
1505038
1505904
1516661
1516816
1519076
1526025
1528192
1532756
1534745
1541249
1547048
1553671
1553732
1571549
1574332
1581661
1588836
1590281
1590626
1596745
1598972
1599492
1603171
1605946
1632291
1632639
1633517
1635533
1637866
1640002
1645335
1645823
1646362
1657392
1658173
1668574
1670593
1675330
1679655
1682007
1692244
1700162
1705302
1709392
1712042
1715363
1722042
1732761
1736087
1737211
1737248
1743297
1747020
1750926
1751893
1756190
1758375
1760812
1762947
1771054
1776223
1785882
1788804
1793576
1800291
1804129
1804249
1808071
1809729
1817974
1819599
1822227
1823988
1824888
1827294
1829262
1829315
1846603
1848687
1853965
1854289
1855156
1856785
1858474
1858641
1861659
1865270
1867164
1884897
1887733
1893931
1896365
1896366
1898145
1899240
1901147
1906460
1906575
1907060
1911503
1918573
1920454
1924774
1931035
1937365
1950412
1954646
1954788
1960030
1960723
1961677
1967206
1974794
1977130
1980474
1984640
1988244
1993513
1996177
