-1995330
-1994075
-1992259
-1990982
-1989512
-1982354
-1981272
-1980135
-1979543
-1978890
-1976246
-1975880
-1975650
-1965575
-1959762
-1957736
-1956694
-1956654
-1947228
-1945353
-1943538
-1934028
-1930196
-1928017
-1922368
-1915360
-1913481
-1909096
-1905701
-1904185
-1903782
-1896159
-1892415
-1889420
-1887681
-1887377
-1882118
-1880620
-1878898
-1875447
-1868839
-1858349
-1854366
-1849350
-1846941
-1844945
-1844490
-1844238
-1842941
-1841633
-1840772
-1836499
-1832190
-1829172
-1829139
-1827841
-1822290
-1820665
-1813105
-1805609
-1793165
-1791797
-1789510
-1786455
-1780734
-1780350
-1776356
-1774202
-1772277
-1768053
-1766007
-1759933
-1755757
-1755303
-1751226
-1749855
-1749619
-1745637
-1744580
-1743895
-1734005
-1730275
-1724522
-1718276
-1714189
-1711770
-1709164
-1708596
-1707366
-1700537
-1699935
-1689497
-1684368
-1683095
-1680662
-1680370
-1667810
-1661523
-1657658
-1655669
-1654364
-1650682
-1642752
-1642038
-1641839
-1641838
-1637011
-1636360
-1631965
-1620725
-1618943
-1615676
-1615021
-1613463
-1608334
-1606454
-1601954
-1599975
-1594836
-1582407
-1582206
-1577413
-1577192
-1576202
-1573644
-1573422
-1572783
-1570881
-1567599
-1566367
-1560757
-1560597
-1558812
-1557939
-1555647
-1551311
-1545336
-1539748
-1529421
-1528879
-1524275
-1523359
-1520310
-1513551
-1513468
-1513422
-1511841
-1510525
-1502634
-1495035
-1480085
-1479862
-1477851
-1472081
-1458769
-1457660
-1455493
-1454771
-1453102
-1447706
-1439910
-1430979
-1424992
-1424142
-1424003
-1423153
-1421231
-1416439
-1416108
-1413819
-1407217
-1405431
-1404379
-1401149
-1398919
-1398557
-1381995
-1372965
-1370654
-1367673
-1363862
-1360788
-1360108
-1356774
-1355429
-1353393
-1350068
-1342960
-1333946
-1328558
-1328312
-1327572
-1325537
-1316333
-1312638
-1308545
-1302676
-1300236
-1300092
-1296316
-1293126
-1288625
-1284997
-1272116
-1263389
-1251213
-1244817
-1242893
-1241778
-1240797
-1238262
-1228551
-1223853
-1223805
-1222896
-1222196
-1212468
-1208784
-1208606
-1205815
-1191829
-1188127
-1184136
-1176968
-1175613
-1168986
-1168694
-1168660
-1165156
-1163072
-1157028
-1154406
-1141188
-1135930
-1132996
-1125889
-1122992
-1122857
-1118430
-1115939
-1113785
-1106479
-1106198
-1098934
-1098563
-1097048
-1094203
-1090292
-1088979
-1082205
-1079326
-1077365
-1060070
-1060067
-1059988
-1055659
-1054229
-1047973
-1043602
-1040070
-1034790
-1030527
-1029237
-1020905
-1017561
-1017471
-1015935
-1010429
-1008220
-1007056
-1005630
-1000239
-999352
-989076
-988425
-976974
-974354
-971770
-963022
-962150
-958787
-943722
-936432
-935091
-932277
-928327
-924036
-919540
-898915
-892565
-882036
-875961
-873483
-862142
-854119
-853179
-852069
-851255
-844750
-842943
-841558
-839006
-836571
-834075
-819558
-819235
-817542
-815636
-811404
-807199
-805301
-805135
-804623
-804337
-797348
-796167
-792379
-775015
-772414
-769476
-762135
-746232
-744683
-743392
-742260
-737075
-733641
-733229
-728379
-728292
-724143
-689548
-680510
-675796
-669379
-668608
-668111
-656526
-653734
-652196
-647651
-640899
-639559
-637989
-637601
-636389
-632435
-623692
-619805
-616249
-615162
-615147
-614635
-614521
-611422
-608981
-607809
-607317
-603367
-601284
-594526
-594262
-591164
-581236
-572993
-572319
-571693
-567814
-558750
-555490
-547106
-537714
-535477
-533697
-530138
-528259
-528061
-527644
-525104
-517081
-515523
-508016
-507630
-507130
-503454
-503400
-499550
-497727
-497430
-497239
-495581
-495104
-494416
-489644
-482922
-477278
-471794
-471113
-469146
-467397
-465208
-461471
-451665
-450519
-449877
-449655
-448722
-446391
-436590
-427597
-426153
-423028
-412274
-409925
-409422
-403205
-402502
-400929
-396484
-385345
-377731
-377290
-374720
-371539
-369404
-365997
-363322
-363143
-359884
-354406
-352660
-345331
-342572
-340409
-338892
-327045
-321802
-308221
-307966
-307212
-304631
-298465
-294318
-291029
-285909
-281237
-269061
-268575
-264498
-259444
-253802
-253152
-250339
-233792
-233460
-232982
-230048
-228337
-226230
-219917
-219392
-218747
-217483
-213401
-209725
-208909
-203299
-202061
-197532
-189681
-189567
-188311
-183915
-183848
-183470
-182509
-178444
-177896
-176442
-176345
-173066
-160610
-148199
-148052
-147512
-142454
-141933
-137437
-128250
-127141
-122470
-118074
-114314
-105793
-101298
-100661
-94091
-92794
-90895
-86297
-80490
-76283
-72960
-66793
-61014
-58880
-52751
-50017
-42758
-38587
-38485
-35274
-33325
-33075
-30015
-29960
-23251
-23064
-22489
-14928
-7922
-6654
-1841
-1809
-537
6414
6554
7158
14529
15738
20516
27797
28514
31422
31972
32277
33839
35893
37384
41147
41397
51953
60935
61177
70977
73295
88625
91157
117229
119638
131644
131818
131843
136752
138880
141368
160485
160745
164610
169101
169174
184584
198079
199875
207626
213060
214323
223869
225225
225979
226803
233522
239033
241040
243013
243550
244676
250508
251546
251861
255516
258665
270735
270877
273982
282303
287190
293771
299782
303869
304092
305426
319150
328822
335728
338160
354585
356096
357776
359326
368496
370514
371550
372604
378030
392702
397488
402767
403111
421124
436559
437704
441141
446594
452593
466337
479441
480297
482437
484348
485341
487997
488105
500015
502006
507431
515233
515529
515887
525492
528873
535530
538212
540192
545310
552743
553430
557816
559584
581645
581944
585800
593357
600190
600632
615278
618281
624479
628894
642345
646681
649597
651007
653105
657468
659734
667653
668686
670077
672828
678889
685365
685649
692028
695500
699216
700753
706857
707566
708942
710745
720084
720644
722145
723092
731786
741451
745275
751482
767398
775268
780235
781503
782794
785443
802560
807400
816246
825027
825389
827767
832711
836935
837586
839856
840720
847935
848122
850058
857926
861421
866626
867687
869239
872982
873544
882088
883786
887922
889123
892121
897196
902453
905355
907096
912650
918875
924417
925671
927087
931403
942437
943479
945123
947676
949441
951171
958931
959904
972184
972867
977195
979575
982767
986466
986775
994447
998646
999818
1005162
1010896
1023427
1034583
1035344
1038042
1041698
1042354
1046899
1049611
1050457
1071660
1078684
1079667
1081736
1082313
1087247
1089904
1092265
1093143
1098489
1101818
1102830
1103120
1109628
1110100
1121823
1128596
1128718
1129490
1129785
1132088
1132296
1134405
1140870
1144271
1145634
1153722
1156343
1160235
1160555
1174372
1174522
1176374
1176679
1182143
1182865
1198475
1210144
1210531
1233206
1239647
1244959
1245714
1256599
1257766
1257801
1264170
1266082
1269780
1270181
1276920
1279365
1280325
1287284
1289980
1291364
1291669
1295900
1297765
1298450
1299670
1305905
1310309
1310485
1315659
1319524
1322122
1326536
1326581
1328180
1328518
1340399
1349921
1350475
1357218
1358716
1360491
1363462
1363719
1365658
1367751
1367962
1375589
1378611
1381302
1392777
1393245
1394662
1404133
1407329
1412329
1417159
1419683
1422155
1428652
1432532
1436668
1441270
1446215
1469639
1473028
1477806
1478418
1486133
1489767
1491428
1491946
1493281
1496460
1501269
1506644
1509089
1513911
1514999
1519822
1526336
1527451
1536016
1541068
1543011
1549037
1557157
1561698
1567369
1571204
1572628
1573860
1584411
1593135
1594038
1598587
1599457
1602444
1621369
1624085
1624415
1628128
1629931
1636016
1647888
1650535
1653723
1654081
1654245
1654291
1657558
1660128
1660136
1663823
1667041
1667732
1670395
1678271
1678752
1682501
1686775
1688035
1690964
1696161
1697742
1698754
1698957
1704604
1715346
1717116
1719017
1723213
1727066
1730651
1734471
1734742
1745855
1762208
1762252
1765206
1766474
1769110
1770619
1772415
1773689
1774956
1781923
1790132
1793246
1794400
1795412
1799967
1800251
1806924
1810065
1812640
1817651
1828558
1829815
1842054
1842276
1845656
1850516
1855805
1861485
1863420
1868753
1868862
1870057
1875562
1878356
1883271
1888722
1891201
1892531
1894958
1898310
1898837
1903042
1908444
1915567
1915755
1922365
1927987
1929874
1934825
1935212
1937597
1943261
1943880
1945706
1949493
1950197
1950749
1951399
1951843
1954233
1955233
1958196
1959171
1960655
1963895
1972899
1972973
1976466
1982241
1982442
1982716
1986711
1990761
1991128
1991873
1996942
1998839
1999922
