-1999161
-1998961
-1998600
-1994419
-1994192
-1991708
-1986927
-1980234
-1978904
-1978372
-1977565
-1977192
-1975153
-1974231
-1971069
-1967911
-1967877
-1964496
-1962153
-1958629
-1952502
-1951942
-1950021
-1949282
-1942208
-1941179
-1940986
-1940330
-1932333
-1929442
-1927791
-1926717
-1924960
-1917762
-1917295
-1911213
-1908953
-1905116
-1903948
-1898680
-1883331
-1878263
-1859949
-1858522
-1858355
-1858220
-1853763
-1849268
-1841234
-1837658
-1835198
-1832974
-1825566
-1816550
-1811239
-1809268
-1808055
-1806837
-1802275
-1801088
-1794058
-1792457
-1792151
-1781529
-1779946
-1778998
-1774883
-1773251
-1763786
-1760039
-1759966
-1753081
-1742523
-1742107
-1741704
-1741619
-1739102
-1733873
-1731722
-1731199
-1730008
-1721291
-1712907
-1705839
-1705509
-1703729
-1702618
-1698568
-1694716
-1689368
-1686309
-1685597
-1685047
-1682323
-1668421
-1646780
-1643629
-1638214
-1636851
-1624535
-1624306
-1615067
-1614501
-1613705
-1604158
-1598577
-1596278
-1585899
-1583895
-1582724
-1580019
-1579204
-1566445
-1564610
-1563543
-1553166
-1551963
-1548762
-1543612
-1538895
-1524388
-1514264
-1510020
-1505686
-1488496
-1480451
-1478350
-1469861
-1467913
-1467233
-1460926
-1459508
-1454814
-1454000
-1452392
-1451589
-1446214
-1444015
-1443789
-1436106
-1427626
-1423911
-1419721
-1406106
-1400556
-1397753
-1391680
-1379263
-1376611
-1373233
-1372688
-1372157
-1371521
-1360182
-1355967
-1347902
-1347810
-1344911
-1337916
-1329515
-1321107
-1321020
-1318461
-1317011
-1311028
-1307334
-1304668
-1304265
-1303933
-1291388
-1285389
-1273535
-1270708
-1270490
-1266640
-1264255
-1246947
-1241515
-1239740
-1237232
-1235555
-1231264
-1223120
-1221922
-1221506
-1220800
-1219829
-1219043
-1218481
-1215161
-1209793
-1207176
-1199527
-1198945
-1196361
-1195155
-1193221
-1191992
-1191387
-1179159
-1178594
-1165104
-1164310
-1158868
-1157634
-1146466
-1145211
-1141725
-1136191
-1134349
-1131956
-1125610
-1124820
-1124649
-1122643
-1120685
-1120632
-1120051
-1114857
-1109417
-1109277
-1100247
-1092963
-1085093
-1084500
-1083809
-1081903
-1079357
-1075080
-1066768
-1047175
-1045722
-1045002
-1044696
-1043846
-1031859
-1029867
-1017536
-1014990
-1013196
-1004314
-1003812
-1003048
-990348
-986638
-982316
-977800
-976672
-976433
-976168
-973204
-960666
-958617
-952201
-946918
-945761
-944804
-944007
-941652
-941493
-936248
-931343
-924516
-923238
-914972
-911617
-909089
-903790
-892975
-887764
-887489
-885884
-881745
-881112
-869592
-867414
-864714
-862995
-860615
-859604
-855882
-852745
-847371
-842976
-831216
-824535
-824475
-821858
-821719
-818369
-816123
-814240
-812860
-809702
-805096
-804723
-801146
-797308
-797055
-795518
-787862
-787602
-787014
-784391
-783451
-779435
-779389
-779172
-778888
-775206
-774593
-767105
-766966
-766706
-760192
-746014
-745179
-744849
-741952
-741698
-738262
-737687
-735957
-735908
-734875
-734511
-722360
-720667
-712397
-710781
-704605
-701173
-696721
-684073
-677778
-677062
-674159
-671524
-668584
-660123
-659966
-653414
-650446
-642719
-642255
-640098
-639726
-638935
-637986
-637171
-632636
-624649
-623826
-620442
-614086
-613629
-612053
-605515
-603099
-597515
-597402
-590033
-589588
-587854
-587540
-581541
-577652
-575184
-573266
-568343
-560770
-558993
-554192
-553037
-548890
-541571
-536259
-532737
-525050
-524050
-520950
-516107
-515746
-514988
-514212
-510099
-508103
-506151
-503533
-502513
-492335
-490886
-486472
-486451
-485996
-484533
-480903
-476124
-470014
-466473
-462783
-459669
-459248
-452820
-451597
-450176
-448348
-439581
-433617
-433504
-429111
-423084
-411722
-411662
-410877
-402108
-400575
-396029
-381336
-378825
-375308
-374111
-367613
-349172
-344537
-342582
-336541
-334371
-332698
-325385
-324652
-322853
-322519
-317557
-316165
-315741
-315203
-312472
-304671
-303328
-303112
-298207
-297270
-294083
-283969
-281446
-280222
-279937
-279327
-268970
-262124
-258388
-252385
-250356
-247846
-242828
-238675
-231317
-229391
-227327
-223857
-223064
-219883
-218693
-213111
-212788
-212206
-210205
-210107
-208252
-208053
-207674
-207118
-204323
-199744
-194372
-193401
-193087
-192904
-192843
-191136
-189817
-189237
-184078
-181539
-180757
-175510
-174479
-170278
-170013
-169393
-167597
-166127
-165216
-164615
-162014
-161775
-161651
-161028
-159648
-159426
-148379
-139852
-133248
-128587
-118205
-116764
-112564
-110722
-108284
-100948
-100763
-86212
-81256
-76647
-73817
-71766
-71197
-70033
-69806
-57086
-55813
-54741
-54121
-52674
-48579
-45245
-44563
-42266
-41977
-29914
-21808
-20018
-16924
-16402
-15595
-13440
2204
6552
23473
31096
37570
40157
40197
45238
52509
54238
57001
63197
74827
75714
78029
78988
82537
85809
90715
92078
94880
97242
100679
100899
103312
105328
105609
109170
116325
116725
122223
133043
136035
138494
145414
147032
152737
154375
156828
157267
157673
166587
167007
168098
171105
173600
177168
177413
181215
183937
189699
190221
191528
194169
207875
209246
213082
219919
225051
225507
226304
226519
230116
232538
239480
242999
252628
253408
263037
265763
271858
281063
292248
292379
293861
300751
301587
304225
307911
310212
318510
320468
320763
327113
327813
332377
336163
338214
345542
353267
359186
359774
379771
379904
382276
382666
385384
389119
393955
394003
399320
402538
403636
406822
412510
415908
419248
427360
435170
444734
445047
451259
451934
453080
455511
458135
461182
463160
472052
472309
483949
489316
492858
508787
515926
518329
520366
521313
524330
524837
530057
530965
532712
547634
548359
564433
571354
571582
573605
576820
577089
577396
582328
586226
587449
589389
591592
592806
594612
596010
597808
604796
610327
616266
619215
623072
631989
640030
643452
644949
645650
646221
648521
648765
651444
668738
668768
669455
679068
682798
688307
688742
690946
691726
693848
698128
699526
700158
713047
720822
724561
732449
734670
739404
743476
749519
751630
753666
756036
767951
769077
772420
776796
796792
800082
800802
808458
811673
816874
818605
819002
826014
828338
833470
840836
841290
846683
854473
863217
870355
876030
878887
879599
888628
895390
895922
898978
909243
912456
916127
923191
923736
936308
951190
969924
969980
973357
973811
978565
989508
990069
993746
995441
996289
997247
1000600
1002489
1006189
1025083
1030211
1035231
1036782
1036800
1041006
1041039
1051934
1054502
1061111
1069871
1071124
1091493
1092061
1095175
1099663
1099693
1100596
1103185
1112439
1115375
1117655
1118738
1119748
1120695
1135253
1135804
1144690
1151290
1154408
1155100
1155688
1158485
1161019
1184511
1191141
1192196
1211602
1221342
1221809
1222600
1223771
1226042
1228333
1235059
1235323
1239561
1241679
1246534
1246541
1254220
1260538
1266337
1267171
1272246
1272317
1277025
1278849
1280790
1282030
1284160
1285867
1300002
1304329
1310637
1314604
1318482
1320034
1327444
1334758
1340151
1343836
1344831
1345100
1347144
1347812
1351066
1357342
1358144
1362638
1366121
1370593
1373024
1373694
1375158
1377131
1382765
1385521
1387978
1392137
1401572
1411668
1412575
1420398
1437563
1437607
1447666
1452795
1454705
1455813
1464708
1465696
1473259
1477742
1478641
1478792
1479569
1484367
1488732
1490266
1495780
1498623
1499512
1502392
1503665
1515733
1521628
1525087
1530593
1539511
1542664
1544045
1545715
1568066
1581759
1582485
1586822
1600676
1600679
1604178
1606105
1618952
1621683
1626751
1629363
1636578
1637012
1639165
1640538
1645741
1652038
1656060
1664835
1666157
1666661
1667788
1689023
1689150
1692197
1693923
1694478
1695284
1696446
1699961
1712912
1715529
1722390
1726619
1729092
1730384
1730961
1731185
1735281
1735968
1745548
1753758
1760280
1761936
1776409
1791347
1792991
1793293
1807249
1813647
1817525
1817981
1822099
1822964
1823858
1824229
1830526
1831795
1832581
1839901
1841627
1849087
1850163
1855026
1857796
1862937
1865701
1870167
1875355
1875757
1880373
1883888
1884378
1884546
1884786
1885228
1887785
1892355
1903779
1904363
1905112
1909359
1922026
1924686
1932445
1932696
1940392
1946912
1950189
1951837
1957425
1959770
1960503
1970555
1981161
1988268
1989054
1991484
1995473
1996936
1999284
