-1999237
-1996459
-1993934
-1991853
-1972779
-1972217
-1971024
-1968118
-1961009
-1960787
-1951137
-1944101
-1942008
-1940709
-1938736
-1932910
-1932533
-1921423
-1920088
-1919215
-1912982
-1912946
-1912887
-1909525
-1908520
-1896812
-1888698
-1878942
-1875313
-1874517
-1873837
-1866914
-1864797
-1860094
-1859944
-1855689
-1853607
-1848452
-1842841
-1841231
-1841027
-1840082
-1834940
-1832453
-1829146
-1824976
-1822884
-1822209
-1821222
-1817874
-1811641
-1809222
-1807287
-1797037
-1793642
-1788989
-1778692
-1774741
-1774341
-1769822
-1758394
-1755510
-1748975
-1747377
-1746220
-1737553
-1731892
-1727827
-1727341
-1725505
-1724446
-1721759
-1719213
-1718914
-1717899
-1706762
-1704422
-1702993
-1699640
-1696494
-1696194
-1694696
-1691884
-1684698
-1684551
-1677821
-1674360
-1670862
-1668724
-1665678
-1658859
-1656321
-1656014
-1655666
-1655140
-1653236
-1641347
-1638415
-1637569
-1630676
-1626798
-1622575
-1618667
-1615423
-1610235
-1610195
-1607247
-1600853
-1599752
-1597915
-1591127
-1589456
-1587776
-1577249
-1576128
-1575698
-1574319
-1552057
-1545726
-1544783
-1540654
-1536015
-1534503
-1530913
-1530363
-1524414
-1522890
-1522782
-1518819
-1515568
-1512442
-1507942
-1505211
-1495378
-1485346
-1482976
-1478474
-1477402
-1476835
-1471573
-1467373
-1466842
-1466777
-1461211
-1456681
-1451015
-1448053
-1424677
-1421952
-1420710
-1417893
-1416397
-1415816
-1405301
-1404038
-1403987
-1401886
-1398954
-1396196
-1391271
-1385962
-1384176
-1379685
-1374744
-1368428
-1366161
-1361844
-1360208
-1356237
-1353320
-1343055
-1340991
-1339015
-1336353
-1324396
-1323277
-1322428
-1315995
-1313311
-1298604
-1295781
-1292684
-1287544
-1283635
-1281515
-1280821
-1279260
-1277504
-1268086
-1266997
-1257666
-1244287
-1240782
-1232758
-1229021
-1226182
-1224871
-1214463
-1213680
-1212369
-1195404
-1188295
-1183930
-1169733
-1168597
-1163825
-1159283
-1155295
-1151590
-1123330
-1121225
-1118656
-1112487
-1111127
-1109967
-1109955
-1108387
-1105358
-1100265
-1097186
-1096947
-1096458
-1090285
-1087241
-1082636
-1081794
-1079560
-1067015
-1063792
-1063122
-1062541
-1060447
-1053376
-1053043
-1044115
-1040879
-1035058
-1029837
-1029426
-1026989
-1025639
-1023612
-1021161
-1018779
-1013709
-1013398
-1012943
-1008509
-1007788
-1006263
-998006
-993238
-983478
-983040
-980304
-974312
-971762
-969708
-968202
-967408
-964387
-958823
-958316
-949805
-944690
-943754
-939092
-934962
-934943
-933921
-931041
-927114
-926065
-925999
-923373
-915017
-912887
-892477
-890539
-888375
-886100
-877801
-869227
-854699
-849170
-846183
-845831
-843896
-842026
-838894
-837005
-834324
-833497
-831504
-830352
-827131
-825868
-814751
-807695
-803399
-803071
-802323
-800758
-795748
-792344
-791352
-789702
-787337
-784065
-782626
-782057
-779523
-776437
-775235
-775228
-771743
-768923
-764812
-760993
-755410
-753980
-749323
-747902
-739333
-728707
-727929
-722050
-718751
-711883
-702163
-697620
-697330
-696367
-693281
-691859
-688531
-687194
-670513
-665909
-654713
-652198
-646732
-639014
-633321
-630970
-626601
-626266
-623558
-622226
-622175
-622120
-618838
-618665
-610215
-593543
-591916
-590409
-579508
-575518
-574116
-571766
-571138
-568250
-566006
-554730
-552317
-551595
-541320
-539597
-535507
-530838
-526934
-524126
-520345
-503837
-503413
-503115
-495177
-493097
-491800
-490202
-488896
-488749
-485725
-484805
-480251
-477598
-477127
-476419
-466017
-459336
-458711
-448331
-437317
-435965
-426078
-418655
-418395
-413844
-412113
-407281
-401117
-399803
-394848
-387335
-387158
-386423
-384987
-372333
-369982
-369790
-363084
-351934
-351615
-351188
-344502
-344175
-342972
-342020
-341492
-332204
-326403
-314292
-312229
-305658
-299094
-295660
-294677
-288308
-287310
-283153
-278676
-277837
-272986
-270376
-258083
-256792
-256604
-244508
-243005
-240760
-235955
-233939
-231021
-219830
-214970
-214045
-212067
-194771
-191397
-190064
-185333
-180139
-178718
-178418
-174451
-168315
-167865
-163404
-157200
-156412
-156101
-151773
-149472
-149017
-148654
-148348
-138568
-133068
-130475
-123514
-110288
-104790
-98675
-95971
-93770
-86025
-85453
-81336
-79620
-69869
-67112
-55594
-55257
-54935
-52277
-42847
-32813
-30055
-25620
-21889
-18766
-14299
-11220
-9966
-8973
-6263
-5438
-1341
1760
5029
5098
6553
11417
28072
31794
39217
44256
44376
48891
50196
52052
60469
62652
69950
72121
72806
74546
76571
76734
77127
79676
82696
85871
89293
89360
89574
93490
100819
101570
102014
115607
116894
121085
121167
122993
123127
125286
129815
139533
144517
146860
149659
152924
153781
164106
164867
167811
168881
171528
173185
174420
178993
182759
186615
197578
199572
203132
207419
211515
216655
227356
228463
233967
242275
243911
256868
258297
259922
265765
276290
279714
280918
296814
301473
313963
314339
321238
325296
327194
329390
329905
333342
335762
343769
347634
357409
358247
358700
359728
376239
379619
383871
385558
387011
387072
387262
390322
390827
391590
396024
397864
398152
400329
409596
416585
418580
422696
425834
433901
435101
437126
437961
438721
453102
454182
456688
463373
463532
473096
477461
484602
492524
492751
502919
504947
507460
511265
519036
521988
524295
525005
526819
529482
531626
531961
534488
538805
539050
541299
543247
545831
546613
549513
549982
557718
569565
573522
576163
576670
584734
585999
594720
597344
602362
605281
607765
615005
619631
624143
627827
629936
631371
631694
635507
637099
641787
643507
645474
645498
645539
652593
655094
660098
662842
668308
669970
675801
681328
685583
694858
695005
701276
703559
707810
709126
712859
716775
723874
737352
739390
742900
754709
756256
758547
761813
770177
772732
775822
776252
776689
789394
803693
813229
816072
817574
817666
818597
820277
823052
823562
825749
826168
858385
858964
861345
862590
867165
878636
882636
886824
889419
894729
901074
903124
911107
918243
921785
924148
930587
934825
935330
935772
935792
939133
940305
943132
954176
955418
959784
961961
964675
965216
971210
978462
982255
987849
999658
1008846
1012140
1016307
1017688
1017951
1020984
1023711
1031684
1033087
1038367
1039625
1044058
1044140
1054020
1059660
1060030
1061706
1063393
1064485
1068699
1072367
1076862
1083643
1088047
1103912
1107070
1114153
1115362
1116660
1117060
1119340
1120966
1121092
1129318
1135828
1135914
1144899
1145870
1147540
1152536
1167262
1171474
1173975
1176708
1179654
1185144
1185584
1186132
1194999
1196422
1206431
1213192
1221746
1231442
1236295
1239361
1240300
1256146
1258487
1259849
1262116
1272983
1275395
1280879
1283118
1287258
1287730
1288063
1289715
1294435
1295842
1296909
1298606
1298680
1298901
1304159
1307645
1309216
1313642
1314870
1323252
1327537
1327736
1330360
1341405
1343229
1349265
1351871
1373722
1377325
1381768
1385167
1386224
1412594
1416186
1416727
1422447
1422517
1423072
1425484
1428009
1430579
1431703
1435371
1437926
1442713
1447650
1454438
1457129
1459429
1461055
1465785
1469181
1469590
1473177
1473294
1475092
1478734
1485922
1497334
1507344
1509200
1509806
1510577
1515831
1516939
1521698
1523333
1531615
1534933
1538352
1543808
1550854
1551375
1554243
1562116
1562420
1569488
1573705
1575411
1578483
1582616
1586842
1595719
1598934
1600710
1601883
1603176
1604662
1611184
1625073
1625758
1626226
1626417
1631810
1635334
1645590
1646193
1649955
1650807
1652724
1657108
1667261
1672360
1675519
1680488
1685384
1685909
1687246
1694131
1695154
1698903
1700031
1703210
1710050
1714689
1716523
1727992
1728322
1728906
1729010
1731269
1734304
1735110
1736977
1739485
1740716
1740716
1747261
1748689
1749241
1754178
1754248
1755852
1772444
1775393
1776613
1778258
1790483
1796574
1811375
1812513
1813033
1817159
1818022
1821511
1821623
1821706
1827532
1833089
1843253
1852950
1855510
1864142
1865831
1875064
1885609
1898567
1899606
1909357
1910428
1912518
1913676
1918816
1923113
1925933
1929775
1930620
1931361
1936612
1938730
1940950
1947903
1948328
1948741
1949787
1949921
1953117
1953368
1953610
1957212
1959905
1962262
1962614
1970638
1972477
1972956
1974078
1976433
1980056
1980977
1986409
