-1990354
-1979884
-1976942
-1976892
-1971658
-1971127
-1970467
-1961066
-1952042
-1940513
-1937895
-1936157
-1935492
-1933722
-1931762
-1921889
-1921546
-1918357
-1901964
-1873868
-1869689
-1868984
-1862200
-1859317
-1822963
-1819925
-1817376
-1816903
-1809957
-1808526
-1808503
-1802053
-1797628
-1794861
-1792882
-1780715
-1775014
-1765844
-1758143
-1754297
-1753356
-1749694
-1746930
-1744576
-1741925
-1740741
-1732183
-1732131
-1731968
-1730338
-1729589
-1726807
-1724325
-1721216
-1715713
-1707009
-1705756
-1693779
-1689891
-1687605
-1686465
-1678006
-1676639
-1675613
-1664209
-1662460
-1651487
-1646880
-1637285
-1635327
-1634548
-1624501
-1619456
-1616411
-1615083
-1614959
-1609728
-1609352
-1608944
-1603534
-1597123
-1588027
-1585605
-1583691
-1583640
-1583434
-1571316
-1569363
-1568375
-1567886
-1559833
-1557792
-1554802
-1554521
-1554033
-1553995
-1551746
-1551733
-1535743
-1535465
-1532127
-1531751
-1530854
-1530588
-1529850
-1529035
-1526736
-1526268
-1525269
-1519164
-1517442
-1508240
-1505246
-1502707
-1501012
-1497814
-1491230
-1487959
-1487538
-1482031
-1476533
-1475660
-1469727
-1467375
-1462848
-1462777
-1450187
-1443208
-1435734
-1433696
-1427174
-1426693
-1425503
-1423525
-1420089
-1419215
-1418886
-1401207
-1400024
-1390149
-1386770
-1379320
-1378043
-1377185
-1374225
-1366569
-1358139
-1349853
-1348739
-1344549
-1344208
-1340517
-1339432
-1338477
-1333911
-1325921
-1325490
-1322371
-1321576
-1318395
-1308838
-1306592
-1303847
-1300548
-1298109
-1295497
-1291078
-1288970
-1285824
-1275437
-1274762
-1273553
-1272283
-1271751
-1266894
-1259650
-1255778
-1254373
-1244760
-1235837
-1220879
-1211943
-1202432
-1199777
-1183199
-1182915
-1178274
-1174861
-1170945
-1168843
-1162829
-1161798
-1159695
-1159516
-1156311
-1155194
-1155010
-1154324
-1134916
-1134086
-1124189
-1116221
-1114576
-1110885
-1107628
-1107098
-1106536
-1098496
-1096959
-1094656
-1093350
-1090676
-1089349
-1088205
-1088120
-1085634
-1080349
-1059976
-1059167
-1053549
-1049932
-1044856
-1041942
-1041022
-1037685
-1033638
-1029974
-1017148
-1012234
-1005009
-993525
-986118
-986080
-970948
-970653
-966128
-964311
-962606
-961663
-960392
-955072
-951816
-945323
-945225
-940691
-939667
-933540
-933044
-926111
-908725
-905074
-904633
-899426
-891908
-880461
-877802
-874756
-867417
-866521
-866356
-861422
-859703
-859111
-857789
-851604
-851524
-850378
-840159
-834576
-833658
-802515
-802231
-793497
-792459
-789937
-784320
-779039
-775007
-773351
-769787
-769387
-768290
-766909
-764277
-763968
-760817
-759349
-757155
-756875
-751292
-747469
-742893
-736893
-732827
-731920
-731875
-730029
-728661
-726770
-722850
-714268
-714217
-712703
-711402
-710847
-707003
-704814
-703961
-703518
-703364
-702424
-701795
-701231
-697956
-697589
-697193
-694822
-691070
-690121
-689815
-688270
-677261
-674135
-673997
-667210
-660151
-656972
-651552
-650827
-650115
-649547
-646414
-641691
-641272
-638010
-637057
-633958
-626303
-624387
-620292
-617939
-612297
-611805
-610507
-605726
-601803
-588683
-585099
-584750
-582034
-578991
-578732
-578231
-565283
-560010
-555742
-549847
-548416
-547363
-543083
-541377
-540536
-540057
-538215
-537923
-534243
-530654
-529764
-529341
-526838
-524246
-524092
-522545
-504828
-504013
-503502
-497881
-497866
-497323
-496620
-496265
-495273
-494114
-493428
-472323
-471838
-470622
-467887
-465990
-464044
-459287
-458634
-456382
-448268
-437050
-432012
-424971
-424962
-424101
-422577
-421172
-412223
-411505
-408278
-405665
-403765
-403505
-403446
-400080
-399569
-397014
-388929
-388063
-387130
-382342
-375889
-372446
-370047
-369777
-360970
-358395
-355957
-352212
-345059
-341253
-339509
-338583
-338069
-336655
-335635
-335036
-334360
-331767
-330435
-324355
-319412
-313944
-312766
-302008
-298235
-297288
-288813
-287528
-287444
-280756
-278812
-268809
-266011
-264320
-262924
-262719
-262421
-253963
-253803
-250625
-248114
-248011
-245153
-245064
-234492
-228843
-225560
-223570
-221498
-219614
-219514
-219322
-213269
-213237
-212308
-212268
-212129
-211417
-210892
-202081
-199428
-187401
-187203
-174109
-168667
-163234
-158841
-158411
-154641
-153380
-148227
-147966
-137958
-137404
-125059
-118305
-110496
-110188
-104079
-103790
-99510
-92058
-91193
-87642
-85949
-85714
-84201
-77136
-77065
-70304
-62605
-53345
-51133
-21220
-20751
-18654
-14275
-12392
-10194
4753
4845
10071
10776
11219
23080
26599
30674
34316
35742
36120
37883
42039
48422
58951
62219
63749
69016
75786
76708
77558
82483
95506
109494
110992
113185
113637
121196
127858
128654
136440
143865
145472
159615
160694
169446
176657
177896
179846
182230
184798
186020
188377
189634
191907
198118
201305
208079
210850
212568
214744
219915
226383
228099
233704
235544
243969
248866
263669
273543
277976
292217
295504
298732
301883
302117
305553
308324
318169
322236
325817
326141
326658
328216
328967
329943
330792
332919
334247
341301
354363
357243
358280
365870
369687
372939
377628
383824
386558
397179
400460
400823
402738
403651
406126
414746
420322
424439
428808
436191
437506
441678
445517
459417
468822
470363
489105
494162
496795
504250
504719
508533
512074
513716
516882
524640
527498
527511
536328
538418
539298
544032
555416
559003
561567
562266
565824
569860
571040
571137
572249
574450
575090
583907
587184
588293
595599
601924
605458
614960
617431
617609
621146
623149
623534
624155
625413
637724
637757
639402
656954
660090
666687
669088
674886
676929
678211
683444
689211
689626
693512
700277
705500
706650
709575
725590
728575
732441
740207
743599
747495
753161
757660
769554
770496
773112
775534
776717
780970
781059
784930
792842
796321
798547
803478
806612
814910
819264
827518
834071
834967
835459
839137
845922
851674
851772
856200
863542
866040
881799
895934
900487
903305
910173
913383
921243
923735
930162
931588
938060
939159
939163
941240
944742
945170
947523
950425
952286
963270
965120
968589
970595
977045
982519
990210
996592
1002719
1005320
1005475
1009692
1013566
1013652
1015435
1016223
1017493
1025912
1026362
1027020
1027760
1029417
1030218
1041992
1050049
1061073
1061287
1067562
1068811
1076590
1080798
1085511
1087540
1090493
1093612
1097310
1098763
1101145
1106276
1106514
1109112
1109527
1125228
1125532
1126129
1126738
1127388
1128676
1130352
1133858
1135693
1137735
1144739
1164167
1166872
1176793
1176907
1179151
1180568
1181979
1184369
1184814
1195887
1202078
1204221
1206239
1216025
1217058
1224949
1231146
1236323
1239146
1239807
1245559
1247311
1248701
1254904
1259281
1269024
1273204
1275827
1282002
1288094
1293589
1294937
1296680
1300154
1301199
1303481
1320671
1338911
1340403
1342552
1344925
1350175
1356260
1358106
1358281
1359117
1366385
1367494
1373250
1373798
1375467
1384396
1387100
1391025
1397563
1407579
1407604
1408670
1417466
1423723
1426988
1427418
1432062
1434077
1438312
1438571
1444717
1445514
1455981
1458712
1473089
1475202
1476047
1480021
1480673
1504596
1511250
1520249
1521941
1527668
1532589
1534302
1535222
1539710
1541121
1542821
1545057
1549343
1550350
1551797
1558543
1565341
1566082
1566234
1567612
1568137
1573359
1581294
1594050
1596161
1596645
1597053
1597994
1607134
1612990
1613626
1614068
1625697
1627190
1630621
1636574
1642998
1644223
1647412
1649278
1657821
1659525
1662005
1671601
1676825
1680846
1685717
1686096
1686913
1687074
1701219
1702623
1709320
1709673
1711573
1712764
1713656
1714026
1717895
1726074
1728166
1732792
1733459
1734089
1737812
1745005
1745631
1751646
1752866
1754455
1756199
1764246
1772220
1772427
1781017
1785373
1786450
1796699
1796985
1797067
1802036
1802118
1810136
1810660
1811451
1812109
1814454
1814702
1819173
1821434
1822595
1833469
1834149
1838773
1840456
1847317
1847880
1850143
1851525
1853297
1857679
1859740
1861903
1864872
1868290
1872298
1875196
1877572
1878316
1878841
1882335
1882924
1884070
1887570
1890174
1890672
1895696
1898030
1903608
1912192
1914314
1917466
1920171
1929680
1930087
1933310
1936983
1961699
1961751
1966007
1966244
1972012
1974227
1976582
1979058
1981807
1986063
1996259
1998448
1999460
