-1998464
-1984865
-1984209
-1983019
-1980931
-1974339
-1968101
-1967424
-1965539
-1961997
-1960517
-1958898
-1952292
-1942265
-1936357
-1934262
-1934207
-1933403
-1932952
-1924647
-1923822
-1921950
-1918096
-1916218
-1915149
-1908194
-1907710
-1901450
-1890057
-1885269
-1884127
-1880267
-1878913
-1874982
-1867141
-1863782
-1856389
-1854278
-1853122
-1845487
-1839178
-1834389
-1833476
-1827668
-1825789
-1816532
-1816317
-1815461
-1815366
-1814522
-1813480
-1809334
-1808773
-1796306
-1795327
-1792902
-1786285
-1782422
-1772425
-1765226
-1764940
-1764223
-1747781
-1745974
-1738522
-1732184
-1731531
-1729704
-1726934
-1721890
-1700573
-1698261
-1697540
-1693564
-1693426
-1692045
-1691633
-1691350
-1690134
-1688271
-1686930
-1682910
-1677992
-1670524
-1669081
-1666934
-1665551
-1658014
-1649520
-1646128
-1642539
-1642318
-1641216
-1638738
-1637050
-1636813
-1636604
-1635970
-1630767
-1628589
-1619867
-1618481
-1609510
-1598313
-1598243
-1587409
-1585493
-1584791
-1576984
-1573010
-1572914
-1570968
-1565683
-1565384
-1556114
-1556081
-1553102
-1547338
-1546743
-1539436
-1535728
-1533937
-1533916
-1533755
-1521725
-1507972
-1502962
-1493919
-1489623
-1488949
-1487565
-1484781
-1482962
-1481059
-1475031
-1474873
-1474275
-1472608
-1470280
-1460892
-1452904
-1451657
-1451017
-1429144
-1422708
-1422456
-1421418
-1421012
-1410964
-1408250
-1408184
-1404632
-1404032
-1395784
-1393511
-1392993
-1389538
-1389037
-1388107
-1385935
-1378438
-1377498
-1376667
-1374420
-1374135
-1371791
-1368494
-1367376
-1366327
-1363914
-1363417
-1360272
-1343918
-1341669
-1323872
-1322919
-1311726
-1305630
-1298771
-1293365
-1288161
-1287112
-1285783
-1280183
-1269568
-1268953
-1265224
-1263493
-1262522
-1258965
-1258579
-1250991
-1249810
-1239032
-1230352
-1226118
-1223586
-1222297
-1218187
-1215523
-1214986
-1210972
-1208792
-1205249
-1203547
-1199939
-1195765
-1188709
-1185951
-1179880
-1170190
-1170157
-1168823
-1164448
-1151410
-1137590
-1135513
-1133578
-1133051
-1127498
-1118474
-1116495
-1113623
-1107808
-1103023
-1101333
-1096014
-1095156
-1094630
-1091738
-1090836
-1084383
-1079554
-1077433
-1074814
-1073027
-1072508
-1072401
-1070191
-1054929
-1048364
-1048290
-1045351
-1040496
-1037091
-1027383
-1027339
-1020174
-1018828
-1003849
-1003049
-1000541
-1000100
-992431
-990377
-976055
-973418
-963288
-962474
-961581
-959239
-956930
-956452
-954839
-944308
-941808
-933104
-931398
-921143
-919932
-919840
-919429
-918719
-916500
-913682
-910558
-908139
-907194
-896556
-896386
-887236
-879511
-862653
-859565
-857174
-855731
-855232
-855191
-838267
-832557
-822727
-822539
-816642
-810828
-805054
-804018
-800944
-791455
-791438
-788317
-780846
-780176
-779775
-775044
-774481
-772623
-765713
-764357
-761275
-754351
-753971
-749968
-738732
-734000
-732773
-729388
-729324
-727385
-723969
-708378
-699702
-699650
-695159
-689818
-687331
-685790
-679160
-678018
-659766
-656144
-654959
-654152
-653741
-651745
-641371
-641351
-640219
-638852
-637051
-631674
-623370
-611938
-609738
-605237
-593236
-591212
-588599
-586967
-580195
-579460
-572522
-571384
-570876
-565407
-564655
-563903
-560196
-557848
-556662
-554155
-552149
-530508
-528162
-527427
-526242
-525240
-524747
-522525
-520399
-512945
-509803
-509330
-509197
-507908
-504199
-495094
-486214
-482898
-480463
-479428
-470527
-459016
-456874
-456572
-453363
-450562
-431185
-426952
-419525
-413714
-400481
-393608
-391138
-391036
-389054
-388870
-383714
-377958
-368612
-362849
-359327
-356218
-356018
-351581
-349586
-338213
-336628
-324950
-322739
-317534
-317517
-315223
-312829
-309800
-302823
-302757
-300192
-299814
-297996
-296896
-296694
-294988
-293965
-291774
-291748
-285901
-285076
-281015
-279855
-278440
-274168
-272499
-267525
-260658
-259571
-255674
-254880
-252029
-239710
-239434
-238089
-233586
-231972
-220877
-210212
-208143
-205001
-201128
-199932
-193504
-189765
-186514
-184038
-178357
-165915
-164061
-162740
-142120
-131907
-126686
-119161
-110984
-107798
-97506
-94827
-83038
-75801
-74781
-74412
-63066
-58544
-57193
-50143
-42990
-39410
-38280
-23596
-12010
-11911
-9883
1085
4387
5927
15687
20320
22530
24233
31265
39196
42546
44058
48707
56446
59564
62433
62710
63499
65183
68070
70294
70972
71603
74154
74217
82199
85494
89348
91052
91110
91404
96471
96914
100833
103390
105281
106363
108461
113801
118435
121594
126664
127543
133359
134868
136150
136794
141167
142484
142833
146194
148055
155093
156281
158944
161100
164058
171776
172247
173849
175669
177888
181209
183055
186994
187607
193048
193879
200715
204099
204122
214224
219564
220331
221902
222594
222819
229886
233209
243523
243663
268754
269863
278665
280684
289234
307961
311121
315742
329256
330637
336516
341176
347969
354295
362858
363279
366825
370949
374093
390234
401086
415400
419417
419703
420728
421772
422079
422084
424595
427876
432821
445105
447563
448310
450242
452161
456267
457419
469462
470164
473751
482684
485584
489764
503335
508028
508509
510232
510371
513506
518586
519169
521847
532395
536750
549205
549297
569649
576511
576730
582619
583007
585407
588452
590929
606977
613621
615146
616251
622568
625832
628053
630784
632273
640454
641544
643186
647746
664016
665249
668720
670049
675402
680584
682249
682779
692644
692937
693569
694487
698635
698740
701479
702213
705528
710314
710699
712355
713400
714135
715194
717382
719448
720526
721911
723423
728900
737035
737368
739286
753912
762578
763354
764025
765450
769284
771220
774221
775216
783425
783511
783571
783732
788823
789269
793174
797879
811282
815137
817264
820009
820178
821206
825659
827273
830263
837514
840044
842028
845005
848050
850589
853184
857533
857698
860618
885085
885395
887564
890573
894650
895601
900990
907569
910751
913554
915454
918969
919361
922799
925214
930537
931024
936072
936224
936590
938322
945396
949022
950728
955017
960150
961911
962988
967465
968465
978078
989237
995686
995835
1002048
1016767
1027000
1034066
1034661
1036461
1036794
1044120
1048807
1049758
1053720
1055306
1055902
1057343
1059800
1060850
1061016
1063267
1063530
1068419
1068568
1077150
1077643
1079737
1084064
1087026
1089344
1093279
1097125
1099090
1106326
1107803
1109898
1118659
1121647
1122214
1125697
1127299
1135325
1139397
1139843
1139996
1146442
1146598
1148125
1155093
1160461
1165885
1165967
1172554
1173118
1174756
1175332
1183540
1183797
1185555
1189721
1190425
1192492
1192612
1195436
1197573
1203800
1210572
1212968
1215225
1221738
1229103
1238133
1244042
1250051
1250226
1252549
1252883
1256488
1265136
1268309
1271320
1281459
1292035
1292066
1300565
1302400
1302832
1306121
1306364
1308052
1323753
1324509
1324717
1326274
1335605
1338286
1339682
1345729
1349118
1350383
1358769
1364875
1366366
1366655
1369610
1373641
1374281
1380641
1383287
1384457
1385609
1389911
1391916
1393495
1396113
1404063
1406071
1409436
1414021
1415369
1416183
1416318
1423023
1426377
1451733
1451944
1453869
1456171
1456835
1456870
1457447
1463678
1467454
1475674
1477741
1479239
1484768
1489716
1494614
1500286
1511807
1513611
1517091
1517527
1525145
1525273
1535258
1540345
1542545
1548708
1549586
1550954
1554572
1555766
1558851
1577060
1578004
1578578
1579077
1581351
1592848
1595016
1605861
1619645
1629875
1631994
1635005
1636308
1641213
1645770
1647451
1651638
1653204
1658051
1666120
1680395
1684948
1694877
1696000
1696429
1696685
1698296
1702997
1708006
1708133
1715779
1716488
1719551
1722590
1724891
1728660
1731505
1736558
1744216
1744398
1747455
1747734
1757034
1757117
1758706
1761158
1764370
1766668
1768989
1775123
1786328
1788275
1794983
1797703
1798895
1801523
1807861
1825270
1826463
1829765
1834451
1837907
1841250
1847620
1852855
1854291
1859330
1860777
1862680
1865008
1866198
1867673
1873660
1875561
1886531
1889507
1895537
1895688
1898539
1899248
1901633
1910618
1914744
1916621
1920089
1922985
1923775
1934826
1941160
1943723
1949593
1949935
1950229
1951579
1951601
1952653
1953431
1953451
1953757
1954979
1964632
1967866
1971064
1971772
1977918
1988217
1993403
1999546
