-1996329
-1990995
-1986138
-1982964
-1974468
-1973244
-1970859
-1969269
-1965306
-1961798
-1957937
-1951642
-1949907
-1947917
-1947850
-1935407
-1927339
-1915430
-1913090
-1910907
-1910881
-1902385
-1902180
-1901846
-1898501
-1896506
-1895154
-1865953
-1865858
-1862299
-1859279
-1858914
-1853371
-1853101
-1846593
-1841051
-1840157
-1839283
-1836132
-1830666
-1829928
-1826022
-1818631
-1810925
-1808824
-1807371
-1798038
-1795903
-1783956
-1783582
-1783357
-1781539
-1780895
-1780355
-1778484
-1777751
-1771208
-1768443
-1767839
-1766016
-1764441
-1756278
-1748167
-1747776
-1742561
-1740746
-1736423
-1733135
-1732508
-1729347
-1728699
-1723565
-1723505
-1722297
-1721930
-1719244
-1719219
-1708232
-1707894
-1707502
-1700661
-1700265
-1694764
-1691302
-1691078
-1687162
-1685851
-1684461
-1676464
-1672290
-1665908
-1655106
-1650831
-1643197
-1643192
-1642656
-1642609
-1633609
-1627532
-1627171
-1620471
-1619627
-1618331
-1617860
-1612095
-1612013
-1610078
-1606230
-1605873
-1602789
-1589705
-1582266
-1579015
-1573565
-1573512
-1569991
-1564059
-1563614
-1561042
-1556667
-1556587
-1554545
-1551370
-1548875
-1548781
-1545636
-1539863
-1537270
-1532938
-1529594
-1527368
-1523671
-1514292
-1502431
-1494201
-1490728
-1490525
-1486902
-1479135
-1478058
-1474443
-1470221
-1469899
-1461484
-1460606
-1459123
-1456778
-1450318
-1443662
-1438352
-1435945
-1435678
-1432076
-1430713
-1430532
-1430114
-1429269
-1420494
-1414526
-1406468
-1398200
-1397795
-1396566
-1384155
-1380599
-1376608
-1376310
-1369865
-1359156
-1356831
-1355194
-1340329
-1339080
-1337431
-1332921
-1331697
-1329538
-1325511
-1319975
-1312873
-1311744
-1298686
-1294437
-1285775
-1282123
-1281395
-1274391
-1267368
-1264616
-1261736
-1260240
-1257457
-1256927
-1246631
-1246202
-1245302
-1245301
-1242671
-1227701
-1219070
-1215042
-1210502
-1199789
-1189716
-1185538
-1184560
-1182750
-1181285
-1179874
-1179307
-1178920
-1176050
-1172861
-1172529
-1166367
-1164173
-1163975
-1162302
-1151721
-1148622
-1141938
-1127123
-1125554
-1123990
-1123982
-1122985
-1122441
-1114409
-1100983
-1095779
-1095542
-1084806
-1083889
-1081338
-1075761
-1062851
-1060236
-1058687
-1056129
-1054758
-1043933
-1037749
-1035536
-1034752
-1033904
-1033436
-1031025
-1029962
-1029924
-1028008
-1018961
-1017742
-1017328
-1009389
-1003503
-1000202
-998457
-997249
-989305
-988083
-980059
-974496
-962458
-959847
-959136
-950354
-949943
-942457
-941892
-940302
-936995
-936917
-932989
-920487
-915415
-905726
-904674
-897804
-892759
-889466
-887389
-874496
-872582
-871412
-870998
-869380
-865053
-862937
-842678
-831063
-830503
-826300
-822750
-820280
-813862
-809167
-804917
-799280
-795368
-794977
-792405
-792139
-791683
-789718
-789138
-785085
-784503
-784126
-778935
-770800
-770678
-770560
-769802
-769802
-769059
-766182
-764766
-762893
-759142
-757983
-757131
-753016
-747197
-746738
-745935
-745423
-737578
-737195
-734650
-732809
-732087
-730724
-724278
-721918
-717969
-715985
-713151
-712524
-704467
-703996
-702739
-700058
-698877
-696762
-696337
-693266
-691889
-680079
-679943
-678395
-670566
-667137
-664166
-657574
-657102
-656304
-652378
-650090
-646542
-642729
-638524
-638098
-632220
-630972
-629031
-626644
-621594
-620854
-610168
-606969
-604404
-596922
-595743
-588645
-587857
-587592
-582942
-577652
-574030
-565362
-565031
-556648
-549526
-548838
-548401
-542139
-537344
-537265
-531775
-525882
-525535
-524524
-523735
-506081
-488682
-482286
-471601
-468930
-464210
-460540
-458015
-457114
-456997
-447475
-446121
-445146
-441698
-436704
-436336
-430449
-427017
-420526
-419711
-417840
-408309
-401970
-401315
-401188
-401171
-387491
-381161
-380873
-380791
-379772
-368202
-367483
-367405
-364725
-359653
-358817
-355106
-353684
-346945
-345706
-342517
-341577
-339306
-338041
-333920
-320264
-316294
-316227
-315324
-312902
-310799
-306146
-305728
-301006
-300789
-298749
-298197
-289810
-288266
-285462
-275712
-273044
-265994
-262205
-256718
-246617
-240120
-231930
-228865
-227335
-219395
-214018
-212346
-202502
-193790
-193132
-186921
-182880
-179402
-179100
-176279
-175037
-172807
-167821
-166869
-161592
-160752
-159728
-144242
-141284
-140822
-129232
-127932
-123792
-122156
-120778
-115970
-114872
-114259
-102214
-100248
-96874
-91237
-81435
-81376
-76227
-74839
-74543
-74324
-73602
-73130
-68517
-57677
-39231
-35922
-31895
-31825
-31619
-21052
-20037
-20011
-15680
-7349
-5644
-1266
-77
2409
8115
11483
20103
20720
25340
25635
26430
28013
30950
33011
33992
36868
38617
51295
56723
63409
66977
69110
76847
80981
83819
84960
92128
92599
93508
105363
107369
111892
113847
117097
118543
127372
132264
139172
139204
142054
154276
158734
165866
174797
176635
182522
185975
187118
191371
192011
192547
194311
199167
202015
210980
221223
223404
225948
231072
232236
237076
240279
245785
248396
254468
267006
274811
276804
282529
288218
293836
300814
301055
306856
307669
313145
323194
323567
323654
329142
330300
332017
335931
341273
345306
349239
350950
356538
359112
365778
368932
371634
376446
381235
385250
388696
390971
397855
398919
404873
404910
406486
406848
413548
416382
419241
422027
423771
428192
432240
439888
440396
442007
447379
457565
459634
461980
470274
483888
488999
493571
494765
504501
505713
506743
508640
515480
516071
516340
516987
520437
522180
524242
527838
528437
535434
546776
552062
558139
563045
571250
573684
576581
589205
595969
596225
596631
598393
604707
608816
613428
614788
617218
627271
637191
642191
642488
644675
651685
653573
655591
666487
668141
669852
672020
674165
687050
690318
693482
701241
708161
710251
719623
722659
728233
730975
731699
733580
739524
739872
740197
741038
746583
751973
752874
753314
755358
756000
756442
756872
775752
776623
784838
785063
804126
804739
805440
809034
810606
819474
826045
828660
833633
845280
858799
865249
866014
866816
870006
876100
880036
882884
883712
887264
890768
898988
902456
903104
908290
909634
911143
917909
923406
928763
929830
930683
930907
934163
941402
949261
953717
967119
972222
979298
983224
989909
1004892
1005144
1005667
1023583
1027441
1029847
1038734
1042042
1046850
1048483
1052694
1058306
1059875
1060257
1065446
1072179
1078887
1099814
1100162
1106134
1108931
1116927
1122354
1127438
1128681
1129272
1131284
1140190
1142927
1145031
1150139
1153319
1157658
1158426
1159010
1161731
1162256
1163277
1163905
1164083
1165178
1166209
1180627
1185361
1187521
1194934
1201849
1208430
1209275
1210036
1216715
1217729
1220528
1228231
1229437
1230528
1242058
1243239
1252740
1260336
1264798
1267741
1291087
1295802
1302335
1307997
1311285
1314101
1314562
1318821
1322413
1322972
1335684
1341842
1343631
1350034
1352068
1354184
1355492
1359088
1360053
1362753
1372228
1373361
1382794
1386823
1388955
1392719
1393756
1394915
1397793
1402108
1405902
1406952
1409050
1412129
1412197
1412470
1412899
1413467
1416349
1424451
1426262
1427740
1429755
1432093
1435029
1439164
1449312
1452849
1457851
1461351
1463971
1468229
1468984
1473856
1475490
1476436
1476781
1481037
1484300
1485500
1486373
1490633
1500108
1502194
1503835
1507767
1508194
1509103
1509510
1511218
1511532
1524900
1525227
1531173
1544061
1547981
1550952
1551394
1557878
1560853
1562796
1564631
1565078
1567833
1577544
1585305
1589031
1593638
1605072
1607985
1613192
1614183
1618639
1619549
1619970
1642648
1644383
1646570
1647359
1652852
1653872
1659394
1660549
1660763
1664137
1666817
1668110
1669142
1669682
1670583
1672837
1678129
1679403
1680584
1681115
1685514
1693419
1702659
1712843
1714793
1726690
1740273
1740515
1741815
1742662
1747933
1751357
1752650
1760916
1767045
1768862
1770136
1770297
1774718
1775742
1783139
1795628
1798753
1799192
1812184
1813564
1816111
1819592
1819923
1830404
1831116
1834332
1842161
1844072
1845393
1854555
1854668
1855223
1856345
1856895
1863061
1871225
1873901
1876942
1878388
1878839
1885416
1898443
1900795
1904975
1906793
1910705
1911403
1912474
1915235
1923153
1923415
1942807
1944278
1944929
1945220
1950507
1953807
1958806
1963156
1983676
1987394
1987569
1988374
1993455
