-1998544
-1998268
-1984378
-1979350
-1977253
-1974572
-1973324
-1973041
-1966676
-1963794
-1960756
-1957580
-1954686
-1953349
-1945645
-1937687
-1934973
-1929849
-1929081
-1920113
-1917851
-1914527
-1910758
-1910280
-1904122
-1902764
-1899975
-1899222
-1895937
-1890276
-1878681
-1877967
-1872462
-1871430
-1869093
-1864885
-1864468
-1852550
-1852379
-1850737
-1847741
-1847572
-1842304
-1838941
-1836858
-1831993
-1831497
-1829302
-1825650
-1822480
-1818795
-1817607
-1815370
-1810337
-1800221
-1791639
-1791003
-1788034
-1785395
-1769348
-1764014
-1759193
-1759108
-1757711
-1757480
-1756964
-1754318
-1752968
-1739678
-1737235
-1736463
-1733000
-1721599
-1720307
-1719219
-1717821
-1707605
-1706773
-1704927
-1701111
-1698014
-1693529
-1690490
-1689800
-1687267
-1682082
-1674768
-1668963
-1656736
-1656584
-1652217
-1645491
-1644099
-1643953
-1624460
-1623652
-1615971
-1611304
-1610830
-1605854
-1602272
-1598105
-1593423
-1588956
-1585845
-1584701
-1581283
-1575337
-1563155
-1562155
-1558657
-1553963
-1535026
-1532687
-1529874
-1524833
-1522708
-1520935
-1513462
-1513002
-1510725
-1510634
-1506331
-1503611
-1495403
-1494506
-1493108
-1481808
-1479958
-1479050
-1478854
-1477143
-1476668
-1467235
-1466158
-1460121
-1454919
-1450065
-1447035
-1446993
-1441146
-1439178
-1435280
-1434085
-1426579
-1425377
-1423531
-1418405
-1409112
-1404831
-1402912
-1397097
-1395085
-1391516
-1390695
-1390172
-1390084
-1381890
-1371002
-1370455
-1368232
-1364532
-1360034
-1350646
-1349863
-1344902
-1338431
-1329840
-1329360
-1322225
-1322094
-1319603
-1319013
-1317485
-1317171
-1315173
-1313234
-1303992
-1301856
-1298336
-1293520
-1285203
-1285202
-1283602
-1278772
-1274473
-1270909
-1269108
-1267287
-1249731
-1240874
-1237347
-1229308
-1227215
-1225381
-1221653
-1214629
-1212462
-1210101
-1207732
-1206790
-1205359
-1204626
-1202864
-1201873
-1201593
-1197983
-1184700
-1183840
-1180205
-1174527
-1171487
-1170054
-1169113
-1168240
-1164316
-1163231
-1150634
-1149716
-1143684
-1139467
-1138655
-1132599
-1130379
-1127734
-1127026
-1121885
-1113906
-1109488
-1106305
-1101733
-1094486
-1090495
-1088359
-1065877
-1064388
-1062208
-1054125
-1048217
-1040497
-1036096
-1034672
-1032675
-1030614
-1025979
-1018454
-1017460
-1014126
-1013646
-1012447
-1010149
-1008684
-1008511
-1004531
-998926
-996488
-989848
-983159
-978731
-976654
-975669
-975533
-972853
-970266
-968397
-964508
-964188
-960460
-958400
-950050
-949397
-948336
-943556
-934592
-927029
-922837
-907348
-907151
-906666
-902710
-898383
-896160
-895574
-893206
-891434
-886996
-884214
-878479
-878143
-875039
-862269
-857410
-853740
-853061
-850878
-827313
-825969
-825467
-824790
-823375
-814741
-811746
-810343
-807805
-805167
-801279
-790651
-789043
-788700
-769633
-768224
-763729
-756356
-749258
-749097
-745233
-741920
-740915
-740189
-736844
-735960
-734452
-714796
-714519
-712751
-709648
-702088
-699815
-697391
-691392
-687580
-685801
-680377
-676588
-672939
-666011
-664109
-662215
-660041
-658890
-652609
-647220
-643166
-640376
-639495
-636001
-624852
-621413
-619336
-619164
-617777
-613463
-611431
-604815
-602741
-583391
-582335
-579845
-577494
-573060
-567944
-563537
-545076
-543795
-543090
-535605
-533506
-529960
-523188
-520113
-511467
-506438
-502309
-501998
-497531
-495654
-494130
-493479
-489585
-484845
-481009
-469899
-469798
-465306
-460550
-455767
-455324
-446851
-441676
-433766
-432735
-430425
-415800
-406227
-400432
-396523
-390127
-385294
-385040
-372934
-371331
-370599
-368903
-356549
-353326
-348143
-343535
-338497
-333184
-327339
-325089
-321825
-320992
-312803
-309683
-303227
-299742
-296626
-293661
-293608
-289059
-286830
-284718
-283922
-280379
-277991
-266071
-264873
-261919
-260336
-256955
-254396
-253782
-248494
-241003
-235528
-235008
-233203
-231624
-230637
-225356
-222337
-214563
-212678
-212520
-202896
-199126
-196587
-195151
-183750
-180047
-170702
-167572
-167418
-165917
-165670
-165485
-163371
-162473
-161607
-159562
-157413
-155865
-155612
-154643
-149054
-142643
-136821
-130587
-123792
-119579
-117875
-116634
-114501
-109282
-104347
-102703
-102258
-100230
-95819
-88968
-84040
-69970
-68565
-67543
-61908
-54952
-51038
-45792
-45305
-44319
-44201
-40661
-38070
-36686
-18478
-13139
-12654
-12424
-12289
-11820
-11635
-9586
-3235
3412
13688
14682
21268
22005
37052
39584
42735
51188
51229
57042
60071
62493
63333
64218
65506
68708
69810
73248
75617
75635
76312
83672
83789
98752
107155
107220
110279
110844
110883
120511
122824
123386
135736
136224
137747
147741
148333
151045
154136
154920
164896
175247
175732
175990
176428
180538
196475
202288
202299
202308
204862
213858
227674
230186
238806
242415
249121
250305
255770
259313
270105
276009
282684
286517
286759
293188
295045
296655
298025
306540
307726
312885
312987
323253
329633
338536
346393
347568
348007
350981
352059
352776
355650
361698
363177
374834
380842
382275
397732
400764
403912
405428
405664
417188
421370
426045
426900
430789
431725
431946
432654
436945
437064
446040
449490
452236
464164
466914
467892
469883
470234
475300
486738
487192
490355
496150
500607
502044
504128
505282
508171
510952
513671
519656
519732
522385
533213
535299
537015
539374
541243
541363
550668
553181
554302
559247
561558
565242
570717
575525
576618
580946
583075
585688
585716
594063
597489
607759
611807
613128
613604
622367
625043
632833
632921
643263
653596
656905
658898
662417
668719
682492
696216
700440
700906
704015
708892
709201
709483
709963
716777
718709
725675
730183
730652
738044
743063
743942
744262
745662
746122
747800
748605
757443
766943
776482
783144
784472
785139
790991
794001
804807
815592
820805
821737
829364
836925
838975
839972
846652
848398
852136
854413
857840
859692
860101
865278
866752
867254
874070
877149
877764
880098
884727
891393
901692
905044
907135
909661
919011
924609
928752
930578
942042
944539
949588
950021
965096
970873
976610
986177
991615
997256
1001075
1001835
1002196
1009073
1010267
1011548
1011649
1014141
1016868
1018990
1020944
1021550
1027238
1028433
1031645
1038658
1039952
1041787
1046154
1046432
1051708
1053527
1059920
1063610
1066421
1069335
1069778
1070086
1070117
1080496
1082770
1083262
1088596
1088889
1099390
1099938
1104079
1109513
1109705
1109777
1110479
1110988
1115285
1118169
1119035
1129765
1131139
1137425
1143671
1147567
1148380
1151118
1154524
1156999
1157118
1162493
1168032
1168561
1172040
1178154
1180931
1186116
1190659
1192778
1197650
1204650
1207628
1217184
1220030
1223957
1225624
1230469
1232259
1234270
1239888
1242273
1244528
1251628
1263363
1266472
1273019
1279812
1280502
1295386
1299205
1301145
1301374
1303523
1312954
1324267
1326389
1329280
1331255
1331506
1336004
1338353
1339333
1345095
1349229
1349354
1350130
1354932
1356054
1356697
1358308
1366777
1368663
1371258
1373923
1376137
1381288
1386108
1388102
1392528
1397075
1399266
1399916
1402378
1403973
1406173
1407824
1411877
1412996
1413366
1415309
1416678
1417553
1420706
1427410
1431719
1434509
1436369
1436445
1436683
1438398
1441198
1443106
1446747
1451925
1462190
1464094
1466566
1466624
1467782
1470895
1475386
1476065
1478882
1482300
1485461
1485628
1488219
1488949
1495584
1498776
1501020
1503204
1513509
1524105
1528323
1530962
1533195
1541786
1543216
1547128
1549509
1554419
1558952
1564155
1564993
1568660
1570640
1571912
1576498
1577098
1581015
1585073
1587374
1590316
1594181
1597163
1599284
1600109
1604062
1609651
1629160
1643386
1653918
1656764
1661071
1666855
1669226
1670115
1674317
1675724
1677073
1699457
1700561
1703291
1708763
1712459
1716449
1716652
1730881
1735497
1737645
1738879
1740508
1741944
1744922
1755297
1756613
1760314
1762541
1762628
1772099
1775983
1781121
1784874
1796873
1797038
1797539
1805307
1808719
1808799
1813025
1815343
1819793
1822064
1825218
1825852
1827867
1832904
1835398
1837223
1840819
1843521
1851470
1854435
1857586
1858215
1869382
1869819
1873524
1887380
1925839
1942051
1945081
1946788
1946930
1947222
1949285
1952011
1952998
1955055
1969754
1977799
1981401
1981540
1987441
1989645
1997641
