-1998324
-1986734
-1986322
-1985317
-1976292
-1975027
-1972605
-1969846
-1968814
-1968803
-1967486
-1965549
-1952402
-1950070
-1949812
-1947351
-1941695
-1938529
-1936790
-1921804
-1921030
-1905588
-1902180
-1894034
-1891807
-1889177
-1887605
-1875391
-1873206
-1873082
-1872209
-1872011
-1857672
-1855677
-1854721
-1853669
-1844490
-1843430
-1834015
-1832864
-1832541
-1829893
-1822462
-1813922
-1809380
-1797116
-1791837
-1789317
-1787530
-1785311
-1775796
-1775252
-1773908
-1773549
-1770281
-1769861
-1764665
-1762335
-1759759
-1758716
-1757416
-1755420
-1755113
-1750560
-1745545
-1738660
-1733874
-1731095
-1729566
-1727573
-1716985
-1714868
-1702722
-1702648
-1702336
-1693746
-1690309
-1689218
-1687995
-1684488
-1683310
-1675963
-1674376
-1669763
-1668628
-1658797
-1643952
-1634661
-1623190
-1618448
-1617233
-1598986
-1597492
-1592828
-1581498
-1575078
-1573804
-1569433
-1566679
-1566630
-1565874
-1562941
-1562884
-1543185
-1542371
-1533251
-1530453
-1526655
-1525518
-1519633
-1517428
-1516761
-1515770
-1513916
-1511192
-1509450
-1502324
-1493712
-1492119
-1491206
-1477834
-1477418
-1472707
-1472541
-1472241
-1470305
-1464551
-1460574
-1459370
-1458703
-1456937
-1454502
-1448616
-1443254
-1438803
-1437335
-1430931
-1428361
-1424813
-1413465
-1410720
-1404285
-1397621
-1389614
-1389242
-1387527
-1379374
-1376238
-1369373
-1367975
-1363334
-1350743
-1342471
-1332104
-1326880
-1314931
-1308826
-1305143
-1297616
-1285423
-1277696
-1270961
-1266341
-1266120
-1266118
-1264604
-1259954
-1255358
-1252812
-1249042
-1246688
-1241997
-1240380
-1231405
-1229546
-1219846
-1218332
-1206800
-1197448
-1196768
-1188376
-1182263
-1181382
-1175599
-1170585
-1155350
-1145806
-1142538
-1141780
-1139646
-1134091
-1129746
-1126025
-1124742
-1122668
-1121943
-1120146
-1118265
-1114144
-1113745
-1113399
-1111662
-1107874
-1102898
-1096110
-1092616
-1089724
-1078295
-1074627
-1073488
-1068491
-1065487
-1055668
-1053517
-1052958
-1041066
-1039627
-1038366
-1032007
-1029664
-1029276
-1018458
-1009268
-995765
-993144
-992597
-988806
-986587
-977653
-975334
-973766
-964797
-963068
-962071
-961462
-956984
-956025
-950016
-948998
-944529
-942630
-941653
-931450
-928856
-918857
-910184
-909790
-902593
-896039
-895221
-893615
-892148
-890446
-885695
-879388
-879171
-877949
-873968
-869455
-861537
-855959
-853799
-852085
-838424
-832657
-827428
-825638
-819160
-811433
-809227
-804409
-797575
-795221
-794628
-788519
-785465
-784474
-775763
-775661
-774809
-773911
-750049
-744251
-738819
-732184
-728723
-725190
-719899
-717565
-714719
-711832
-710973
-710054
-708136
-705639
-697835
-695212
-693279
-690945
-687081
-684934
-682672
-680296
-680295
-666466
-662109
-656409
-655772
-653560
-649452
-644789
-643460
-642257
-639281
-636310
-635616
-628750
-626887
-623490
-622187
-617177
-613512
-609706
-605112
-603638
-603365
-600754
-600700
-596272
-593279
-591988
-586266
-584113
-583497
-581672
-576076
-554463
-537431
-535618
-533074
-520090
-516836
-512722
-508315
-497084
-488174
-486916
-486872
-478222
-476196
-473949
-469746
-463830
-460946
-456390
-455814
-450377
-450369
-446756
-444203
-439273
-432797
-426221
-425597
-423282
-422467
-417829
-412467
-409157
-397103
-391185
-390482
-389117
-386909
-386047
-383967
-380140
-376641
-376125
-373225
-368572
-366278
-362392
-357734
-351661
-351035
-348381
-347961
-335461
-324401
-321272
-319246
-317325
-317138
-313179
-307316
-306538
-303989
-302165
-301550
-300540
-296804
-287587
-286898
-286348
-285586
-274300
-261700
-260349
-257246
-255673
-249612
-246752
-241572
-237008
-219928
-219788
-215489
-207928
-198750
-198582
-197062
-196753
-189575
-189424
-189320
-187388
-186833
-182680
-178474
-177816
-168434
-161177
-159611
-158589
-157451
-149833
-143112
-140192
-137312
-133073
-131673
-125592
-119430
-119013
-115093
-111553
-108133
-107791
-102932
-101762
-99658
-96088
-94214
-92809
-90059
-89768
-86591
-84809
-78301
-76336
-69486
-67450
-63690
-61043
-53714
-50774
-40612
-39868
-37880
-36682
-34876
-33930
-31865
-29269
-24395
-23752
-22711
-19184
-16991
-12484
-11237
-5038
4570
5130
8657
9078
14484
26829
28439
33252
33970
35218
39683
41504
45324
49917
49992
53948
57480
62281
62576
66907
73870
75981
76254
77879
77994
82443
82980
91299
92816
98551
99176
116034
119178
136883
137116
156697
157359
157555
161073
166484
179145
183436
187714
190227
191869
192369
193441
194453
197401
198840
205346
205796
213816
214961
215276
225013
226355
226693
228015
234260
235645
235997
243990
245587
250589
254927
256720
257824
258444
260028
263107
269403
275041
277469
279235
287504
289506
289818
292519
293142
296690
305980
315063
316076
318016
318354
319511
322687
346242
350173
352685
353151
353353
366240
366913
367303
371081
376462
378297
383469
384420
400361
402070
402918
408004
412266
412420
412677
422854
430036
440148
440587
447143
458033
459963
463938
467238
476449
477422
478288
478453
481862
483968
490066
492032
496543
498269
513868
516202
520801
527257
527473
531527
532212
538533
538626
547171
555141
558610
560822
561348
571645
572109
581363
581851
583247
583789
585846
595392
601570
602096
608634
611373
615170
618629
620218
620609
625692
634758
636412
637623
647208
651161
651708
654105
655851
657248
669131
675136
676037
677800
679462
681664
683747
685697
694735
695879
696097
700315
713080
714800
719734
725984
730503
731406
733235
734714
738159
738164
742496
759627
766073
772079
772724
773536
777996
778591
785512
802015
810605
812775
822056
830881
834361
836254
836699
854592
870895
874586
875193
877282
877616
877738
879365
885473
886042
891905
893858
898387
899415
900918
903160
910894
917880
919417
922640
926113
927568
928664
934225
936422
937365
947921
948432
964308
967445
971699
973119
974892
988280
988419
992054
994287
997336
998171
1001199
1005143
1013063
1014492
1014856
1018317
1018918
1025398
1027162
1028358
1036238
1036479
1041311
1042063
1047354
1048252
1049960
1050017
1052258
1063048
1064047
1066600
1068149
1075824
1076747
1078430
1079004
1083566
1089014
1089602
1091906
1094697
1096279
1101671
1102750
1108016
1110290
1117419
1121644
1122061
1127300
1127953
1132683
1133120
1134219
1134413
1136848
1140192
1140872
1154859
1157999
1161825
1163261
1168394
1169185
1180975
1189579
1195108
1199819
1200147
1206474
1207948
1209793
1212532
1218309
1219816
1220616
1225127
1225316
1226925
1235362
1235792
1238107
1240629
1242121
1242238
1251088
1251638
1258675
1261121
1261149
1263647
1263962
1273293
1274046
1281083
1281106
1287047
1288166
1288330
1292606
1301829
1309968
1318115
1326163
1327857
1332122
1332640
1335756
1336070
1341841
1349286
1350928
1354152
1359065
1364723
1380172
1382806
1386724
1386736
1389211
1392055
1398728
1400071
1404416
1408586
1415124
1415408
1423199
1428035
1430231
1430632
1431891
1432486
1435754
1437691
1440058
1444830
1448431
1460150
1461988
1465680
1467711
1471290
1474813
1477646
1478260
1480266
1483143
1487224
1487730
1488254
1488645
1492583
1493811
1495508
1499529
1503017
1503694
1507818
1508608
1508662
1509925
1510746
1512024
1516313
1528570
1535269
1539323
1550244
1551905
1552299
1553282
1557747
1559632
1565705
1570038
1572951
1573110
1576235
1578122
1579760
1580520
1581403
1581643
1594588
1598611
1604156
1604910
1605301
1617720
1620133
1627213
1635447
1644582
1648245
1649488
1651843
1654088
1656173
1659939
1660583
1665805
1666975
1672722
1676201
1686697
1688718
1694168
1698412
1700238
1710702
1714643
1715084
1717401
1723393
1724956
1727368
1736182
1741383
1743996
1744909
1746655
1748834
1750824
1754273
1754780
1759463
1763593
1768809
1769059
1776975
1784342
1786568
1798821
1799679
1800733
1803472
1807333
1809137
1809499
1824532
1826678
1829517
1836054
1837904
1842264
1846421
1859315
1862273
1865223
1865745
1877349
1886914
1890792
1891482
1897298
1897594
1900837
1901454
1905617
1915619
1917470
1919146
1919945
1923629
1924432
1925244
1926357
1929750
1931020
1932018
1934604
1941820
1943281
1947853
1964242
1972641
1990746
1991897
1996083
1996422
