-1993717
-1993700
-1991143
-1983845
-1983556
-1976740
-1976285
-1973057
-1971970
-1970128
-1952444
-1950889
-1949833
-1948980
-1941430
-1941401
-1938951
-1935685
-1933209
-1930423
-1927496
-1926864
-1926806
-1922418
-1921392
-1917095
-1906113
-1904098
-1899418
-1897847
-1896867
-1890472
-1889399
-1884987
-1884608
-1880800
-1880051
-1873628
-1873306
-1873222
-1870755
-1868806
-1867712
-1867139
-1865864
-1864768
-1864037
-1863642
-1863102
-1859246
-1859089
-1855386
-1855229
-1853356
-1848506
-1846136
-1841809
-1839981
-1834642
-1830302
-1828546
-1826818
-1824747
-1822115
-1821025
-1813593
-1808140
-1795155
-1781642
-1780831
-1778171
-1777814
-1773106
-1771397
-1769629
-1766861
-1764736
-1762032
-1759990
-1746208
-1745251
-1743039
-1742375
-1742058
-1739142
-1737734
-1735330
-1727767
-1726743
-1726051
-1723643
-1718452
-1717902
-1707941
-1702735
-1701965
-1692356
-1691732
-1691535
-1690433
-1688616
-1686749
-1676623
-1676527
-1670059
-1666922
-1662879
-1658914
-1657401
-1656625
-1645699
-1636596
-1630517
-1626054
-1625470
-1617670
-1610173
-1608007
-1603112
-1599415
-1594828
-1590635
-1587177
-1583791
-1576760
-1574294
-1573905
-1570839
-1563157
-1558444
-1547354
-1546390
-1543064
-1540668
-1536550
-1535821
-1528893
-1526605
-1518375
-1508663
-1506585
-1504654
-1504493
-1503982
-1502708
-1500841
-1496282
-1491176
-1487105
-1486759
-1485753
-1484296
-1476992
-1463139
-1452191
-1445410
-1441739
-1441438
-1440845
-1432470
-1431897
-1428777
-1425986
-1423809
-1421919
-1421484
-1414118
-1412106
-1406124
-1396155
-1389936
-1378151
-1375790
-1365668
-1358070
-1357066
-1353224
-1349798
-1344608
-1342187
-1328762
-1328395
-1327040
-1325813
-1319203
-1313467
-1309827
-1307431
-1304793
-1280110
-1259455
-1258897
-1258832
-1258452
-1255313
-1254166
-1250775
-1249410
-1246640
-1245941
-1245442
-1238724
-1238011
-1234695
-1231937
-1222406
-1219334
-1217570
-1212767
-1208905
-1206725
-1203621
-1202053
-1200825
-1184140
-1175132
-1173046
-1158175
-1153839
-1147121
-1146504
-1146043
-1143922
-1128183
-1114157
-1111652
-1108040
-1098747
-1098599
-1097475
-1094688
-1092280
-1090351
-1086624
-1086350
-1083577
-1072308
-1071466
-1062378
-1037329
-1030451
-1025437
-1022829
-1020270
-1017866
-1012890
-1012264
-1004624
-1003939
-998514
-991179
-988240
-987477
-986615
-986383
-974575
-973845
-969073
-966502
-965625
-963470
-963106
-961615
-959225
-958141
-945791
-945785
-942792
-937923
-930721
-930552
-928092
-917760
-911266
-905383
-900643
-895877
-894132
-887690
-885630
-882747
-874331
-871744
-871112
-852079
-844211
-841947
-840566
-839690
-838734
-838152
-834370
-833234
-825791
-823182
-813207
-808096
-799004
-789346
-786187
-780368
-779702
-777127
-776500
-775173
-772394
-759078
-758872
-755970
-749798
-749064
-745079
-743343
-738918
-736900
-726499
-718151
-714219
-713667
-711189
-710020
-708970
-707339
-702428
-699146
-696268
-692263
-675233
-663421
-662087
-654934
-653277
-651378
-644465
-630230
-628891
-622825
-621731
-618824
-612419
-608542
-605744
-600025
-583823
-572029
-565413
-562126
-561673
-561671
-550894
-543795
-535408
-534125
-532092
-529671
-525186
-522051
-521421
-512540
-505902
-497513
-494846
-491803
-489868
-480588
-480199
-474389
-466458
-464789
-460664
-460119
-454053
-452933
-448027
-438775
-435337
-434750
-433574
-428677
-428081
-423319
-422898
-418964
-412708
-408753
-405757
-396928
-396792
-392633
-383744
-373994
-373402
-372163
-368958
-363581
-361881
-360234
-355694
-353569
-352360
-350081
-343029
-341585
-341060
-336937
-327955
-321748
-321199
-315022
-312831
-308145
-301328
-292766
-283168
-273498
-267944
-255661
-253664
-249546
-247034
-243544
-243307
-242804
-240867
-232907
-232804
-231892
-216323
-215546
-214269
-213964
-212365
-205222
-204659
-202578
-201967
-193067
-188197
-187752
-186797
-184917
-177775
-175217
-173919
-170681
-169992
-169803
-160920
-145140
-140930
-138167
-132931
-111843
-107727
-107057
-105439
-97788
-94086
-92975
-90777
-88460
-86403
-72212
-69129
-59281
-57890
-48603
-33574
-28858
-28192
-26980
-16598
-12132
-11611
-8387
-1202
5059
13222
20351
23422
24181
24496
31133
37066
39014
40364
42813
43151
46132
50573
50575
51699
55569
56911
58488
66723
67114
68377
77699
79473
80941
84112
85722
86870
88354
100704
107455
110092
115788
116184
116471
123646
126304
145006
146989
152500
153417
153765
156371
157345
170183
172153
177873
186641
187430
190563
197138
201022
205233
216811
218635
228234
229358
231237
233251
235307
240154
243526
247071
249667
250652
252139
258607
260842
266027
272260
287352
290274
293478
293501
298180
303186
304235
312156
312394
314624
316983
324193
325164
333512
336283
343395
346873
347547
348673
348820
350467
365732
369688
370193
371897
372809
379173
380659
384406
392180
393496
399546
400901
400945
403965
404165
406215
409111
410717
414181
419259
421870
422790
426879
427786
427849
430132
430860
433730
441990
443838
453781
454716
460542
460789
474375
474743
476995
478843
480136
485645
487557
487745
489573
491529
495881
499100
500593
504179
507337
512591
516003
525365
532584
537585
537905
540968
542449
552247
555153
556968
561431
561544
561835
567532
567811
575052
575260
578094
580631
588840
594159
595442
597289
599164
600568
600622
614988
616004
624478
624797
630928
634855
640503
641214
641448
641558
645301
656521
667279
667725
671033
672893
675511
676545
676840
681859
685721
689861
690920
702782
704640
705761
707244
712964
718179
727653
741801
745977
751333
755246
761377
769567
771938
772715
784233
791474
797331
798091
802952
804941
805814
814514
816919
820824
823069
827791
830046
833559
849782
850583
854072
854964
860376
865837
866297
870395
871980
872129
872297
874650
874758
878836
883231
885906
899474
900302
904955
908125
917310
918035
918120
919871
920564
924089
929417
936890
939578
941774
943787
950751
955141
961237
962618
966022
967949
968011
968351
970636
971448
971466
972322
980282
981196
981795
984025
986861
994994
1000854
1001005
1007450
1007633
1010073
1015183
1027732
1034069
1034356
1039776
1042447
1042962
1043508
1051818
1052304
1055129
1055168
1057186
1065768
1083213
1086521
1089307
1089800
1096301
1099856
1109470
1110164
1126019
1134834
1137839
1141164
1146269
1153738
1155248
1157795
1163674
1169885
1188278
1196910
1202713
1205557
1209830
1210725
1212545
1213787
1213928
1218878
1229892
1230004
1237825
1237870
1242456
1243002
1246670
1252026
1253662
1255836
1259510
1259780
1260546
1262593
1264110
1265303
1266857
1267671
1268404
1273509
1275753
1290457
1293270
1294136
1308535
1310019
1311715
1323680
1330864
1336517
1336537
1338110
1344147
1344495
1345191
1357867
1364991
1365569
1378332
1382856
1383044
1386810
1393594
1394575
1402155
1402442
1402523
1402604
1405576
1415053
1416910
1420665
1424907
1425134
1425791
1427567
1427658
1435798
1436475
1437470
1437612
1438995
1441283
1447097
1447339
1451012
1453249
1454051
1463708
1469101
1472661
1474976
1478002
1485863
1489925
1491410
1492066
1495965
1496857
1501747
1505033
1506792
1511914
1519341
1527247
1527705
1529028
1532706
1532850
1547977
1556549
1560326
1569194
1574963
1577808
1581026
1581556
1582546
1588991
1589399
1591112
1595516
1596762
1599024
1603128
1607772
1608802
1614839
1615424
1620699
1626457
1630829
1632955
1635329
1640273
1640972
1641534
1644277
1645182
1654482
1656810
1658894
1659921
1663318
1668808
1673616
1677331
1682142
1683860
1688111
1689107
1694772
1695684
1697507
1709626
1714977
1717686
1733432
1740799
1741789
1747401
1747909
1753524
1757817
1764006
1764092
1766722
1771838
1780492
1790245
1790728
1791060
1798188
1799025
1807548
1809186
1811548
1818008
1826761
1826842
1832006
1832308
1839955
1842759
1847426
1847825
1847930
1848147
1849642
1858296
1858712
1867756
1878838
1886062
1888547
1895529
1897790
1898536
1901024
1901337
1902381
1907920
1907986
1911014
1919605
1921855
1923924
1928909
1932826
1932982
1935316
1936668
1944167
1945443
1946235
1948112
1959555
1961785
1966103
1967319
1968762
1971984
1974140
1976067
1981628
1986147
1987140
1991745
1998242
