-1993464
-1983096
-1977308
-1973095
-1970171
-1962034
-1958597
-1957539
-1954125
-1953319
-1951039
-1948038
-1945231
-1944359
-1944238
-1930023
-1924783
-1922489
-1904150
-1902851
-1901811
-1901145
-1901031
-1900344
-1898773
-1890603
-1885645
-1874519
-1872996
-1872886
-1866383
-1864595
-1863379
-1860914
-1857254
-1856296
-1853180
-1847239
-1846597
-1845114
-1836114
-1833944
-1832838
-1830365
-1829074
-1809372
-1805838
-1802445
-1798382
-1792767
-1790088
-1789448
-1783447
-1780973
-1780513
-1775219
-1765427
-1763380
-1760581
-1759949
-1756576
-1756446
-1755297
-1754176
-1754108
-1754054
-1745233
-1737969
-1735512
-1728647
-1726488
-1725988
-1719534
-1708458
-1705377
-1701739
-1698881
-1695804
-1688702
-1686277
-1679583
-1663031
-1648664
-1634981
-1634182
-1633543
-1625181
-1615247
-1611596
-1598698
-1593002
-1583674
-1581947
-1581798
-1581037
-1579047
-1564527
-1558086
-1555358
-1553354
-1548554
-1544448
-1539453
-1537704
-1534596
-1531844
-1525323
-1522084
-1517361
-1517353
-1513673
-1504403
-1501709
-1501559
-1498409
-1494977
-1493619
-1490912
-1486287
-1482149
-1476384
-1475558
-1469624
-1464773
-1464707
-1464371
-1462692
-1462354
-1460614
-1459831
-1457620
-1448997
-1444211
-1441244
-1434070
-1432725
-1432466
-1431736
-1430068
-1426558
-1424757
-1422515
-1417889
-1409609
-1407986
-1405964
-1402951
-1389792
-1386249
-1384160
-1383824
-1373992
-1371303
-1367030
-1357963
-1353551
-1353351
-1346156
-1344186
-1341265
-1339769
-1339090
-1337257
-1334850
-1334249
-1332342
-1328011
-1314549
-1306484
-1304170
-1298825
-1295129
-1291216
-1283466
-1279029
-1276379
-1271799
-1267721
-1266315
-1264663
-1253932
-1249477
-1243610
-1243182
-1238435
-1235499
-1233055
-1232132
-1229181
-1225094
-1223718
-1206582
-1202137
-1200013
-1198181
-1191808
-1181531
-1163599
-1162824
-1159367
-1156510
-1155696
-1155066
-1152861
-1152469
-1142618
-1137797
-1136128
-1130954
-1129784
-1121202
-1114407
-1109264
-1106048
-1102767
-1101204
-1095991
-1095558
-1094619
-1093877
-1089991
-1088181
-1082916
-1073067
-1065119
-1062837
-1062266
-1059082
-1058833
-1048397
-1048028
-1047320
-1045983
-1038104
-1036243
-1033374
-1025345
-1023967
-1023403
-1021898
-1019195
-1016158
-1012801
-1005321
-998670
-998424
-997288
-994030
-990154
-989426
-978894
-972758
-962036
-960531
-958999
-955074
-944815
-942126
-934058
-930840
-930326
-927994
-925931
-919286
-916948
-916177
-915369
-909347
-905170
-892379
-891591
-889000
-886974
-883363
-883163
-878324
-874087
-866862
-866296
-865829
-862959
-862656
-861821
-858394
-848552
-847479
-843376
-839809
-838496
-837761
-836055
-835202
-826879
-821550
-818285
-810354
-809353
-807541
-805819
-794876
-789599
-788813
-781031
-775201
-774279
-772599
-770200
-757832
-757735
-756829
-752520
-749902
-746233
-743005
-741177
-739467
-737848
-737102
-736607
-735975
-724096
-720349
-714653
-712330
-704364
-700585
-693918
-692291
-689721
-685655
-683661
-676582
-675950
-675391
-674603
-672100
-670993
-668469
-664721
-664474
-656598
-655783
-651246
-650811
-648825
-645902
-640911
-640174
-626085
-625749
-623747
-616585
-614793
-614241
-607244
-601950
-596561
-596505
-588065
-586378
-582899
-578354
-576167
-572937
-572079
-568866
-558863
-554514
-539361
-531732
-522975
-520901
-515071
-514087
-513662
-512521
-507124
-507035
-503964
-502981
-499683
-497397
-489314
-486754
-479776
-474437
-469176
-452942
-449602
-445317
-436919
-432640
-431972
-428353
-428191
-422474
-418762
-418733
-418390
-407541
-403230
-402900
-380315
-378286
-377950
-374504
-373727
-369095
-356654
-354109
-352230
-352059
-351047
-348719
-344623
-340669
-339444
-330885
-324739
-323863
-322559
-321187
-310254
-305898
-303345
-300639
-300247
-292542
-292386
-286160
-278699
-278360
-274728
-274392
-265542
-263199
-256923
-252641
-252015
-237788
-237756
-230208
-227733
-225387
-222502
-222286
-211239
-210446
-206315
-203518
-201185
-199681
-199604
-194748
-194580
-194086
-189969
-189834
-188859
-185464
-184965
-184785
-181217
-172366
-165935
-157705
-156467
-153155
-146104
-144027
-137640
-134045
-119669
-118942
-106757
-106401
-104402
-96861
-89933
-82734
-82489
-81477
-81405
-71174
-67909
-64302
-62221
-55440
-47934
-47596
-42180
-38600
-38201
-33969
-29221
-27626
-26597
-21294
-20025
-13180
-4255
307
4777
12716
13211
15539
21831
23358
44741
46564
47344
53882
64268
66250
77087
77290
81848
83458
87817
92551
97432
101033
112043
115316
122296
129770
130958
135431
146295
146361
146661
146791
148624
157476
163442
166913
180149
182478
188801
189232
197090
199931
200944
204184
204648
205563
206709
210750
212481
215551
217710
218792
231316
243114
245532
249132
263600
271199
275584
287815
298760
301029
303360
310969
311082
313254
318437
322960
323867
334701
334783
338052
341288
346381
351432
353422
353458
360619
365800
366516
371010
371402
371746
374017
390501
403227
403296
407845
413993
414686
414920
425428
443605
448204
458222
461214
465174
471349
471412
473584
474411
475224
489251
491450
499867
515569
520171
521394
521756
526400
529468
529523
530113
532463
533604
536336
538314
540979
542510
543646
545060
547821
551530
551663
554205
561779
564346
585739
586252
590538
593636
594320
595170
595214
595615
598135
605797
609868
612330
613996
617007
622323
622338
626925
627225
629347
630775
638523
639811
640542
644745
646599
650399
654288
661295
669376
671424
671997
676068
676094
684014
701745
704245
710328
711850
713135
714629
718248
726300
731071
732553
738487
745361
747550
748969
753480
756795
769630
771289
777815
787472
788429
789433
795303
797635
798205
800362
804954
806118
813434
813887
815916
824165
825674
837987
843981
845636
846152
854803
855550
857053
869995
875550
876901
880707
881400
893158
893459
913274
918852
923468
930728
931512
933988
934210
938164
939892
942611
948900
952533
957691
958070
965363
966342
968563
972420
974874
978806
981023
986219
994731
1004160
1006751
1010485
1017468
1019640
1025533
1032440
1044085
1047715
1047718
1048024
1051016
1056066
1056250
1056396
1062915
1065746
1071985
1082997
1087094
1087246
1090171
1091781
1095517
1104059
1106514
1117125
1117983
1120404
1131429
1131923
1137129
1140088
1163120
1164848
1167024
1175057
1185912
1187084
1192174
1197767
1201067
1211431
1211845
1213930
1215969
1216733
1218317
1224102
1228014
1228117
1229770
1229790
1229853
1234567
1240680
1242643
1246369
1250158
1253608
1254268
1267330
1269047
1273131
1284903
1287180
1297647
1299159
1299430
1299903
1303688
1304088
1304624
1306273
1308440
1309382
1316294
1319310
1319729
1320598
1321556
1322360
1328040
1335694
1336443
1354498
1356033
1359318
1368580
1372569
1376125
1377331
1377819
1382491
1382865
1384465
1388518
1389016
1393124
1393888
1394109
1394856
1395439
1396138
1397257
1397548
1397809
1405091
1418512
1420321
1423300
1424955
1431122
1434189
1434555
1436782
1444161
1451332
1455046
1456179
1457056
1458721
1459646
1460768
1465575
1465596
1478417
1482363
1482373
1483140
1489390
1495332
1497459
1499930
1504121
1507587
1509696
1513404
1518142
1519317
1520495
1527259
1528475
1532233
1536379
1538211
1538417
1538491
1545327
1545545
1551864
1561518
1566514
1568873
1569349
1574238
1574976
1580392
1588375
1589530
1593088
1593855
1597405
1605326
1610395
1614540
1617700
1626683
1628090
1631725
1633021
1638015
1638455
1649626
1657520
1665318
1665723
1666046
1668951
1671290
1675420
1681476
1690730
1692813
1694682
1697020
1699552
1699672
1701288
1704293
1706694
1706889
1709152
1709565
1714249
1720627
1721509
1724029
1729670
1738793
1741074
1742084
1742219
1745094
1749947
1752567
1753034
1754032
1754087
1756375
1757869
1770778
1773553
1776191
1777382
1782840
1782915
1784683
1791007
1795633
1810315
1817855
1818433
1820149
1822747
1823916
1827161
1828847
1830058
1841084
1849755
1862726
1866974
1868349
1871407
1874453
1875530
1875778
1876796
1879420
1881573
1882204
1885785
1886609
1891350
1894002
1897273
1897899
1904578
1910523
1916841
1917599
1918515
1924907
1929134
1929456
1930337
1954638
1960264
1960787
1966333
1966447
1979112
1981130
1983390
1985627
1994505
1995906
1999365
