-1997224
-1992914
-1990508
-1986273
-1977776
-1975099
-1970864
-1970818
-1970373
-1968777
-1954581
-1951705
-1951066
-1943367
-1942744
-1941736
-1938667
-1937267
-1929882
-1922838
-1918687
-1914045
-1914012
-1913856
-1900899
-1893157
-1882431
-1881827
-1880895
-1876789
-1871779
-1870553
-1864261
-1863355
-1859040
-1858942
-1846537
-1846152
-1841480
-1840347
-1831352
-1829220
-1827532
-1824950
-1815651
-1813801
-1810691
-1809539
-1802558
-1802168
-1801969
-1792579
-1790989
-1788826
-1782639
-1778621
-1776305
-1771513
-1762548
-1758086
-1757930
-1756814
-1755169
-1750560
-1748001
-1743553
-1741424
-1740770
-1733226
-1730635
-1728934
-1723986
-1717621
-1708526
-1699285
-1698254
-1697821
-1685449
-1684491
-1681720
-1675260
-1671980
-1669832
-1666317
-1664072
-1663579
-1657717
-1657497
-1656801
-1653431
-1650760
-1649924
-1647038
-1642109
-1641923
-1636561
-1632492
-1627023
-1620701
-1620349
-1618501
-1616940
-1616602
-1615030
-1614231
-1611659
-1605749
-1601043
-1597559
-1595353
-1579870
-1575083
-1573972
-1573559
-1571006
-1565579
-1560623
-1558706
-1540474
-1534052
-1525686
-1520395
-1516787
-1514777
-1511836
-1506459
-1506286
-1504438
-1495642
-1479539
-1474102
-1472707
-1463134
-1459271
-1458356
-1452573
-1449611
-1445016
-1442720
-1435248
-1432133
-1429476
-1419937
-1417894
-1417733
-1414877
-1413984
-1408166
-1407374
-1401952
-1400732
-1396229
-1385277
-1370628
-1370298
-1368113
-1366387
-1357969
-1356583
-1354045
-1336428
-1334942
-1334109
-1332462
-1329698
-1317241
-1306351
-1305836
-1296250
-1281858
-1278659
-1275025
-1271210
-1268755
-1265943
-1263879
-1263025
-1262601
-1262116
-1255897
-1252751
-1243084
-1240782
-1239305
-1237692
-1237116
-1235008
-1225596
-1225225
-1219460
-1219182
-1218149
-1216041
-1211843
-1211510
-1205337
-1199877
-1194113
-1190893
-1190075
-1189705
-1189146
-1188879
-1186470
-1186251
-1182056
-1176555
-1172839
-1171921
-1170204
-1165715
-1164786
-1162201
-1160850
-1156278
-1153501
-1151405
-1147490
-1128076
-1127735
-1121270
-1119528
-1119274
-1115531
-1112724
-1111879
-1111048
-1108984
-1107642
-1105004
-1097799
-1095424
-1094867
-1093998
-1093049
-1087063
-1076626
-1075864
-1075496
-1074268
-1069532
-1066992
-1066419
-1062871
-1059059
-1057170
-1051672
-1043689
-1041536
-1038949
-1036975
-1032238
-1030019
-1023286
-1011013
-1009332
-1008044
-1007052
-1005943
-1005274
-1001983
-1000703
-997988
-993530
-992203
-988756
-982058
-981089
-974558
-974187
-970395
-962048
-952353
-946024
-945749
-943534
-937882
-932933
-932557
-932443
-930850
-927159
-923792
-917061
-914626
-912589
-904738
-904240
-902906
-899233
-897523
-894577
-889093
-887240
-879352
-877952
-875036
-873233
-872766
-869706
-868594
-857333
-855548
-853854
-853661
-851489
-847290
-847167
-843926
-842865
-839028
-833908
-826707
-811469
-799084
-798405
-795078
-793676
-793093
-786183
-769690
-768684
-768613
-764696
-754222
-748714
-745094
-742667
-740173
-737339
-734488
-730784
-729809
-724787
-722896
-722548
-707381
-705271
-704988
-701463
-700193
-696963
-696899
-694438
-690177
-686268
-681683
-676588
-666751
-666499
-665422
-664884
-654782
-652111
-650082
-649480
-649348
-645364
-631083
-629853
-627630
-627382
-622405
-613651
-612255
-611051
-608671
-607333
-606570
-604612
-602374
-592004
-591539
-590014
-587234
-585701
-584923
-564281
-554036
-551065
-548651
-544322
-543908
-543061
-532891
-532866
-531347
-528203
-517335
-513500
-509838
-507568
-502910
-502048
-496375
-484887
-481621
-480255
-479959
-473676
-473148
-465677
-464565
-464280
-462829
-444941
-443487
-439899
-436010
-432733
-431010
-426571
-425518
-421921
-416426
-413108
-408021
-406424
-405172
-405024
-393862
-386005
-385764
-385733
-383211
-382963
-382227
-381150
-378810
-373548
-373437
-372176
-372035
-369711
-367033
-362031
-360818
-355387
-354585
-351817
-350468
-346250
-345176
-340704
-333571
-324906
-319196
-317885
-317182
-316345
-311217
-307409
-299024
-293328
-284585
-275516
-269594
-265583
-262552
-259475
-259473
-257746
-248361
-239410
-238462
-236512
-234682
-232935
-225655
-225325
-223337
-223079
-195421
-190296
-185227
-172573
-165335
-145154
-144167
-137322
-126202
-116515
-99452
-98659
-96660
-96328
-85948
-73150
-69680
-67239
-64944
-59521
-58313
-57725
-55055
-54209
-52225
-43246
-42790
-39121
-35325
-32955
-32142
-27954
-26271
-25494
-22813
-22102
-20106
-14408
-12469
-12386
-6572
-74
1500
2087
2522
3336
4658
5298
6245
6445
11815
14215
15570
15729
17331
21782
39617
40018
40429
45573
50260
53875
55353
75518
86948
90174
91062
92680
94506
95105
99765
100829
101539
111242
115879
129623
134007
138029
151494
158661
160827
163556
169287
170495
171315
186380
191316
194254
198818
204861
205841
207242
207754
208344
208555
224274
228953
233375
234129
234671
237048
238737
242999
252820
254195
256897
268521
268531
276684
282068
283365
284411
286875
294935
310654
312020
312882
313192
313493
315304
320187
323979
324651
329732
334014
343769
348500
348812
350080
372760
378878
379890
383780
389508
392717
393378
393836
396796
397413
398186
402140
409409
415838
416322
418488
420613
422597
422861
428359
428928
430796
440200
441502
447757
453003
456890
458861
463957
466134
469446
482162
483957
484385
486959
489157
492289
498597
502721
510688
510773
511805
513064
526161
535070
537341
538254
550807
557017
557323
562432
570636
571343
571741
576012
580563
582523
583869
588766
592682
593429
596557
599938
608321
609442
609697
616501
618595
623275
625137
626062
640703
643875
645354
645656
652457
664000
664698
667821
679243
681042
685754
694487
712433
714634
725692
733698
734082
734411
741595
742799
744033
744943
750499
757388
757740
760928
766648
768355
777042
783799
786486
786771
794447
795056
800453
800675
810709
811541
812658
816281
819435
819899
822895
836317
838158
838597
845448
851000
857493
858936
862777
863055
869155
874374
881919
886303
892125
893890
897361
909437
912970
914273
914631
914840
924963
948654
952289
965899
971961
976918
983123
990134
993606
996481
997972
998922
1006308
1016519
1018471
1033546
1036277
1039652
1040495
1043428
1046270
1048923
1051253
1052770
1054138
1061532
1068917
1075740
1076424
1085369
1088265
1088947
1091604
1094006
1096681
1101104
1106941
1110651
1113976
1117283
1122900
1123980
1127058
1134058
1137436
1148375
1149705
1151064
1152942
1153417
1161170
1162765
1166163
1172736
1173249
1175063
1175481
1190431
1196936
1198449
1205326
1209861
1210626
1215592
1221986
1222430
1227819
1230058
1239274
1246720
1248191
1249510
1250123
1250898
1253938
1254729
1255383
1255686
1259089
1263437
1272933
1275192
1277477
1280849
1283248
1291905
1292823
1292943
1308370
1310097
1313380
1318686
1325807
1332621
1333556
1334935
1335078
1338920
1352352
1358451
1372340
1372357
1376002
1376919
1385206
1390953
1393844
1395933
1396637
1403128
1405297
1410572
1411726
1412807
1414058
1436365
1438119
1438458
1446459
1448041
1459417
1464032
1472885
1474223
1479755
1480136
1486305
1488522
1488593
1488759
1490902
1491450
1501415
1509408
1526547
1528285
1529592
1530434
1536203
1541308
1543779
1544153
1549928
1553613
1557770
1562673
1566401
1566488
1575973
1577893
1578402
1581072
1591258
1592170
1597459
1599707
1599873
1599958
1613461
1621679
1623161
1627342
1630770
1630850
1630911
1633895
1635559
1635861
1645106
1647566
1648332
1650266
1652697
1660901
1663511
1665699
1666813
1668974
1672602
1678294
1684090
1684203
1686147
1694104
1695263
1696918
1697020
1697506
1699655
1700602
1705062
1706483
1707065
1710108
1714058
1717485
1732754
1739244
1744302
1749280
1752499
1765906
1769121
1771575
1775377
1784755
1785913
1789346
1790715
1793524
1794058
1799264
1800191
1800381
1807138
1808692
1812322
1827074
1827618
1831313
1840303
1840911
1841496
1842127
1847956
1853742
1854230
1856549
1857843
1861298
1863372
1866503
1868349
1871537
1874852
1876371
1878704
1879835
1887648
1894688
1906029
1922640
1922977
1929947
1933452
1933836
1934614
1939387
1943082
1944000
1946191
1948469
1950901
1958607
1971362
1974140
1976771
1980279
1980530
1983890
1986006
1986709
1987057
1987908
