-1995620
-1989853
-1984631
-1981984
-1976799
-1975356
-1974018
-1971048
-1970813
-1970152
-1965886
-1963275
-1960182
-1946082
-1945238
-1945219
-1943366
-1942721
-1941298
-1939549
-1935212
-1933814
-1928268
-1925981
-1917763
-1911497
-1911408
-1909662
-1907304
-1905667
-1904982
-1899697
-1897779
-1892587
-1885794
-1885535
-1884057
-1878702
-1874572
-1871941
-1870694
-1863589
-1860759
-1860193
-1858519
-1851012
-1839560
-1839344
-1838392
-1837510
-1836241
-1834720
-1833458
-1829776
-1826958
-1826660
-1821218
-1819447
-1816791
-1815689
-1812497
-1811007
-1810452
-1808785
-1802465
-1800837
-1791315
-1787909
-1786473
-1761755
-1759891
-1759127
-1759111
-1746211
-1743315
-1739369
-1737682
-1736631
-1734815
-1733242
-1724099
-1723580
-1717869
-1715577
-1711831
-1702783
-1686516
-1682281
-1679210
-1675401
-1673670
-1662994
-1662531
-1658949
-1656211
-1655676
-1655423
-1654686
-1651614
-1644066
-1643601
-1642272
-1641992
-1640162
-1639529
-1635858
-1634878
-1629061
-1624663
-1618194
-1617458
-1616573
-1615510
-1614507
-1612191
-1609594
-1609205
-1606659
-1602964
-1602450
-1597111
-1596443
-1594219
-1592949
-1585844
-1578153
-1575291
-1568200
-1565662
-1555126
-1551487
-1547680
-1545470
-1544281
-1542194
-1539800
-1537745
-1532576
-1532332
-1531130
-1524040
-1518666
-1516277
-1515311
-1509370
-1506351
-1498768
-1497361
-1495943
-1493442
-1492787
-1491319
-1480469
-1476533
-1470880
-1460539
-1446255
-1446171
-1444780
-1442649
-1441144
-1431490
-1430802
-1424612
-1421618
-1417157
-1407410
-1403678
-1398524
-1398473
-1398420
-1397994
-1390811
-1386576
-1386120
-1385340
-1380636
-1379123
-1369195
-1366390
-1365640
-1365589
-1363701
-1359847
-1359340
-1349563
-1345871
-1343476
-1334929
-1321598
-1316324
-1314089
-1313245
-1313227
-1289338
-1276047
-1273442
-1268684
-1255827
-1250771
-1243783
-1239247
-1234981
-1234974
-1225053
-1225018
-1213125
-1210193
-1204475
-1192777
-1189362
-1188903
-1182059
-1182041
-1180206
-1175960
-1171432
-1155120
-1154690
-1151302
-1147332
-1146109
-1141797
-1134245
-1131855
-1131414
-1128694
-1117809
-1112217
-1110210
-1108928
-1104590
-1102719
-1101407
-1099909
-1095803
-1084867
-1078247
-1077441
-1073928
-1072986
-1064213
-1059686
-1058128
-1058023
-1057735
-1055811
-1052883
-1050165
-1049368
-1047821
-1046290
-1045796
-1042264
-1040983
-1039641
-1035719
-1020981
-1012710
-994035
-989973
-987977
-985015
-982431
-982429
-979467
-969672
-965322
-960987
-948528
-947103
-945285
-939871
-939262
-936110
-935034
-933040
-924429
-924059
-919780
-918736
-918417
-914592
-905615
-904272
-903056
-900322
-899443
-898787
-891670
-874497
-871582
-869575
-860817
-858319
-857672
-857060
-852706
-836311
-835254
-829049
-827134
-819012
-805613
-803788
-800201
-785183
-784978
-783727
-778329
-771929
-764632
-759838
-758311
-752249
-751571
-749940
-747311
-744747
-738887
-738844
-733027
-730667
-726794
-721181
-720800
-713715
-713153
-712961
-711948
-708664
-706757
-685565
-685551
-684475
-681939
-681768
-675305
-666523
-665173
-662916
-655901
-638123
-634624
-630720
-630390
-626458
-615995
-613784
-608277
-607678
-606204
-595553
-589144
-582457
-575375
-575090
-567345
-562503
-562040
-549323
-548163
-542453
-539025
-538069
-536797
-536073
-534394
-532340
-529495
-523534
-516818
-512602
-510204
-508371
-506639
-502857
-497870
-496370
-495071
-473425
-472867
-472444
-468811
-462153
-457353
-453845
-449170
-446807
-445906
-443638
-437914
-436822
-435361
-432061
-431348
-427150
-422815
-421947
-419704
-413113
-411781
-409416
-408077
-405647
-398089
-395283
-393939
-390154
-388574
-386192
-385619
-381961
-381314
-375019
-371602
-364017
-363486
-351974
-335653
-335174
-332243
-324790
-323638
-323389
-320724
-320707
-318108
-314860
-307424
-306127
-306019
-293462
-276426
-274060
-272138
-269966
-267934
-265319
-261327
-259119
-258086
-254154
-250794
-246768
-245534
-244548
-239601
-220860
-214377
-213832
-208684
-208104
-190459
-187169
-185598
-182009
-177789
-173231
-172858
-169030
-168505
-167901
-165931
-149496
-146884
-146463
-139837
-139406
-130462
-128997
-128205
-127109
-116659
-116488
-115929
-115665
-112939
-111847
-105603
-105487
-96720
-84879
-83323
-81662
-76046
-75622
-75381
-69604
-68336
-63083
-61874
-54861
-50278
-41345
-40185
-33704
-33379
-19591
-16934
-9970
-8361
-4150
-4030
-2186
-1190
5299
7229
11725
18680
18699
24777
34073
38528
49374
55833
58825
66250
66521
73023
80027
80945
83789
83944
88548
89120
91949
94304
97426
100254
103689
104602
106974
111081
113666
115384
118848
121489
125279
129536
138244
139932
143559
148511
151021
156293
168810
168905
169789
170056
175248
177318
182260
187165
188341
189800
195691
195741
197373
202220
207186
209242
212195
213052
214006
214455
217947
220546
222438
222976
233533
246294
258011
259346
269324
271126
284217
287648
287918
292935
292956
293797
294035
294312
298097
304244
304743
306849
308607
315412
315597
320447
323797
326035
340181
340218
352081
353319
355738
356543
367292
369837
372914
378747
383417
385600
386096
399785
402498
407258
407278
407851
408461
409593
413328
444174
449098
451525
452211
452525
454743
455074
455648
455996
464741
469533
473224
473738
474943
487193
497115
505548
506692
507101
515396
522303
525049
526022
526309
532874
539802
546642
551388
558115
565091
565836
567279
569146
573791
575795
576661
577894
581388
584885
587827
591297
594548
595520
597211
597304
599362
611155
617041
622473
623561
626721
629383
635415
636886
643197
646961
648281
657549
659747
661000
663306
671787
679941
695656
696594
701589
702240
704143
705059
708107
726551
727911
731756
735074
735910
740444
740466
752624
752649
753154
755402
762135
763526
767766
769403
779081
781353
790716
795892
798187
801428
805536
807624
809680
811487
819434
828707
831361
832794
837800
839924
847948
847987
852751
855604
857789
860523
862462
862669
862679
865992
866898
867002
879494
880174
880213
892276
895118
895660
897440
898004
899371
901576
902329
914927
917212
918508
926397
927711
930523
931505
935278
936011
942727
948328
954212
978999
981307
986693
1004273
1027837
1030419
1031425
1041445
1042114
1043701
1049864
1053454
1064159
1070304
1074371
1077182
1078285
1079808
1085376
1088760
1092524
1092537
1097213
1102855
1117029
1118318
1119431
1120188
1124171
1133181
1144538
1150710
1159676
1170139
1170424
1170469
1176107
1182439
1185454
1186594
1191781
1198874
1205566
1211153
1217300
1219445
1220774
1224115
1230614
1231144
1233037
1234099
1234528
1238721
1240517
1247882
1251382
1265884
1270787
1271357
1274060
1280601
1291702
1300359
1300595
1302599
1305047
1308189
1312480
1314518
1315613
1326265
1327191
1328183
1328754
1331324
1332543
1334691
1340481
1344685
1345609
1350121
1367661
1370411
1375729
1379326
1380186
1381442
1382546
1385265
1386353
1388243
1409189
1411159
1411208
1412448
1412641
1415231
1425018
1425442
1434475
1439373
1439532
1439771
1445463
1445572
1454783
1464348
1469067
1471025
1472409
1478316
1482056
1482559
1484702
1487606
1488281
1490084
1491877
1503900
1506889
1507983
1513119
1517410
1517791
1519370
1527707
1530739
1534874
1539631
1543301
1545962
1548351
1558407
1558520
1563384
1569097
1578326
1584305
1591815
1599982
1603093
1606085
1611441
1611880
1614780
1617420
1618896
1618998
1630151
1632132
1632835
1636546
1638686
1644709
1656622
1661085
1661999
1663909
1663977
1667911
1672760
1675277
1678679
1680157
1683341
1685191
1687534
1689284
1695750
1702328
1705214
1706146
1717527
1721981
1724438
1728568
1728926
1734217
1740006
1745121
1748477
1769540
1771883
1780417
1782127
1786221
1788666
1793045
1799209
1803275
1806417
1807018
1809270
1809571
1809823
1811770
1812824
1824456
1826704
1827480
1831088
1833736
1836735
1845758
1862957
1863236
1865805
1869525
1869554
1871496
1872877
1878413
1879177
1881660
1884871
1891817
1895481
1901296
1906756
1907837
1912277
1915358
1916081
1924472
1929742
1930292
1939598
1939644
1941752
1942775
1943196
1945661
1946747
1953308
1953373
1955301
1955483
1959207
1968997
1977013
1977079
1979279
1982241
1983881
1989318
1993499
1997180
1999877
