-1994569
-1982573
-1973216
-1972965
-1969806
-1963986
-1951572
-1946808
-1941780
-1938788
-1938049
-1935268
-1931111
-1930690
-1922770
-1920652
-1918056
-1904517
-1888439
-1887099
-1886535
-1885776
-1879422
-1878313
-1870003
-1869802
-1869463
-1866803
-1865568
-1864447
-1858963
-1853525
-1851272
-1844931
-1839804
-1837698
-1834702
-1827650
-1821769
-1820749
-1820395
-1819842
-1818086
-1815758
-1813152
-1810797
-1809409
-1808915
-1808642
-1803236
-1802588
-1801753
-1791826
-1786911
-1785651
-1783780
-1767756
-1763418
-1762336
-1760698
-1754306
-1750884
-1746849
-1740303
-1737539
-1736453
-1735966
-1734945
-1733901
-1727386
-1722077
-1721678
-1717951
-1714294
-1712612
-1709118
-1708845
-1707748
-1707008
-1699873
-1696388
-1692145
-1689527
-1685771
-1683326
-1680786
-1680259
-1676705
-1676591
-1674190
-1669473
-1665994
-1653435
-1650351
-1646736
-1637992
-1635659
-1634020
-1631044
-1622099
-1615948
-1612061
-1610935
-1608775
-1605600
-1605561
-1605188
-1601717
-1600287
-1593307
-1589307
-1586133
-1585256
-1580644
-1575207
-1569935
-1567048
-1561699
-1554853
-1551037
-1543746
-1543108
-1536105
-1534133
-1523618
-1523231
-1515664
-1514658
-1514408
-1508690
-1504667
-1503724
-1498382
-1498043
-1492910
-1492903
-1490331
-1484252
-1483475
-1483054
-1480697
-1478490
-1477674
-1475700
-1475084
-1474704
-1474613
-1447521
-1444356
-1442677
-1439728
-1437428
-1434359
-1434073
-1422236
-1417534
-1410043
-1405444
-1402939
-1400706
-1397919
-1396157
-1393267
-1391818
-1385763
-1374488
-1370926
-1368962
-1368905
-1367775
-1366095
-1365341
-1364951
-1364029
-1357947
-1356640
-1353744
-1346067
-1345550
-1337566
-1332393
-1311325
-1300120
-1299588
-1298251
-1297563
-1297379
-1296522
-1294265
-1281387
-1281350
-1280924
-1271950
-1269903
-1264692
-1262210
-1255102
-1253154
-1252636
-1251338
-1248148
-1244518
-1242243
-1240549
-1238763
-1234947
-1233752
-1232624
-1232241
-1221226
-1218385
-1215548
-1215523
-1207141
-1207012
-1206251
-1204705
-1204373
-1186761
-1184264
-1182728
-1180110
-1177809
-1170867
-1170555
-1153352
-1152789
-1151857
-1151494
-1146432
-1142441
-1140250
-1130905
-1124489
-1121705
-1117828
-1116416
-1115430
-1112866
-1110072
-1105142
-1105068
-1098871
-1094499
-1091756
-1091281
-1089833
-1089648
-1082764
-1076196
-1072509
-1072002
-1070719
-1066418
-1064349
-1060255
-1057357
-1055815
-1053473
-1042849
-1042265
-1041882
-1041596
-1039751
-1032063
-1030830
-1025471
-1020233
-1018355
-1016426
-1015942
-1015294
-1011397
-1009506
-1008058
-999299
-994179
-989634
-986819
-981885
-979819
-974590
-971521
-969597
-967843
-965577
-961895
-955547
-953570
-952336
-948588
-948578
-947269
-946137
-940138
-939067
-938981
-918134
-911474
-910348
-909428
-903695
-895487
-886381
-880677
-865260
-861197
-861162
-857607
-854367
-853990
-850340
-849394
-841832
-823501
-823177
-818616
-817836
-812984
-812692
-811973
-809387
-804982
-800998
-792884
-790178
-784111
-778791
-775991
-769762
-768965
-760477
-755849
-754859
-750586
-740394
-736896
-734058
-731952
-721237
-718134
-716583
-716118
-690610
-689601
-684674
-679135
-678804
-677989
-676769
-671516
-666793
-659224
-657708
-652696
-651510
-651180
-647499
-642890
-637624
-625254
-620452
-617383
-616344
-612004
-610948
-598460
-597462
-589435
-587803
-584179
-580635
-579256
-576769
-574984
-574855
-572888
-569129
-568052
-567429
-566038
-557556
-556550
-555907
-554307
-553850
-549182
-546494
-543999
-543851
-543046
-541119
-538349
-537065
-529864
-515019
-513091
-512729
-511675
-511583
-511431
-505528
-494907
-493693
-486945
-485268
-483658
-483525
-480636
-471349
-468080
-462438
-460799
-459908
-458670
-458465
-446003
-438929
-436479
-422153
-421091
-421010
-420416
-417399
-409129
-408308
-403450
-400200
-398451
-394872
-392041
-391338
-391270
-390521
-384480
-382028
-378471
-378327
-363776
-354942
-352427
-348823
-338899
-332572
-330721
-326864
-326161
-325465
-322662
-318046
-302940
-297377
-294335
-292100
-283939
-281787
-280493
-267690
-263564
-253970
-249421
-249018
-247324
-243769
-241818
-239298
-237562
-237545
-230731
-227769
-225881
-222706
-217885
-214851
-214351
-211172
-206332
-199340
-198644
-190166
-188882
-188185
-187085
-186062
-184811
-183619
-171461
-163430
-159012
-156690
-155233
-153047
-150349
-148665
-140689
-139191
-136564
-134650
-129653
-116880
-112542
-107404
-104508
-97475
-93346
-90693
-81898
-80172
-80034
-71888
-71673
-69254
-64536
-62125
-56118
-55014
-54830
-48985
-48037
-36775
-35157
-32938
-31658
-28691
-25634
-25040
-17112
-15394
-8913
-6278
922
1192
7846
12327
26000
30198
41197
42015
43400
46793
55175
60347
67787
69345
79392
92352
93586
103550
113681
115148
115733
117729
118097
131402
136228
141577
146228
151590
154740
163099
165263
178195
182592
186202
187021
187189
189349
199513
202581
214319
215867
218657
226853
233890
233941
235400
237456
239621
249271
249281
255535
256714
259081
260209
264811
265426
267071
268530
271145
272277
275447
276254
282763
283268
283576
291336
294526
296237
302027
311016
311040
311568
312056
312373
312630
326402
340781
344150
344558
347925
349136
352884
354702
357733
358895
359467
360478
364786
367962
371236
371290
375385
376137
378425
379356
382642
397178
398190
398620
401755
410648
415274
418607
420785
426782
428379
430900
437213
437608
440465
440578
448983
452171
457422
460863
464646
468070
472975
476893
480623
480850
482040
491550
505560
508039
516906
523011
525912
526386
532979
536141
536928
537287
545427
553292
565512
566124
569709
571591
572951
576535
591274
598667
600755
605002
609348
615573
619079
620977
623785
623883
624898
626030
636493
640322
641734
643062
643788
644707
645136
646083
657796
657992
659215
666880
671178
672083
672469
672820
673397
674250
683555
684076
696714
698334
703671
715026
717105
717441
719143
726590
734522
736052
742263
750730
754679
765758
766386
770818
780662
780902
783493
783605
793530
798135
802441
806741
807809
812987
813140
821939
823518
825269
825305
827206
827252
830438
837817
838344
840286
851636
859315
862000
863576
865427
867116
867562
867825
871176
871775
877622
879623
881372
882643
884168
891419
892023
892593
907413
908708
909279
910725
913498
914402
917704
917853
929428
932533
933758
934592
939768
944382
944765
945462
951736
952036
952706
978482
978792
980862
1000607
1002238
1003117
1005558
1006903
1013069
1018017
1018973
1022652
1023836
1027598
1043206
1043328
1049173
1050236
1060857
1060891
1066956
1072756
1076862
1077279
1077708
1079820
1079994
1081889
1099476
1099761
1108784
1114798
1114906
1116717
1122033
1123114
1127589
1131665
1142612
1149862
1149894
1159566
1160725
1163489
1167028
1167292
1169102
1174919
1176351
1182978
1184704
1187948
1192885
1196614
1200618
1200780
1201353
1205621
1213599
1217927
1221647
1221902
1234258
1239579
1249244
1250798
1251095
1258542
1260206
1285723
1289034
1290068
1291863
1293097
1293676
1297945
1299623
1300495
1300568
1301432
1308980
1316716
1324033
1327371
1333142
1345075
1345816
1348635
1350016
1351455
1352003
1364935
1374816
1388085
1388857
1389766
1390331
1401989
1403351
1404213
1408702
1415805
1419094
1425413
1432465
1433387
1443496
1444289
1446980
1467372
1467423
1483471
1486297
1488326
1488733
1491659
1506049
1530391
1537864
1547775
1548878
1550552
1556051
1556301
1564169
1566740
1568848
1578176
1580264
1583258
1585722
1588927
1596310
1597255
1602937
1604017
1604315
1605238
1606154
1606728
1607069
1607848
1608474
1611207
1614650
1615598
1619553
1619912
1629267
1630421
1630918
1646713
1648984
1649766
1655038
1660415
1660636
1664722
1667566
1669385
1678081
1683485
1687934
1692316
1696585
1697305
1717973
1725172
1725425
1729065
1735986
1738008
1739572
1740990
1741376
1745774
1762437
1764031
1764466
1765892
1767380
1770917
1771675
1774314
1790122
1810774
1822952
1825980
1837776
1840795
1841725
1844603
1846828
1849326
1851495
1853289
1855175
1859478
1862482
1873412
1880174
1884537
1884613
1886601
1889269
1892213
1899479
1902043
1902674
1915226
1920155
1925502
1929019
1934873
1935688
1940617
1943510
1944881
1949169
1953097
1969977
1974967
1997079
