-1999262
-1998296
-1997576
-1993446
-1988304
-1984210
-1982525
-1982481
-1977824
-1965530
-1963431
-1957376
-1953699
-1952998
-1951705
-1943110
-1943105
-1943062
-1937659
-1935745
-1933840
-1933429
-1933121
-1930699
-1930145
-1927453
-1918533
-1915716
-1912430
-1911757
-1910941
-1910486
-1910397
-1901029
-1896326
-1894562
-1892845
-1866550
-1858899
-1852126
-1848006
-1840258
-1838912
-1837970
-1837080
-1835234
-1832559
-1828129
-1824673
-1824090
-1814548
-1810427
-1809035
-1806211
-1804509
-1802775
-1801808
-1801494
-1798764
-1796621
-1793513
-1785493
-1785230
-1783340
-1779914
-1776559
-1772851
-1771397
-1754918
-1740777
-1739653
-1736448
-1734449
-1724000
-1723382
-1721761
-1716596
-1711202
-1705569
-1704809
-1700958
-1696807
-1694905
-1692867
-1689101
-1687962
-1686043
-1679387
-1675711
-1671814
-1669804
-1666001
-1663737
-1662379
-1661356
-1658248
-1657027
-1656523
-1651681
-1646244
-1638891
-1634198
-1624135
-1619749
-1616800
-1609564
-1603891
-1602422
-1599949
-1599041
-1597749
-1596172
-1587163
-1585304
-1585134
-1572739
-1569415
-1568365
-1566836
-1553744
-1552725
-1541196
-1537642
-1537277
-1533745
-1528751
-1524709
-1522929
-1522899
-1516057
-1512545
-1509555
-1507745
-1498042
-1490047
-1488735
-1487615
-1478632
-1476524
-1472876
-1467323
-1451441
-1448409
-1441131
-1439842
-1432753
-1428232
-1420006
-1416670
-1416104
-1414967
-1414286
-1404538
-1403638
-1403056
-1397334
-1394976
-1394292
-1393364
-1392181
-1386893
-1385872
-1385731
-1383019
-1372769
-1365453
-1364564
-1364337
-1363941
-1358715
-1349054
-1347262
-1343397
-1340722
-1337881
-1334974
-1330862
-1326544
-1319642
-1314731
-1308680
-1305609
-1302683
-1297799
-1287643
-1279718
-1277745
-1275925
-1275587
-1275338
-1262031
-1253332
-1252138
-1250416
-1248241
-1245734
-1243530
-1240894
-1239221
-1234830
-1233092
-1224304
-1223592
-1222764
-1218566
-1215630
-1210714
-1210068
-1208982
-1208230
-1202549
-1197660
-1181783
-1179015
-1176742
-1171013
-1164772
-1161624
-1159586
-1152096
-1149345
-1144326
-1143053
-1142145
-1137787
-1132323
-1125292
-1123127
-1121591
-1114311
-1113770
-1112819
-1111579
-1109005
-1104205
-1100433
-1100299
-1097989
-1097553
-1097316
-1093199
-1091154
-1087699
-1083587
-1083415
-1081604
-1080363
-1078190
-1077331
-1070757
-1069807
-1064100
-1052543
-1045409
-1042045
-1041133
-1035865
-1032026
-1031831
-1025685
-1023707
-1020332
-1018883
-1007653
-1007173
-1000117
-989863
-987314
-978486
-978406
-978053
-972256
-971198
-964174
-963814
-954797
-945267
-943336
-937587
-936461
-930180
-926063
-923825
-918358
-917561
-917401
-915886
-902926
-901873
-896509
-889251
-886347
-883432
-879636
-877403
-875894
-874103
-867536
-857554
-847148
-841795
-841675
-840427
-840351
-826190
-825839
-823407
-821301
-814549
-810249
-809721
-796172
-794518
-793572
-787734
-787130
-778297
-772396
-770678
-769548
-764209
-757880
-752340
-750906
-747975
-744926
-738205
-737757
-735511
-732281
-731376
-731106
-725597
-721199
-705396
-693354
-690623
-684011
-672881
-668587
-664100
-659816
-650581
-645843
-640473
-629855
-623721
-622138
-619281
-613431
-612891
-610687
-609322
-608200
-607779
-607692
-607643
-607053
-605811
-603124
-581993
-580299
-578662
-573000
-561936
-538756
-537187
-519197
-517018
-514595
-513043
-512031
-507820
-507722
-504413
-502847
-486028
-485232
-478791
-471284
-471185
-468765
-468348
-451452
-451044
-443946
-440921
-440889
-437582
-429462
-424742
-423843
-414525
-403234
-391320
-381218
-379361
-375704
-374031
-373028
-371522
-370175
-369047
-368923
-367235
-354745
-353831
-352801
-350454
-347901
-341150
-338146
-333001
-332133
-331315
-329230
-324415
-322203
-309581
-306951
-303654
-299819
-298631
-291945
-291375
-279947
-277502
-277407
-272021
-269853
-269367
-267541
-265086
-264515
-264132
-242024
-230506
-218092
-214911
-208282
-203968
-203283
-197608
-190055
-183747
-179849
-179812
-179330
-167307
-166513
-164395
-159378
-151572
-149574
-149378
-143228
-132829
-132179
-129350
-128767
-126165
-115386
-108585
-100257
-97140
-93385
-90061
-85887
-75060
-71485
-69681
-68536
-63503
-62475
-60772
-49357
-47308
-44690
-43276
-34649
-33476
-29591
-29279
-25711
-23556
-20006
-15075
-13548
-11195
-6367
-2359
3220
5908
14224
16077
17236
18592
23383
24796
28637
34429
34850
37536
38063
38329
40150
40980
51012
54572
54958
63449
68928
75371
78100
78423
78888
80951
82107
82509
88971
90168
93571
94036
99625
102223
103774
116332
120725
134858
135072
135376
141606
142720
145476
149952
152449
153320
153738
157671
164234
175107
175753
177842
179797
180281
181876
189599
196391
200307
207425
214131
215843
217233
217261
218874
223876
224154
233023
233041
239220
240384
252206
260554
264029
266382
273609
274220
274588
275395
277036
278223
280346
289237
295538
296691
297142
316477
319344
329216
346526
349686
358061
358739
373377
374917
383503
386152
392532
395598
404079
406341
406474
407239
407867
415362
418952
421379
421779
425500
427115
428820
438868
451131
453571
454132
456224
458951
465317
471894
473088
478059
488050
491813
498472
508456
514581
516956
517333
517534
531525
534412
534539
537435
538701
540196
544111
544187
551435
551646
554161
556131
556186
557239
559618
576624
581303
591191
592757
604673
608124
614452
615427
618089
618142
621008
621724
627920
630629
631515
640285
641057
641999
645525
647839
649799
658622
658736
663100
663936
664696
666261
666364
668624
670452
677276
680173
681104
685265
686041
686856
687569
688817
695312
698637
705763
709642
712021
712798
717536
718600
719745
730659
731882
736789
737112
738804
743548
744692
746230
747080
748377
754169
758800
764441
777735
779648
795309
796882
803088
805285
806706
808389
811000
813392
822388
836780
838398
840860
848725
852076
853501
861336
863458
863501
865386
869659
869662
871653
876222
879051
879938
880231
887274
888406
890351
894880
900287
925282
936764
940453
944328
946203
946345
947348
947921
952386
955448
959543
961181
963116
963551
963767
970334
976898
999183
1007872
1009441
1020418
1020813
1021019
1022579
1024643
1025642
1029245
1041623
1044261
1058330
1066866
1068433
1073098
1073327
1075347
1078856
1080103
1083202
1084626
1090562
1099108
1103371
1104254
1104388
1107120
1109224
1112080
1112869
1115178
1118709
1121855
1121986
1125190
1125891
1125915
1126468
1131380
1133266
1142810
1146865
1150185
1150428
1150676
1150784
1153062
1153760
1154230
1156515
1156734
1158603
1170269
1174869
1176682
1177260
1177700
1179590
1181465
1181478
1182131
1187016
1193502
1200641
1201563
1203277
1203781
1206100
1208214
1209744
1211159
1220531
1221260
1223560
1226938
1231075
1238673
1239638
1241195
1246252
1246382
1252116
1255046
1258585
1261280
1272899
1279400
1281628
1282594
1289027
1293664
1298422
1304846
1308514
1308725
1310237
1317431
1320555
1322985
1324704
1326719
1329795
1340288
1358688
1361880
1368817
1388144
1389785
1391359
1395558
1399683
1400131
1402695
1408607
1409689
1410568
1415643
1421328
1422208
1427201
1428049
1428055
1433956
1435510
1435803
1442462
1444529
1444809
1445845
1447575
1460227
1464747
1467599
1471554
1473305
1473350
1480287
1488082
1489429
1500093
1505870
1526250
1528997
1529168
1530099
1537034
1537930
1552659
1553900
1554221
1555559
1558235
1565865
1572439
1575357
1584831
1585833
1599421
1603235
1620549
1631284
1654342
1659102
1662872
1663443
1665871
1666860
1678239
1679464
1688337
1690646
1690657
1692829
1693684
1695243
1698935
1711449
1712181
1716438
1719998
1725825
1726789
1727231
1732498
1736795
1739328
1739818
1741349
1741784
1742603
1750394
1751554
1760223
1762796
1763078
1767531
1772771
1789401
1793392
1796366
1804101
1804537
1805424
1806256
1810918
1811093
1813153
1815186
1816554
1818628
1819863
1820033
1827991
1830348
1835005
1835910
1838783
1849585
1853923
1853947
1854166
1858643
1859379
1875279
1878798
1882433
1884617
1888904
1890802
1890898
1895330
1897595
1902586
1910673
1910816
1919415
1927959
1928476
1932040
1938114
1938250
1945516
1946710
1951573
1951818
1952917
1955160
1960909
1961497
1965191
1986750
1987140
1996677
1997374
1997848
