-1991398
-1980747
-1974928
-1974142
-1973132
-1971097
-1968976
-1967146
-1965207
-1962125
-1960525
-1958404
-1956412
-1955173
-1942653
-1942512
-1942371
-1939085
-1934417
-1930018
-1927904
-1916970
-1904694
-1889215
-1883537
-1881554
-1876308
-1867323
-1849932
-1846738
-1844262
-1833464
-1829705
-1827148
-1826902
-1810542
-1804925
-1800813
-1795660
-1791704
-1790352
-1778685
-1773786
-1770055
-1768613
-1764931
-1758818
-1758374
-1756374
-1755814
-1752613
-1752456
-1751359
-1749497
-1743779
-1740667
-1730004
-1727697
-1724224
-1720699
-1714380
-1713007
-1710886
-1705547
-1703058
-1698504
-1692148
-1685623
-1681483
-1678912
-1674838
-1674718
-1665545
-1661088
-1651305
-1648758
-1647872
-1647800
-1635875
-1627850
-1627349
-1624433
-1621850
-1613195
-1608648
-1606815
-1604469
-1599694
-1596972
-1590925
-1589471
-1586745
-1581261
-1570158
-1567397
-1562653
-1554624
-1549007
-1546266
-1540941
-1539578
-1537126
-1533661
-1533310
-1526336
-1522811
-1516447
-1513937
-1510142
-1508655
-1500150
-1499155
-1498849
-1489333
-1483555
-1482507
-1480991
-1479077
-1473261
-1472570
-1467707
-1464172
-1463092
-1458412
-1454079
-1453207
-1451489
-1450675
-1440293
-1438353
-1437546
-1430282
-1426459
-1422941
-1421945
-1421791
-1420886
-1420269
-1419687
-1419293
-1417765
-1411914
-1406459
-1395875
-1389777
-1389722
-1386516
-1384516
-1378252
-1377993
-1377000
-1376068
-1374101
-1373760
-1372506
-1369117
-1362588
-1362287
-1356896
-1356871
-1348505
-1343909
-1327813
-1317173
-1313386
-1311200
-1309234
-1299504
-1291214
-1288354
-1287147
-1282586
-1276482
-1276442
-1271181
-1267798
-1266331
-1264958
-1264345
-1264187
-1257905
-1256987
-1253331
-1251963
-1249088
-1248359
-1240663
-1235523
-1224493
-1222285
-1215697
-1212279
-1211410
-1207725
-1205935
-1204476
-1203365
-1197684
-1188292
-1187287
-1185899
-1179957
-1175013
-1172156
-1162601
-1161081
-1160813
-1156958
-1146610
-1146384
-1142307
-1129340
-1127868
-1126237
-1121283
-1099111
-1095937
-1083800
-1082325
-1079895
-1077725
-1076482
-1069868
-1067786
-1064169
-1063300
-1056206
-1053450
-1052500
-1051426
-1051355
-1050627
-1037678
-1033631
-1025570
-1019374
-1014692
-1014646
-1006860
-1006597
-1006194
-1006027
-1005747
-991714
-991660
-986024
-983862
-980234
-975264
-973282
-970765
-963141
-961715
-956405
-953819
-950140
-941357
-940749
-938650
-935160
-927217
-924128
-905647
-904900
-902657
-899111
-893642
-889041
-882080
-879024
-877515
-874901
-874367
-862654
-862022
-860294
-846361
-845455
-832840
-828857
-826027
-815089
-810482
-808751
-805890
-805024
-805000
-803703
-799586
-797227
-788197
-784522
-776442
-774536
-773540
-770579
-760609
-758003
-753203
-751571
-750236
-746633
-745246
-738387
-733804
-730264
-725163
-721731
-719861
-716085
-712051
-712045
-706318
-706109
-697520
-689307
-679345
-678803
-671692
-670610
-667934
-664887
-662972
-655101
-652935
-652923
-651848
-645932
-637558
-635056
-631243
-628922
-627738
-622438
-614237
-614025
-610296
-604475
-599719
-597950
-597761
-592734
-587861
-587087
-584095
-581897
-579478
-577984
-577447
-570634
-569303
-569227
-563300
-551131
-544396
-542243
-542185
-534902
-530967
-529709
-527404
-525723
-520456
-519068
-518385
-514669
-506404
-505413
-505193
-492748
-483911
-469471
-466937
-466128
-462056
-458428
-457039
-454236
-445954
-440442
-439808
-438583
-437601
-432102
-426913
-423495
-423129
-420498
-414695
-412208
-411649
-407435
-403152
-392316
-390645
-381667
-374373
-371242
-362581
-361068
-360749
-360188
-358966
-358593
-348040
-344558
-344266
-343469
-336404
-336143
-331724
-330789
-327630
-324886
-322977
-322090
-314715
-312019
-289974
-286408
-281121
-268639
-266104
-265576
-263160
-262522
-256597
-256427
-252703
-244207
-235959
-230986
-230911
-229712
-228989
-216654
-205919
-205720
-201564
-190647
-190165
-180368
-174028
-171356
-163271
-162272
-158383
-155286
-153163
-134902
-127137
-117696
-115495
-114531
-109752
-109260
-104518
-103711
-102249
-101872
-96908
-96145
-94454
-89548
-83001
-82999
-80407
-78382
-73806
-71695
-69545
-65768
-65419
-63886
-55685
-49699
-49623
-41785
-38584
-38136
-35321
-33442
-27742
-27055
-24987
-23830
-6515
-6363
-3738
-3470
-3360
-3104
2060
2761
4555
12064
15474
18955
20668
21819
26025
26444
28441
28858
31911
40697
42338
46126
46542
47213
51218
51369
60082
60449
61829
65546
81598
81888
82809
87749
89598
103481
105806
114163
118711
119034
119093
121046
121370
131961
135989
140702
142268
145430
146411
150165
152772
152922
154114
154841
159686
162064
162131
166506
167085
167825
177928
181523
186509
195581
196387
197265
198752
205824
206398
209812
214133
216096
218025
224598
233760
238933
248171
248264
248618
255115
260890
263923
268030
269065
270481
275616
283145
283995
287501
291058
294003
295007
298572
303337
304627
307092
310486
316201
316241
327525
330987
337025
339143
340372
340580
341852
347887
348225
361764
363157
365732
370587
372101
372272
374657
382025
404818
405168
409229
411613
411704
412225
415898
415934
417526
426169
427601
428418
436840
438792
439117
440639
447864
454329
459062
462080
464357
465851
471160
475354
475439
475776
478977
484493
484953
489247
493394
504493
505418
506790
515353
517392
534063
534588
539544
540719
542180
543890
544046
544592
555084
560159
560835
563311
566837
571924
580577
582989
583132
585755
586811
588946
591117
597429
597453
606398
611912
613457
616515
617675
621656
622688
624690
628070
628911
638920
647965
653685
660391
666284
670516
671163
676964
683011
684494
687082
689732
694042
695913
697002
697991
698315
703931
704323
709301
709985
714515
719360
722616
727342
734523
747820
749613
763183
764871
776598
778020
781392
786231
789306
796824
798388
798509
806310
811981
814471
816853
819124
821028
821813
824015
831535
832432
844671
846026
846115
854917
866489
869296
871396
875527
881678
887912
888280
891405
905799
906568
908640
915166
924794
924933
937459
939222
942905
945438
956011
959057
960941
969631
979145
982608
985474
990269
996219
1004786
1026267
1027522
1027948
1029026
1029620
1029845
1034885
1041321
1042406
1052173
1055775
1057280
1058360
1059080
1059653
1062482
1064522
1068928
1069861
1070352
1089995
1095206
1098618
1103208
1104336
1105225
1108078
1117452
1119194
1120768
1121182
1132988
1141389
1147222
1148775
1157891
1160084
1160540
1162488
1166084
1167898
1169003
1172219
1174357
1175627
1181289
1187876
1190482
1192927
1198070
1198385
1199290
1205614
1211758
1211775
1212765
1217308
1218086
1219964
1222535
1229767
1232213
1235706
1239543
1253907
1256398
1279751
1281130
1281606
1284519
1285950
1288093
1292335
1294552
1295360
1298171
1300476
1308733
1310904
1312224
1316406
1317061
1319083
1319263
1322754
1324233
1325229
1336222
1339259
1339788
1345274
1346893
1349411
1351894
1364061
1375119
1382816
1387632
1388076
1391270
1408040
1413437
1414390
1416433
1420298
1424053
1428385
1434778
1434958
1435118
1438460
1452475
1453675
1455671
1456902
1457284
1460397
1472599
1474050
1476733
1478903
1483017
1486147
1486284
1489167
1490397
1490875
1498390
1505591
1506457
1507272
1507634
1508721
1508819
1511676
1513121
1518137
1538087
1539168
1552428
1561393
1567763
1570440
1572231
1576462
1594557
1598369
1604087
1604271
1605714
1611940
1615145
1621582
1622370
1624387
1625510
1636821
1640939
1644441
1646669
1646683
1651366
1651677
1653753
1662110
1668468
1669705
1673167
1673732
1674783
1677420
1682630
1688151
1691279
1693238
1701894
1705200
1705652
1709422
1711233
1717871
1718703
1723775
1734708
1739645
1741135
1742794
1748707
1752945
1754892
1756223
1756684
1759181
1769709
1771219
1776046
1799861
1801260
1805378
1808311
1810248
1815524
1823087
1823628
1825219
1827098
1831117
1833698
1839986
1840167
1853942
1862763
1867099
1869484
1870238
1872884
1877997
1879193
1881424
1882409
1883868
1889153
1892467
1896543
1897395
1900444
1903635
1913159
1913170
1917941
1926898
1930501
1932465
1939806
1952548
1953660
1955795
1958153
1962747
1967577
1980710
1983924
1991046
1992053
1992928
1994068
1994606
1997739
1999262
