-1997519
-1992028
-1987285
-1985580
-1966078
-1965348
-1960128
-1951561
-1944577
-1941594
-1937539
-1933600
-1916606
-1916574
-1913635
-1912846
-1904202
-1902243
-1898257
-1892596
-1890285
-1890181
-1887513
-1886801
-1882264
-1880055
-1878450
-1871757
-1869807
-1869652
-1868859
-1854570
-1837090
-1824780
-1813832
-1813762
-1803913
-1800897
-1795889
-1795721
-1795188
-1791501
-1789400
-1786426
-1781353
-1780394
-1779561
-1777130
-1770922
-1766356
-1757408
-1757165
-1750267
-1746147
-1744918
-1738690
-1738571
-1736479
-1729281
-1727934
-1721132
-1720801
-1718403
-1711594
-1704425
-1700373
-1697201
-1687932
-1686650
-1679685
-1679626
-1676896
-1675544
-1661277
-1639966
-1638120
-1637922
-1635766
-1635414
-1632963
-1626893
-1626495
-1616067
-1615610
-1614848
-1614798
-1613035
-1608557
-1608554
-1607871
-1607554
-1599972
-1595619
-1593947
-1592358
-1588447
-1584691
-1582166
-1582056
-1580237
-1573517
-1571770
-1568286
-1567406
-1559540
-1558397
-1557505
-1556211
-1552582
-1551386
-1549012
-1547398
-1541707
-1540490
-1536965
-1527290
-1526439
-1503013
-1502456
-1496243
-1495834
-1477776
-1474669
-1472630
-1471732
-1469116
-1464438
-1459147
-1458956
-1458593
-1458191
-1455729
-1452527
-1450172
-1449736
-1448736
-1448578
-1448062
-1447278
-1446997
-1437995
-1436751
-1435411
-1435073
-1431865
-1431240
-1427919
-1425986
-1420364
-1418402
-1417413
-1415160
-1411878
-1410798
-1406639
-1399421
-1394503
-1386705
-1377216
-1366483
-1363837
-1361383
-1360186
-1347405
-1341820
-1336808
-1335449
-1332214
-1327417
-1323077
-1307890
-1300769
-1299208
-1272411
-1266806
-1263820
-1257125
-1256066
-1249631
-1247039
-1245137
-1244798
-1242454
-1238299
-1236558
-1234796
-1232688
-1221170
-1217948
-1216695
-1212251
-1205334
-1201830
-1196591
-1191955
-1185920
-1183065
-1177363
-1176317
-1174321
-1172927
-1162934
-1155168
-1154038
-1153197
-1150400
-1148811
-1144073
-1140223
-1136537
-1132886
-1123295
-1120033
-1119662
-1117255
-1112083
-1103941
-1100209
-1099782
-1096772
-1094453
-1085516
-1070286
-1062633
-1061735
-1060111
-1058142
-1057381
-1056699
-1054370
-1049818
-1046055
-1041083
-1038471
-1025903
-1024126
-1023929
-1021776
-1018215
-1016072
-1007873
-1001218
-996441
-996175
-981873
-965050
-964320
-963977
-963352
-957087
-956987
-950686
-949321
-948657
-942466
-935515
-932148
-931697
-929547
-928061
-927494
-927220
-925002
-908254
-893420
-888308
-886339
-880065
-873873
-873228
-870967
-870953
-867608
-867316
-863884
-863717
-848357
-844761
-840928
-839132
-835824
-830300
-829671
-829585
-819527
-814168
-808641
-803820
-800808
-800591
-798377
-796143
-793874
-791198
-786189
-783193
-782137
-780126
-778209
-774427
-770333
-759733
-753651
-751134
-737024
-736318
-730648
-729133
-723773
-717853
-717499
-714985
-704818
-701593
-700514
-699471
-695081
-692277
-691516
-691407
-691314
-691199
-686962
-676841
-676460
-674739
-668323
-656404
-654147
-653410
-652185
-651280
-645175
-640001
-639181
-638088
-636975
-629224
-627184
-623146
-622090
-621552
-620047
-619189
-618586
-615990
-611897
-611649
-605028
-595783
-594535
-593550
-590814
-589416
-582849
-581623
-578660
-578152
-576788
-572716
-568303
-566512
-564897
-564518
-560368
-559951
-557876
-548295
-548285
-548012
-544637
-536664
-535382
-528091
-526887
-516627
-515088
-510523
-506790
-501899
-498420
-493575
-492004
-491106
-483965
-482530
-475345
-475099
-473442
-467162
-464536
-456931
-453584
-451697
-449363
-447762
-441658
-441575
-437129
-429793
-429151
-423740
-412177
-411123
-403337
-401413
-400305
-383404
-378756
-365842
-365263
-365034
-360036
-357258
-351707
-345529
-345498
-337391
-324081
-313974
-310608
-307968
-304476
-303746
-297062
-296254
-289330
-284842
-281558
-279268
-278000
-277200
-276125
-271985
-269420
-267126
-266647
-263762
-257138
-252067
-245859
-239301
-236826
-229881
-229858
-219145
-215269
-213549
-206503
-203964
-197705
-196086
-191364
-190320
-186491
-184239
-179734
-175615
-175327
-168934
-164358
-158881
-143180
-141545
-138933
-128590
-122845
-113352
-108498
-106840
-99357
-97977
-93129
-86476
-84777
-81343
-74078
-61081
-60144
-58749
-46158
-38607
-34562
-34299
-30793
-24348
-21561
-15596
-8101
-6624
4817
5623
13222
13625
15227
16623
18996
20697
20927
22112
23705
24547
29719
34293
40591
41313
41853
43754
47258
51845
53461
73032
81184
85328
89104
90331
99304
99309
108092
113292
127674
129453
136038
136435
138115
142061
144568
149288
152082
152590
153266
154639
159197
170154
172711
174002
177720
177894
178103
179165
179449
179883
180341
184916
185444
194680
194933
198950
199421
200610
208015
210024
210225
210831
215744
216067
221970
222216
225139
232609
235270
237454
237950
242170
242382
242676
248881
248910
250496
250555
260610
261604
264820
268550
270929
277845
280077
280671
281108
282754
283481
295943
298144
299253
299411
301800
309257
312058
312940
319976
320104
329435
335990
339846
340079
340871
344422
349486
351907
352768
353969
354638
361473
363271
378742
378873
379081
379123
386879
389079
389569
390294
398022
398712
398940
400192
403779
409411
416523
418112
419660
420085
422848
431629
432988
435825
435964
443195
445409
450509
453668
454023
454691
458029
459086
460606
463747
465353
468249
471004
483861
500934
501263
506359
508079
508745
516286
518221
525676
540858
551864
552400
554511
558262
561011
566356
569127
574092
574578
579041
582444
590813
591984
592167
593334
597292
597427
599729
603872
605956
607218
611111
614859
615032
615552
615577
619624
621093
622063
622957
630142
634021
636644
638413
646790
651465
660772
661522
663045
672167
674870
688838
688956
695075
695886
696866
701690
703091
703467
710825
712349
713119
715382
716354
716696
718821
721587
728950
731629
735288
737206
744128
744428
745719
746426
746521
746875
750421
756256
759034
763890
768501
775442
782213
787781
790306
791392
803121
807709
821142
826770
826954
830886
833904
835302
850269
864328
872012
876360
879373
880367
882530
894321
899111
906576
920578
922129
922359
923052
925286
925348
932053
936103
949518
949868
954412
958259
959157
962841
966602
966657
969363
989745
994600
997827
1000263
1002205
1004476
1006006
1006311
1016137
1017438
1022612
1035822
1037335
1042684
1045645
1046696
1047812
1049912
1065305
1074195
1076478
1083770
1085573
1088240
1097050
1101721
1112459
1120123
1139852
1140638
1142092
1153121
1157688
1161066
1162296
1171887
1176577
1178058
1186909
1189193
1190278
1192474
1192733
1192957
1196581
1199561
1202758
1205700
1207523
1207538
1214572
1216064
1216727
1218395
1218754
1225927
1231026
1231027
1234601
1235371
1241946
1253971
1255840
1260371
1261391
1268016
1271397
1273267
1273648
1275624
1276529
1282455
1284462
1286391
1286469
1291118
1292544
1295237
1309534
1310137
1310289
1319688
1326695
1327690
1342400
1342625
1343875
1357486
1360798
1362309
1366448
1373712
1378589
1380254
1384914
1384969
1385678
1393587
1393794
1398500
1401144
1408247
1414210
1416149
1420761
1421019
1426213
1433161
1434450
1442623
1455771
1458839
1461279
1461785
1473640
1476540
1480152
1481050
1487205
1489653
1492665
1493936
1494400
1495568
1501905
1505234
1508893
1509194
1515688
1521534
1522492
1533426
1533911
1539506
1542074
1544200
1550024
1551113
1559962
1572245
1573558
1577788
1581760
1594286
1595137
1595874
1606039
1617364
1619500
1619796
1620923
1621541
1628443
1636355
1636770
1637443
1637686
1646901
1650468
1657784
1659525
1662634
1673234
1677396
1695158
1695980
1702135
1702666
1706994
1707146
1708445
1713456
1730246
1738566
1739413
1757126
1760053
1761369
1768218
1772273
1775440
1776240
1777486
1778390
1779900
1780884
1785722
1785829
1788275
1800837
1801150
1801822
1821032
1829804
1831670
1832973
1837661
1837843
1838221
1839074
1840315
1843957
1847155
1850325
1850817
1854286
1855508
1855723
1856108
1859227
1859688
1862356
1864729
1876506
1882679
1883792
1885870
1892395
1893177
1894809
1896640
1897419
1902777
1910263
1920144
1933482
1934713
1934788
1953275
1953779
1958427
1959782
1962696
1977214
1979987
1988894
1992592
1995570
