-1999259
-1998846
-1993119
-1987176
-1983516
-1979403
-1979195
-1971332
-1968344
-1967501
-1962244
-1961028
-1957801
-1954516
-1953320
-1949177
-1945807
-1945649
-1931091
-1927503
-1923474
-1920029
-1919172
-1917442
-1913251
-1912173
-1909809
-1902661
-1900287
-1897817
-1896036
-1894802
-1888063
-1887361
-1882631
-1881373
-1879684
-1874899
-1872397
-1865875
-1855329
-1855279
-1846269
-1842121
-1840937
-1839792
-1835509
-1833974
-1828605
-1826939
-1825998
-1814120
-1814111
-1805348
-1797677
-1797534
-1795938
-1791919
-1786144
-1783961
-1782613
-1779837
-1777433
-1774749
-1764118
-1762217
-1756258
-1756204
-1755697
-1748334
-1745503
-1742277
-1739929
-1736505
-1736394
-1723647
-1719621
-1708436
-1708225
-1706664
-1706641
-1704883
-1703726
-1703417
-1701276
-1698835
-1692180
-1688995
-1684083
-1682493
-1678508
-1675534
-1665174
-1661253
-1660210
-1659694
-1650256
-1644477
-1635498
-1634583
-1634024
-1632298
-1622534
-1620229
-1620005
-1609093
-1608683
-1606451
-1605142
-1580028
-1579348
-1578165
-1576595
-1571570
-1566986
-1550396
-1539484
-1538687
-1528828
-1520819
-1519231
-1515509
-1515172
-1514560
-1507390
-1506481
-1500993
-1493518
-1492427
-1487265
-1483568
-1476482
-1474932
-1474523
-1467540
-1457285
-1454849
-1454234
-1453622
-1453030
-1450657
-1449309
-1445794
-1440004
-1437718
-1436581
-1431520
-1415849
-1414912
-1408124
-1402183
-1401770
-1400605
-1399514
-1389446
-1384579
-1373623
-1371046
-1370832
-1368847
-1368707
-1366030
-1361926
-1361418
-1355803
-1348688
-1342790
-1304625
-1303183
-1298343
-1294013
-1290327
-1284744
-1284379
-1279428
-1277887
-1273614
-1272404
-1271809
-1271382
-1271343
-1268482
-1257593
-1255638
-1245423
-1239020
-1237515
-1237436
-1232360
-1231192
-1228631
-1225216
-1223747
-1217208
-1215553
-1211804
-1211083
-1199467
-1189395
-1184386
-1166523
-1165311
-1159358
-1157071
-1156564
-1154992
-1152599
-1145615
-1145005
-1142114
-1127047
-1117962
-1115120
-1114820
-1112518
-1111249
-1108298
-1102184
-1100208
-1090565
-1090070
-1080051
-1076812
-1075248
-1071293
-1062692
-1061904
-1053735
-1052133
-1051623
-1049809
-1049009
-1047770
-1032823
-1026118
-1017916
-1017658
-1014655
-1009881
-1006620
-1001365
-1000548
-997172
-993995
-985171
-981500
-979786
-973566
-967790
-967025
-964859
-963047
-960731
-954180
-951106
-941724
-941426
-930140
-925287
-924584
-923163
-918728
-916092
-908932
-908501
-905902
-903285
-898788
-895116
-886223
-874058
-863711
-861233
-858746
-846157
-838841
-836096
-833350
-827034
-820298
-811203
-810132
-809620
-807796
-805810
-801125
-800567
-796495
-795572
-794055
-792794
-785487
-780044
-779206
-778906
-777709
-776741
-769256
-758968
-751192
-749873
-749468
-744142
-734489
-724305
-724289
-715607
-713041
-711443
-709888
-704987
-686557
-681087
-679177
-679113
-675685
-668903
-667354
-667331
-664886
-659575
-653061
-651391
-650464
-649687
-648864
-648693
-642154
-641266
-640013
-634842
-633434
-625100
-618906
-610219
-607402
-606294
-604834
-604373
-601783
-590766
-586814
-577345
-575461
-548303
-545623
-544699
-538869
-538406
-537677
-537346
-536975
-535365
-524825
-523899
-516448
-513999
-512431
-509663
-504289
-502867
-502398
-490813
-477702
-473061
-469998
-468218
-465387
-455842
-449061
-439147
-438700
-435154
-430691
-427420
-427407
-424834
-420367
-418393
-416294
-402228
-395878
-393684
-387976
-376401
-375398
-373998
-373834
-372498
-370480
-364849
-364613
-358411
-351746
-339381
-334577
-333089
-328840
-328438
-314479
-311681
-311195
-307396
-305757
-300949
-292025
-288639
-285236
-280335
-276722
-274732
-273441
-272913
-269756
-269402
-269350
-261830
-259432
-252456
-251678
-241093
-236632
-234804
-234653
-223701
-221787
-204283
-199395
-198160
-192284
-189898
-189678
-187358
-181429
-159729
-158906
-158471
-156454
-156298
-154353
-142313
-131813
-130796
-123765
-118772
-115341
-106049
-90401
-90057
-81689
-72950
-71366
-68614
-64785
-60554
-57830
-57279
-54289
-47802
-45233
-42078
-41948
-38024
-37991
-33234
-29882
-29245
-27034
-17586
-13911
-9650
-8521
-1255
107
746
7881
13775
14489
15569
18018
27930
30675
35392
36108
36247
50592
54524
58099
67289
76727
86448
89038
89850
90713
93459
96884
97890
98862
103361
109216
115541
118866
119684
120924
125858
127864
138983
145940
148267
154119
162061
167457
168598
169849
171850
174886
174970
177141
188386
192027
193762
206497
207264
208578
210726
212400
219167
220657
222968
244253
245342
245566
258580
267081
289193
296436
298722
300313
306790
307013
313777
315698
319916
320944
323875
327468
327980
328305
329063
331307
334833
335268
337894
343112
343339
349114
349143
350511
353041
364618
374213
381351
383224
386017
388315
392934
397168
400301
418353
419953
425078
427298
431109
438024
441241
447470
450074
450189
451968
456698
456884
463217
466139
469507
472519
474008
475800
491203
493908
496576
498016
500120
500608
507289
513423
520392
530537
531037
536092
536103
536831
539543
541406
545442
547072
550320
553183
554440
559407
566240
568103
573676
573838
574318
576642
581210
582097
584288
587289
593054
606599
615265
628169
630334
633175
636424
640118
643455
643563
647270
650143
655167
658396
658959
663771
670829
675458
676295
677633
678793
680317
681409
683391
687701
687868
694897
705952
725246
733331
733353
734009
735672
737953
741052
754165
754294
761880
764416
774079
774339
777305
778454
781523
783034
790784
792404
793140
795033
795793
800424
804768
807733
808812
809110
815124
820986
821051
821408
832511
833355
836178
838143
840289
845511
847264
847559
849188
850012
851879
854742
857310
862040
864094
874344
883320
885958
886183
888593
896892
898342
900459
904627
905274
906901
907537
908326
911162
911631
918615
920100
921190
924779
927655
934285
938546
944791
947509
950768
951232
951564
954300
954332
955245
958026
969202
975136
983780
984502
986209
990321
1002876
1009285
1015762
1019096
1031454
1032167
1043184
1047500
1054288
1060882
1066218
1070007
1072476
1074163
1082007
1085435
1086579
1090040
1091348
1091417
1091526
1092680
1093028
1096627
1098525
1099848
1108857
1110562
1110978
1112936
1113105
1115544
1119239
1119641
1127541
1129640
1130994
1132152
1132207
1133591
1133747
1135548
1145285
1146648
1148739
1162782
1172405
1173562
1181700
1187959
1191702
1195445
1195606
1201466
1206210
1212610
1214379
1216153
1216719
1218806
1225765
1230202
1231370
1234897
1237567
1241754
1251265
1252235
1255401
1259471
1260776
1263024
1264964
1267907
1268476
1271194
1272218
1272581
1272655
1285558
1286301
1289134
1289908
1289945
1292573
1294688
1296492
1298770
1299606
1304977
1308427
1311437
1311875
1319577
1324684
1328108
1331232
1334612
1334762
1336777
1340507
1344775
1358555
1376809
1384294
1386185
1389046
1400088
1401832
1410550
1417454
1424867
1426015
1426369
1428436
1430157
1443805
1446886
1448016
1450083
1451161
1451423
1453776
1455588
1456385
1456437
1459236
1463837
1465079
1465811
1471130
1474628
1475867
1479501
1488372
1489427
1493392
1493471
1495611
1496968
1502836
1505671
1511710
1516523
1518134
1520321
1522903
1523953
1527541
1530095
1531141
1531228
1532859
1535611
1537699
1539045
1540106
1541386
1555568
1557892
1559446
1564094
1570154
1574292
1586181
1587554
1598542
1600752
1600965
1602238
1605528
1606938
1608578
1616991
1618458
1636418
1637996
1638572
1641476
1643185
1655524
1655553
1656083
1660562
1662752
1662920
1667914
1669424
1671521
1681183
1682951
1684395
1685394
1687030
1691293
1692012
1702358
1704070
1707338
1708417
1713224
1714192
1718860
1722253
1732948
1733572
1737134
1744393
1745456
1749553
1749987
1752568
1757150
1759392
1763391
1767441
1770582
1783091
1785742
1788698
1791655
1792067
1793084
1794492
1795450
1800692
1801815
1811438
1811663
1814441
1821025
1825295
1826784
1827945
1831707
1837297
1845968
1851320
1852878
1854138
1857743
1859913
1860228
1860548
1869421
1879356
1879370
1892321
1892677
1903649
1912893
1919420
1922313
1922664
1928053
1937240
1941263
1946560
1947864
1959437
1960406
1969618
1970299
1977508
1978534
1992342
1994631
1995361
1996992
1998633
