-1996481
-1994539
-1994222
-1993716
-1992613
-1987933
-1985172
-1985123
-1980539
-1963763
-1962176
-1958753
-1957049
-1953085
-1948173
-1946860
-1945474
-1940858
-1938610
-1938448
-1927481
-1921608
-1917319
-1915255
-1913312
-1912368
-1904865
-1900809
-1892125
-1889621
-1889234
-1888463
-1884046
-1871067
-1869483
-1867301
-1860218
-1855316
-1854509
-1854225
-1853185
-1851706
-1842677
-1840232
-1839384
-1838688
-1827461
-1817320
-1813262
-1811011
-1806742
-1804897
-1804743
-1801874
-1800629
-1793326
-1785964
-1782032
-1781201
-1780900
-1755119
-1746381
-1740775
-1740422
-1734180
-1729224
-1724381
-1722168
-1713245
-1704493
-1700854
-1696481
-1688529
-1687561
-1686725
-1681537
-1673952
-1673929
-1672831
-1671574
-1670160
-1662686
-1658325
-1656220
-1651032
-1650122
-1643604
-1637814
-1625509
-1623693
-1615665
-1609877
-1608230
-1606879
-1595794
-1595457
-1593145
-1591494
-1588052
-1579989
-1579751
-1579003
-1577181
-1575549
-1573646
-1573253
-1570032
-1569148
-1567703
-1566624
-1565580
-1559505
-1553795
-1553369
-1548877
-1548155
-1543054
-1542887
-1538302
-1536609
-1524888
-1519421
-1518257
-1513232
-1507828
-1506387
-1505156
-1499046
-1491199
-1482042
-1477987
-1473951
-1465662
-1464078
-1458461
-1455573
-1442284
-1438661
-1435705
-1428090
-1424384
-1420944
-1418689
-1415962
-1408768
-1406451
-1404932
-1403830
-1399377
-1398420
-1395284
-1394223
-1393988
-1393446
-1390450
-1383082
-1382804
-1364682
-1362087
-1359047
-1356291
-1345972
-1336382
-1335657
-1333101
-1327783
-1324709
-1315584
-1313904
-1311604
-1304492
-1296331
-1295567
-1290056
-1283356
-1282957
-1279643
-1273675
-1272113
-1270885
-1265050
-1264978
-1264625
-1260527
-1260071
-1257533
-1251082
-1243361
-1242973
-1237653
-1228480
-1227333
-1225638
-1224155
-1222701
-1222555
-1220710
-1205222
-1202946
-1201206
-1199641
-1185199
-1182583
-1181918
-1180842
-1179664
-1175216
-1173223
-1168727
-1160605
-1155038
-1154085
-1153486
-1143951
-1142161
-1140044
-1136455
-1135964
-1130681
-1128662
-1127595
-1125289
-1111450
-1104471
-1087996
-1082268
-1074335
-1073539
-1062759
-1058485
-1053252
-1051467
-1048766
-1023379
-1020019
-1014523
-1004737
-994190
-986901
-984992
-977275
-975352
-968889
-962710
-956146
-950220
-946925
-930924
-928075
-924946
-923698
-923384
-918386
-904631
-903827
-902016
-901915
-899834
-899635
-895695
-895202
-889742
-886150
-886143
-885038
-881818
-880287
-872766
-872296
-870028
-868164
-866492
-861836
-860633
-852912
-846847
-832995
-828601
-827548
-822609
-817223
-816204
-812392
-811006
-807731
-803943
-790990
-785971
-782951
-775042
-773784
-770574
-769869
-768254
-765732
-765448
-764473
-763223
-757447
-755299
-754199
-754144
-753092
-739763
-739743
-739646
-733670
-724297
-721387
-720412
-714456
-712278
-706726
-700641
-700400
-699946
-695817
-695795
-693367
-683179
-681978
-679602
-677438
-674876
-669945
-661314
-661240
-659025
-656717
-654853
-647666
-645536
-637182
-631257
-630543
-630071
-625375
-624929
-624387
-623762
-623343
-615916
-613708
-611445
-596464
-591824
-589825
-585103
-582449
-578534
-577585
-574266
-570367
-569886
-566071
-564347
-562879
-559024
-557806
-554955
-553897
-544607
-544266
-543926
-536166
-535653
-532960
-529939
-526820
-525822
-524519
-518808
-515622
-515568
-509812
-506125
-493500
-485358
-483504
-481384
-475741
-473089
-466316
-461164
-456171
-448880
-447096
-443073
-440274
-434102
-433911
-433556
-429779
-429070
-427663
-424712
-417263
-413438
-412901
-398492
-394296
-392214
-390802
-388754
-387271
-379408
-371377
-368740
-352674
-351822
-343497
-341683
-334480
-331761
-318586
-302451
-298927
-298699
-288022
-280141
-279155
-260842
-259406
-258515
-250778
-249707
-246125
-243682
-242852
-226201
-220718
-219963
-217183
-214784
-205583
-200668
-194727
-186145
-184566
-184134
-183044
-181711
-163789
-159076
-158628
-150591
-149836
-145782
-145017
-139105
-132579
-132347
-131684
-129298
-129117
-127016
-109854
-109535
-105925
-103928
-99140
-95691
-95443
-94113
-92508
-92339
-92072
-91702
-90049
-83278
-78429
-66686
-62784
-60790
-52975
-51155
-51006
-47493
-36739
-29698
-28202
-22243
-19859
-17560
-8512
-5902
-5300
-2800
-1452
3592
5282
10561
19930
22500
25172
27990
28427
31146
35507
48318
48963
49391
50866
51911
52763
53014
54563
68308
78160
78382
80257
82853
86148
100093
103756
105427
107224
112121
112304
120947
124996
131570
137506
139479
148352
150422
152212
167534
170422
171096
173799
174758
176573
177740
185152
187726
188317
190625
190750
191576
193132
199017
201126
220916
224927
240298
242267
243753
246541
247220
247652
251131
254087
258451
262187
272448
286931
295492
296948
299611
309382
313680
313697
323466
325286
330634
334725
341176
341285
351680
353169
355589
358399
361983
364833
370754
371729
372114
373316
379788
380803
383122
383399
386699
388262
389784
393183
395052
397291
402036
405754
410969
430002
434518
442256
442430
444000
455801
455900
457083
459744
462381
468202
483709
486174
488756
495738
508716
512610
515618
517882
520538
520623
540275
545010
545482
547320
550791
552360
552849
556817
557452
559357
562091
566413
567374
568428
572331
572935
578336
579331
582030
582978
586736
587364
588563
593976
600425
602928
603542
611247
611470
611544
615698
618722
619215
621033
621559
622542
627661
630445
632780
638657
642289
643490
649708
651139
651819
652239
661554
675073
675385
680022
683581
687111
689089
689204
689350
691069
691466
692269
696234
698349
716773
730782
733823
737847
744449
746290
750184
755146
760217
764942
765992
775366
775981
778561
780006
798050
798301
799125
803851
805221
807899
810097
810977
812652
816103
822633
824448
825883
826592
830504
842439
843381
852923
853610
855994
857376
857648
861088
866189
867307
870839
876822
879567
881048
886986
890925
899601
902945
904510
908530
911762
915696
917021
917728
923385
927440
929023
929886
934855
945004
952331
953224
959021
960080
962433
969907
976778
980769
981100
985932
985974
986721
989812
992500
1003726
1006427
1013009
1017607
1030571
1030689
1035097
1039645
1042760
1043372
1044817
1044989
1046136
1053333
1058392
1060594
1062668
1063145
1066967
1068718
1074254
1076991
1078947
1079726
1083538
1084573
1087707
1094324
1095223
1105410
1105536
1109250
1115519
1128099
1128490
1130742
1134072
1141005
1145046
1146561
1147280
1154698
1156579
1159713
1160512
1160956
1161194
1167749
1169446
1173495
1174655
1190753
1196033
1205711
1218384
1218493
1220191
1220654
1233051
1252031
1256054
1261397
1264014
1264651
1268035
1269326
1272055
1277470
1277891
1280712
1283953
1291556
1292044
1298313
1298865
1299083
1301455
1304564
1305648
1316789
1318466
1326937
1339489
1340574
1344716
1347987
1348442
1365078
1367334
1377430
1382070
1386313
1396116
1404736
1405088
1406229
1406371
1409990
1411453
1412453
1413717
1421075
1424663
1426450
1427616
1429250
1431986
1441777
1443487
1445216
1450619
1451158
1454308
1454669
1458495
1459118
1466907
1467199
1484912
1492492
1494683
1498449
1506052
1517604
1521485
1525785
1529050
1533884
1535992
1550293
1553659
1553968
1554694
1556692
1556878
1557525
1561640
1562937
1568426
1570654
1577100
1577794
1579877
1582500
1586354
1586546
1595232
1603271
1608134
1609029
1611887
1618183
1623200
1624693
1626284
1628046
1630060
1634467
1643563
1646042
1649192
1652553
1654479
1656583
1659553
1663829
1665743
1671648
1677596
1681356
1682934
1683725
1688293
1700833
1701939
1703032
1705487
1705830
1706690
1707115
1707405
1714755
1720671
1722159
1728848
1736189
1736804
1738746
1740716
1745562
1748694
1751487
1753436
1765225
1767200
1769217
1770655
1778440
1787219
1788456
1797042
1802866
1805659
1825021
1830564
1835230
1836160
1838147
1840204
1845952
1860272
1861636
1865464
1869731
1869899
1870650
1876810
1882685
1896132
1897977
1899563
1899589
1899990
1902589
1902641
1908935
1912483
1913738
1914139
1915046
1928082
1941131
1948954
1950747
1954964
1956640
1956736
1962071
1962199
1963750
1963811
1967930
1970280
1973247
1974605
1977627
1984748
1988235
1988869
1989614
1991933
1996371
1999573
