-1993179
-1991785
-1991582
-1991021
-1990261
-1982870
-1982212
-1981645
-1979540
-1959842
-1959817
-1956728
-1956657
-1951042
-1950030
-1945645
-1944095
-1943300
-1940646
-1938319
-1936739
-1936651
-1934832
-1933825
-1925293
-1924833
-1921806
-1920885
-1909191
-1905759
-1902693
-1899688
-1898012
-1894579
-1892297
-1890457
-1888557
-1878993
-1871641
-1862332
-1858288
-1855319
-1852554
-1851045
-1849325
-1846604
-1829880
-1824527
-1820931
-1816110
-1814553
-1809119
-1808039
-1806562
-1800681
-1789952
-1786301
-1784153
-1783043
-1779647
-1773238
-1772105
-1766447
-1764677
-1764513
-1748884
-1748564
-1746881
-1735428
-1729246
-1727190
-1714310
-1709967
-1703855
-1698573
-1686361
-1678925
-1676608
-1675703
-1672776
-1672650
-1671301
-1667854
-1667627
-1667377
-1662706
-1652479
-1648792
-1646206
-1641830
-1634689
-1632027
-1631842
-1626102
-1625739
-1625420
-1624912
-1622505
-1618236
-1616061
-1610413
-1609742
-1603479
-1602601
-1599467
-1584928
-1583786
-1580247
-1579349
-1572818
-1571378
-1568960
-1563972
-1558282
-1549539
-1548395
-1546829
-1542153
-1539095
-1539035
-1534316
-1533332
-1531446
-1529813
-1529650
-1522182
-1518402
-1513215
-1511346
-1505074
-1504411
-1503934
-1495945
-1486077
-1484937
-1479397
-1477187
-1470691
-1456694
-1448504
-1443302
-1439911
-1436637
-1433599
-1432450
-1428654
-1427225
-1422321
-1413008
-1409512
-1408247
-1405881
-1405352
-1394029
-1378888
-1378105
-1378058
-1376268
-1375057
-1372418
-1365798
-1363518
-1351179
-1351107
-1351094
-1341442
-1339614
-1337484
-1336207
-1334251
-1330036
-1328982
-1327159
-1324168
-1323930
-1323033
-1310489
-1310079
-1310061
-1308262
-1305626
-1295510
-1291185
-1290649
-1279193
-1277125
-1274600
-1271244
-1269711
-1268275
-1255262
-1248629
-1244058
-1237360
-1234466
-1231125
-1229297
-1226818
-1223443
-1220086
-1215927
-1202403
-1201420
-1196874
-1193960
-1193156
-1192113
-1188199
-1188114
-1183204
-1167024
-1161716
-1160021
-1159798
-1158508
-1152443
-1149187
-1145056
-1115666
-1112535
-1108044
-1105381
-1105378
-1103524
-1101708
-1085129
-1079769
-1069959
-1062387
-1062274
-1058820
-1055018
-1053945
-1051205
-1045190
-1040693
-1038703
-1036931
-1025725
-1013556
-1012568
-1012004
-1009167
-1008741
-1008350
-1005745
-999833
-996643
-988756
-987258
-986805
-986800
-984760
-979797
-979183
-978522
-975065
-972126
-969696
-968806
-966877
-959266
-957340
-950813
-948451
-945584
-944242
-941551
-937016
-933235
-931764
-931298
-927343
-926072
-926018
-924521
-924014
-916469
-912591
-905174
-903313
-901190
-897958
-896777
-891173
-889857
-884552
-875377
-874325
-867647
-862311
-860527
-860041
-858031
-851263
-850640
-848657
-848291
-846132
-845816
-843634
-835855
-835822
-832388
-831950
-823440
-822349
-819694
-817229
-816953
-813293
-813030
-812805
-812124
-811421
-811165
-809991
-809850
-805113
-803825
-801768
-797291
-790062
-782871
-767865
-766827
-762455
-761352
-754880
-753225
-749381
-747651
-745354
-738309
-732214
-728415
-726952
-724636
-722990
-719755
-719544
-716105
-706302
-695358
-694106
-688944
-686496
-684929
-683580
-682423
-671085
-667123
-665709
-661203
-655041
-654556
-647850
-643931
-643699
-643361
-632723
-623358
-617894
-605842
-605632
-605495
-598870
-597107
-592051
-587490
-583254
-575709
-566790
-563867
-563226
-557800
-556254
-551231
-543814
-536038
-532919
-531903
-529799
-528808
-522435
-514799
-507227
-506694
-505336
-503084
-500612
-498174
-496290
-495153
-490665
-490512
-488234
-486001
-481460
-476073
-475078
-471676
-470704
-468503
-465902
-465576
-464097
-462342
-457948
-453744
-449264
-447297
-446431
-444218
-430717
-424054
-418327
-416622
-414142
-409144
-406162
-401360
-393073
-383130
-381518
-376879
-376801
-374884
-370033
-369711
-368657
-361042
-359522
-358133
-349788
-345352
-343193
-340915
-338750
-333408
-330243
-328548
-325396
-324430
-324358
-318770
-316280
-307399
-306880
-305117
-305079
-303946
-302445
-294559
-290400
-289886
-287250
-284952
-284229
-283966
-271507
-269300
-263002
-261520
-256096
-245081
-244176
-241365
-237707
-229036
-224901
-224395
-222623
-222581
-216920
-203261
-202816
-194473
-191795
-186270
-182827
-182788
-175382
-172465
-171099
-170818
-170349
-170085
-163173
-150651
-150009
-139674
-135478
-134951
-127496
-123272
-123148
-121463
-121413
-115440
-114444
-108653
-101013
-100840
-86596
-80457
-74326
-71607
-62427
-58176
-53559
-51426
-49856
-47932
-26795
-20991
-16566
-16155
13156
20654
27884
29287
33331
34697
40930
42166
43547
46240
48668
54706
55840
61020
76128
78281
83279
90917
99161
102306
112088
112637
116456
129555
131502
132798
134331
135569
137441
144237
148227
151310
152365
152574
155469
167881
170502
170895
175636
178288
179889
180125
183425
186635
195704
196242
209087
213669
218704
219260
222536
224155
231078
233474
244099
263218
265563
269088
273364
277409
277730
280989
281698
286063
287135
292906
295023
296527
296537
318605
319007
331010
333559
339858
342187
350666
353561
361659
369002
369613
378147
382502
383369
400069
404020
415028
415191
418258
425627
426767
428043
429212
441052
446093
448043
454160
456546
461545
464371
476094
477699
477883
489810
492657
493090
496929
501652
508234
514881
520089
528438
529880
533866
535910
540938
541505
541710
544640
545073
551251
552422
568471
573900
574482
584945
592099
595033
595544
600428
607281
607492
611280
614096
621964
622440
623726
625283
627982
628092
631791
631983
642625
644519
647019
650014
650612
650876
651066
651190
652171
653348
653401
664364
665343
666063
669122
669843
674888
680862
683128
684601
690188
691684
694217
699750
705461
705599
707627
714645
738399
748507
752136
755064
757587
765584
767117
767291
767930
780564
784366
786160
788986
797862
801315
808259
812544
812892
819150
819168
826873
831187
834689
837141
837286
844218
848128
849601
853393
858196
858666
864598
867932
873098
876611
884291
892360
894938
909559
913134
929629
930097
931871
936384
938976
947154
949270
958423
964871
964978
965708
966202
966555
969076
974811
979405
980226
981702
989892
990801
991779
992741
997970
1000067
1007804
1018088
1027998
1028311
1028584
1047437
1050975
1054392
1059886
1063724
1064295
1080974
1085065
1090713
1091922
1092581
1096308
1096764
1104293
1115887
1118729
1120276
1120743
1122405
1128116
1129565
1139912
1142848
1150024
1151780
1158957
1165847
1170737
1176142
1177121
1180883
1186439
1194592
1198856
1198962
1200005
1205324
1216331
1217204
1224215
1228924
1236977
1241553
1250960
1256557
1258141
1264012
1266675
1269820
1273993
1275320
1294266
1294459
1294900
1299523
1301399
1304137
1305421
1309956
1313546
1313928
1314144
1318835
1319197
1322885
1325158
1328468
1333816
1334327
1338055
1338727
1340357
1342332
1345404
1345554
1346822
1355383
1370871
1371351
1371898
1374483
1374863
1377846
1384939
1387326
1389626
1400031
1403485
1411338
1419137
1429242
1432283
1441540
1444644
1447066
1448952
1452758
1455114
1459416
1463824
1466809
1471028
1473019
1479677
1479994
1489861
1494477
1498402
1499101
1499232
1502805
1503526
1506232
1508671
1525082
1525492
1530602
1531441
1532645
1532785
1532957
1542142
1542899
1544504
1547003
1558816
1560387
1562987
1567375
1567494
1570043
1580984
1588217
1591733
1594445
1596721
1599963
1603794
1607233
1609044
1609243
1613950
1632435
1635459
1640428
1641762
1642188
1642268
1645316
1649655
1650916
1652868
1655922
1658592
1658870
1661423
1664434
1665829
1667752
1670556
1675038
1680306
1691031
1698042
1704731
1707887
1707993
1715579
1715592
1715966
1716862
1721504
1723294
1726143
1726570
1728532
1731202
1734326
1736933
1747662
1750071
1754216
1756525
1761795
1762847
1762961
1771842
1776470
1786169
1787011
1787320
1793113
1796584
1799593
1808367
1809369
1810676
1816456
1822935
1823554
1839820
1843220
1852936
1862537
1867725
1867932
1868950
1873264
1873697
1877366
1885355
1893298
1897699
1907662
1911960
1912025
1912862
1913222
1914198
1917952
1920006
1920121
1923920
1926841
1930509
1937533
1938909
1941562
1945285
1956399
1958677
1965020
1967182
1967573
1974632
1974707
1983100
1987303
1990129
1993868
1994720
1994786
1997285
1999502
