-1992223
-1988646
-1985595
-1985328
-1980369
-1976750
-1969656
-1967211
-1962657
-1960839
-1959961
-1957098
-1950971
-1948869
-1946189
-1945378
-1945002
-1943202
-1940310
-1935500
-1934437
-1931019
-1924714
-1912339
-1908098
-1906616
-1889381
-1885231
-1883808
-1878804
-1870926
-1863557
-1861787
-1861235
-1854023
-1851544
-1848205
-1846608
-1845486
-1840866
-1835662
-1835263
-1831489
-1828648
-1827998
-1823354
-1822104
-1819582
-1816807
-1814146
-1811213
-1808481
-1802668
-1799116
-1797585
-1794034
-1792402
-1790453
-1789153
-1788661
-1785959
-1785397
-1783515
-1783055
-1776865
-1774152
-1770237
-1769909
-1764162
-1757675
-1741672
-1727193
-1726322
-1723020
-1718631
-1714106
-1712109
-1712053
-1707489
-1704062
-1688681
-1682997
-1678007
-1672225
-1671868
-1666775
-1663668
-1657214
-1654871
-1653714
-1648609
-1640536
-1640100
-1637645
-1637102
-1617348
-1616370
-1615641
-1611836
-1608073
-1605092
-1596148
-1594516
-1594332
-1590498
-1582433
-1577824
-1570573
-1556126
-1544146
-1536217
-1535846
-1534748
-1532471
-1526166
-1524169
-1520835
-1519255
-1518461
-1515696
-1515136
-1509246
-1506570
-1506383
-1502186
-1500723
-1499770
-1499458
-1498809
-1487608
-1487234
-1485515
-1476644
-1475661
-1472447
-1472221
-1469131
-1464371
-1454507
-1454245
-1452181
-1450367
-1442409
-1440091
-1436870
-1430630
-1426535
-1422381
-1422284
-1419825
-1417494
-1415192
-1407583
-1406998
-1406851
-1399457
-1395304
-1389397
-1389072
-1386983
-1373005
-1365105
-1361064
-1355821
-1354514
-1353667
-1352064
-1340091
-1339691
-1338306
-1333391
-1327763
-1321163
-1316938
-1316291
-1311243
-1311095
-1310537
-1309858
-1301807
-1297843
-1293501
-1290531
-1290003
-1286388
-1280465
-1274612
-1274463
-1272839
-1269781
-1267559
-1266466
-1264747
-1258696
-1258405
-1258171
-1252440
-1250944
-1246765
-1243151
-1242566
-1239812
-1239101
-1235587
-1231841
-1228125
-1226007
-1225625
-1216467
-1214948
-1211465
-1206304
-1196822
-1174499
-1171729
-1168803
-1165983
-1165469
-1163467
-1158636
-1157940
-1155075
-1154527
-1142827
-1141273
-1131514
-1114458
-1114087
-1113881
-1112074
-1108885
-1105652
-1100664
-1099088
-1098255
-1096040
-1091749
-1089125
-1082732
-1076975
-1073030
-1070373
-1059842
-1059545
-1059331
-1049310
-1048951
-1048382
-1046046
-1045036
-1042118
-1040024
-1037702
-1036531
-1031614
-1029108
-1023877
-1023458
-1016774
-1012646
-1012554
-1002244
-1001309
-996948
-993345
-993165
-986838
-985709
-984583
-977274
-971437
-967897
-951270
-945848
-942304
-937713
-933489
-927454
-912962
-905412
-901692
-901380
-894385
-887424
-885699
-883947
-881498
-864285
-863760
-863613
-855266
-852183
-842042
-841882
-841406
-840931
-839110
-833519
-832607
-827194
-822725
-822463
-806852
-802915
-802785
-801762
-790717
-786059
-783497
-780788
-773981
-773590
-761775
-761576
-742660
-737174
-730466
-728488
-725443
-723091
-721346
-717103
-713487
-712702
-710837
-708162
-704188
-701578
-701355
-697245
-692640
-686130
-679397
-677976
-676116
-675432
-673700
-672455
-666274
-664067
-661829
-659156
-654984
-653624
-650797
-648777
-641593
-634757
-633868
-632715
-632452
-630022
-627390
-627031
-626471
-623685
-617962
-613766
-610304
-607811
-596802
-596429
-593130
-588646
-588306
-588043
-581499
-579824
-568129
-567785
-556175
-546772
-536368
-526704
-526018
-523718
-522935
-517577
-509326
-505757
-500730
-485507
-473939
-467559
-465817
-463790
-452203
-450297
-446316
-445007
-443875
-433403
-430827
-430248
-423741
-414574
-409896
-409421
-409259
-409179
-407894
-402640
-398713
-396145
-395731
-393605
-388184
-385584
-378745
-376550
-367628
-367083
-367020
-357904
-357303
-354850
-343567
-340055
-329835
-329462
-327210
-319380
-318072
-317691
-313739
-287836
-286974
-286334
-283432
-281937
-276868
-276478
-274519
-273492
-272626
-263721
-262524
-258764
-254348
-250542
-248769
-240142
-238884
-237692
-236912
-231694
-223568
-223383
-220723
-214544
-212904
-212256
-210831
-207802
-207288
-198431
-195810
-195244
-193932
-185075
-180642
-179002
-167602
-162291
-159359
-153343
-151894
-135473
-130922
-126123
-124940
-123195
-121931
-119341
-116347
-114166
-107299
-105749
-105748
-103441
-95337
-91074
-91016
-87406
-84383
-79576
-59537
-59089
-54637
-53527
-51199
-47969
-38824
-34507
-31271
-30207
-27608
-26933
-6545
-6417
287
5251
12955
14889
15387
15585
16317
19063
20916
23090
35358
49028
59084
61365
70067
72009
75566
79029
86765
87172
87513
89008
94134
96092
96988
99910
105869
111099
111166
112832
113826
118243
119135
126562
133785
134452
139215
143272
147971
150002
150186
154345
162315
163333
164962
167840
169949
170241
172716
178525
180189
183313
191066
200973
203844
217599
224665
233839
235815
238074
243397
244623
248093
253908
261458
266577
270016
281784
286099
315974
315982
321983
322117
322232
322785
323603
324908
325539
328014
332197
333238
339197
340395
340892
341294
348988
349196
354848
355259
362475
364680
371333
379167
381776
383904
387217
390165
390903
392499
394551
404581
410748
412341
413236
420018
428307
438469
441849
444278
448484
448767
457476
458157
460689
465566
466673
468602
475384
479140
479833
481996
483323
484117
486660
491806
492958
497823
498217
498355
502245
509528
510283
512090
517090
517642
539579
543454
552678
554863
557571
559158
566938
569317
573005
574147
587471
598733
602354
606679
615237
616422
619990
626404
628988
630463
634994
635919
653139
655214
659756
666604
672489
686698
687477
689028
689781
698518
705173
709859
710200
716384
730122
731993
735273
737289
740024
740147
747023
747027
749867
759463
761175
766568
774718
775240
775335
777194
780000
784137
785221
787621
790894
796007
797609
807202
809512
810507
816156
817735
818589
822117
828279
834513
838838
839718
840271
850499
850954
851990
855433
864942
867374
867736
872678
873149
873854
874438
875040
876776
881203
888745
890463
894797
895978
896598
898397
898664
899337
906625
913672
914772
915840
920121
924925
927255
927451
928377
928535
928732
934281
936117
939704
944247
946647
956099
958549
960859
964090
966512
967958
969315
973162
978739
978779
985448
988039
988698
989312
993065
995390
997922
998682
999368
999570
1008458
1011683
1016922
1030240
1032278
1034311
1034707
1035736
1037483
1043366
1043842
1058747
1060823
1064005
1071203
1071371
1075439
1076486
1079351
1087808
1106147
1108355
1109679
1112718
1118989
1120139
1132379
1133795
1139356
1140552
1141962
1143468
1145164
1150677
1154381
1154922
1155603
1163473
1172560
1173535
1175915
1179745
1180172
1180666
1182642
1184860
1187425
1189880
1190512
1203454
1205602
1205989
1211245
1211325
1220454
1226560
1227359
1231321
1232180
1234112
1243725
1244656
1247016
1252476
1253613
1262992
1263259
1274563
1280690
1281778
1283557
1286715
1286854
1295220
1298799
1298945
1302763
1302970
1304474
1306211
1307165
1310676
1314797
1323388
1326762
1331501
1340867
1345882
1346660
1350232
1367177
1367232
1368070
1369215
1381837
1384396
1385398
1386655
1387591
1393391
1393845
1403301
1410056
1414640
1417219
1423067
1426115
1428345
1430958
1432810
1437462
1438346
1444000
1446968
1450951
1452666
1453017
1454537
1455456
1456874
1457311
1463285
1470770
1472169
1472818
1474014
1477602
1495383
1496718
1498888
1502479
1505131
1505547
1508540
1513444
1523525
1527667
1529172
1534464
1539136
1539752
1540228
1541352
1543842
1545743
1550300
1557051
1557262
1564614
1567151
1568293
1573652
1574174
1575106
1583944
1594453
1604992
1607985
1608092
1611590
1617433
1621500
1624475
1630057
1632394
1640773
1651785
1652027
1664138
1666711
1669785
1694515
1716755
1729669
1732314
1732658
1734873
1743211
1745812
1748536
1750530
1756961
1762609
1776236
1779785
1784391
1784463
1786056
1788319
1796596
1801745
1806282
1820880
1822698
1826000
1827542
1831115
1831786
1834706
1835185
1837772
1842373
1843618
1843941
1845134
1847931
1852867
1853275
1853575
1858977
1859367
1867010
1870038
1870494
1875720
1878399
1892872
1897462
1904729
1907439
1911186
1919694
1921617
1926003
1929680
1947953
1948000
1972946
1977348
1978628
1980898
1991519
1992156
1993427
1993590
1993703
