-1996949
-1996727
-1996252
-1988060
-1984756
-1981824
-1974027
-1970050
-1968020
-1967557
-1965304
-1962022
-1959925
-1954975
-1953579
-1950603
-1950014
-1944182
-1936214
-1933616
-1933034
-1930061
-1927712
-1925315
-1917742
-1914723
-1913290
-1911039
-1910237
-1909668
-1905619
-1905590
-1902474
-1901061
-1900405
-1894339
-1883764
-1869556
-1867537
-1855241
-1852572
-1846999
-1843744
-1839486
-1833692
-1832886
-1821294
-1819915
-1815538
-1815496
-1803461
-1802399
-1800487
-1799955
-1795051
-1794518
-1793512
-1786900
-1783600
-1781632
-1781570
-1769415
-1768499
-1726760
-1720800
-1720726
-1711094
-1703563
-1698395
-1682609
-1677386
-1676190
-1668897
-1668424
-1666412
-1663164
-1662525
-1660957
-1656624
-1656536
-1652267
-1652232
-1649447
-1648842
-1642744
-1642367
-1640659
-1636485
-1634117
-1629227
-1628095
-1620385
-1615704
-1606868
-1589447
-1585396
-1577500
-1576028
-1573601
-1573540
-1572158
-1565310
-1563842
-1560502
-1559831
-1546690
-1528836
-1525519
-1524426
-1514177
-1511473
-1511463
-1510589
-1510168
-1503518
-1498931
-1496678
-1494312
-1483370
-1478913
-1468376
-1461160
-1454701
-1452612
-1436183
-1425354
-1423327
-1417657
-1402661
-1400663
-1399143
-1394989
-1394036
-1392613
-1392448
-1391611
-1387741
-1384850
-1383096
-1379404
-1379312
-1362004
-1361965
-1353169
-1345128
-1342565
-1340590
-1336847
-1329569
-1326416
-1315196
-1313874
-1312953
-1310583
-1307346
-1300907
-1296177
-1292798
-1291925
-1291072
-1290630
-1285331
-1283412
-1280491
-1279478
-1273517
-1272188
-1271542
-1245431
-1245261
-1237758
-1235284
-1221388
-1219549
-1213106
-1203871
-1198893
-1186148
-1178077
-1174428
-1171242
-1165067
-1155733
-1142502
-1141122
-1140027
-1134905
-1127243
-1121426
-1120192
-1116986
-1108314
-1100792
-1100435
-1094452
-1092306
-1088900
-1088058
-1087658
-1086882
-1086853
-1077005
-1074902
-1067874
-1056296
-1053007
-1052298
-1050638
-1044892
-1037978
-1037343
-1034963
-1032153
-1025696
-1022277
-1021777
-1018101
-1010623
-995655
-991757
-985689
-982288
-975931
-975041
-973534
-966260
-965222
-963608
-955978
-954702
-953939
-944896
-942850
-941591
-940751
-937062
-929037
-921180
-918386
-914136
-911414
-905122
-903199
-902040
-897683
-893854
-886474
-876376
-876129
-872322
-864334
-856511
-856219
-852580
-846646
-845019
-836850
-830514
-829453
-827475
-823517
-821704
-818173
-815139
-812927
-810843
-807145
-804898
-802796
-790423
-789476
-788921
-788717
-783416
-782099
-780072
-774628
-772533
-772378
-763872
-761828
-758959
-757601
-756364
-749971
-744995
-734830
-728895
-716635
-713125
-713108
-710980
-710397
-705072
-702721
-700136
-693226
-680692
-678696
-673629
-673439
-673269
-667282
-665451
-664368
-663266
-658889
-656771
-654471
-654189
-652346
-649879
-646937
-638453
-636333
-635578
-634302
-632812
-630146
-617568
-617086
-615654
-610241
-608189
-607513
-599196
-596841
-595445
-590055
-587430
-580352
-570019
-568227
-567950
-566244
-563446
-558185
-557300
-545713
-540330
-534302
-534301
-532238
-531789
-527880
-525166
-523698
-522627
-522307
-521602
-516436
-512059
-501550
-500429
-495506
-493678
-493221
-491875
-491499
-491411
-490557
-478176
-473866
-472519
-471891
-451957
-444695
-443041
-441266
-437885
-429711
-424627
-423136
-422776
-416092
-415661
-414710
-413894
-413485
-411544
-408110
-406347
-405553
-398566
-394520
-392506
-392315
-388181
-386501
-385945
-381912
-378680
-374552
-369993
-369014
-368485
-350377
-348400
-343712
-343637
-341340
-339183
-334394
-333496
-329628
-327435
-326772
-324359
-322146
-320199
-313959
-306842
-303225
-287851
-282043
-278616
-275054
-273021
-268174
-267163
-265806
-257888
-251706
-243568
-237847
-231645
-228863
-228843
-225356
-222225
-221577
-214761
-205684
-202578
-189615
-183832
-178930
-177280
-175974
-151010
-148436
-144807
-141768
-139924
-138347
-137573
-129169
-118551
-113697
-113481
-108351
-105951
-102642
-102132
-100947
-96378
-85365
-84022
-82094
-72986
-65789
-62911
-61685
-59064
-55691
-52892
-51214
-48839
-46255
-45631
-42543
-39942
-26888
-25583
-21176
-13776
-13244
-12642
-11104
-10526
-6490
-873
1725
7870
12933
13933
14837
18167
19007
25589
32329
47290
53131
53135
56155
57149
60132
61724
65399
69041
72842
78672
80159
82556
86421
87154
96414
107595
112823
115146
116160
120597
122900
123225
128382
131557
134778
135074
136151
145951
153694
159655
170023
175316
176881
178998
179529
180454
191658
197066
197545
202202
204400
204620
205018
206697
207926
209000
222290
224401
231709
234412
236268
237543
242841
245938
255425
256505
258017
261463
267407
271399
271560
273864
278563
280857
285133
287084
287614
289626
293296
300155
306972
310702
310830
312029
312411
314483
328546
328627
340717
344447
347603
348059
348856
355395
357184
358236
370123
383167
388235
388402
400868
404491
404563
409071
410775
411760
412907
416640
420114
420554
425510
425920
428472
429421
437611
444650
455677
457384
462007
462077
463004
463743
471926
473981
475681
477834
484836
488906
492098
493856
496156
496567
498521
500603
501696
505886
509577
509914
515327
516617
520144
520170
523054
527204
528708
529160
530915
533952
536376
538749
539358
545387
547250
547372
548294
548350
549576
565502
566360
567653
568482
574465
578209
582728
590447
591587
604959
606378
608776
618151
618923
625280
628084
631869
633844
635528
645205
647823
648104
653037
657568
658522
662375
666291
667788
673255
673280
676722
686127
691916
695984
697284
697910
702016
706206
707087
710752
739715
740519
743670
744255
744783
756353
772358
773344
784502
786871
792830
793423
798242
800089
802993
809648
809894
810219
810269
826062
835771
835925
837389
841054
851508
852988
854164
861793
871259
873485
873535
879812
879822
881056
888444
891767
892312
901306
902520
909298
916053
924593
925079
929593
930379
933748
953953
958308
967722
968338
970991
971091
975325
975990
977481
978566
981497
989805
998138
1000733
1003506
1004436
1005958
1013557
1015200
1018179
1019204
1029791
1036409
1040296
1040546
1044632
1065831
1070875
1073993
1080567
1083652
1086192
1095750
1101583
1103431
1104318
1108758
1119975
1122020
1126471
1127717
1129908
1135019
1137829
1143605
1146314
1147289
1150445
1155181
1156393
1158600
1163763
1165880
1174236
1177471
1182446
1182994
1186071
1192163
1192248
1196039
1200465
1202254
1210540
1216915
1217937
1219144
1223991
1233457
1237066
1241592
1243675
1243938
1244139
1244459
1247411
1249919
1250421
1251662
1254933
1261678
1268309
1269974
1273341
1275049
1275079
1276589
1283572
1283707
1287638
1292784
1294949
1295371
1296916
1300986
1302529
1303320
1305545
1310431
1313287
1314394
1314601
1314815
1323192
1327666
1328877
1334490
1336347
1345679
1347020
1353971
1356130
1358784
1359464
1359753
1366312
1367601
1367826
1369272
1379113
1386561
1389938
1393033
1396733
1398014
1403425
1403623
1404012
1407732
1408144
1408494
1411664
1417477
1419800
1423553
1425387
1439775
1449562
1452022
1453526
1456238
1456809
1457625
1459233
1461578
1467423
1472662
1482209
1487007
1487457
1494006
1496879
1500154
1521343
1525234
1525800
1528325
1531359
1531661
1531913
1532887
1540490
1541869
1545336
1545906
1552540
1558997
1563995
1566523
1567556
1574648
1585826
1588665
1601936
1610161
1611155
1624289
1625129
1628158
1628590
1630667
1631580
1634393
1641249
1644664
1660992
1666352
1668498
1673953
1676100
1676135
1681518
1688476
1693050
1694917
1702763
1710812
1713134
1714239
1718753
1733161
1735450
1740083
1740506
1742023
1742804
1743412
1748762
1750414
1751182
1752300
1753608
1762457
1762960
1763249
1764605
1765026
1766853
1769505
1770754
1771759
1774444
1776333
1776628
1777778
1783997
1784168
1786033
1789569
1789952
1798308
1798604
1801820
1802889
1812200
1813469
1813591
1822622
1829188
1837571
1839254
1839678
1840247
1847041
1848043
1848199
1848411
1849286
1849748
1853211
1854983
1857417
1860675
1864947
1878904
1892946
1896853
1903310
1906120
1908156
1911984
1919971
1921677
1925575
1925947
1954790
1955881
1960407
1960557
1964806
1967018
1968303
1968576
1989330
1995607
