-1999434
-1999152
-1997066
-1993488
-1989133
-1987088
-1976046
-1974881
-1973715
-1958825
-1955614
-1953197
-1949748
-1943509
-1943177
-1942446
-1939587
-1938665
-1937768
-1936634
-1932382
-1927185
-1925362
-1920490
-1914491
-1904883
-1902304
-1899826
-1899420
-1886937
-1885286
-1884085
-1881047
-1880306
-1874702
-1874441
-1871894
-1867989
-1865525
-1864423
-1864333
-1857430
-1854882
-1852280
-1850012
-1843573
-1832219
-1828203
-1821125
-1817401
-1814755
-1814172
-1813049
-1810800
-1799707
-1796908
-1782396
-1782191
-1772464
-1768365
-1767894
-1756114
-1755346
-1754113
-1752280
-1750296
-1746814
-1745930
-1743179
-1739003
-1738390
-1735839
-1729605
-1728734
-1727475
-1724986
-1724958
-1724775
-1719291
-1716196
-1716051
-1709900
-1709413
-1698873
-1697997
-1696351
-1687181
-1684915
-1684087
-1680910
-1680786
-1680566
-1677524
-1677075
-1675475
-1674219
-1662685
-1660124
-1652995
-1647238
-1644808
-1638771
-1638381
-1636380
-1632580
-1631357
-1629847
-1629457
-1616345
-1612476
-1611781
-1611303
-1608578
-1607721
-1596943
-1596777
-1589867
-1579525
-1579334
-1572462
-1570269
-1568450
-1562951
-1562586
-1562380
-1560125
-1560080
-1559959
-1559706
-1557330
-1557158
-1551692
-1549217
-1548408
-1547537
-1536416
-1530450
-1529669
-1525902
-1522601
-1521971
-1497413
-1496940
-1489772
-1487289
-1483838
-1480221
-1475177
-1469316
-1467507
-1449465
-1449140
-1448118
-1440068
-1425292
-1423842
-1414551
-1413039
-1399079
-1395454
-1383910
-1383578
-1382287
-1376007
-1374970
-1366952
-1362848
-1338296
-1334944
-1325107
-1320908
-1317585
-1312666
-1309198
-1308063
-1302083
-1301459
-1298752
-1298058
-1290655
-1289001
-1287124
-1280067
-1275019
-1271442
-1268307
-1252644
-1244610
-1239679
-1238531
-1238072
-1221179
-1215665
-1212796
-1207650
-1201511
-1196757
-1193367
-1178753
-1177799
-1170401
-1169289
-1168320
-1166890
-1158758
-1158112
-1157539
-1150481
-1130181
-1124124
-1121517
-1118378
-1113550
-1108008
-1107554
-1102955
-1095828
-1090491
-1087381
-1086076
-1082551
-1082194
-1080811
-1077692
-1077691
-1073121
-1055756
-1051016
-1039643
-1035339
-1027861
-1027057
-1023135
-1017819
-1017598
-1008827
-1002533
-998792
-989492
-985997
-985789
-982261
-976686
-975051
-972415
-969350
-966741
-965741
-963421
-959341
-958246
-955833
-951147
-944638
-940893
-938737
-931835
-928374
-925888
-914226
-913564
-909972
-909081
-900162
-899119
-896343
-890715
-880024
-878358
-870317
-870186
-860424
-854142
-854001
-851341
-850999
-849275
-846674
-845516
-844373
-839385
-837128
-834596
-829424
-825267
-820412
-814757
-814290
-813381
-810106
-805502
-797409
-796916
-794639
-784632
-776703
-768692
-768069
-767413
-762113
-756008
-752970
-752220
-747891
-744569
-743019
-742285
-739006
-738451
-736534
-736062
-733731
-729542
-728874
-728247
-727642
-716881
-716782
-716218
-715674
-711619
-691136
-688432
-684272
-679580
-668321
-659209
-644893
-644846
-637354
-634891
-633014
-620925
-620345
-611319
-611090
-604820
-601194
-596655
-594937
-593702
-593207
-586453
-584193
-583846
-580848
-576077
-576039
-573866
-567092
-564691
-560798
-555184
-548058
-547557
-537930
-534697
-533890
-532017
-526054
-524762
-524454
-512601
-511026
-507150
-505137
-500337
-491106
-489574
-487000
-483197
-480328
-477701
-474560
-473746
-472472
-470101
-467334
-466513
-457797
-456655
-450914
-449315
-445363
-434838
-426781
-426696
-423659
-423168
-418961
-410245
-409327
-409274
-402508
-397690
-396368
-395622
-389597
-386710
-384082
-379897
-377604
-375985
-367528
-362983
-353010
-346578
-346019
-342625
-335693
-333374
-325135
-324427
-321911
-321455
-316774
-315359
-308865
-306528
-304532
-304035
-298984
-297892
-295893
-295659
-294356
-293594
-293430
-289430
-287325
-287196
-286724
-283645
-278769
-278108
-276949
-276412
-272276
-270818
-257623
-249360
-235369
-231427
-228669
-227856
-227302
-220341
-218819
-218551
-215249
-213059
-212199
-211167
-210934
-196969
-194860
-188825
-187134
-185845
-180704
-177887
-172706
-162948
-162494
-162392
-157574
-150198
-147951
-137768
-128463
-125457
-116643
-100066
-99904
-97871
-94490
-93666
-89551
-88684
-88646
-85921
-69761
-64692
-61177
-60523
-59018
-53341
-52342
-49833
-42191
-36199
-18021
-17440
-16225
-14135
-7976
-5965
110
6306
13418
14315
18032
19576
22805
23576
29746
43580
44360
45486
56543
59490
62994
75320
81682
86740
87477
97046
100237
106080
111588
112110
114444
116998
118205
118598
123498
124388
127679
128476
128729
130425
134932
138230
143454
156493
157601
158042
160738
160949
168719
174372
177171
179465
183973
192608
200638
201969
203077
209196
214146
215618
215912
218594
221482
231781
245281
259758
259854
263285
265661
270467
274200
276453
281769
282724
282752
288715
288874
303259
305296
320442
323187
329485
330282
335111
335970
342374
343201
346694
349436
353273
358169
364083
370451
396712
397900
399188
399241
401593
406669
406675
412364
424548
428522
431630
433224
434942
435192
435965
441748
441784
450413
451132
451494
462499
466299
468195
470025
474244
480077
480955
481386
488191
491217
492205
498619
499793
500791
503080
507083
507436
508874
510520
518199
520548
521582
522264
524399
527018
527085
530259
532990
533029
534231
536968
554018
555853
556030
562188
564697
565810
571897
573400
577784
584790
586809
590411
592190
594674
595833
595842
597957
598556
604751
606996
611205
615212
632500
634906
637011
637811
644382
644690
646089
650761
655533
658487
658628
658791
668079
669658
682193
692521
697486
707249
724121
731942
732209
733132
741228
747896
751573
752088
756062
756754
767391
767913
773639
775533
779410
780674
781980
783128
789766
792527
797236
807793
810413
817766
827560
827933
834480
835285
836340
838316
839761
841203
846412
849052
849951
853656
859431
861109
861718
862801
871346
878518
882636
888741
891945
892932
898869
901274
913644
922308
922487
931754
933416
935721
943780
947854
953711
958687
962347
970860
971361
979118
979596
984453
988991
992268
992458
994295
997679
1003719
1007975
1011115
1015367
1028624
1029766
1031838
1036334
1037685
1038894
1041458
1046670
1047678
1048985
1050409
1050600
1053177
1053391
1054030
1054219
1058829
1065034
1072556
1074554
1086280
1087286
1094127
1098328
1110222
1115340
1118174
1123688
1133890
1135791
1139047
1140834
1141916
1147103
1151033
1154342
1155022
1159170
1159481
1180233
1184623
1190544
1201386
1206569
1207807
1209773
1213202
1214083
1220297
1221125
1221942
1222125
1224260
1230756
1230961
1234364
1234873
1241997
1244641
1251925
1253470
1255358
1264808
1267634
1270381
1275197
1278030
1278925
1296560
1299763
1301413
1310144
1313998
1318026
1320480
1326528
1344664
1347101
1347684
1350699
1354777
1355528
1355841
1357693
1361791
1375821
1376333
1376551
1382168
1382481
1382916
1389691
1391775
1393237
1396046
1402676
1403137
1404072
1406295
1406543
1406726
1413201
1414707
1419158
1419850
1420250
1422784
1442128
1443568
1454389
1457578
1489589
1490421
1491573
1493991
1494148
1494792
1497812
1508663
1511112
1511168
1512647
1516416
1516869
1516910
1518265
1525872
1528692
1534663
1534923
1542303
1546232
1549306
1552736
1553899
1560474
1569129
1571597
1574427
1575631
1577623
1581494
1582696
1583889
1589197
1590149
1608891
1611691
1612922
1618758
1635515
1639533
1645488
1646746
1657147
1660322
1663262
1666266
1666994
1667202
1667714
1674241
1674428
1675376
1679628
1682553
1686662
1689716
1690099
1690652
1693539
1699951
1701071
1701340
1705440
1706295
1709722
1714782
1714918
1715680
1718097
1722369
1726016
1729667
1734200
1735366
1735898
1741083
1743127
1746632
1751118
1751490
1760874
1762681
1764384
1771663
1775611
1778731
1785269
1788446
1793084
1794010
1795743
1796643
1805024
1808222
1810942
1813059
1828867
1839319
1841053
1845603
1846557
1852008
1852348
1853185
1858557
1861433
1867028
1870601
1870997
1875593
1875657
1882597
1882764
1888530
1905828
1906853
1907313
1910990
1912821
1913671
1918393
1919849
1919914
1920859
1925501
1927859
1929354
1944698
1946490
1947995
1952073
1954836
1961521
1970235
1973424
1974492
1988998
1989673
1990129
1997483
