-1995394
-1988184
-1984280
-1983864
-1982371
-1981976
-1979965
-1979887
-1976215
-1974967
-1973054
-1970160
-1969649
-1965548
-1961422
-1959779
-1942198
-1937690
-1936605
-1933602
-1930157
-1928387
-1913378
-1912843
-1908560
-1907241
-1902202
-1893158
-1885986
-1885649
-1885066
-1883009
-1881350
-1873157
-1872980
-1872360
-1871670
-1869984
-1869885
-1865652
-1864275
-1859211
-1856060
-1850385
-1849231
-1845841
-1845140
-1843728
-1839961
-1839071
-1834460
-1833290
-1828469
-1828328
-1823574
-1823420
-1812874
-1809149
-1808317
-1800398
-1792842
-1789142
-1787897
-1783093
-1782650
-1781978
-1781907
-1775440
-1774349
-1767283
-1765656
-1759571
-1758836
-1758136
-1756232
-1753376
-1751599
-1750127
-1749688
-1747386
-1746500
-1744553
-1742747
-1741912
-1740011
-1740004
-1736908
-1734144
-1729963
-1727020
-1724776
-1714239
-1712654
-1707163
-1698860
-1694573
-1692325
-1682368
-1679302
-1673853
-1671333
-1667215
-1649878
-1644940
-1643754
-1642791
-1641119
-1639315
-1630873
-1628555
-1622106
-1617594
-1612675
-1611287
-1605695
-1598957
-1596322
-1595388
-1581996
-1569745
-1568737
-1568503
-1559868
-1558729
-1551282
-1550219
-1548959
-1547109
-1545766
-1544812
-1544219
-1543218
-1542193
-1537937
-1534609
-1532717
-1524140
-1520998
-1518898
-1517439
-1510405
-1507974
-1507335
-1498614
-1498285
-1495489
-1492455
-1488080
-1486686
-1475843
-1473281
-1472236
-1462502
-1452155
-1439266
-1438276
-1433309
-1430474
-1429559
-1428780
-1426914
-1419951
-1413070
-1412424
-1411809
-1410565
-1390960
-1370143
-1368410
-1361165
-1353538
-1340459
-1340324
-1336454
-1334280
-1331766
-1331596
-1331089
-1328887
-1319302
-1311099
-1310175
-1299040
-1291316
-1285959
-1279905
-1279300
-1273208
-1272165
-1270550
-1268389
-1266243
-1266024
-1265911
-1260987
-1259303
-1256574
-1256341
-1255374
-1245789
-1240967
-1240640
-1235250
-1227564
-1227523
-1220560
-1218532
-1215855
-1214113
-1211735
-1202950
-1198052
-1196299
-1195289
-1192533
-1188549
-1184773
-1180238
-1179130
-1174279
-1170794
-1170007
-1169635
-1169247
-1157974
-1149788
-1136304
-1136226
-1133827
-1130930
-1126210
-1123236
-1115809
-1112756
-1110720
-1109715
-1109656
-1108732
-1107046
-1103861
-1094418
-1093493
-1087233
-1073121
-1071837
-1063376
-1050767
-1042483
-1037566
-1036658
-1011509
-1010950
-1006842
-1003895
-1000560
-996342
-996261
-995425
-995200
-994422
-986816
-982613
-981308
-980604
-980571
-973696
-954123
-951922
-949890
-949065
-947294
-944464
-942688
-940996
-940939
-939326
-938590
-937100
-930632
-926137
-924769
-912703
-910292
-901564
-901336
-898493
-895005
-889567
-887823
-886462
-885874
-871244
-868433
-860114
-855736
-854303
-849580
-847171
-844696
-841364
-834542
-832938
-831742
-830488
-830335
-825897
-823547
-818641
-816744
-813039
-810640
-810581
-808154
-803546
-802367
-795332
-792339
-788845
-784449
-783235
-781092
-778561
-778065
-767321
-766725
-757991
-752416
-742812
-741241
-741108
-734981
-734739
-725469
-716544
-715031
-707206
-705022
-705010
-703507
-701616
-701072
-697850
-686305
-683238
-680342
-675161
-668927
-661769
-642309
-632605
-631026
-628432
-620339
-615660
-614368
-613670
-611396
-611387
-608724
-606985
-602005
-593497
-589025
-587857
-587151
-579448
-577758
-577445
-547124
-544398
-530104
-520240
-518543
-514934
-512063
-511640
-511443
-508906
-508657
-497625
-494935
-493362
-492008
-489285
-489095
-480357
-479528
-463195
-457023
-452267
-449813
-447424
-444202
-443646
-443394
-438725
-435683
-433117
-431042
-425922
-425235
-424280
-424228
-422675
-422267
-420471
-420469
-418424
-408105
-405878
-401419
-397969
-397732
-392556
-391005
-390908
-389084
-385887
-384262
-374747
-372289
-368598
-365160
-363907
-354259
-347800
-342284
-341600
-340030
-338261
-332626
-328959
-328876
-326510
-321494
-318806
-312461
-307919
-307902
-307899
-302629
-284492
-268236
-263642
-261025
-257629
-257603
-252207
-242788
-241435
-235232
-230655
-225744
-224051
-214947
-209769
-205931
-205001
-204194
-201292
-199760
-199468
-191346
-190342
-184832
-182951
-179772
-178295
-169071
-166922
-163940
-153106
-139333
-135859
-134547
-132950
-132426
-131803
-122973
-117485
-114441
-113350
-109629
-109031
-108703
-106065
-85253
-82468
-66681
-61323
-60674
-58242
-58188
-56859
-53086
-48266
-43840
-39551
-36368
-27046
-17682
-15723
-12820
-7230
997
3863
4970
7683
11985
23393
24830
25663
28760
40679
46701
50082
59585
66533
73118
77642
78611
88656
97914
100233
116926
123679
125482
127230
133301
137577
141235
148797
152511
153034
158167
165121
165194
168911
181278
182868
188601
191654
192438
196066
197062
201655
201947
204519
205798
207782
208519
209069
210115
210434
212140
214841
216002
224112
225051
226766
228247
229680
230768
234604
246115
247197
253595
254401
260077
264321
265046
269329
269429
269474
270040
291767
295328
306017
313470
316995
319758
320284
321332
322108
326163
327001
327033
327896
328557
336326
337827
339485
340173
342871
344163
351880
352676
352812
361640
364281
365056
374192
382884
384500
389927
393612
397940
400507
404689
408188
413174
413562
414070
417183
422983
425407
425723
425938
426986
427858
430646
432879
439569
444067
449598
452337
460159
462835
466069
477634
482287
486311
490761
493436
496199
502661
508883
510589
516801
517826
518709
519393
524873
526136
527364
528686
546814
547476
552238
553041
564394
564984
578970
579657
579679
585561
592673
599348
609438
615823
622572
629865
631979
633646
638099
640419
643321
645279
650316
653165
654836
656042
658108
661482
668678
668907
669545
675040
682840
684545
695799
701972
715516
717895
719101
719120
734187
747449
748269
754325
754368
757775
757934
759673
773362
775113
775695
798039
799586
800851
805165
812758
813594
824155
826288
829180
831706
843069
843080
843400
843908
846128
848195
849425
856419
867651
869444
871494
876783
887607
892301
899147
901207
903879
917567
920183
939421
946377
946754
948520
948624
949813
952393
955427
957804
966419
971716
981944
983251
985132
993882
997475
999434
1000023
1012761
1031957
1032879
1035194
1044099
1046928
1048053
1049483
1055778
1058676
1067841
1069134
1069224
1073547
1078659
1088507
1098653
1100020
1111525
1117034
1118715
1120341
1121735
1124046
1130967
1131757
1133485
1139093
1139190
1141789
1145936
1154230
1159844
1160297
1163831
1166223
1169634
1181322
1191161
1204484
1207485
1208304
1211525
1217242
1219445
1223033
1226933
1229083
1233398
1241431
1241705
1242851
1245087
1251356
1253648
1260123
1260391
1266916
1270522
1271399
1272767
1274098
1276895
1278440
1291605
1291867
1295950
1303153
1303261
1304333
1310361
1317335
1322374
1322695
1327134
1330670
1334783
1345654
1357571
1373112
1376801
1377119
1380329
1385997
1386133
1392060
1394401
1395133
1397870
1400275
1400686
1401146
1401233
1404381
1406064
1406141
1406386
1413524
1414937
1415355
1430113
1430707
1435667
1439800
1446817
1455115
1456920
1462337
1465510
1470351
1471453
1472090
1477067
1477201
1478600
1486294
1486440
1488381
1493868
1495601
1497436
1507557
1519547
1520768
1521639
1523219
1527739
1528035
1530988
1531073
1532517
1532566
1533835
1535039
1535810
1542033
1543833
1545986
1548818
1553782
1554017
1557561
1570717
1574761
1578857
1581627
1584492
1585196
1587114
1592995
1593582
1596223
1599047
1603452
1608710
1617184
1622671
1625913
1628481
1629740
1629794
1631201
1632044
1634064
1634895
1635216
1636967
1639744
1642640
1648057
1653418
1655710
1661274
1663004
1665767
1675202
1676310
1676384
1680104
1683021
1686913
1689193
1704074
1711923
1712985
1727873
1730538
1730600
1730695
1741218
1751382
1755618
1756591
1760805
1761005
1768635
1769925
1770942
1773127
1774281
1775541
1781633
1782946
1784257
1797282
1805380
1806185
1816907
1817366
1820393
1834435
1835238
1836535
1837020
1839367
1841466
1843065
1843622
1849175
1855582
1858704
1861727
1863717
1864249
1869903
1872561
1876155
1893434
1893796
1903823
1905630
1906417
1907463
1912313
1917906
1919109
1925597
1931993
1939397
1941088
1942814
1943543
1945086
1947781
1948132
1958786
1976046
1976774
1977018
1981128
1982540
1983397
1984240
1984976
1987903
1989101
