-1991433
-1991020
-1988774
-1983620
-1982518
-1975976
-1970059
-1968668
-1967326
-1964353
-1962690
-1959301
-1954691
-1953660
-1952202
-1948373
-1947520
-1945590
-1940736
-1940521
-1940221
-1939880
-1939570
-1936627
-1930765
-1923054
-1917717
-1916638
-1913048
-1912997
-1912390
-1911092
-1905234
-1899745
-1893502
-1890704
-1890015
-1883262
-1882478
-1874657
-1873559
-1854024
-1853752
-1850783
-1850664
-1846270
-1842403
-1834897
-1831429
-1826069
-1823396
-1816905
-1813057
-1808445
-1796436
-1794507
-1793016
-1792793
-1788899
-1788172
-1787677
-1786260
-1784202
-1782566
-1780016
-1779450
-1779232
-1774174
-1772683
-1772313
-1771804
-1769824
-1769373
-1769289
-1768304
-1761215
-1759603
-1758955
-1758040
-1757652
-1756487
-1753526
-1737519
-1731135
-1722844
-1722087
-1721128
-1709380
-1699561
-1697377
-1695747
-1688461
-1688381
-1686887
-1683912
-1677348
-1677078
-1674627
-1673706
-1669559
-1668723
-1662739
-1661474
-1655421
-1649713
-1646765
-1638605
-1637400
-1637174
-1634195
-1631908
-1622602
-1615013
-1614502
-1613652
-1608081
-1601303
-1591002
-1590159
-1589130
-1588189
-1580689
-1579820
-1579494
-1574686
-1574533
-1572318
-1570931
-1568702
-1565415
-1565261
-1561967
-1555276
-1547413
-1545033
-1540695
-1539110
-1531381
-1529271
-1528684
-1528451
-1525890
-1518960
-1518132
-1513020
-1512577
-1510049
-1492381
-1489191
-1486975
-1484550
-1475772
-1474539
-1473781
-1466184
-1464131
-1463637
-1460632
-1456315
-1447671
-1445180
-1444769
-1441450
-1439637
-1434827
-1427429
-1424487
-1421105
-1404269
-1403106
-1398358
-1397035
-1394815
-1393484
-1393140
-1392216
-1390945
-1389076
-1382689
-1380911
-1376534
-1370166
-1369182
-1365545
-1361769
-1359077
-1349614
-1346498
-1341734
-1341094
-1336792
-1331579
-1326060
-1322820
-1310748
-1306580
-1303888
-1301369
-1292712
-1290875
-1289372
-1275246
-1263373
-1256173
-1255642
-1252195
-1247002
-1245079
-1241899
-1239726
-1239382
-1234650
-1230889
-1226756
-1225762
-1222667
-1219771
-1215763
-1211657
-1209256
-1208735
-1207814
-1189934
-1187532
-1183585
-1180752
-1178377
-1177042
-1170902
-1162999
-1146975
-1140361
-1139054
-1136906
-1136403
-1131359
-1128857
-1120633
-1118917
-1118270
-1118246
-1116557
-1114721
-1111746
-1110896
-1107997
-1097759
-1096405
-1094025
-1083185
-1079736
-1076895
-1071786
-1068244
-1063678
-1059452
-1058854
-1058074
-1050811
-1050229
-1044537
-1036207
-1034827
-1030084
-1029296
-1026971
-1022514
-1016989
-1015786
-1014034
-1013698
-998377
-991907
-991114
-989468
-987770
-987553
-985076
-979254
-973860
-972493
-967153
-963029
-961666
-954993
-953924
-953879
-951362
-945457
-944004
-941366
-929923
-926177
-924656
-917909
-901428
-899893
-897768
-895916
-889452
-887420
-882868
-882450
-881126
-879348
-879231
-877983
-872272
-870933
-869385
-863548
-862223
-861124
-859074
-859012
-855258
-850361
-849809
-843758
-842416
-833289
-830396
-818741
-816006
-811889
-796308
-795687
-793466
-791899
-783352
-781127
-773821
-772593
-772016
-770075
-768340
-767863
-764467
-752550
-743070
-741817
-736758
-731579
-728961
-728873
-725370
-722534
-719429
-711003
-710982
-710119
-703238
-688958
-686311
-674197
-670780
-670038
-659408
-655284
-652710
-650041
-642594
-641297
-640274
-638576
-627086
-619100
-616858
-616268
-612154
-612132
-602082
-601974
-595406
-583933
-576606
-572080
-570801
-561400
-553899
-549721
-537793
-528471
-522645
-514375
-511619
-507136
-500896
-490612
-488100
-487227
-482455
-472549
-458552
-449881
-449416
-447209
-437510
-429315
-423321
-421023
-417784
-410829
-408657
-390447
-386306
-383452
-382375
-380789
-379087
-377637
-364919
-363888
-361070
-358747
-356278
-355000
-354033
-352064
-350961
-345620
-332908
-332706
-324495
-323405
-320853
-318080
-316058
-315861
-304821
-296193
-296175
-293646
-293357
-291950
-290210
-287734
-284337
-263379
-257184
-257137
-236668
-234557
-233279
-228696
-226104
-226010
-222693
-208487
-206906
-206217
-202275
-201968
-201906
-200824
-195624
-191094
-188334
-183046
-181687
-179812
-176671
-166085
-163386
-156583
-154797
-150105
-147873
-147654
-144230
-144131
-142647
-141964
-139266
-133190
-131916
-131846
-131154
-130065
-128398
-124856
-119111
-117660
-114298
-101115
-97946
-96650
-90467
-89799
-88929
-88354
-87569
-87526
-85610
-83538
-82785
-82407
-81368
-74978
-70956
-65622
-65229
-63449
-61190
-58178
-57738
-54848
-54433
-53823
-49868
-46640
-44117
-43332
-42238
-41688
-40679
-36067
-33882
-30216
-22099
-15174
-14293
-13941
-13474
-12553
-10131
-5224
-3259
-3204
-2338
-2199
-868
1355
4695
5722
8141
10687
13194
19466
24473
24760
25642
25804
27321
28157
29625
32099
32359
42360
50204
54068
56474
61913
62818
67212
76133
78427
92556
96948
102130
113526
119098
124610
124958
145536
159304
162740
164067
167857
172062
172870
173706
174114
175690
175976
176827
177274
179787
180220
181911
186740
194727
199147
201932
205493
205728
209436
221883
222911
227124
233115
238448
239775
239820
240349
248833
249060
255812
259318
260555
266678
267829
268341
270866
280168
287519
287973
292518
300275
310567
311181
318049
318448
319815
320951
329052
336834
338869
341569
343636
349006
349499
360559
361031
362040
363013
368225
368739
372714
372757
372917
377201
381376
382117
387989
388386
393680
394550
394749
396183
402822
405381
405474
410073
410787
411221
413458
414726
414979
418956
422051
428371
429332
432723
437007
439845
440400
443151
449854
458346
459314
463498
469925
478207
481717
492994
502037
503357
504329
505442
506265
509776
512347
514255
514493
516579
520242
526566
535492
537383
538647
544508
546843
554563
558679
568157
570311
587351
588303
596519
598322
609871
610391
611370
618034
619541
623617
623761
629938
633186
633696
635518
635551
637712
637875
638416
639486
639647
647850
655142
655207
661964
667179
677093
685260
686625
698563
698749
703451
712977
716269
723898
730873
733295
735074
735431
737220
739888
743301
750228
755383
758054
758752
759183
760089
763913
768824
772018
777753
778377
780642
786692
789162
790379
794393
794922
805125
832856
834716
834761
836050
838694
842082
842217
851459
856696
871619
884795
885697
887425
893474
901975
906540
908908
908942
913489
918248
919668
926141
930527
932604
934482
937231
938245
940508
944350
951406
953207
959933
963067
968110
971113
971587
973755
974390
978356
979715
986086
987109
989583
990257
993903
1003667
1004491
1004733
1012287
1015331
1030868
1040072
1041383
1042918
1045028
1052698
1059451
1065458
1067610
1070951
1084869
1089383
1090405
1090505
1114726
1123554
1126987
1129491
1133136
1136831
1138495
1138731
1139764
1141957
1145037
1151824
1152082
1157744
1158975
1159581
1163211
1163441
1169331
1172925
1173186
1182912
1200973
1204567
1207724
1211783
1212145
1228024
1229253
1234153
1237726
1252479
1252566
1254725
1260374
1264411
1264473
1265637
1269601
1270503
1271625
1292553
1296596
1299720
1310416
1317190
1337299
1338103
1344470
1344569
1345359
1355475
1362182
1364266
1370927
1373336
1374101
1378361
1382312
1382722
1383610
1384255
1386659
1387820
1395447
1397899
1406312
1407739
1414390
1415980
1434756
1436939
1438111
1441555
1445684
1451000
1461592
1476066
1478053
1483049
1483885
1484846
1487372
1494123
1494399
1498465
1498546
1498724
1503847
1504372
1504410
1504544
1518624
1526309
1531284
1538299
1546493
1560152
1563661
1563814
1564050
1564930
1583323
1584307
1585794
1592450
1608387
1612222
1619197
1620518
1620917
1628002
1641084
1644960
1647593
1650883
1652598
1658248
1660613
1661219
1665891
1670340
1673586
1675515
1680479
1682002
1687035
1700301
1703358
1708697
1735219
1739122
1741663
1743676
1749835
1755183
1762550
1763318
1767232
1767443
1775595
1783151
1784678
1794100
1800305
1801814
1812047
1812597
1818037
1827758
1829310
1835383
1838754
1840308
1840361
1843513
1844327
1845950
1850311
1852008
1854995
1876903
1890481
1890965
1898588
1903429
1908926
1912428
1912804
1914653
1917573
1918393
1934778
1937308
1937325
1953447
1955998
1957523
1959979
1960271
1961685
1961940
1963763
1965175
1966863
1981587
1986414
1995314
1998903
