-1998060
-1997290
-1997072
-1994823
-1994039
-1993285
-1985993
-1984824
-1983198
-1978402
-1976298
-1976136
-1972790
-1970400
-1967748
-1967024
-1965161
-1964391
-1964251
-1960145
-1956818
-1956058
-1952321
-1950921
-1946886
-1945468
-1938025
-1931470
-1927972
-1919171
-1918357
-1917966
-1914925
-1905799
-1901685
-1901189
-1899462
-1899397
-1897499
-1887834
-1884634
-1882981
-1876221
-1869233
-1851816
-1846196
-1846072
-1840825
-1838891
-1837740
-1832901
-1831964
-1828467
-1818744
-1814426
-1810449
-1802020
-1795595
-1791883
-1785676
-1781816
-1781045
-1780013
-1777598
-1776800
-1771086
-1769043
-1767893
-1763878
-1759141
-1758298
-1756590
-1756266
-1752528
-1752415
-1750488
-1748797
-1724759
-1713710
-1709213
-1700170
-1688214
-1687131
-1684093
-1682637
-1680392
-1679091
-1677127
-1672961
-1671224
-1668645
-1664560
-1663157
-1651299
-1649379
-1642653
-1640766
-1633169
-1615183
-1611216
-1606811
-1601553
-1594930
-1583896
-1578104
-1564665
-1562895
-1562547
-1561700
-1550043
-1536394
-1531375
-1527225
-1525521
-1520985
-1518299
-1517531
-1514242
-1512463
-1511660
-1509890
-1507251
-1501596
-1500192
-1479140
-1476581
-1468635
-1466873
-1466691
-1466534
-1463841
-1451407
-1448098
-1447561
-1425120
-1414575
-1411901
-1408561
-1406278
-1399326
-1392371
-1386347
-1384968
-1384797
-1380578
-1378106
-1377098
-1376223
-1371325
-1361161
-1357675
-1353420
-1347510
-1342133
-1338520
-1335590
-1329591
-1327656
-1321527
-1320852
-1319323
-1316491
-1314994
-1312297
-1310619
-1308727
-1308088
-1306541
-1302212
-1300115
-1299496
-1292271
-1288035
-1282056
-1278427
-1273221
-1272412
-1265540
-1261863
-1259832
-1258443
-1258181
-1257253
-1255960
-1254689
-1253855
-1247515
-1240357
-1239053
-1238429
-1236643
-1235244
-1232259
-1231486
-1222377
-1220187
-1218115
-1217150
-1216468
-1214355
-1212577
-1211689
-1209995
-1200735
-1200579
-1191853
-1174086
-1172895
-1170952
-1169263
-1165653
-1162210
-1157044
-1139249
-1136843
-1133979
-1130403
-1130121
-1129866
-1105715
-1100862
-1083632
-1078966
-1065688
-1064313
-1061967
-1050597
-1043051
-1039539
-1038626
-1034595
-1026376
-1024476
-1020596
-1018602
-1012815
-1009698
-1002599
-998220
-997272
-990019
-985005
-979652
-979445
-974344
-967313
-966326
-964590
-957714
-955831
-952050
-936779
-932749
-931618
-930869
-929470
-913948
-911283
-905342
-901168
-895278
-893181
-884068
-879975
-872813
-868957
-861040
-859385
-859026
-854381
-840588
-838270
-837829
-836696
-834169
-832420
-826929
-826272
-825751
-825386
-820055
-818880
-818553
-812349
-810984
-808051
-806444
-804385
-800897
-792587
-790834
-788295
-780876
-779089
-776371
-768537
-768080
-767265
-758778
-755660
-742261
-740259
-739565
-738391
-738071
-735879
-717962
-713475
-709459
-706897
-704405
-702897
-697907
-695909
-695651
-694754
-684746
-681989
-681172
-678866
-678299
-676548
-674131
-665962
-665855
-660070
-654066
-651012
-648858
-641118
-640354
-626654
-619807
-614991
-614866
-611352
-609662
-603285
-602431
-600869
-592334
-590340
-589360
-571895
-570795
-566079
-565897
-560376
-557869
-557862
-543448
-542535
-535230
-535126
-534587
-532713
-522355
-517350
-517149
-516080
-514817
-508710
-503409
-503336
-489111
-489031
-483423
-480821
-479590
-478225
-476337
-474869
-464726
-461397
-461189
-459517
-455014
-453118
-451564
-449328
-438179
-437624
-423022
-418028
-417657
-414900
-411990
-411344
-399630
-397386
-395621
-392136
-390413
-388963
-384272
-375123
-352204
-344842
-333538
-320971
-317969
-316674
-314238
-307767
-302401
-300257
-296693
-292226
-285721
-285618
-283485
-280167
-280035
-268530
-267163
-259787
-258751
-257764
-252979
-252478
-252361
-232236
-231640
-223148
-219839
-216197
-215814
-214516
-210289
-208238
-205592
-205211
-205167
-197593
-189621
-189608
-187397
-185277
-180492
-176284
-176071
-175459
-175339
-175272
-169568
-162743
-147084
-144883
-143472
-139484
-134781
-132785
-121934
-115333
-114236
-111112
-104502
-103274
-100247
-88279
-84041
-80815
-71785
-70618
-69041
-65660
-64297
-51174
-49158
-43445
-40753
-36915
-30195
-27598
-20945
-18764
-16950
-15159
-11786
-11277
-4251
-2939
9165
9290
15861
20878
22520
30374
38506
38686
45134
55500
57096
64502
64864
68066
69658
79783
80507
81173
84131
84789
87839
88964
95137
100458
101290
106958
108769
112825
117504
118179
119721
123726
146427
147795
149563
150445
150828
151181
157865
166299
167436
174036
174145
179525
181687
186642
188386
193234
197280
200966
201179
204608
209439
211509
212203
212904
213974
219022
223455
226509
227282
232501
233002
236838
237943
239282
241755
243507
243566
245952
249676
250335
251382
251527
252141
255582
270224
271724
273045
276354
278676
279613
280245
286184
288951
289821
293485
301646
302685
305801
308601
329981
336757
338906
344476
345925
346578
353738
354717
357645
358585
360387
363324
367343
375862
376806
377354
380160
381015
389322
394051
399536
421274
436775
437656
439240
454983
458515
460146
482727
484164
488846
495557
496146
497577
499438
501927
506680
510922
513260
515418
521041
526011
529874
537043
540506
548444
550122
553260
554209
557319
576826
578350
584723
585429
585881
586693
586860
587935
594375
596073
599322
601974
603181
614377
618058
618858
620872
625677
642152
644032
646978
648173
656443
656476
662883
678438
679382
683447
684113
684806
688493
690278
700539
710592
730002
733902
736758
739877
741689
747973
748027
749259
749633
756875
760187
774636
776302
777657
778271
783079
787739
795670
798135
801147
803705
807911
824970
829268
829795
832738
842188
845261
847830
856414
858405
864407
871126
872812
876348
877538
882959
885806
886640
890229
892829
900700
902612
902675
904755
912076
914126
916420
916455
918020
920441
925325
925552
925824
937038
942305
944142
945601
955439
957807
962139
963741
968371
968613
970914
974057
975233
976196
979973
985465
987069
988601
988850
997120
999536
1007848
1009343
1014654
1020887
1026956
1030473
1030532
1030926
1036407
1038095
1040866
1041376
1041454
1050023
1051703
1052746
1053113
1055661
1059055
1061192
1061935
1062433
1065742
1065983
1071450
1073435
1077874
1079247
1086438
1089669
1092281
1104478
1107465
1113112
1116564
1116591
1118307
1125261
1128571
1130509
1136633
1137331
1142087
1144095
1144445
1148966
1153547
1154146
1154168
1155291
1155495
1158637
1160485
1163420
1165262
1168207
1170682
1171907
1174839
1178233
1187846
1193292
1194631
1202444
1202929
1203094
1205202
1207932
1212478
1216882
1226474
1228804
1232575
1233021
1235376
1237847
1240103
1244024
1245852
1247120
1253932
1257741
1259162
1268462
1272680
1274381
1276984
1278102
1286983
1299936
1301353
1311347
1312075
1313177
1314895
1315521
1321895
1336250
1340153
1348366
1350293
1351670
1360834
1362953
1365181
1376803
1378115
1385960
1391153
1391766
1396169
1398330
1415164
1422941
1423473
1428436
1435318
1436552
1442443
1444662
1448742
1450101
1453047
1453051
1456939
1466049
1467347
1469318
1469672
1473344
1483424
1487543
1487740
1487954
1494770
1494837
1499666
1501345
1502119
1513200
1517360
1517814
1525058
1527026
1527339
1534976
1542402
1544000
1545929
1550837
1551193
1556019
1557746
1558582
1560138
1562129
1565721
1566876
1568223
1570172
1570748
1579491
1583933
1586228
1593382
1594797
1595969
1599720
1607964
1612324
1620391
1620652
1627313
1632203
1632643
1632844
1634864
1635313
1636719
1654840
1659984
1664665
1665057
1668168
1668828
1691573
1696630
1705256
1716996
1718615
1719170
1719287
1721500
1731006
1732990
1739698
1741917
1743643
1743679
1745018
1748675
1749729
1766654
1766961
1771350
1771971
1779704
1784024
1786243
1793112
1796930
1797576
1803465
1811035
1811466
1813215
1814263
1819816
1821125
1827535
1829325
1831203
1835226
1843367
1844233
1847122
1849689
1852313
1854470
1865650
1873099
1876942
1877178
1877543
1879979
1894387
1900817
1904558
1912908
1913088
1913786
1921273
1922048
1922238
1925038
1925950
1927635
1928486
1943605
1947952
1955486
1956139
1957265
1962474
1967337
1969035
1972622
1975145
1981360
1981973
1983164
1983244
1987533
1992030
1992820
1994655
1996576
1997881
