-1993132
-1981433
-1977187
-1971654
-1964541
-1961991
-1956344
-1955017
-1949617
-1947655
-1940851
-1938236
-1929804
-1926556
-1925500
-1921003
-1900409
-1900186
-1891871
-1879882
-1879313
-1875195
-1873077
-1867096
-1865820
-1865132
-1864921
-1863573
-1862670
-1855656
-1849601
-1845163
-1839807
-1831796
-1828403
-1827376
-1825514
-1823499
-1822377
-1818183
-1815291
-1814250
-1810532
-1810062
-1803833
-1802190
-1794297
-1789520
-1781779
-1781054
-1776616
-1774864
-1771255
-1760854
-1754836
-1754700
-1748304
-1745195
-1745058
-1744376
-1737209
-1730229
-1725231
-1725117
-1720415
-1719079
-1718511
-1713664
-1709628
-1709111
-1707800
-1701849
-1696291
-1692404
-1687657
-1685455
-1681554
-1678502
-1677190
-1672548
-1669340
-1669107
-1664544
-1663195
-1658590
-1657020
-1653309
-1652816
-1638583
-1635929
-1631569
-1625569
-1622989
-1609360
-1602995
-1594189
-1592246
-1591045
-1585919
-1576497
-1575406
-1575341
-1574878
-1573700
-1573223
-1558682
-1558020
-1556729
-1551064
-1544624
-1544448
-1535833
-1526916
-1524251
-1521597
-1513667
-1513018
-1507123
-1499514
-1498321
-1490666
-1489740
-1488710
-1483509
-1476904
-1475756
-1471356
-1463141
-1462680
-1457744
-1453129
-1451653
-1447501
-1436307
-1435395
-1434180
-1421582
-1406456
-1404782
-1403708
-1403236
-1401775
-1389911
-1389031
-1383405
-1379455
-1375826
-1370469
-1369828
-1367649
-1361295
-1361224
-1359848
-1358798
-1358469
-1352297
-1349873
-1347011
-1343085
-1336881
-1335111
-1331567
-1326075
-1324264
-1304239
-1299769
-1299541
-1294199
-1289622
-1283997
-1283317
-1275732
-1275267
-1267940
-1265714
-1257158
-1255591
-1252382
-1249209
-1246080
-1242749
-1235269
-1235178
-1233224
-1229648
-1226441
-1214598
-1214557
-1212714
-1200910
-1197825
-1194212
-1187580
-1178450
-1176285
-1176056
-1171263
-1162833
-1160281
-1159873
-1155676
-1155492
-1150188
-1140331
-1139482
-1137349
-1136171
-1135174
-1118421
-1114842
-1093026
-1088077
-1084241
-1083478
-1074410
-1070943
-1067438
-1061817
-1058715
-1056925
-1047411
-1046734
-1038046
-1035389
-1031481
-1023980
-1022442
-1022397
-1021771
-1019168
-1015184
-1013201
-1012719
-1002933
-1002652
-997985
-997951
-995796
-987366
-983808
-976341
-968140
-967292
-965918
-963859
-963818
-959887
-959077
-958812
-955776
-951232
-948200
-948184
-946694
-946521
-942552
-941678
-941292
-940964
-934397
-933468
-923843
-917654
-916209
-915920
-915224
-910154
-908333
-906311
-906303
-902433
-901807
-895059
-890504
-888287
-886125
-884813
-872831
-872810
-871793
-866972
-864826
-862977
-861686
-854673
-851199
-847699
-846038
-845644
-845402
-842545
-842411
-838852
-837788
-832901
-825977
-823351
-822832
-813257
-810578
-809778
-807501
-803846
-800587
-793140
-791513
-776944
-775651
-773167
-768627
-760396
-757499
-755687
-751681
-748341
-742567
-739148
-738211
-737533
-729194
-716035
-692847
-689044
-678462
-676607
-670270
-661346
-655419
-651195
-649724
-647432
-646057
-645394
-638960
-637543
-634111
-629244
-627822
-621143
-620955
-613525
-610567
-607706
-605557
-602210
-597972
-597782
-597023
-596433
-592746
-583940
-583638
-582535
-581835
-572277
-570672
-568912
-560650
-559582
-559542
-552104
-544131
-541751
-537310
-535312
-535131
-528843
-525335
-525129
-517211
-515634
-515428
-515103
-510592
-507810
-507343
-507085
-502940
-501521
-493638
-492384
-491641
-490033
-482715
-472277
-471436
-467245
-465798
-459686
-457566
-452367
-451776
-437187
-436866
-429602
-424172
-421961
-414006
-408078
-391689
-388807
-380942
-379480
-368642
-366721
-363797
-362002
-357802
-352606
-350565
-347080
-343586
-341172
-337577
-336665
-332939
-329473
-328079
-311169
-311037
-307966
-297481
-290617
-280544
-275389
-272689
-271277
-265021
-263279
-254910
-252186
-248135
-243752
-243522
-236013
-234482
-227663
-227434
-225983
-225962
-221264
-218772
-216697
-215898
-212606
-211169
-211154
-207480
-207133
-205046
-198617
-197529
-192772
-185627
-182085
-175093
-171319
-167177
-163258
-143864
-141363
-137505
-135441
-134125
-132808
-131918
-129396
-118224
-102881
-101921
-97826
-96720
-94232
-90927
-88399
-75889
-71236
-65654
-65416
-61803
-25007
-22832
-6207
4513
7576
16609
20290
20418
28205
30945
33885
35920
36723
44256
52146
52383
58615
64095
69775
71245
75293
82023
82878
87436
97204
101398
118960
119816
121113
125963
127263
130676
131919
133523
134140
140533
141326
142429
144355
157219
160862
162882
165489
170498
170865
172732
174766
174947
179582
181087
183037
187499
191238
192291
199252
201251
202320
208159
211572
213889
215759
217341
220005
220170
224766
227549
229042
233592
234662
235233
244957
245087
245150
245488
254631
264040
265789
266241
270037
271781
275910
276513
286066
286886
292772
293060
295896
296794
301993
307442
318067
321031
324168
336469
342073
353951
356012
358465
361010
379167
381519
391438
394766
420739
428132
428442
430689
433550
441817
442011
443393
445968
447664
451001
452949
460483
460910
468237
469877
470353
470628
482940
483596
487841
489769
498316
499366
501566
504224
507680
516875
516956
540135
542600
545606
545995
546687
549749
550409
553495
553935
557110
564358
575792
577576
589382
591362
592716
594632
595193
597271
598714
602471
602884
603811
605672
608526
611135
611714
633923
636035
638803
641723
645252
645304
651068
660179
673808
678844
682410
685374
688581
697358
711561
713199
719178
736411
741759
741848
753498
756975
758885
760341
763050
764548
777484
783952
784190
784218
788797
792810
797545
798165
800045
802268
819286
820028
820587
823007
828534
839241
840047
841563
843844
843935
859389
862015
864382
864831
867812
872388
879559
879882
880137
882266
893007
900839
905256
907833
914088
915763
918466
919911
926830
934279
941371
941706
941820
951231
953819
958068
959289
965450
966338
968919
975964
977722
978368
980873
986254
986908
989704
996233
996440
999462
1000041
1005265
1005393
1016271
1019867
1022956
1025115
1025703
1026919
1027954
1031933
1032511
1034703
1038481
1042131
1044963
1048362
1052734
1054025
1056312
1061710
1061941
1063229
1069260
1069744
1072714
1073426
1074033
1081132
1083067
1093173
1095499
1095972
1101581
1102086
1104170
1106351
1111174
1119400
1125480
1131088
1132345
1135267
1142368
1143311
1147255
1152662
1160622
1166948
1174336
1180517
1191111
1194074
1196266
1197112
1198734
1201388
1203458
1208687
1210211
1214527
1214556
1217204
1220575
1221557
1227383
1241170
1241436
1245589
1246510
1259073
1259387
1266934
1268979
1273583
1275887
1278577
1280500
1281000
1283125
1289155
1307117
1314082
1314249
1314804
1315493
1320793
1332565
1333020
1337499
1342388
1343432
1349871
1350711
1353896
1357607
1358326
1358602
1361264
1369348
1370968
1371781
1377176
1377440
1377682
1380304
1383914
1385162
1387508
1392281
1396552
1397299
1406658
1418081
1419394
1419790
1425755
1427770
1431802
1434212
1436516
1442970
1444239
1447190
1450242
1450842
1453253
1453346
1455153
1457443
1462845
1465767
1466199
1467013
1468484
1468719
1470096
1473652
1473934
1474723
1482526
1494248
1495497
1496738
1501605
1502649
1508963
1509944
1512484
1513072
1513705
1516634
1518745
1519385
1522398
1523157
1529218
1530762
1534865
1535373
1536694
1541577
1556594
1562399
1562577
1562595
1563156
1563450
1578781
1585838
1586432
1591703
1591885
1592220
1597384
1597393
1601594
1602812
1613069
1616705
1617313
1621468
1633708
1640800
1642699
1652152
1656471
1669399
1670925
1672855
1679613
1684818
1686393
1688407
1688706
1694603
1710331
1719883
1728823
1734845
1736662
1742142
1744357
1750162
1753225
1759719
1760714
1760818
1764579
1764893
1765051
1772467
1774910
1781365
1781988
1782360
1786167
1789448
1804949
1810501
1817180
1818485
1820462
1822357
1825168
1825764
1826851
1836874
1839537
1839699
1841398
1845145
1861412
1867005
1868926
1869651
1871797
1873229
1873657
1875327
1890248
1890360
1890743
1895248
1898461
1898812
1899286
1902331
1909342
1911564
1913208
1917146
1918496
1936426
1941425
1943290
1943885
1948954
1962255
1965630
1967558
1968215
1970437
1971471
1974987
1975343
1979915
1981350
1981488
1982918
1983008
1983923
1987417
1988513
1988920
