-1999912
-1997370
-1990054
-1987024
-1984813
-1981034
-1980650
-1979091
-1969585
-1965509
-1959701
-1955032
-1953062
-1941169
-1939678
-1938768
-1935886
-1920500
-1915197
-1911681
-1907447
-1897235
-1888787
-1883916
-1881887
-1880969
-1878176
-1877947
-1872635
-1871949
-1871555
-1870682
-1841413
-1833308
-1832516
-1821937
-1818129
-1813599
-1810367
-1809611
-1807530
-1801593
-1791787
-1787444
-1787151
-1760907
-1752933
-1747361
-1746577
-1745789
-1735736
-1725235
-1722198
-1721948
-1716918
-1714659
-1714463
-1708342
-1705210
-1694621
-1692694
-1690813
-1685998
-1685003
-1680796
-1677710
-1677269
-1674402
-1672822
-1670565
-1669374
-1662696
-1658483
-1657683
-1652896
-1648400
-1645145
-1640876
-1629133
-1610722
-1605208
-1600836
-1597124
-1592809
-1592675
-1586207
-1585640
-1582834
-1581754
-1581251
-1579105
-1566949
-1554062
-1551764
-1551434
-1548148
-1546977
-1546308
-1542098
-1541462
-1540591
-1536027
-1530464
-1529881
-1528695
-1528490
-1526101
-1521575
-1515203
-1511693
-1508425
-1505215
-1504415
-1503661
-1497345
-1496372
-1491666
-1464384
-1463136
-1461380
-1456229
-1449958
-1444592
-1443974
-1443328
-1442479
-1441537
-1437038
-1430549
-1430227
-1425172
-1416385
-1415120
-1408158
-1405366
-1404243
-1401449
-1394709
-1394163
-1393788
-1388899
-1386536
-1383605
-1383115
-1376935
-1373167
-1369562
-1369128
-1369124
-1368083
-1364420
-1356904
-1355202
-1348738
-1343033
-1335983
-1323019
-1318859
-1317453
-1316849
-1308405
-1302883
-1301371
-1293250
-1291766
-1291431
-1291157
-1289968
-1284603
-1281267
-1278967
-1274366
-1269964
-1269707
-1266702
-1258173
-1252084
-1248370
-1247542
-1244948
-1238028
-1235658
-1229287
-1221598
-1219739
-1216156
-1214343
-1210000
-1202509
-1202280
-1196733
-1189465
-1185262
-1185123
-1180024
-1179680
-1178545
-1175910
-1169221
-1168564
-1163819
-1161162
-1158452
-1158044
-1150258
-1148137
-1142094
-1138612
-1132644
-1131832
-1124610
-1123830
-1116293
-1115422
-1109730
-1107726
-1103452
-1098761
-1091913
-1090769
-1090556
-1083372
-1080579
-1075470
-1073716
-1073173
-1064964
-1056676
-1049586
-1048980
-1048505
-1046890
-1046409
-1043481
-1042558
-1034400
-1023704
-1022918
-1019408
-1007020
-1004026
-999158
-996035
-995953
-995808
-990376
-987507
-986526
-986465
-986325
-984722
-983185
-967965
-967886
-961319
-957682
-950088
-946761
-944738
-940379
-933590
-921543
-920544
-913362
-913357
-912491
-907024
-902017
-888703
-887280
-884616
-883246
-882715
-881322
-880672
-877038
-876560
-875091
-871158
-864369
-863507
-863389
-860976
-853486
-851910
-850779
-850459
-849289
-847644
-839259
-837519
-835597
-833272
-829817
-828064
-826543
-820383
-815565
-811877
-811791
-809952
-804918
-794548
-793330
-790443
-786205
-784665
-783025
-775061
-769680
-766520
-761594
-756979
-756238
-749159
-742891
-741969
-741130
-736692
-730101
-727820
-727659
-724350
-719775
-716795
-714500
-714429
-712156
-701149
-691967
-689526
-686410
-686408
-685782
-676270
-674383
-667885
-663152
-655657
-646541
-645738
-645207
-642499
-640862
-637035
-634439
-634218
-631597
-621156
-617222
-614603
-605253
-603208
-600462
-587443
-585359
-584459
-579261
-568169
-568131
-564975
-536638
-534640
-523970
-522642
-522230
-518921
-508774
-502788
-501693
-489823
-489271
-484398
-483550
-483468
-476100
-469873
-463867
-460972
-452204
-450005
-449945
-448226
-446015
-441461
-436562
-431433
-425974
-423935
-418967
-418562
-415766
-415521
-405565
-405552
-394278
-393633
-391765
-390941
-390102
-383693
-376871
-376419
-370392
-368536
-365202
-363346
-361158
-360877
-359674
-355100
-353042
-347855
-343831
-343479
-335586
-330629
-321724
-317235
-311228
-311056
-310423
-305172
-305113
-302321
-301350
-295492
-295072
-294206
-289362
-288476
-286777
-285010
-276158
-276090
-269908
-267432
-265943
-261654
-261358
-258904
-254555
-246406
-237252
-236485
-233490
-230871
-229965
-227415
-224966
-218536
-216608
-210674
-191636
-191491
-189966
-187043
-181978
-175324
-169463
-153854
-144415
-143470
-141072
-133152
-126988
-125569
-123966
-122794
-121395
-115000
-114992
-103586
-100446
-78287
-72041
-71014
-61642
-60196
-54391
-37145
-33082
-32729
-16813
-15223
-6650
-5847
-1536
-843
7230
7712
11028
14217
20413
21513
33135
35353
38106
47786
49985
54279
57080
61918
62640
67506
69793
70886
84337
84405
84838
89146
99988
100111
105231
108966
109894
117696
119124
131683
135778
145042
148868
151242
154604
155570
158281
160652
168322
178589
181079
181144
182029
184180
189166
193285
194484
208799
223795
228763
232183
232783
236866
242754
246500
247689
248367
256988
257720
265416
269562
277321
285998
295597
298856
300535
313788
315095
317519
322348
323295
324015
331098
336356
339088
342035
343640
356834
358093
362041
362054
362071
370758
373841
374552
376888
377840
385256
393611
395967
397729
410158
413835
416907
421079
421369
428185
431198
432552
432742
433589
437371
437724
441105
442258
443689
443907
458471
459110
464956
470061
470214
473658
477475
478892
480128
486560
491154
493408
496886
500273
500565
501591
502596
507701
512629
514508
514541
522297
534060
534302
540968
542733
544733
548908
553936
555107
558889
561183
567138
574834
584131
594738
606050
610524
613774
622530
624442
629823
639718
640505
640935
647491
650296
664716
665008
668693
669344
674739
684478
687585
687891
689326
691822
697496
699957
701135
702272
708336
715901
725776
728877
732023
735080
735324
746854
747165
748739
748895
754932
755896
759565
761027
764718
767570
767727
769434
770643
777881
782231
785847
792248
792710
798067
801277
801954
803312
810623
811076
813500
816909
820201
823525
824851
835180
836302
838485
850611
858036
859811
860616
864041
864097
864190
864709
874532
876189
879671
880599
880943
892066
898231
907391
913570
919738
933376
935601
946072
949759
954306
956475
957105
960909
964806
970717
971255
975173
979467
981912
985993
986827
986882
987372
988381
994820
996941
999337
1010253
1014496
1016983
1022410
1033893
1034726
1037100
1039275
1040105
1041809
1042818
1042965
1054671
1057285
1059738
1062813
1065542
1067638
1074580
1075762
1077756
1080092
1080479
1081906
1083234
1083380
1084664
1095050
1099406
1099558
1103478
1105481
1107058
1112237
1115584
1130580
1137431
1137760
1144976
1146089
1152009
1170455
1180509
1180884
1182988
1184705
1192670
1196153
1197546
1202656
1205697
1208140
1209195
1210140
1214365
1218032
1219823
1219895
1220967
1227068
1228554
1229182
1235222
1246893
1247208
1250343
1255818
1260183
1261332
1269944
1270363
1271923
1272145
1278029
1284007
1284739
1284809
1285801
1289450
1292344
1296364
1298799
1305532
1312626
1320728
1332145
1344412
1348059
1354313
1354597
1356109
1359068
1368058
1369331
1380326
1382740
1389432
1393801
1394995
1397710
1403177
1406880
1411779
1415515
1417088
1418251
1422315
1425325
1427546
1428771
1431200
1433693
1433969
1436049
1437784
1437827
1438220
1445501
1450980
1464343
1467264
1468683
1471988
1473668
1474979
1475206
1476943
1478304
1486352
1487755
1490627
1498377
1510114
1513925
1515893
1523976
1529795
1534317
1536572
1537801
1542687
1547683
1552631
1556067
1559901
1562774
1562790
1565930
1568003
1571945
1572738
1574486
1581035
1592532
1593189
1596029
1598734
1602432
1603153
1604410
1604790
1610560
1619137
1620501
1638119
1644973
1653181
1654193
1661523
1664664
1669486
1673215
1675907
1687787
1688228
1692315
1696503
1701449
1703639
1703769
1706023
1723772
1728131
1730265
1745310
1750298
1751144
1751838
1771123
1772732
1774989
1783136
1785197
1786035
1788056
1788451
1791937
1799728
1806061
1813990
1814688
1820277
1824828
1825426
1826102
1835626
1837982
1839239
1840085
1841094
1841346
1855049
1855347
1855802
1857901
1860021
1872094
1874589
1875164
1876178
1879121
1886743
1887980
1888037
1902016
1902446
1903094
1905125
1906129
1908513
1913385
1914775
1919009
1920324
1927252
1928594
1934549
1935610
1940336
1940342
1940504
1942423
1948406
1957539
1957830
1961087
1962379
1962410
1963393
1964417
1964531
1968993
1971303
1974862
1975097
1979972
1984759
1989673
1991378
1991964
1994742
1994996
1995184
1999308
