-1991785
-1988579
-1977847
-1977472
-1976877
-1968012
-1965911
-1962613
-1951413
-1950849
-1947517
-1936303
-1935303
-1932027
-1928351
-1928252
-1926083
-1922765
-1915307
-1912943
-1907069
-1905418
-1903760
-1902363
-1894905
-1890858
-1887280
-1882420
-1876962
-1865933
-1863379
-1863145
-1849583
-1839757
-1831661
-1822533
-1820402
-1819397
-1819195
-1818439
-1815539
-1809848
-1799838
-1795097
-1793729
-1787078
-1785944
-1772998
-1761922
-1761018
-1760564
-1754374
-1748467
-1745153
-1742878
-1736550
-1736103
-1733854
-1733682
-1730042
-1725602
-1720331
-1719279
-1714439
-1713562
-1711262
-1708191
-1701876
-1701159
-1698839
-1697103
-1691015
-1687371
-1687006
-1686260
-1683019
-1677578
-1672243
-1669418
-1666253
-1657439
-1655814
-1654353
-1648531
-1648364
-1646473
-1644880
-1632617
-1631380
-1631087
-1627332
-1612695
-1606945
-1605031
-1602459
-1601968
-1600536
-1598330
-1588600
-1578973
-1571724
-1570197
-1569483
-1563577
-1562339
-1557023
-1553853
-1553497
-1551367
-1551013
-1550180
-1549019
-1548893
-1546566
-1542463
-1537971
-1537751
-1535395
-1535194
-1533070
-1522007
-1520744
-1517511
-1516260
-1515045
-1512726
-1508099
-1502101
-1499560
-1495032
-1492574
-1490000
-1478692
-1477804
-1471941
-1464844
-1462883
-1461009
-1456824
-1449743
-1434734
-1426404
-1418649
-1417443
-1417106
-1415908
-1407605
-1402231
-1389591
-1382204
-1379965
-1372640
-1369787
-1362714
-1362185
-1357247
-1355058
-1352649
-1344141
-1338495
-1337761
-1334571
-1333362
-1331685
-1329179
-1319710
-1308764
-1304913
-1301633
-1300691
-1292778
-1282575
-1281593
-1276914
-1272784
-1266752
-1264649
-1264238
-1247993
-1242322
-1236535
-1227740
-1227087
-1226357
-1224201
-1224180
-1212431
-1212213
-1209501
-1207025
-1201178
-1193833
-1192749
-1189217
-1182810
-1180113
-1178809
-1173283
-1168286
-1167618
-1160490
-1158312
-1155240
-1154397
-1147647
-1146353
-1146160
-1144393
-1139926
-1135318
-1135074
-1135060
-1133859
-1129087
-1121327
-1118858
-1118692
-1118386
-1115662
-1111111
-1102149
-1083995
-1082592
-1080014
-1079918
-1076342
-1072591
-1071574
-1071512
-1069031
-1066609
-1065544
-1064306
-1063084
-1054775
-1044674
-1042741
-1041136
-1037833
-1022800
-1021651
-1021647
-1012257
-1009956
-1003210
-1002924
-998851
-981987
-980971
-975299
-971645
-968614
-965220
-960867
-959490
-959479
-958359
-956943
-956123
-955093
-952221
-949537
-942803
-935880
-928747
-916887
-914478
-913530
-910415
-907935
-902729
-902284
-899137
-898482
-895275
-891997
-886563
-886169
-885382
-882568
-881021
-880476
-860977
-859302
-848983
-848771
-846315
-844389
-843179
-836982
-826309
-825025
-819860
-817962
-814017
-812272
-808770
-803344
-795647
-794857
-786332
-779996
-766479
-765057
-756139
-753121
-752477
-749082
-746521
-743898
-739651
-728133
-727540
-723028
-722864
-717956
-711482
-710688
-699981
-694846
-693190
-693038
-684283
-683582
-682767
-680005
-675512
-672948
-656774
-648328
-644441
-643295
-639620
-636813
-635085
-633418
-631964
-628998
-628960
-627298
-626845
-615560
-611766
-608826
-608169
-604550
-597798
-594707
-594182
-594120
-593121
-592883
-592709
-590724
-585123
-567284
-564623
-563699
-556806
-551314
-551051
-548799
-545156
-544891
-544597
-540802
-534443
-534028
-531346
-530649
-530366
-527054
-523754
-520574
-518315
-516297
-512276
-510761
-506057
-504057
-503551
-496571
-493568
-471189
-467119
-460686
-456387
-455314
-448084
-444558
-431364
-429930
-423389
-422886
-421711
-415490
-415325
-413235
-411499
-407984
-403849
-402381
-399620
-395820
-392999
-389415
-378685
-376540
-362503
-359450
-353424
-352201
-342056
-340710
-338226
-334797
-334312
-327087
-326131
-322032
-318557
-317542
-317035
-298803
-297740
-297184
-296371
-289153
-287525
-285478
-282517
-272569
-271190
-267866
-263851
-263214
-260982
-258403
-255343
-252180
-242680
-241499
-237478
-235311
-226366
-225850
-216421
-215013
-209042
-202153
-192077
-186315
-185838
-172700
-170970
-162671
-155878
-153349
-151057
-150688
-142771
-123080
-119595
-119210
-118487
-115817
-113822
-106631
-102922
-100634
-99745
-96539
-85211
-82999
-80106
-76525
-73136
-68957
-63994
-63461
-62015
-61946
-59030
-50331
-49280
-46702
-43641
-43412
-42702
-34385
-30437
-30293
-30150
-22988
-21725
-12960
-6753
-4478
-801
1066
2303
9166
9923
10212
17446
18077
18373
22135
28057
29012
34721
38170
38455
42134
51458
56014
60131
61456
78830
80808
91869
97223
98265
100538
104066
118706
119935
133138
133270
137636
138960
146492
150676
153132
153444
158847
160480
166352
168986
174405
175235
178919
182744
185074
185674
194474
197584
203110
218406
222360
225334
230581
235406
244080
244203
245151
250733
255494
257659
258038
278118
281179
283809
295293
297903
300805
302839
306200
320089
331606
349005
349105
354587
370031
373410
376487
377113
378196
389053
394171
399591
399660
400147
405764
412261
421142
425569
427848
431351
432990
436131
437387
444380
444989
448354
449753
461279
467278
469893
477850
481244
483496
486275
488860
499206
507737
509006
510854
516776
517909
531711
535668
539881
542773
543476
547862
559970
564202
569440
572853
574811
577797
582524
584882
589171
591487
595403
605914
607927
609541
611812
618899
621714
622919
625010
625727
630217
630492
636813
639939
639973
647442
649073
649350
651580
652162
655743
656303
659255
659735
665197
672510
680944
683365
683767
684210
688544
692077
695596
700043
708334
713038
716011
718364
731263
732738
737306
738039
742607
746290
747374
748008
749388
750152
753171
760675
767255
767883
768425
773148
775648
778887
780082
781998
782283
782934
785717
788808
794835
795640
797578
808525
808730
815184
815249
815428
819466
820290
821283
831857
835779
837639
844748
847742
849097
849125
858500
862974
866516
871808
872446
879116
884332
894343
895527
900953
901775
912409
912740
916236
939081
947316
948737
949436
949528
952166
953671
955466
957121
961377
961610
963618
963735
966540
972813
976574
976728
979237
980303
985784
1007383
1012109
1012552
1017184
1027466
1029320
1032188
1035788
1038928
1039558
1042826
1044695
1047279
1048560
1050415
1061893
1070079
1071383
1071735
1072155
1073091
1080523
1082840
1087052
1090417
1093508
1096234
1101303
1105378
1110695
1110786
1113995
1114282
1114357
1124180
1124570
1132312
1134103
1138472
1140853
1140946
1145581
1151620
1152652
1154154
1164039
1164510
1165801
1165936
1172303
1174956
1175329
1179814
1181202
1182636
1183074
1186581
1188258
1191552
1192111
1195568
1200380
1207581
1220358
1230188
1248919
1257590
1267871
1270480
1270734
1276770
1285320
1285549
1285855
1291608
1293806
1295845
1299317
1300944
1301913
1303209
1306281
1306540
1306581
1307011
1314905
1316008
1316078
1316082
1322164
1326762
1341164
1341658
1343953
1347211
1349367
1352358
1354789
1357156
1365275
1365955
1371393
1380040
1382855
1393849
1399883
1400464
1413262
1416836
1418621
1422163
1424616
1427533
1436483
1441080
1441968
1446390
1449046
1450263
1451667
1457002
1464687
1464920
1467646
1468286
1470828
1477907
1478489
1479334
1486974
1487433
1487889
1491709
1493082
1495246
1499025
1504816
1511704
1514248
1515749
1516058
1517777
1524474
1530245
1534546
1539912
1543207
1544614
1550006
1552340
1556459
1560524
1562675
1562900
1564841
1573733
1574541
1578574
1581708
1586731
1588061
1594170
1603042
1615232
1619991
1621625
1628695
1634061
1635188
1639950
1665645
1666801
1668147
1670850
1675268
1680500
1687215
1689050
1693575
1693866
1703757
1704487
1704534
1705816
1712352
1713177
1716824
1720167
1729426
1733149
1733586
1736814
1736949
1740881
1746796
1748070
1751484
1753971
1768298
1769574
1773078
1774861
1783074
1789497
1790474
1791335
1791517
1793223
1798400
1826027
1826308
1828050
1834215
1838342
1843736
1844014
1847486
1849508
1849814
1853352
1855785
1857164
1868080
1872335
1874054
1875396
1875931
1883990
1889254
1892410
1892630
1895890
1900786
1901493
1903849
1908918
1912348
1912637
1919326
1919662
1920961
1927270
1927905
1929610
1930205
1930650
1931510
1934016
1940077
1948674
1949756
1962238
1963017
1965652
1974292
1980944
1985154
1990046
1991810
1999462
