-1999995
-1995969
-1990958
-1979816
-1961143
-1959141
-1958885
-1953239
-1947455
-1944198
-1942293
-1932981
-1930951
-1922496
-1921919
-1915313
-1911030
-1905412
-1904985
-1904671
-1900953
-1896211
-1895168
-1891598
-1889830
-1886993
-1884348
-1882319
-1881068
-1871559
-1870820
-1870295
-1861959
-1849814
-1846839
-1845355
-1843362
-1840437
-1839527
-1836072
-1831767
-1825024
-1824990
-1820880
-1820504
-1819062
-1818361
-1816793
-1810482
-1810057
-1806150
-1803162
-1802634
-1802283
-1782085
-1779160
-1775803
-1771568
-1768044
-1765312
-1765216
-1745050
-1743169
-1708807
-1704741
-1701406
-1698564
-1684305
-1679115
-1674561
-1670294
-1668561
-1655499
-1653969
-1652560
-1646191
-1617668
-1616307
-1615752
-1603379
-1601042
-1600908
-1599878
-1588635
-1578305
-1577310
-1573368
-1569857
-1567641
-1566323
-1566062
-1565738
-1565414
-1560164
-1559965
-1559843
-1559114
-1558087
-1557863
-1553235
-1551702
-1546776
-1531385
-1530125
-1511231
-1510210
-1509557
-1507865
-1498928
-1498245
-1483686
-1476586
-1473715
-1472544
-1471079
-1466018
-1461233
-1449190
-1445617
-1444535
-1443032
-1438153
-1436036
-1429499
-1427212
-1424724
-1424460
-1423350
-1421219
-1404804
-1396373
-1394512
-1392259
-1387950
-1382429
-1382320
-1377497
-1376147
-1367054
-1358996
-1356005
-1354205
-1350795
-1348549
-1345101
-1343951
-1341874
-1338220
-1337636
-1337345
-1332512
-1330144
-1326223
-1319216
-1317099
-1313943
-1309235
-1304191
-1298318
-1297326
-1295150
-1286330
-1285985
-1280083
-1275462
-1269263
-1268404
-1264940
-1264876
-1263150
-1259075
-1258449
-1248359
-1245446
-1243777
-1235015
-1221807
-1219983
-1216485
-1214521
-1209815
-1202272
-1200988
-1198748
-1196870
-1196387
-1196251
-1184725
-1182061
-1169863
-1169529
-1165549
-1161553
-1160662
-1152572
-1151915
-1151230
-1151184
-1149307
-1142204
-1134630
-1131436
-1122940
-1119797
-1119680
-1114698
-1114275
-1105609
-1102018
-1094659
-1088034
-1082367
-1078033
-1072589
-1072367
-1066975
-1062686
-1059515
-1056517
-1053904
-1051966
-1049990
-1043633
-1041201
-1040319
-1040043
-1027385
-1022486
-1020038
-1010187
-1006884
-1002415
-996458
-995204
-992855
-992565
-991535
-989153
-983782
-983208
-978241
-974840
-971198
-967444
-965404
-962401
-959340
-954271
-954056
-951635
-951502
-944918
-937360
-936616
-935489
-934433
-929681
-915007
-912178
-907765
-905154
-904888
-899968
-898762
-894158
-892439
-885764
-885414
-883485
-882132
-878252
-872673
-872138
-871134
-868760
-864490
-861754
-859882
-859128
-854526
-853546
-850878
-849027
-848566
-847747
-846744
-842761
-842080
-841226
-840829
-832818
-831095
-824690
-820233
-819061
-815531
-799359
-795307
-788640
-786089
-784656
-782664
-779904
-777606
-770041
-762913
-761319
-757709
-751252
-747178
-741223
-741165
-740028
-739547
-738306
-728971
-725652
-723591
-720384
-713992
-710693
-705262
-701252
-693378
-691385
-689783
-686567
-671336
-668234
-668187
-665330
-663668
-661980
-657467
-649242
-646652
-643547
-642237
-640283
-637357
-628782
-620169
-616728
-613293
-608716
-607877
-605744
-604000
-603171
-597074
-592629
-588562
-588308
-587101
-585822
-585377
-575097
-570705
-569120
-567898
-562486
-559813
-555591
-553351
-550836
-549106
-537980
-535552
-528768
-528013
-521427
-520810
-512023
-511662
-510261
-507483
-505352
-503857
-500613
-498840
-498148
-498132
-497697
-491067
-489796
-486016
-483216
-476928
-475547
-467310
-463543
-461789
-461690
-460743
-457371
-453923
-450311
-432912
-425266
-424568
-422434
-418092
-410455
-409595
-399894
-399249
-396031
-388557
-387063
-378171
-375988
-375854
-370674
-365517
-359650
-358388
-358108
-353684
-351230
-341696
-340721
-339745
-333728
-333247
-326233
-319973
-319813
-316619
-311740
-311394
-307922
-304624
-303604
-303339
-297660
-288605
-274327
-273298
-271725
-266462
-264316
-260945
-258669
-252708
-252435
-249814
-248206
-243264
-239196
-237022
-236084
-235806
-232452
-223842
-222405
-212104
-211167
-208784
-208372
-199873
-185841
-179002
-166776
-164151
-158772
-157476
-156544
-152574
-148136
-142005
-136152
-130730
-129491
-127902
-127772
-126868
-125653
-124570
-122962
-121276
-118392
-117347
-116741
-116030
-115264
-115124
-112694
-107777
-100472
-88508
-88038
-85714
-85573
-82169
-80911
-80544
-71908
-67258
-67135
-63342
-59094
-44707
-38850
-35724
-33176
-24976
-23830
-18785
-17739
-5859
-4934
5525
9220
9670
10057
19666
19991
20776
22055
27765
30764
40864
45736
46392
48113
48265
52457
55669
56110
57032
59581
62753
65820
69562
75833
78917
82105
83561
91997
100816
102151
133372
143736
144754
155284
159635
162043
162207
168400
169517
172594
174818
177781
185728
186241
189042
191939
194044
200741
200761
202390
209301
209325
210148
218195
219108
232136
236402
241946
243643
247876
250578
252463
256558
258660
259619
260279
272487
276461
280759
288942
289036
291837
297413
304867
306660
313211
321352
326979
330047
330507
332404
334676
336770
340381
348261
350765
361301
362670
367314
377385
381005
382543
384424
387174
388755
390650
394136
395050
410119
411208
414112
418459
423360
426218
428346
431786
442476
443798
446778
447684
455439
456432
457290
467401
483263
489026
490608
492403
495492
500618
504418
508825
510096
512692
514203
518929
521018
523847
524109
527678
528957
535193
539801
540304
541723
545731
546059
546453
546936
552344
552990
555360
560020
560450
564942
579024
580303
585539
597868
599759
614733
618826
622775
625618
625900
633628
641806
642500
645452
646454
658623
679202
680737
700782
712597
714588
714855
718796
722650
726035
726748
733383
736302
740940
743016
754006
759127
759923
770757
774024
782658
783096
790915
796422
798882
800155
801608
808657
816575
816927
817657
820030
821018
821394
822698
823348
827678
830655
831282
834983
839676
845212
855328
861806
872026
872208
881618
883072
887180
896863
897197
899948
908297
910625
913562
921276
921408
921453
923325
923524
927931
938316
943454
945029
957428
958934
965949
966633
975072
977112
980378
980484
980664
981176
982243
982825
983462
988918
989567
989891
991597
991742
1001356
1004659
1008816
1016869
1021969
1022497
1029738
1031528
1031811
1036033
1041311
1041505
1041815
1046571
1048377
1048408
1049929
1055341
1057592
1066609
1067795
1070184
1072635
1074212
1078800
1079055
1084560
1114824
1120750
1122243
1129816
1131022
1142575
1142580
1143857
1154241
1155211
1157599
1163897
1168384
1172118
1180231
1180852
1184233
1185585
1188655
1188972
1191742
1193117
1210226
1213519
1218982
1221355
1224302
1233701
1236063
1253870
1257663
1260284
1260828
1263352
1264432
1276517
1281609
1281854
1283651
1286998
1290544
1299599
1305353
1307580
1313272
1314235
1316708
1321292
1321333
1327317
1329838
1337816
1343919
1344542
1346242
1350072
1351470
1358695
1361561
1363126
1363456
1379532
1381471
1387481
1393972
1394764
1398642
1404130
1406261
1414088
1418582
1420692
1423755
1427257
1428894
1429376
1433807
1435660
1443754
1451032
1460900
1464532
1467429
1470600
1474759
1476826
1478627
1479686
1480826
1482454
1483827
1485556
1488678
1490522
1493148
1503666
1511080
1511955
1518666
1526737
1526907
1527812
1530521
1534739
1537560
1539524
1541356
1553661
1553948
1557262
1558739
1560947
1571127
1575863
1589871
1590883
1599675
1601670
1603136
1605507
1607143
1611454
1613035
1645458
1648332
1650612
1655486
1658337
1658373
1664701
1666181
1666438
1674363
1680615
1683661
1684959
1687665
1690524
1692858
1695724
1700580
1701338
1701812
1702339
1712956
1715966
1715975
1717407
1718978
1719815
1725887
1730139
1735565
1740494
1742436
1749036
1776656
1779479
1791314
1793041
1794358
1797155
1798483
1800882
1806446
1808657
1816330
1818489
1822201
1825954
1828029
1832140
1833844
1836061
1841547
1842248
1842559
1851533
1856089
1857084
1875247
1879761
1882789
1884979
1887575
1888209
1892743
1894895
1898106
1900510
1904934
1910825
1913016
1916072
1926331
1927309
1927554
1928050
1936680
1937563
1940129
1941907
1942155
1942250
1944819
1950273
1952856
1956469
1957078
1959725
1965721
1968715
1969213
1977598
1980608
1984253
1987054
1991957
1994282
1995797
