-1990829
-1989215
-1987964
-1984945
-1980327
-1979801
-1979721
-1978038
-1976912
-1973981
-1959175
-1957219
-1951043
-1945360
-1944646
-1944625
-1942260
-1930553
-1927668
-1924845
-1924279
-1920996
-1919223
-1913881
-1902128
-1889850
-1887756
-1883996
-1883622
-1880580
-1880472
-1880080
-1875149
-1874246
-1864985
-1864839
-1864427
-1858946
-1855891
-1855270
-1852927
-1847216
-1846651
-1843956
-1843320
-1834061
-1821232
-1816120
-1812985
-1808444
-1801433
-1797622
-1793686
-1789490
-1783105
-1780729
-1779415
-1779324
-1776640
-1769810
-1766800
-1762379
-1754498
-1740384
-1739187
-1736012
-1731934
-1730052
-1729660
-1729064
-1728592
-1722770
-1720369
-1718931
-1713916
-1712803
-1706836
-1697943
-1695363
-1695355
-1692853
-1691338
-1691034
-1685782
-1677206
-1676643
-1672382
-1669404
-1668351
-1662416
-1660330
-1654283
-1653648
-1652934
-1647544
-1645204
-1632221
-1630143
-1625718
-1613015
-1612721
-1590043
-1581678
-1580520
-1576280
-1572744
-1563950
-1553064
-1550968
-1546944
-1541133
-1538780
-1534012
-1532628
-1530575
-1523901
-1519625
-1517146
-1513679
-1510875
-1507621
-1504443
-1498304
-1491714
-1490111
-1489431
-1487491
-1487274
-1483297
-1479559
-1477110
-1474342
-1474105
-1463879
-1462891
-1459206
-1456802
-1451965
-1444201
-1444094
-1434188
-1431568
-1428239
-1426633
-1424184
-1411100
-1411079
-1406205
-1404841
-1402863
-1399558
-1399276
-1398006
-1392783
-1391644
-1377418
-1373329
-1367893
-1365206
-1364321
-1363698
-1350579
-1333155
-1332405
-1331899
-1331025
-1323177
-1321683
-1312238
-1304002
-1293230
-1291509
-1283935
-1281501
-1278792
-1276989
-1273737
-1273301
-1269030
-1266872
-1265888
-1265591
-1261173
-1258609
-1251802
-1246701
-1241951
-1241177
-1237745
-1237637
-1235106
-1234669
-1234088
-1230198
-1228271
-1225975
-1221063
-1219504
-1218701
-1217827
-1211541
-1211391
-1208461
-1203463
-1198340
-1192927
-1192074
-1190521
-1189364
-1177377
-1174310
-1163585
-1161570
-1155807
-1153337
-1150817
-1149175
-1143109
-1141452
-1141097
-1139300
-1135164
-1133314
-1129569
-1122875
-1121226
-1118259
-1117551
-1114522
-1113450
-1109613
-1108630
-1107484
-1099087
-1097332
-1090948
-1088176
-1086270
-1085367
-1082732
-1072936
-1069650
-1068182
-1066234
-1057753
-1054456
-1053640
-1050024
-1045595
-1042968
-1040141
-1038785
-1029367
-1024749
-1022362
-1019806
-1019329
-1018740
-1016154
-1015995
-1013679
-1011058
-1008069
-1006807
-993691
-985825
-984595
-978858
-976501
-976268
-973334
-969179
-964571
-962036
-934619
-927866
-926332
-924607
-922405
-921359
-918745
-914975
-904852
-894733
-892848
-890965
-884182
-883634
-881492
-879265
-878363
-875600
-871134
-868978
-867816
-865578
-860362
-860097
-858976
-852617
-848216
-845490
-844646
-834832
-832825
-830982
-824310
-823943
-821823
-821269
-818888
-817308
-810277
-809106
-803208
-802845
-802124
-798477
-794877
-793008
-791394
-780488
-773878
-770581
-766094
-757622
-734195
-720479
-715675
-712546
-696246
-695730
-695223
-694682
-694507
-689228
-687849
-684826
-684146
-675368
-669367
-657194
-656397
-655036
-654550
-648955
-642279
-641619
-633566
-627739
-627440
-626444
-625960
-621092
-617632
-609399
-608587
-607163
-605867
-602492
-600802
-596057
-590882
-587770
-584791
-581702
-568825
-568254
-559254
-556068
-549597
-542609
-542532
-533131
-511934
-505634
-503574
-499983
-499891
-495760
-490351
-490057
-486600
-485592
-484032
-478227
-470607
-469892
-463742
-463464
-461463
-456001
-455484
-451794
-451719
-448721
-444649
-440493
-435938
-432815
-432483
-432027
-422877
-413736
-413350
-412526
-405476
-403424
-401848
-399358
-393852
-389039
-379797
-375475
-372809
-367772
-367304
-363536
-360466
-359606
-347000
-339873
-339278
-333414
-326956
-326938
-323779
-323587
-321184
-319442
-312452
-310755
-308690
-302425
-299402
-294335
-294249
-285333
-281735
-273312
-270528
-270325
-268474
-264831
-260441
-257134
-251681
-251278
-249689
-245236
-243655
-242982
-242243
-241204
-239186
-238232
-235130
-234744
-234638
-224360
-223790
-222642
-212226
-202882
-199447
-197562
-194533
-192972
-191874
-188087
-186088
-177772
-171116
-166011
-161074
-158524
-157624
-154574
-154227
-153576
-152057
-138705
-136634
-136458
-125492
-119259
-118481
-112220
-107055
-106634
-99638
-96989
-94946
-82764
-80522
-75083
-73119
-71730
-70333
-67969
-58390
-57882
-55870
-50789
-36771
-36585
-36213
-22818
-19960
-13743
-11475
-8355
-6204
-5556
-2479
2611
8643
14970
24658
32205
33056
35325
37192
45282
47190
53781
67286
67616
75948
88030
88074
106097
119548
120693
121057
121962
123319
126624
132763
133374
136625
140582
147231
147573
157119
163110
168707
169446
173487
177645
179789
186562
192536
196999
204435
205452
210233
210744
216915
229605
231410
232160
232243
237590
257729
260184
268049
268552
271862
274852
280583
282988
290191
303389
312835
312923
314119
317906
322386
330984
341264
341367
341483
341929
342378
343622
346568
358735
362702
364019
366301
369885
370694
372468
375628
376705
384750
386579
388280
389376
389784
392204
393553
395681
399772
406749
409214
410681
431884
433255
435317
437131
440677
444366
448775
461275
462663
462759
465923
467494
474748
479422
480267
483348
484819
490046
496412
511101
513378
515040
519062
521497
523134
530765
531197
532686
532886
534546
538167
556551
561852
562148
572129
583827
584117
590451
590820
591414
594313
595018
596279
601406
602531
605333
605373
613473
613913
614258
618331
618962
626182
627750
631650
631853
636045
638297
639233
640093
642281
644728
648223
652705
653824
655382
663815
671682
682685
690556
691161
694880
697353
698719
700084
712565
712636
718648
719740
724045
730267
733298
735327
736116
737625
743724
744383
744950
752074
754820
756474
759597
763985
765690
773114
778589
784948
792790
793016
793913
794177
795393
796206
796516
800362
801907
802709
803125
823751
828198
830728
834512
834768
842023
845418
846284
847328
860904
867511
868227
868843
870431
872524
874489
894185
896443
896642
899305
902102
904839
910455
913289
914977
916411
920796
923371
925880
932038
934715
936404
944908
952013
952654
966462
973345
977413
979426
980216
984357
989003
994479
996454
996560
997779
1000497
1002160
1003508
1009288
1014448
1017487
1024502
1029367
1034449
1042308
1049549
1049646
1054620
1056267
1056378
1063269
1064270
1067105
1076614
1079957
1081683
1102725
1109739
1115305
1118091
1119447
1122334
1127139
1131291
1136411
1145426
1149193
1150443
1154832
1154930
1155438
1156293
1161746
1162822
1193109
1211002
1212664
1213535
1213641
1215447
1217226
1228226
1230343
1233038
1236299
1240680
1243224
1257211
1258563
1261037
1262146
1264819
1267953
1270604
1273522
1273995
1275859
1277340
1287746
1290341
1292298
1293064
1297679
1312950
1316937
1319370
1326550
1329491
1333297
1334393
1336177
1342158
1362565
1364675
1365486
1368817
1368838
1382193
1383794
1388851
1400804
1400937
1405198
1409613
1418645
1420598
1432587
1440024
1446817
1447696
1450926
1451033
1458511
1462638
1462661
1467164
1467202
1470826
1474293
1481392
1483769
1486106
1487912
1488874
1491774
1492881
1496652
1497012
1500109
1500528
1507772
1508432
1510173
1522633
1532093
1540356
1542538
1544618
1546273
1547110
1548064
1548859
1549812
1551240
1552001
1555448
1557461
1558132
1562302
1576526
1577471
1578376
1580551
1582512
1584518
1585256
1588795
1591740
1594818
1600897
1601745
1609531
1625787
1626745
1633739
1633923
1637247
1647309
1651635
1654604
1655526
1661610
1665653
1668586
1669522
1671371
1680567
1689932
1693679
1698732
1703382
1709180
1713376
1715295
1727122
1737334
1738888
1742830
1743457
1743942
1744723
1746041
1747040
1750175
1761110
1780748
1782488
1783466
1783642
1789488
1793367
1799412
1811150
1812196
1816253
1816470
1820894
1821651
1823950
1824001
1828100
1830290
1832871
1835378
1837129
1842134
1843489
1850024
1854495
1856633
1865485
1869538
1876423
1880916
1882570
1884332
1886000
1886995
1890095
1891958
1899753
1912198
1912851
1913400
1914903
1915629
1917810
1922794
1923611
1924829
1928630
1934507
1949828
1952917
1954298
1961408
1967992
1968388
1969792
1969960
1972607
1973861
1989687
