-1985496
-1974681
-1973265
-1969256
-1965066
-1953147
-1950895
-1945670
-1943921
-1940807
-1939806
-1939641
-1938867
-1935348
-1929049
-1921894
-1918681
-1917758
-1914630
-1914490
-1911521
-1900689
-1889997
-1879766
-1867558
-1867304
-1862558
-1857670
-1856715
-1856009
-1836866
-1836329
-1835977
-1830988
-1828895
-1827681
-1826431
-1822521
-1818148
-1817339
-1815932
-1808755
-1802881
-1799092
-1794286
-1793294
-1789295
-1786382
-1783260
-1768922
-1768567
-1767097
-1765348
-1764474
-1762320
-1760788
-1759631
-1755866
-1755851
-1752189
-1740007
-1736973
-1731662
-1722747
-1719669
-1716132
-1715744
-1711360
-1708684
-1708557
-1692868
-1691264
-1687612
-1684844
-1682912
-1674065
-1671094
-1662546
-1661341
-1660954
-1660891
-1652979
-1652052
-1645763
-1633384
-1629727
-1619070
-1616288
-1611938
-1611765
-1609112
-1607667
-1604671
-1596110
-1590590
-1578733
-1575859
-1575634
-1574590
-1570104
-1565915
-1565717
-1564952
-1562424
-1557211
-1551856
-1548768
-1547798
-1534390
-1530484
-1530082
-1529563
-1528224
-1521342
-1515904
-1515245
-1514152
-1510299
-1508277
-1496481
-1492886
-1486268
-1485823
-1484758
-1482952
-1482663
-1462488
-1450851
-1447797
-1442721
-1438426
-1436143
-1431039
-1430695
-1417484
-1415975
-1412709
-1406797
-1398036
-1397612
-1387862
-1384589
-1384516
-1383606
-1383434
-1380812
-1376800
-1373026
-1372928
-1371831
-1366766
-1362277
-1359593
-1355165
-1354087
-1350571
-1346217
-1341397
-1336457
-1335810
-1335182
-1334882
-1333147
-1328638
-1327099
-1323628
-1321734
-1320599
-1315646
-1313915
-1308568
-1301695
-1298119
-1296619
-1291384
-1289679
-1286330
-1285036
-1277913
-1270998
-1264165
-1262457
-1253213
-1250123
-1238998
-1238554
-1234341
-1234027
-1228118
-1207743
-1207547
-1205825
-1204542
-1200973
-1198698
-1198500
-1191126
-1190379
-1183776
-1180944
-1177938
-1168903
-1165773
-1155281
-1154035
-1151980
-1149844
-1148625
-1146773
-1145998
-1145476
-1144969
-1138685
-1131868
-1131780
-1131163
-1129041
-1127908
-1123879
-1117607
-1116098
-1110569
-1108196
-1105487
-1103610
-1087335
-1084150
-1071550
-1066628
-1064477
-1058025
-1042069
-1040207
-1036951
-1036811
-1033951
-1032987
-1029882
-1018308
-999642
-998515
-997145
-993215
-991877
-990700
-989599
-985729
-981559
-980605
-980163
-977140
-975248
-972815
-969988
-964497
-958957
-958094
-954675
-947838
-943657
-941877
-938313
-933227
-930281
-927223
-918321
-917131
-915704
-915315
-911579
-908112
-900286
-896985
-895782
-895147
-889423
-887665
-878049
-875349
-874024
-870833
-868662
-856760
-853476
-848674
-847445
-847338
-844935
-844599
-844277
-841177
-836007
-835071
-830571
-828638
-827226
-824030
-821711
-821112
-816150
-815665
-809451
-802832
-802535
-792975
-790166
-789288
-784270
-783402
-774705
-758614
-751347
-749399
-748555
-746704
-736475
-735376
-735336
-733969
-726448
-725070
-721954
-712113
-709365
-702557
-702442
-697985
-693417
-693173
-685669
-671443
-667942
-663729
-662457
-661784
-656783
-655613
-654831
-654615
-648556
-645330
-638054
-637174
-629524
-628753
-626742
-622602
-621958
-619228
-618692
-614606
-608411
-608238
-582514
-580065
-572121
-563737
-558843
-553043
-549024
-546188
-544325
-541781
-539542
-538913
-536630
-529941
-529581
-514450
-511573
-508764
-503507
-492108
-489372
-483645
-476471
-475238
-465276
-463984
-461290
-458335
-440312
-435379
-432699
-431855
-431568
-426752
-423930
-423830
-422292
-420758
-420564
-414882
-413119
-406920
-405121
-404369
-400801
-390839
-389302
-386148
-378674
-375714
-374098
-373525
-373015
-372164
-371486
-362211
-358602
-356866
-345995
-344055
-342695
-340977
-340053
-329444
-328968
-327348
-325886
-321363
-321305
-319822
-310200
-295863
-288593
-287250
-279496
-268229
-265876
-262225
-261967
-261338
-258973
-256512
-253491
-252572
-243338
-242315
-241253
-240794
-226921
-225285
-223751
-223497
-220716
-214748
-206332
-204411
-189416
-182188
-181230
-170829
-163124
-161829
-153151
-151156
-148873
-148316
-146440
-142260
-134302
-133566
-127369
-126376
-121228
-108984
-107929
-106432
-103916
-96270
-95415
-94296
-90436
-82789
-76408
-73551
-69451
-67213
-57293
-56915
-56866
-51279
-51098
-47492
-46534
-43084
-31051
-22542
-10358
-5411
-2691
-1329
1544
10793
14599
17186
18004
20279
23926
40338
41193
42186
43350
52795
53795
59461
63141
65048
65327
66680
70927
74173
79351
82075
84583
88689
90710
92985
97853
99058
105177
114377
120064
122214
149362
149551
149973
155607
156607
157708
165829
166812
176771
180449
192349
199274
203990
204514
205198
211371
216541
216887
220730
224696
225428
228178
232255
234879
235077
236387
240883
241657
243266
248119
251536
254748
254969
261658
262925
263842
265223
268796
271441
283473
285128
285465
288072
293723
294766
297832
298027
299968
301118
302869
305467
305476
312500
317301
318746
319819
326483
330851
332035
334451
334568
341279
343969
344148
345154
348371
349578
354499
356458
358404
366695
374334
378059
378151
392592
396359
397391
407129
410985
415533
423516
428932
442511
444278
444784
445242
448022
451209
452077
453221
455719
464819
465745
467015
475352
476358
482890
483373
487367
491382
497589
500490
500876
504673
504856
506611
510860
511368
511754
514701
514897
514949
519978
520414
521477
523304
524499
527223
532522
550225
561508
562414
564037
565331
567494
571005
573335
574272
575339
578604
582120
582934
584226
591777
593135
595777
597250
604465
608179
610733
618325
619736
620889
631908
635880
651720
651824
654635
658202
665737
667611
668082
668399
670787
671367
675788
678548
680401
680959
686186
689501
689534
690130
707648
708954
712037
712833
720268
723279
728163
731370
745732
750798
752862
753704
760676
761324
765029
770351
774732
776383
777391
777940
778815
778819
781917
784045
786624
786775
791677
792900
797424
802961
807170
809782
812946
821593
822506
823541
830546
832122
834523
837645
840463
842973
843652
848980
850557
852485
858480
862175
870528
871222
872061
872272
872286
879187
882510
890419
893567
896742
898805
905645
909107
910297
919358
920683
921459
925247
931414
938208
941212
947640
955618
957272
958882
970842
971928
978470
980759
989085
991073
999226
1002344
1009252
1011084
1021411
1024838
1028251
1034781
1038092
1054269
1065016
1071606
1080956
1094956
1100319
1101670
1103595
1104432
1111229
1124588
1129904
1133986
1142233
1142804
1147018
1153561
1154342
1158790
1159508
1166315
1172204
1178608
1186731
1190599
1192372
1196928
1198651
1211315
1212678
1216361
1220445
1236744
1238544
1239522
1240980
1249554
1252667
1255214
1258036
1260178
1260268
1260410
1272348
1277289
1281188
1281833
1287195
1287449
1287836
1293707
1302142
1323320
1325861
1334673
1335829
1335924
1355510
1357625
1357666
1360783
1362120
1362242
1365506
1369895
1375887
1378362
1381005
1384608
1404553
1407218
1407314
1409835
1411743
1413647
1419501
1422612
1431805
1439297
1441107
1451411
1457229
1459351
1459518
1466065
1472634
1477037
1478314
1482914
1494965
1503852
1509818
1510270
1515016
1516903
1522583
1523435
1527692
1528054
1528388
1530286
1533787
1535974
1548425
1548533
1555613
1556040
1561583
1577678
1579374
1580542
1584373
1585741
1586976
1593464
1609602
1612641
1614131
1617711
1618639
1620948
1632411
1633679
1638585
1639889
1640488
1646452
1662658
1669843
1671824
1673178
1679732
1682680
1684080
1685022
1686485
1686624
1693132
1695661
1707492
1708069
1710917
1711490
1712548
1712550
1713254
1718685
1722010
1722899
1723521
1726130
1726549
1729436
1740908
1742665
1749799
1751156
1761777
1765122
1768088
1768342
1769083
1769544
1785558
1788310
1788794
1791965
1794811
1798279
1802884
1809130
1816777
1816846
1818755
1820418
1823045
1828629
1830652
1837485
1842083
1842984
1845621
1852791
1854078
1866141
1871742
1879828
1898063
1898249
1898581
1902866
1903477
1903576
1905289
1909805
1910646
1912789
1915957
1918125
1918413
1921800
1923181
1926994
1942134
1951093
1951378
1953272
1960496
1960815
1964123
1968289
1972922
1973573
1975552
1976425
1978105
1986044
1986732
1988961
1991245
1991462
1993435
1995382
1996468
