-1999092
-1983571
-1973365
-1971133
-1968194
-1966602
-1963037
-1961496
-1961428
-1960711
-1960559
-1928386
-1919025
-1911896
-1910679
-1907031
-1904737
-1899492
-1899316
-1894363
-1885254
-1883433
-1879493
-1879434
-1867602
-1864702
-1864574
-1859884
-1855863
-1853308
-1825191
-1823350
-1821393
-1818932
-1814483
-1800584
-1787153
-1780750
-1775344
-1762047
-1755333
-1753017
-1745820
-1743087
-1738390
-1732725
-1731335
-1730807
-1725465
-1718847
-1716686
-1712385
-1711825
-1708716
-1708353
-1703855
-1693430
-1690077
-1683125
-1679770
-1679387
-1668143
-1660614
-1643299
-1642220
-1635975
-1635679
-1631288
-1622628
-1618319
-1614296
-1613478
-1611927
-1611418
-1611187
-1610763
-1609897
-1609809
-1593789
-1577774
-1565162
-1556436
-1555837
-1548620
-1538504
-1533298
-1533107
-1529719
-1526318
-1520557
-1503738
-1501130
-1488867
-1481732
-1480015
-1476938
-1472737
-1454439
-1451371
-1446211
-1444522
-1439979
-1435312
-1433265
-1431803
-1427979
-1425063
-1423156
-1419235
-1419002
-1416299
-1408128
-1388350
-1379342
-1378304
-1371178
-1370449
-1363216
-1356930
-1354383
-1341096
-1326483
-1319268
-1316359
-1311525
-1309448
-1305829
-1305637
-1304229
-1302680
-1297145
-1293828
-1287276
-1279264
-1275146
-1268865
-1261506
-1258797
-1258237
-1251239
-1248129
-1237246
-1232480
-1231135
-1218646
-1218504
-1216730
-1216466
-1204626
-1199633
-1194438
-1192341
-1186280
-1185616
-1171131
-1167272
-1166606
-1161765
-1159454
-1157958
-1155776
-1146110
-1137787
-1137784
-1136051
-1130992
-1129101
-1124355
-1120929
-1120370
-1090320
-1081420
-1080876
-1069558
-1067581
-1057650
-1055531
-1048974
-1046233
-1042821
-1038299
-1037951
-1035982
-1016042
-1015329
-1004630
-1003875
-997235
-992973
-992168
-985826
-985590
-975496
-973204
-972060
-971960
-962488
-961663
-958609
-948059
-947726
-942051
-941767
-937936
-935482
-933659
-931428
-930026
-928705
-927961
-926428
-912607
-908722
-908065
-892821
-891645
-888772
-888016
-876518
-874136
-872485
-869718
-864591
-858396
-855953
-855362
-845467
-841908
-837929
-834699
-830419
-828353
-822967
-821503
-816160
-810727
-809897
-809631
-805786
-800540
-800028
-799784
-798121
-795106
-794495
-790219
-788877
-783557
-783182
-781490
-778964
-778853
-778640
-772888
-770191
-769739
-767105
-762832
-754257
-747935
-743056
-738630
-737164
-736393
-733662
-730328
-728438
-727215
-726705
-726672
-726630
-723561
-722083
-721968
-718194
-713571
-706618
-701751
-697402
-695210
-690003
-688601
-675741
-670504
-657837
-652396
-640311
-630962
-628393
-622988
-618046
-616639
-613321
-610786
-594656
-593343
-591768
-587016
-580748
-575777
-571962
-570293
-562582
-551669
-551158
-548412
-547660
-542106
-527658
-527279
-518525
-514364
-511385
-501547
-498524
-489322
-483284
-467252
-467244
-459988
-459981
-456702
-454216
-451454
-451385
-445648
-437994
-437680
-422699
-420145
-410935
-409659
-409062
-408854
-406919
-404691
-403981
-402461
-400634
-393220
-390217
-385031
-384358
-384307
-381427
-378136
-375741
-373604
-363956
-361313
-358703
-355302
-355190
-354219
-352420
-351937
-345143
-345137
-344528
-344489
-343200
-326834
-325973
-321450
-320216
-316403
-316091
-312150
-304791
-299122
-297004
-296109
-294711
-288930
-284406
-274096
-273306
-272667
-267863
-263941
-260607
-259389
-256870
-256495
-256088
-250945
-248212
-246657
-241046
-237576
-234793
-233389
-231063
-230795
-218302
-213486
-210909
-210258
-202707
-191538
-187004
-184497
-181632
-176399
-167646
-163084
-157802
-152582
-152386
-151375
-150273
-142364
-140476
-132824
-131579
-129476
-126203
-123567
-119546
-114503
-108293
-101183
-94442
-92275
-91930
-82134
-81932
-80938
-79261
-70265
-69792
-69544
-65004
-59297
-55380
-50611
-37560
-36716
-32930
-25300
-19574
-19180
-19092
-15091
-10795
-7569
-2845
-2403
6093
14612
17292
22389
22986
25342
27088
30429
31170
38590
40335
42387
55960
57326
58081
59126
59978
60661
61024
74256
79200
86123
97615
98457
107354
107397
107530
113096
118532
121997
122683
126746
130105
136930
141254
149921
152672
155334
157542
166718
173738
176412
180643
185787
186190
187172
192431
199549
204780
205515
211126
217386
223952
225958
226032
232121
239876
258263
259563
265859
269676
271827
278659
304411
306388
307234
320746
323123
324817
329196
330566
333941
345704
346500
349659
352513
354701
355372
355447
356298
358036
358640
366513
373595
375442
376034
383453
384170
385476
385686
392981
393379
401058
402329
411004
411317
414045
416005
416055
418842
419729
420691
423364
432807
439021
443429
447894
448549
449841
452942
453515
454577
456831
457082
470165
473300
474586
475628
476334
476965
477912
485162
488542
492149
492368
493103
493290
497113
499651
502031
503006
504167
506841
507449
508097
510968
516925
517628
519744
523568
525417
525945
529272
529454
534380
535148
535827
536612
568082
573137
574364
580098
580701
581741
585204
585390
589268
593227
593540
598317
601561
601563
603434
604027
604813
605347
613208
614245
615617
616597
622429
624072
625745
626379
631875
636974
638879
640284
641794
642271
647391
650248
652922
653101
658116
658149
660855
664530
669297
670949
675967
682548
683479
689707
692456
696627
706071
707371
708495
708652
712522
716199
718597
724916
729346
742746
743852
746264
748802
762493
771843
772408
779345
782736
785853
787362
789922
792709
793007
794477
796189
802745
803722
816539
819536
824161
824329
827646
831629
834101
835619
836074
837179
837783
841565
843501
845117
846472
848445
861323
864356
864748
878998
883848
889134
889391
892410
895609
899773
903363
903972
907731
909429
913462
917037
918644
920504
924396
927349
936904
937399
938920
939123
939814
944600
949490
954443
955359
959869
965749
967737
975382
975661
976133
977122
988251
997174
998179
999415
1011542
1022850
1026637
1034824
1038324
1043115
1045244
1047821
1051875
1055309
1056668
1056774
1060005
1064429
1067499
1071239
1087902
1091803
1093744
1096128
1097413
1102370
1102887
1103191
1106611
1115997
1119216
1120729
1123877
1128076
1131009
1131155
1131439
1132760
1133616
1142391
1146311
1147630
1156780
1157547
1158436
1167904
1170946
1171426
1172369
1175037
1175862
1178918
1186777
1189550
1191572
1192175
1193268
1194282
1196890
1197280
1199062
1206533
1210373
1219436
1221412
1232009
1233084
1234592
1235046
1239150
1240767
1241708
1253026
1255758
1268596
1269624
1269649
1270481
1282489
1283984
1284345
1287149
1295653
1302355
1310618
1318079
1320076
1320325
1321898
1323072
1323215
1327742
1328569
1330791
1335985
1337952
1340577
1341629
1348411
1352420
1352878
1368441
1373012
1376551
1380609
1391493
1397563
1403238
1405174
1405253
1405597
1408290
1408940
1410283
1412077
1415189
1416664
1426225
1428056
1429972
1437337
1440000
1444369
1445430
1445509
1445621
1458789
1459574
1459700
1462832
1468686
1469021
1469642
1471974
1475228
1479386
1479949
1480233
1480541
1489058
1491499
1497042
1498074
1498527
1498966
1503120
1505716
1509349
1528441
1539886
1549108
1555964
1558989
1560366
1560396
1563207
1573988
1576368
1588122
1593551
1597371
1604347
1609794
1609939
1611085
1611128
1612808
1615502
1622082
1626147
1627439
1633231
1636644
1638606
1640835
1641358
1642036
1643198
1645252
1645802
1645976
1649037
1649174
1649462
1651518
1653421
1653885
1657712
1662385
1667727
1668515
1672068
1675651
1682219
1683111
1684051
1688157
1702645
1712341
1713109
1718860
1721898
1723957
1725114
1727262
1727571
1733880
1739725
1744516
1753831
1754797
1756374
1756883
1761898
1765680
1768399
1771055
1773602
1775023
1776616
1783547
1791525
1793780
1794544
1807012
1807455
1807600
1808774
1809812
1810965
1812500
1813525
1816762
1824405
1833165
1833674
1835529
1837844
1842169
1851229
1856512
1861418
1863008
1864808
1868913
1872600
1885142
1885768
1887849
1888670
1895077
1896220
1905339
1906535
1915318
1915915
1920078
1921349
1922173
1929350
1931797
1932716
1944484
1944828
1946012
1949774
1950552
1957778
1962114
1967621
1972610
1978137
1980570
1986605
1990502
1996577
1997076
