-1994667
-1994089
-1992647
-1984175
-1977916
-1973639
-1968366
-1965349
-1961446
-1961062
-1955775
-1950016
-1947387
-1941279
-1935823
-1935326
-1933928
-1931916
-1930817
-1927757
-1926044
-1925751
-1914156
-1908939
-1901107
-1898905
-1898151
-1893900
-1884437
-1880931
-1880760
-1880005
-1876633
-1873605
-1858226
-1853756
-1845986
-1836705
-1828640
-1826325
-1821668
-1819194
-1818638
-1818474
-1817545
-1798997
-1784902
-1774534
-1772121
-1767832
-1761885
-1755980
-1755455
-1753285
-1750818
-1750519
-1750040
-1748331
-1745485
-1741445
-1739526
-1739405
-1728169
-1722029
-1719925
-1708356
-1707688
-1702656
-1689626
-1681900
-1681277
-1673032
-1661131
-1649921
-1648582
-1640748
-1640672
-1631688
-1630139
-1629182
-1628245
-1620405
-1620223
-1615818
-1614160
-1612714
-1596621
-1595296
-1593781
-1592485
-1590337
-1588468
-1586099
-1586038
-1582775
-1569811
-1569011
-1558136
-1555024
-1533540
-1532015
-1531100
-1521152
-1515206
-1506442
-1505604
-1500645
-1498840
-1490794
-1490535
-1490381
-1489179
-1488633
-1485376
-1480679
-1475407
-1458826
-1453515
-1453079
-1452964
-1451271
-1448791
-1446665
-1445881
-1441212
-1436021
-1429032
-1427782
-1425175
-1419927
-1419363
-1413214
-1411702
-1409402
-1405435
-1404374
-1403803
-1401427
-1387634
-1387171
-1385525
-1384780
-1378230
-1373922
-1364099
-1360877
-1357800
-1349158
-1348292
-1344862
-1340681
-1340439
-1340382
-1332581
-1332061
-1330949
-1324298
-1323969
-1322223
-1314213
-1309182
-1305843
-1293755
-1289574
-1285756
-1284821
-1282537
-1281814
-1280006
-1273973
-1268484
-1260534
-1259286
-1258939
-1256953
-1250951
-1246199
-1237444
-1232935
-1232243
-1225458
-1224703
-1224468
-1223234
-1221666
-1218026
-1217140
-1210182
-1199267
-1199150
-1198100
-1195000
-1190400
-1185404
-1183272
-1180990
-1175691
-1171782
-1170199
-1163352
-1150525
-1149278
-1132606
-1132116
-1113491
-1113042
-1109053
-1108293
-1107841
-1105258
-1100092
-1085171
-1084862
-1067636
-1064920
-1050277
-1048633
-1048461
-1046960
-1046026
-1042834
-1038831
-1032412
-1032241
-1027840
-1026979
-1024382
-1008777
-1002360
-1001268
-998627
-997019
-995801
-990880
-988353
-987387
-985104
-984726
-984514
-979708
-976092
-970739
-968076
-962669
-956801
-943698
-942000
-940438
-940032
-934757
-934102
-932291
-927394
-927001
-923885
-921947
-918088
-911463
-905555
-903551
-903095
-901148
-898004
-892295
-889338
-874480
-871335
-865999
-862393
-860001
-857822
-857644
-854513
-849874
-848883
-842388
-840333
-838506
-834080
-833678
-826372
-813290
-804640
-804118
-803616
-801867
-801746
-796249
-795551
-791519
-789852
-787301
-783385
-782153
-769745
-767821
-766763
-759139
-756809
-752878
-744379
-734979
-719448
-719155
-708901
-706561
-702199
-698414
-681517
-677716
-677072
-673398
-671701
-667070
-661166
-660188
-652726
-651453
-648366
-648293
-631981
-626918
-626753
-626600
-618820
-611682
-610960
-607286
-603296
-603192
-601646
-600690
-598444
-596301
-593633
-590649
-584937
-578833
-564430
-563761
-562403
-559730
-552625
-534086
-530791
-530171
-521723
-517603
-487116
-486868
-482935
-478587
-478254
-464344
-455807
-454358
-448710
-448709
-447681
-443846
-438915
-438844
-431686
-429640
-429277
-424702
-423536
-419615
-419597
-418139
-408318
-401003
-391155
-390154
-388287
-384630
-384308
-380028
-377877
-356622
-356086
-354711
-345180
-342067
-340468
-336172
-333393
-328465
-321917
-319151
-317673
-314032
-306086
-301794
-299790
-298999
-292507
-289322
-287896
-285514
-284421
-279157
-279101
-273625
-272243
-269461
-269036
-247633
-240476
-231778
-228950
-225929
-219359
-212449
-210659
-204300
-202294
-200107
-197791
-183328
-175898
-173989
-163726
-159300
-158247
-157924
-143651
-139248
-134422
-131767
-130655
-125409
-123165
-120094
-113275
-106453
-100108
-97594
-91762
-90761
-90557
-87670
-85261
-85089
-85031
-82404
-80420
-74558
-72367
-69412
-65458
-63689
-63097
-61073
-58948
-51293
-39597
-29745
-26181
-22524
-22052
-10235
-8598
-3903
-3339
785
4150
7849
8386
11662
17708
17935
21749
22026
26394
28343
29640
32499
37698
47432
53048
61660
67005
71572
72605
73312
82081
86598
88449
96067
108641
108976
120801
121319
121820
125709
129396
132239
136009
140965
144966
146655
148865
150024
153404
161620
162465
162903
167330
167569
180333
181746
183100
186032
189157
200133
203579
208672
208734
213241
217668
218952
222073
228458
228628
234963
235295
236586
237025
238750
241168
242167
245656
248135
264487
266988
282209
288715
290887
291848
292754
295422
297581
299265
301601
302411
307634
309156
310867
314828
319079
322418
326404
334241
335118
342221
343007
347022
351553
357843
362211
368369
376779
382021
383998
385892
392805
397160
405455
405632
408839
416776
423881
426191
431378
438048
441282
449544
455666
456128
458759
467303
469427
470363
475158
477930
479865
480947
483984
484380
491782
495508
499713
501091
505532
506948
507670
508264
511957
521835
522023
524364
527754
528403
529075
530100
532218
535171
535516
537437
539135
541274
546743
549698
551026
552646
553641
559954
567657
571430
581425
585684
591969
593254
596352
596811
603040
607756
621437
622154
623129
626665
629840
630076
634669
635896
651418
651474
653008
653999
666038
668143
668810
670146
674083
683072
685805
687096
689093
692091
692306
701880
702741
703481
710236
711249
717748
720246
725113
727494
728142
733541
734582
734649
740869
748268
748752
750145
755238
757189
758563
760591
762216
771362
780593
782786
784825
785966
786768
801061
806324
810391
811839
811868
813270
817748
829758
834684
835083
840746
841497
844611
845022
848637
851777
855763
858852
860191
864397
868645
868855
878425
878771
884546
885206
885781
888038
891551
894835
898438
899828
905616
906139
910171
912046
915433
916095
918499
919286
921757
924474
936592
939380
947576
950109
956410
963018
964768
975397
977181
982943
984955
988458
993245
993361
998225
999955
1000252
1002532
1022574
1023204
1023300
1023831
1024483
1033519
1036240
1046233
1048202
1053423
1054468
1055179
1066287
1067092
1067165
1068338
1069632
1077390
1078106
1083400
1083570
1084602
1084732
1085133
1086134
1086164
1086181
1089763
1098017
1100143
1101299
1101806
1107012
1112789
1113718
1114698
1116530
1128979
1134589
1134899
1142406
1143318
1148074
1149339
1151692
1152496
1156907
1159426
1161093
1165565
1165970
1166918
1168325
1169582
1169995
1170261
1172265
1173175
1175443
1182590
1188615
1211050
1211651
1212858
1213597
1217477
1223241
1227875
1228413
1229885
1229906
1239010
1240803
1242832
1244844
1246565
1249750
1253759
1255528
1256726
1257656
1268884
1275991
1276095
1279282
1287384
1291649
1293377
1294084
1296111
1296482
1298625
1308268
1309563
1311159
1317844
1323961
1334858
1341070
1343507
1346570
1347381
1357707
1367319
1372150
1372974
1373759
1377875
1399596
1403656
1407564
1411958
1414257
1416723
1426316
1439457
1444101
1445392
1447929
1448509
1450303
1452211
1459151
1461566
1470684
1472320
1472794
1475499
1476815
1483237
1488637
1489173
1491314
1492548
1493712
1495168
1500922
1504087
1506000
1507151
1508270
1510726
1517904
1518616
1520059
1522978
1526586
1527703
1528079
1530792
1531372
1531715
1534500
1536491
1537781
1541555
1545006
1547977
1550230
1555953
1559766
1561484
1567417
1568800
1569503
1580875
1582806
1583200
1584752
1588257
1599063
1600495
1603300
1605941
1612780
1618555
1621771
1627595
1629512
1635469
1639806
1647851
1652987
1653248
1664101
1671460
1671946
1673532
1674779
1682190
1692478
1705221
1706630
1709923
1710355
1711009
1712578
1714232
1725794
1736913
1738837
1739868
1746558
1746780
1749130
1760311
1774847
1785045
1789197
1798517
1802097
1803750
1804544
1806271
1808119
1816008
1818112
1833586
1835105
1842549
1844489
1847228
1849307
1854554
1855920
1860318
1861662
1866740
1875106
1883945
1884592
1886367
1891672
1894396
1895087
1895369
1896748
1900545
1904823
1910566
1913652
1918262
1922023
1926769
1930870
1934493
1936347
1939960
1942480
1946072
1953003
1955349
1955577
1958620
1958966
1961587
1977135
1978940
1980612
1981744
1991599
