-1997365
-1996928
-1994735
-1992672
-1987507
-1987490
-1986774
-1984691
-1976443
-1961938
-1956265
-1949800
-1949065
-1944824
-1942491
-1940511
-1933679
-1933116
-1927449
-1920391
-1919099
-1918017
-1917206
-1914883
-1912930
-1911010
-1908243
-1908238
-1907797
-1905033
-1904020
-1903402
-1900406
-1898876
-1898245
-1890190
-1876408
-1875568
-1875470
-1864706
-1858843
-1847376
-1847069
-1846468
-1826372
-1820491
-1819432
-1818561
-1812477
-1810897
-1807584
-1806419
-1801749
-1801523
-1779933
-1778376
-1776652
-1772913
-1769144
-1754206
-1748520
-1741992
-1739842
-1739591
-1724208
-1720107
-1715073
-1713856
-1706153
-1705480
-1690246
-1686336
-1682695
-1682594
-1680063
-1675362
-1672444
-1671522
-1664796
-1657042
-1652054
-1651882
-1637033
-1634682
-1631753
-1629792
-1613921
-1601802
-1600058
-1599744
-1599554
-1595983
-1594280
-1573000
-1565497
-1558971
-1552320
-1551623
-1548404
-1547399
-1535150
-1534930
-1531872
-1525960
-1525875
-1525226
-1525113
-1523753
-1522386
-1522113
-1521460
-1512700
-1511025
-1499681
-1496927
-1493028
-1493017
-1488353
-1485267
-1483487
-1482081
-1476905
-1475889
-1475556
-1461376
-1460248
-1456957
-1454390
-1450490
-1440628
-1440396
-1439764
-1434588
-1434574
-1433299
-1426751
-1426073
-1401844
-1396045
-1393322
-1390945
-1382200
-1373830
-1373030
-1365904
-1359865
-1358023
-1356631
-1348273
-1341582
-1331077
-1329004
-1327841
-1325574
-1316705
-1315593
-1305472
-1297296
-1295067
-1291778
-1289592
-1287891
-1281413
-1263032
-1252946
-1252848
-1251243
-1249517
-1230378
-1229711
-1228973
-1226130
-1224247
-1222328
-1212027
-1205183
-1198932
-1197720
-1193548
-1191611
-1190069
-1186389
-1183047
-1179356
-1179297
-1179172
-1177620
-1175975
-1170366
-1162213
-1161065
-1159423
-1157937
-1156432
-1153449
-1149974
-1143304
-1135747
-1135631
-1134800
-1134105
-1132302
-1132248
-1129464
-1125801
-1122995
-1118025
-1109366
-1107394
-1102975
-1097674
-1096050
-1088266
-1084829
-1078301
-1069442
-1053939
-1046924
-1046746
-1045586
-1040385
-1018676
-1017140
-1014762
-1006102
-1004445
-1002749
-991564
-989621
-976613
-973072
-965708
-963875
-958414
-957742
-955687
-953684
-949088
-945079
-942262
-937160
-935154
-926689
-925912
-924415
-922785
-917414
-915457
-908305
-902064
-898915
-898695
-895305
-884695
-880870
-879087
-879059
-877680
-877473
-865827
-865212
-864692
-864575
-863311
-862385
-861983
-861614
-861357
-860415
-857215
-855650
-853930
-851347
-850291
-842148
-841969
-833126
-826821
-816956
-813429
-810701
-805730
-800639
-799706
-797571
-791763
-791398
-786825
-776275
-762968
-762334
-761277
-751049
-750016
-749381
-745430
-744967
-744676
-739657
-739412
-738793
-737466
-729962
-726150
-724215
-719172
-717927
-716123
-710496
-710375
-708567
-707682
-694324
-693671
-690083
-685621
-683076
-682819
-672029
-671103
-661936
-654823
-651046
-646907
-645657
-645599
-642269
-639977
-639529
-625799
-624403
-619782
-619214
-615833
-607528
-606076
-600754
-598177
-597826
-587249
-586306
-584181
-578166
-568815
-561928
-551784
-543103
-542612
-541901
-539932
-531247
-530007
-527894
-527044
-522168
-515051
-507022
-487248
-480376
-479961
-474336
-470976
-469364
-468856
-464356
-463565
-460850
-460754
-459686
-457974
-455910
-454363
-448604
-445572
-443552
-440134
-439290
-438629
-437332
-435749
-426078
-415640
-414667
-413444
-407306
-404726
-403845
-402784
-397274
-395879
-394391
-389797
-385681
-384909
-381449
-367647
-359265
-353778
-334070
-332904
-327402
-326743
-324035
-306646
-298281
-297256
-296973
-295709
-291303
-286699
-276667
-275661
-273330
-267513
-267334
-265595
-262228
-260121
-259785
-258104
-250757
-249637
-248883
-247452
-245880
-245352
-243237
-241195
-234029
-232003
-226283
-222663
-214617
-213456
-209354
-204994
-200387
-193464
-187888
-187813
-186141
-185266
-183141
-183061
-178061
-177215
-175704
-175382
-173303
-171489
-170834
-166696
-160105
-156011
-155043
-148510
-146064
-142586
-139853
-136148
-127982
-127063
-124587
-124156
-119889
-118908
-115834
-113870
-111376
-105101
-103543
-92380
-86652
-83384
-82956
-82128
-79055
-77648
-77276
-77012
-70933
-64654
-61667
-60119
-59527
-59233
-57870
-46715
-44999
-42282
-41488
-37624
-37622
-35418
-32990
-15249
-15239
-12159
-9599
-8391
-7898
6976
10455
10843
13369
15310
22474
26926
27636
36108
36443
38282
39124
42572
54430
55897
56235
58709
59442
71857
73367
78267
78479
82751
84293
92911
96244
108224
113728
115361
115859
118172
119800
123506
131010
132763
137721
138700
141827
142315
152204
154347
155345
156404
158377
161094
162208
163403
167404
173913
182151
182424
182508
186946
193435
196407
198849
210219
211333
212450
213052
214183
215059
215421
216841
224990
226193
230840
233858
234320
239813
242560
259699
267327
269722
280845
294257
300213
301291
301889
308751
309769
312269
319478
319870
321079
321589
322736
326925
331892
343426
344584
347166
347633
354711
363550
364533
365445
366739
374231
374547
378812
379279
382999
392312
393015
394459
395569
399846
401899
402608
404207
406377
406769
408937
409207
409730
409776
423199
424652
426130
430188
431940
435597
437224
437232
443274
446013
446453
447740
448553
449446
457917
465246
465440
478317
486574
490690
491663
502619
505342
507363
507949
513012
513411
518518
519569
529528
533240
535128
536260
550311
551424
557180
560504
563566
564083
572147
575327
582076
583631
587453
588548
591264
595303
596771
597460
602173
607937
616753
617837
623631
627055
630938
631294
632230
633047
635283
641754
642329
642862
648268
655213
656873
660875
663897
669378
670117
674295
677649
695470
696872
697900
698354
704258
715538
716022
725046
725517
727305
728804
740093
745997
746295
751639
757034
757477
764497
775660
780738
791416
792290
792739
793149
795044
797856
803327
822820
824734
830007
833921
845318
849936
850983
854927
862004
866657
879554
894146
894287
904397
904774
906493
913500
914519
919581
921128
930921
934236
939995
940226
947938
950408
952219
953410
956828
963113
967706
972390
979619
986860
1000782
1003053
1012083
1013284
1014516
1015471
1018708
1018975
1023543
1025318
1029824
1038318
1040217
1043527
1044797
1044872
1045630
1048576
1052948
1058273
1059119
1062181
1064196
1066389
1067892
1069966
1073264
1077654
1081317
1083763
1091284
1097333
1097826
1120241
1120711
1121439
1121861
1132176
1137955
1148990
1153159
1156111
1165528
1166466
1168404
1169919
1173869
1174891
1179710
1181521
1182905
1183562
1184044
1190159
1196324
1200313
1201291
1201743
1209589
1213765
1215236
1221617
1222451
1224719
1226877
1244174
1246380
1247325
1251862
1256601
1260606
1261976
1263581
1269114
1275955
1282777
1294049
1299265
1305353
1305427
1308588
1314129
1316897
1317502
1318063
1328467
1332695
1334690
1335193
1336364
1338019
1341184
1345687
1350582
1366112
1366946
1367833
1372635
1374609
1374930
1375608
1381897
1384775
1390654
1391281
1398930
1401722
1404034
1406390
1406460
1409189
1413632
1416948
1418131
1428507
1429253
1439726
1444710
1445984
1447972
1452079
1455694
1462815
1465319
1471379
1479885
1482902
1483406
1486310
1486715
1488289
1488749
1493841
1499819
1504139
1506903
1507039
1508684
1517755
1521834
1527264
1528229
1529701
1540832
1544907
1547584
1547883
1553356
1562784
1573426
1574346
1574844
1575258
1576724
1590450
1598054
1608601
1608745
1611031
1614804
1619667
1626418
1626685
1647040
1649080
1649278
1649389
1650621
1655139
1657062
1663992
1669974
1670399
1673339
1680179
1682917
1683638
1685507
1686132
1690550
1690571
1696274
1697743
1703137
1705218
1713111
1715825
1728896
1730476
1732964
1733810
1751237
1752098
1752564
1755344
1767930
1769382
1771746
1771919
1775420
1796940
1805197
1805624
1812180
1814268
1815615
1819265
1821702
1823420
1829190
1834481
1837825
1841086
1847661
1851151
1864453
1867614
1888380
1890983
1891366
1891917
1898687
1900740
1906545
1908323
1913744
1915625
1916062
1925424
1928593
1929200
1930324
1933786
1946830
1951860
1953266
1956106
1958681
1958754
1960385
1962724
1964504
1968238
1976826
1979189
1982870
1990017
1998439
1999046
