-1998747
-1997292
-1997241
-1985482
-1978026
-1977315
-1976218
-1975966
-1975339
-1973299
-1971893
-1966744
-1957987
-1957623
-1954029
-1952456
-1945789
-1945572
-1944137
-1942652
-1941380
-1938873
-1938147
-1936452
-1923387
-1915260
-1910706
-1910602
-1898507
-1894757
-1889577
-1889545
-1886399
-1874985
-1873609
-1869150
-1866610
-1864810
-1855332
-1841380
-1831072
-1829044
-1815363
-1814701
-1813584
-1810544
-1808037
-1805628
-1802107
-1801811
-1791680
-1789352
-1789149
-1788194
-1780232
-1778334
-1777965
-1775552
-1774500
-1772496
-1767906
-1764610
-1763645
-1762676
-1761405
-1759768
-1756329
-1745620
-1743818
-1743403
-1729554
-1724009
-1716185
-1715801
-1713342
-1700968
-1699472
-1688945
-1683555
-1679104
-1678795
-1675994
-1665780
-1664100
-1658011
-1654878
-1654489
-1654470
-1650710
-1650416
-1642949
-1640488
-1638592
-1638566
-1636818
-1635177
-1634959
-1634866
-1632143
-1627725
-1614568
-1608517
-1608207
-1603563
-1599437
-1593527
-1585216
-1578896
-1567054
-1566781
-1565869
-1561056
-1547296
-1530244
-1520902
-1520704
-1517251
-1513555
-1510213
-1492666
-1480881
-1479773
-1479297
-1477117
-1476548
-1473318
-1467269
-1466752
-1463779
-1463534
-1455049
-1450403
-1442218
-1434252
-1428345
-1424408
-1416759
-1416739
-1410378
-1401537
-1401124
-1399917
-1395668
-1393859
-1389739
-1384821
-1384765
-1382257
-1382001
-1376113
-1375808
-1375771
-1371949
-1369325
-1367447
-1364258
-1363178
-1363027
-1359689
-1353883
-1350837
-1348452
-1340775
-1338753
-1324978
-1323002
-1322561
-1321081
-1317479
-1315952
-1315256
-1314433
-1311327
-1307289
-1304908
-1302059
-1301720
-1299966
-1299904
-1291260
-1290186
-1289620
-1279976
-1267911
-1265179
-1260366
-1257395
-1256799
-1254055
-1253204
-1251023
-1250955
-1247280
-1241320
-1239089
-1238891
-1235760
-1232749
-1231380
-1225087
-1219407
-1211059
-1210104
-1207740
-1206936
-1203762
-1198990
-1195039
-1192025
-1187104
-1176443
-1175781
-1175529
-1175425
-1172502
-1165055
-1161054
-1152451
-1147933
-1146883
-1145572
-1142866
-1139722
-1138161
-1133636
-1131726
-1131345
-1125319
-1124191
-1123144
-1121298
-1115266
-1112192
-1096116
-1094576
-1093178
-1092869
-1090220
-1090127
-1089165
-1088907
-1082249
-1074014
-1067419
-1065511
-1064945
-1063455
-1056099
-1055972
-1052187
-1050197
-1049886
-1049444
-1047561
-1038886
-1037241
-1025999
-1014523
-1013675
-1010129
-1007349
-1004927
-1003852
-1002598
-994319
-986860
-983553
-979946
-976034
-974596
-972467
-970441
-969065
-966408
-958501
-951507
-950536
-948267
-939639
-934631
-934506
-931551
-930837
-926918
-926194
-923642
-919542
-917033
-911055
-907529
-902096
-895547
-892432
-890480
-887517
-886968
-886806
-880998
-879067
-877158
-865983
-857796
-857364
-839983
-839255
-837599
-832169
-830446
-828427
-827770
-826721
-825785
-821526
-817174
-815319
-809034
-806208
-802883
-797320
-784821
-778292
-776702
-771643
-770032
-759379
-751136
-746621
-746347
-742805
-738827
-737964
-729029
-727735
-727008
-725188
-720172
-714626
-712031
-710071
-709182
-693611
-691939
-688084
-687333
-685201
-684807
-681814
-680732
-677349
-671754
-669211
-668357
-667402
-662102
-659992
-659258
-656692
-655852
-653796
-648573
-646506
-638091
-623089
-622257
-619069
-614625
-609903
-599799
-588996
-585240
-582296
-580943
-579434
-575147
-574572
-572534
-572335
-571113
-569577
-564052
-546475
-543559
-535403
-530191
-527741
-523701
-516756
-513292
-506860
-504909
-502931
-498451
-489516
-489261
-485328
-471394
-470624
-466509
-461434
-457217
-454563
-452056
-449149
-446574
-434028
-428792
-427674
-425227
-422963
-421222
-412211
-405771
-401417
-400421
-399124
-384718
-380656
-380305
-379184
-373313
-373229
-372367
-370103
-365109
-345492
-341637
-340065
-337857
-328565
-317115
-308233
-307501
-306288
-298125
-288366
-276182
-269661
-265605
-263512
-257247
-256140
-255835
-253943
-253775
-252380
-249478
-242856
-242683
-238160
-231906
-231262
-222281
-220939
-219791
-207920
-207634
-206888
-206135
-198766
-192149
-191739
-171581
-167782
-160190
-159816
-159803
-159610
-156845
-155767
-152075
-150377
-141454
-136912
-135472
-129742
-129317
-129021
-127386
-124659
-124528
-115529
-112423
-110259
-103175
-93056
-89906
-88832
-85711
-85407
-84465
-78899
-69419
-66740
-64873
-61376
-52539
-51961
-50894
-49102
-47128
-40132
-36333
-30988
-29148
-28973
-28366
-27799
-18784
-17448
-16998
-7442
3826
9830
11583
11752
16631
19004
23511
23782
24112
35843
39544
43539
45946
47150
62566
70392
71575
72008
81654
86718
93738
97439
101433
103294
138540
138574
138851
140292
152429
153291
154784
154938
156288
157364
158596
162851
164766
168140
173910
183495
183566
187648
194696
200534
207755
215566
216197
216653
217044
225649
227430
227605
235348
236532
244457
246484
250915
252338
258136
261477
271740
272546
275544
276821
280488
291033
294323
310940
313151
314426
316963
317679
323789
326886
330309
330437
340097
346962
347748
354273
354369
354637
362941
371403
374465
376244
377403
378097
379113
379480
383250
389352
401733
403677
407641
422511
424175
432647
434868
441792
444052
446311
449109
449489
450817
453076
462379
463744
466395
470251
471517
472936
477275
494134
497626
498498
502671
507271
517323
518303
518978
521446
525233
529130
529203
531973
537175
538708
539692
540048
540115
542483
550644
553208
564378
570217
571687
573362
576019
577885
580193
580344
581029
584552
585365
590659
593120
593628
597769
598493
602517
603439
605722
614496
617586
620712
624483
628961
634602
634920
637192
637622
647054
652916
657018
661248
662806
669575
677424
678855
679664
680870
681072
683034
689142
691520
691862
695703
699699
702391
703550
705901
711367
712983
717426
724211
728883
740837
741534
742142
742222
749677
753897
755465
757440
757993
762105
778526
791714
791847
795582
795597
796838
798334
806568
808055
812181
814273
830989
838713
845127
850676
850966
856180
857048
859667
861254
865902
879985
882630
884278
886731
890988
906966
916499
918520
922644
927613
936263
936382
938197
939971
940319
947171
968064
968481
973590
974937
977657
986739
989297
993708
997803
1001257
1001517
1005047
1007669
1007851
1010699
1011520
1012617
1021495
1026590
1031443
1037412
1038626
1065752
1070511
1083362
1086760
1090256
1090606
1100774
1116854
1117508
1121200
1132064
1132570
1136727
1137381
1138090
1140818
1141283
1141746
1141991
1150574
1151210
1154391
1154536
1155413
1156112
1157973
1159418
1163313
1164768
1166291
1178407
1184531
1188803
1193044
1193094
1195888
1198739
1207909
1210002
1211312
1219332
1221141
1227565
1238535
1240200
1245269
1250362
1254762
1259712
1263778
1265869
1271752
1277158
1279513
1285445
1285696
1289367
1290279
1291919
1294927
1302365
1327310
1332571
1334593
1336255
1336372
1338351
1341683
1344473
1348007
1348343
1353822
1354460
1355092
1359215
1366493
1369793
1378333
1380597
1380717
1381640
1383673
1393229
1394930
1399021
1399448
1403657
1406684
1408427
1408969
1411358
1413613
1424491
1424980
1429871
1435103
1438541
1444327
1451499
1455454
1470667
1489969
1492418
1492511
1494234
1505261
1505369
1505396
1508639
1510280
1517142
1523267
1525264
1528310
1530804
1538077
1538880
1541287
1546377
1547967
1548719
1549718
1553081
1557788
1559931
1567466
1584990
1588699
1591827
1593613
1594726
1594935
1598003
1599623
1611854
1622142
1624002
1624254
1625871
1630759
1632053
1634658
1634901
1642715
1643931
1645381
1661227
1666662
1679727
1682213
1688727
1690614
1691830
1691876
1702440
1703963
1704610
1713815
1716572
1722637
1730480
1731007
1734939
1739569
1746114
1749741
1751568
1753116
1756039
1758394
1759568
1759574
1762846
1763210
1764638
1773679
1794481
1795040
1799457
1803326
1804671
1804950
1814701
1825150
1826594
1830631
1831838
1833537
1837416
1840327
1840371
1842118
1849492
1852309
1856815
1858504
1858514
1864681
1868936
1871841
1873970
1876290
1879863
1888585
1890367
1891423
1895628
1903442
1909912
1909912
1919470
1926319
1930312
1932807
1933450
1934709
1934841
1938220
1938439
1942200
1947575
1962978
1971850
1975604
1976281
1976582
1977826
1978299
1981269
1985024
1990194
1997278
1999230
