-1998343
-1996209
-1991683
-1988548
-1977187
-1976739
-1975701
-1969977
-1966366
-1965940
-1960762
-1960753
-1959836
-1953110
-1942638
-1938752
-1937493
-1932428
-1926566
-1922170
-1915842
-1908520
-1906606
-1900359
-1900059
-1898064
-1893842
-1893515
-1893218
-1880432
-1876997
-1868839
-1864977
-1851116
-1850412
-1849235
-1849121
-1848525
-1844431
-1841139
-1835843
-1819281
-1819234
-1818430
-1817968
-1813114
-1810551
-1810022
-1806987
-1799674
-1799575
-1799536
-1798803
-1796305
-1790946
-1790076
-1780235
-1780045
-1777516
-1775131
-1772776
-1770645
-1769535
-1768543
-1761374
-1757512
-1757470
-1749577
-1748295
-1747489
-1738330
-1735263
-1731340
-1725451
-1721888
-1719020
-1717180
-1716685
-1711281
-1709904
-1709792
-1704741
-1703291
-1700838
-1696222
-1694020
-1692261
-1691193
-1688083
-1685676
-1684750
-1680585
-1675283
-1674343
-1672610
-1668887
-1668589
-1666148
-1661437
-1659799
-1658145
-1657726
-1657630
-1656941
-1655974
-1653504
-1651272
-1647548
-1640196
-1637256
-1634399
-1631588
-1623276
-1618436
-1615514
-1612026
-1608579
-1602372
-1597611
-1597299
-1591179
-1580310
-1578270
-1573174
-1571865
-1566969
-1564467
-1562236
-1558748
-1554530
-1550126
-1548509
-1539897
-1535881
-1533105
-1525893
-1522398
-1521767
-1517781
-1515798
-1515463
-1515016
-1508357
-1504541
-1503031
-1501954
-1500369
-1493296
-1492435
-1482366
-1477769
-1470627
-1467867
-1466738
-1463468
-1463156
-1461726
-1459507
-1445237
-1442422
-1438824
-1430998
-1428363
-1427315
-1425624
-1424535
-1423347
-1419682
-1417747
-1415719
-1415117
-1413441
-1413429
-1410131
-1408698
-1404112
-1398340
-1397595
-1391694
-1389655
-1384728
-1372235
-1368071
-1366412
-1365096
-1361910
-1361853
-1360049
-1359309
-1357590
-1354590
-1352430
-1346085
-1337999
-1332902
-1330804
-1310797
-1308113
-1306323
-1305543
-1303823
-1296129
-1294066
-1283971
-1281458
-1274886
-1263325
-1253065
-1252746
-1249666
-1239648
-1234878
-1232352
-1229957
-1228613
-1228148
-1227689
-1227395
-1225709
-1221940
-1219440
-1215118
-1213228
-1211577
-1210271
-1209774
-1202003
-1201295
-1191364
-1176631
-1170225
-1170078
-1164147
-1149039
-1148193
-1144541
-1144033
-1142194
-1140536
-1140165
-1128793
-1120495
-1114837
-1111679
-1111602
-1099191
-1091052
-1088988
-1081171
-1074448
-1067623
-1052658
-1052640
-1048931
-1048546
-1038829
-1035705
-1035344
-1033795
-1031632
-1029577
-1027683
-1026363
-1013465
-1013274
-1011417
-1010300
-1000195
-999768
-998576
-998098
-997248
-995519
-994612
-990924
-986867
-985830
-981311
-972480
-966455
-966371
-951861
-944660
-938544
-937296
-936429
-934747
-929410
-928936
-918489
-918045
-912894
-903883
-895681
-895595
-890648
-889461
-885769
-878117
-875199
-865434
-863114
-856272
-853985
-842594
-829827
-824364
-815586
-812450
-812376
-808268
-807353
-803451
-799597
-795578
-792128
-790995
-789349
-788863
-787833
-785034
-772855
-758977
-755339
-747771
-740184
-737774
-720043
-719117
-718621
-708258
-706896
-706376
-694404
-693611
-683737
-683570
-682846
-681298
-677669
-671553
-663775
-656470
-656023
-654656
-649710
-648752
-646095
-632000
-631603
-631065
-626762
-621288
-618760
-618043
-613902
-609212
-607877
-605623
-603868
-597717
-595127
-593467
-590938
-578827
-578641
-577557
-570802
-569793
-565762
-563131
-562276
-559806
-556706
-538349
-537544
-536891
-527656
-524649
-511060
-498615
-498521
-496276
-490967
-487757
-478202
-477800
-466578
-464225
-459884
-457195
-456545
-456404
-456113
-454706
-435996
-435341
-433310
-431562
-412561
-410098
-409024
-408347
-404612
-404167
-403639
-398046
-393620
-389458
-382803
-382114
-375149
-366121
-362381
-360892
-350849
-346330
-343542
-343370
-337325
-333171
-326811
-322393
-321508
-310995
-308582
-307313
-301797
-300077
-296061
-295498
-294035
-288538
-287436
-283887
-283403
-282102
-281437
-280955
-277494
-270383
-267248
-263015
-262147
-253531
-252895
-246219
-245511
-244730
-242787
-241132
-240713
-237081
-236966
-230328
-228160
-215031
-212702
-212556
-206642
-205199
-202871
-197297
-193255
-178814
-177473
-169928
-168538
-166506
-163121
-159994
-158617
-145964
-135608
-131064
-130562
-130244
-125919
-123971
-113220
-112900
-110176
-109167
-104590
-99694
-97861
-95150
-91013
-90902
-87169
-85394
-84162
-83711
-83609
-83390
-79746
-73947
-71600
-70749
-67179
-66231
-64451
-63960
-50037
-48163
-41607
-39889
-27757
-23065
-19747
-19640
-16110
-15828
-13192
-8125
-1727
-227
-189
828
3578
23875
25497
25646
27222
28081
29551
29814
35414
37967
39226
41846
42440
42516
47548
48268
49727
54071
65173
66642
74449
74858
78147
78298
78507
81674
83458
86872
96316
103819
111535
112839
117096
118939
127469
139094
148344
150464
151601
151856
152629
157627
158323
163421
163927
173565
177824
179766
182978
185567
191179
205572
211372
212963
215846
219990
228602
235928
236831
241264
247929
253462
254902
256134
260025
261267
265319
284883
290308
301542
309191
314287
317204
319757
320338
328020
329258
329282
353838
365367
367450
374363
380643
389491
389925
395932
398057
398982
404691
407600
408566
408921
429566
435038
442452
442988
456134
456308
459693
460007
463258
464993
481292
482604
485364
487025
491085
496680
497994
498767
501247
503579
503922
513749
515019
520865
521130
529293
537492
539399
542943
548539
548753
551271
555327
557514
561982
561986
566432
569433
570304
572798
578722
584201
598999
602258
614062
619602
621309
629754
632119
634931
636300
642603
653072
656892
660786
660947
661666
662764
669860
675344
680856
688161
690138
695208
702234
706591
709908
715265
716370
717966
718091
719786
721125
722232
731697
738354
741223
746075
751371
752829
756224
757292
757732
760830
764226
764845
780069
786836
792266
792268
802210
805335
806715
813417
815587
820299
820826
821232
824377
826673
828484
828752
833128
835219
838626
862548
867087
870251
872718
873431
874245
875182
876114
883993
888272
891649
892324
893191
916534
920146
920784
923233
925356
938806
940660
955518
969847
971688
976117
985604
987376
993577
994653
1000247
1014047
1018670
1023898
1025343
1027746
1028087
1033047
1034917
1035634
1038180
1038991
1039651
1042329
1042755
1061100
1063703
1067842
1068906
1074473
1076674
1076957
1085590
1088882
1091689
1094384
1094776
1099227
1110950
1113559
1116632
1125118
1126521
1127274
1130018
1133737
1136145
1137333
1144639
1148138
1156453
1160457
1167772
1169675
1171865
1172999
1176189
1181063
1183729
1199460
1206920
1211390
1214668
1217145
1217747
1226571
1235240
1235987
1237781
1241263
1255120
1255849
1256370
1256776
1262694
1267557
1268242
1268660
1270092
1274046
1278824
1281447
1284639
1289561
1295356
1298837
1304884
1307831
1309551
1311593
1311763
1315808
1323103
1328163
1331180
1335024
1335042
1335367
1346617
1351403
1352637
1353102
1354749
1359945
1361454
1362669
1364660
1364826
1367282
1372471
1392499
1393624
1395043
1397525
1400434
1402203
1410510
1413847
1420593
1422121
1425865
1429240
1429657
1435587
1436638
1438214
1439340
1439630
1445524
1454678
1455875
1458664
1463264
1469803
1471600
1478332
1482680
1489696
1491059
1495323
1497683
1507086
1512937
1513364
1527532
1535862
1537586
1539688
1555474
1555661
1558187
1560427
1579388
1579915
1586215
1589403
1590802
1597570
1599843
1604022
1604428
1608441
1610240
1623226
1626174
1629942
1631058
1633005
1636509
1637347
1639038
1648725
1654293
1659078
1664598
1670777
1673080
1674781
1678926
1679872
1682940
1686137
1690467
1690668
1694007
1701352
1710823
1717507
1720421
1721502
1728827
1730945
1732046
1732314
1732748
1735041
1735145
1737890
1753170
1756847
1757432
1760197
1768895
1770110
1770655
1771417
1772432
1772512
1775500
1776693
1778113
1781518
1783080
1785655
1798718
1801451
1802826
1805273
1810265
1812190
1812722
1816529
1835633
1839077
1840457
1841653
1841948
1843341
1847641
1849466
1849684
1851462
1851958
1861537
1863930
1865418
1868609
1870746
1871938
1875048
1877955
1878119
1883713
1896284
1905785
1908424
1910161
1912787
1919176
1930934
1933509
1936686
1939035
1942173
1945449
1953971
1957245
1958017
1963966
1966460
1970437
1982117
1989027
1996095
1997495
1998821
