-1999937
-1997739
-1995423
-1994989
-1986864
-1984384
-1980992
-1979096
-1978264
-1973837
-1968282
-1966770
-1941856
-1939179
-1935437
-1933701
-1929162
-1926719
-1914038
-1913763
-1910692
-1905658
-1903147
-1900909
-1898063
-1897873
-1896163
-1894817
-1894151
-1892893
-1889017
-1887390
-1883829
-1866411
-1865713
-1861327
-1859546
-1856639
-1854898
-1846134
-1835342
-1828591
-1824592
-1823171
-1821153
-1818272
-1817169
-1807931
-1807490
-1790742
-1785532
-1784503
-1782903
-1780580
-1780455
-1772849
-1772374
-1769524
-1766995
-1766474
-1762816
-1751618
-1743722
-1740387
-1738896
-1738552
-1729387
-1722058
-1714670
-1694414
-1693154
-1691374
-1687197
-1683732
-1681274
-1675577
-1675441
-1674195
-1670602
-1658825
-1655995
-1651346
-1643551
-1637303
-1630624
-1629351
-1620193
-1617734
-1617243
-1612185
-1604393
-1603364
-1596602
-1591507
-1589740
-1589327
-1587403
-1582296
-1581820
-1580860
-1580037
-1578707
-1578298
-1577405
-1575610
-1571831
-1567285
-1565762
-1565134
-1562676
-1559848
-1558528
-1555992
-1544362
-1538888
-1518962
-1518935
-1514822
-1514174
-1513617
-1509679
-1505593
-1504628
-1504466
-1500090
-1498639
-1498076
-1489248
-1486653
-1484877
-1480480
-1476906
-1469746
-1468749
-1468054
-1466213
-1464420
-1459224
-1451624
-1450732
-1444893
-1442583
-1442108
-1436730
-1436533
-1429527
-1429232
-1429047
-1424004
-1420598
-1415482
-1396787
-1394923
-1394292
-1393640
-1393196
-1392218
-1389449
-1380515
-1380096
-1377057
-1376353
-1374811
-1370879
-1370682
-1370408
-1369972
-1369262
-1365839
-1361566
-1357437
-1354205
-1349232
-1341682
-1336996
-1335873
-1334759
-1329078
-1313101
-1312779
-1306680
-1304969
-1296155
-1294070
-1291012
-1285299
-1283035
-1282889
-1282186
-1271515
-1259878
-1258725
-1255998
-1254787
-1254419
-1252449
-1249560
-1246607
-1244452
-1243782
-1238660
-1216092
-1201101
-1200951
-1191395
-1190247
-1189910
-1182534
-1182432
-1168622
-1167565
-1166602
-1166098
-1165769
-1164935
-1161112
-1156352
-1155858
-1149251
-1148753
-1146486
-1132699
-1132681
-1123637
-1120762
-1120737
-1101687
-1100942
-1100356
-1099079
-1097321
-1096637
-1095863
-1090152
-1088593
-1085973
-1077477
-1072450
-1072217
-1071728
-1070838
-1070835
-1068211
-1063841
-1061972
-1059361
-1054895
-1054349
-1053353
-1051738
-1051649
-1051368
-1047374
-1045397
-1041168
-1036068
-1029741
-1029606
-1020978
-1020690
-1017098
-1013438
-996808
-993122
-990578
-988016
-985071
-984365
-982381
-978189
-976945
-975674
-973682
-961314
-960812
-959231
-955925
-946501
-946421
-944627
-939904
-938009
-936502
-936199
-932693
-931429
-930459
-927301
-927120
-924407
-919859
-919125
-917230
-916463
-913027
-911504
-911133
-891496
-890264
-887877
-884761
-882014
-881783
-879955
-875087
-871954
-870663
-870432
-866943
-864736
-858066
-852857
-843918
-838932
-833705
-822477
-817949
-816935
-812642
-807169
-800799
-796724
-788553
-763921
-759802
-757179
-754018
-753897
-753582
-752799
-751665
-751403
-751171
-748370
-732089
-727602
-722917
-722662
-718764
-714204
-711985
-707654
-704723
-700078
-699568
-694021
-686387
-685939
-685857
-685459
-683521
-680629
-658848
-656991
-654998
-649349
-647223
-647188
-644609
-641255
-639973
-633022
-632312
-615196
-610138
-599549
-599018
-598151
-589691
-589623
-588015
-585267
-570236
-566945
-565164
-556632
-555911
-547776
-545546
-544463
-541731
-536492
-536454
-534110
-526675
-522643
-519567
-510109
-508985
-503495
-499777
-498840
-497717
-488625
-485683
-469014
-468461
-466106
-461830
-453375
-451419
-434890
-434873
-431047
-427475
-427098
-422497
-414293
-411136
-410923
-408235
-401244
-400623
-392466
-390746
-389465
-385622
-385121
-382694
-377490
-376770
-372186
-356146
-355208
-350921
-341039
-333804
-330980
-322925
-322638
-318410
-311604
-306494
-306315
-301968
-299322
-288838
-288250
-288067
-284680
-281881
-278241
-275002
-273068
-261385
-260718
-258703
-256747
-239908
-237466
-232215
-231100
-225753
-224732
-222846
-222143
-214808
-211431
-209792
-209242
-208088
-200864
-192945
-192105
-191020
-176960
-176273
-176159
-166493
-164758
-163224
-162557
-160405
-151520
-148507
-145580
-142259
-140136
-124978
-124899
-123095
-121019
-119380
-118646
-118158
-115720
-113564
-111847
-111340
-111263
-109545
-105449
-103419
-99580
-97501
-95370
-91554
-86823
-86059
-83310
-65437
-55915
-54452
-45015
-44592
-38776
-34759
-30345
-27053
-24922
-19099
-15794
-9096
-7074
-4373
6410
8073
8234
13299
14326
16801
17567
19717
25397
25794
27308
28241
32410
34186
34575
47092
55439
59511
61252
68643
76887
77571
81321
82725
85152
91664
93137
105944
117873
126838
130458
137660
145100
145480
147176
147336
158945
161964
163227
163817
166783
180635
181813
182596
183244
184710
193155
202366
205765
210631
225004
226017
231482
242222
244794
251894
261806
262780
263070
263212
267354
271801
273593
273945
275978
276165
281094
281156
293168
294670
295570
296434
304432
319301
324555
326977
329363
338317
338336
341325
345609
350530
358714
360779
365575
366690
376083
377036
377407
378280
384353
386937
395582
396133
396807
404007
408479
409171
410955
414824
418317
420998
421671
456800
462478
463824
466780
468055
472465
472538
476902
479647
480741
489536
490822
502746
506346
511020
513771
521172
523579
524837
526493
528256
528541
531566
531671
533468
536473
536861
538620
538631
543627
543628
544157
545412
547951
548837
561297
562004
564444
577965
582243
591359
591762
594213
594691
596456
598853
599285
600898
601719
607654
607682
612233
617783
618779
619207
624709
626160
627314
629950
633074
635477
635910
636361
655957
655959
661183
667064
673784
679735
683213
688050
691869
693995
694541
697262
710638
711010
719834
720955
723320
728788
734840
738226
739708
739745
741661
745475
746641
752738
753448
754851
761334
768205
768572
772151
778216
782504
786427
792998
800554
802661
802900
805142
811794
814743
822728
824329
841473
855026
862753
863789
863942
865301
869340
874386
876824
879457
879988
885763
887606
892624
897226
901098
906465
906910
909593
914474
926904
931757
934283
937421
944461
948001
950078
950637
952830
953362
954295
955735
959793
966479
971363
975589
982345
991923
993624
1000966
1012355
1015670
1028821
1030803
1032123
1034301
1034812
1050216
1051267
1052575
1056546
1058240
1059856
1066501
1068302
1073182
1078319
1099410
1101092
1102930
1103193
1104267
1106034
1111606
1116264
1116579
1117590
1118392
1118726
1126956
1135950
1142446
1147296
1162670
1168208
1171577
1173562
1174655
1175221
1183877
1203759
1204579
1204679
1209185
1216105
1220454
1225669
1228766
1235441
1246316
1249728
1256117
1259920
1261400
1266518
1267002
1269508
1276948
1284599
1288932
1294940
1295662
1297465
1305380
1307426
1307766
1311630
1326765
1330454
1337592
1341512
1342086
1347653
1348913
1352099
1354231
1358929
1361861
1363602
1366439
1368186
1371360
1377491
1395651
1397118
1404052
1404223
1405190
1408596
1411838
1413278
1419300
1421791
1423760
1424335
1426268
1426997
1427755
1431971
1432164
1432594
1437844
1446169
1453268
1458367
1459619
1462259
1463842
1468200
1472713
1480234
1480955
1480984
1485319
1486834
1487067
1490714
1497345
1497954
1502637
1504246
1504563
1504612
1507248
1513032
1515967
1520423
1522343
1522365
1522464
1525189
1525346
1531734
1546151
1547815
1548479
1553020
1556477
1558122
1563337
1570749
1574418
1575656
1577227
1579811
1584895
1595783
1599560
1599723
1604782
1612813
1615406
1624223
1627639
1636120
1636755
1646012
1646230
1651511
1661312
1663263
1678454
1681821
1684388
1686052
1697067
1699687
1700319
1702468
1710997
1719992
1727857
1731101
1731608
1733074
1736022
1737523
1745267
1745401
1747083
1748922
1757272
1757595
1759533
1768646
1777696
1790327
1791490
1797489
1803252
1812182
1813848
1813963
1815280
1822965
1823344
1825874
1827184
1828329
1833028
1839056
1839769
1840699
1842920
1843757
1844557
1844638
1848476
1852636
1853540
1869129
1879003
1879731
1883484
1885093
1888006
1891872
1893289
1906069
1912409
1912810
1935492
1942044
1943872
1943966
1953893
1961717
1962555
1964542
1964748
1973229
1973526
1976602
1981792
1984811
