-1999617
-1996482
-1992739
-1980558
-1980168
-1980032
-1975603
-1972239
-1971085
-1963645
-1956789
-1953200
-1950349
-1943456
-1940551
-1939762
-1937073
-1934602
-1932111
-1932060
-1928802
-1928463
-1928359
-1921401
-1917277
-1914884
-1912744
-1910335
-1905737
-1900891
-1899080
-1898430
-1893231
-1878648
-1870820
-1868862
-1866645
-1864664
-1863420
-1861879
-1858500
-1855291
-1852940
-1849539
-1849427
-1846702
-1845248
-1844237
-1843627
-1841107
-1832719
-1831693
-1830511
-1829394
-1823238
-1821443
-1821245
-1820090
-1819790
-1818023
-1813991
-1810210
-1807171
-1803523
-1802978
-1788513
-1784139
-1782026
-1778000
-1777668
-1775261
-1771341
-1771300
-1760214
-1758359
-1756143
-1753960
-1749693
-1749299
-1746797
-1742930
-1736067
-1735097
-1734673
-1733820
-1728551
-1727024
-1725107
-1724641
-1723565
-1704923
-1699727
-1699523
-1698170
-1695823
-1695224
-1693582
-1680980
-1679144
-1673455
-1672874
-1664807
-1652046
-1651370
-1650439
-1643238
-1641900
-1640689
-1637088
-1636481
-1633526
-1630637
-1620900
-1608375
-1605430
-1599045
-1580723
-1579866
-1578412
-1569633
-1567956
-1565930
-1560372
-1556874
-1548040
-1547906
-1537474
-1535421
-1531099
-1527614
-1527346
-1526041
-1525250
-1525000
-1523727
-1523023
-1516967
-1512537
-1499250
-1497969
-1494835
-1494595
-1488508
-1474769
-1466077
-1457614
-1453626
-1451100
-1444021
-1435718
-1433846
-1433424
-1429474
-1429281
-1415152
-1409851
-1409584
-1409329
-1405604
-1400846
-1393488
-1390705
-1390379
-1387194
-1379872
-1372471
-1372169
-1371699
-1363519
-1362298
-1357239
-1355276
-1347031
-1340351
-1339662
-1338547
-1337742
-1334470
-1333655
-1327833
-1327505
-1325570
-1323297
-1316221
-1311602
-1310351
-1309289
-1299864
-1289912
-1285011
-1268595
-1263982
-1261741
-1257056
-1255908
-1250476
-1248047
-1245953
-1245343
-1244656
-1233417
-1232008
-1231734
-1221998
-1216176
-1214887
-1212255
-1210951
-1210519
-1208034
-1197793
-1188113
-1187481
-1181833
-1180064
-1173578
-1171623
-1165759
-1164939
-1160419
-1154136
-1153932
-1146876
-1145093
-1134424
-1128972
-1128611
-1118620
-1118119
-1117290
-1116501
-1112340
-1104325
-1103960
-1102508
-1100671
-1094716
-1090681
-1087572
-1086549
-1084414
-1083525
-1073243
-1071209
-1063135
-1054405
-1053346
-1048758
-1048576
-1046806
-1043459
-1042696
-1031002
-1019540
-1017235
-1017194
-1006561
-1005789
-1005745
-983419
-969337
-968160
-965633
-952206
-951264
-949077
-942028
-940100
-937506
-927848
-927020
-921484
-916537
-913373
-911589
-907660
-906761
-903375
-901914
-887368
-876528
-873684
-873156
-863885
-855192
-852084
-851375
-849507
-842904
-829396
-827294
-825817
-825676
-823547
-820320
-816663
-812782
-810208
-804203
-803376
-800810
-798924
-789920
-788132
-788009
-787411
-783468
-775732
-775553
-772421
-764379
-750152
-747750
-745875
-740822
-738846
-719735
-715769
-714017
-712956
-709633
-709576
-702605
-697006
-689983
-686990
-679797
-678733
-676495
-675891
-675430
-669166
-667112
-663761
-662537
-657676
-653848
-653674
-653155
-643148
-642463
-637974
-635553
-634432
-632790
-632467
-630043
-627691
-627353
-623890
-623038
-622773
-610455
-607241
-605711
-603214
-597382
-593613
-590502
-589662
-574245
-568838
-566318
-563864
-551725
-549937
-546761
-545026
-536893
-534285
-528837
-524040
-521076
-517531
-516118
-509837
-509630
-509148
-504961
-499600
-497870
-497462
-495083
-494456
-493948
-492507
-481693
-480822
-477779
-477400
-475413
-458395
-457352
-455592
-455389
-449282
-441404
-437586
-432017
-431717
-427869
-427657
-425946
-409554
-407052
-406233
-404454
-401058
-398955
-388921
-383961
-382291
-381416
-378804
-376211
-372531
-369888
-364347
-361800
-358559
-347575
-344028
-333904
-329966
-317870
-316344
-311180
-310516
-307690
-304528
-303770
-290448
-290257
-286993
-285312
-282581
-276876
-269107
-268412
-266184
-258759
-249733
-249216
-244241
-240247
-239881
-234192
-232554
-230326
-227575
-221093
-218383
-212503
-206424
-200383
-192258
-191952
-187621
-187233
-187216
-182496
-179005
-172596
-168313
-164387
-160315
-160097
-157676
-156345
-151996
-147269
-147060
-144197
-143085
-138527
-133459
-119736
-118730
-106362
-101399
-97606
-97197
-93438
-88973
-86270
-85103
-83139
-75241
-74644
-64733
-61697
-59864
-54346
-53836
-45413
-43837
-41822
-39552
-35710
-31896
-30868
-27642
-24916
-20085
-17349
-9985
-4870
76
7684
8667
12521
24631
28292
31490
34336
45809
57033
57126
73969
85101
93844
97403
98543
100530
104801
108555
108858
110761
110835
111703
111922
119641
119684
122678
125806
126537
135550
137761
139367
141123
149326
152088
155263
156728
159939
164113
166172
168954
172538
173119
198862
199392
202855
204624
210104
212529
213899
216979
225424
226712
230068
239840
242788
244237
245610
249021
253150
265487
272236
274337
281114
282400
285679
294034
297033
297430
297560
298373
301867
302279
308147
312548
324393
329052
334759
336307
338899
343438
344565
347589
349632
352336
353495
358778
360939
368242
384727
387565
389239
389961
391140
400072
403334
405836
418344
420788
430079
438576
438768
444745
448666
453247
454136
456096
459497
465951
469971
473581
475660
480933
489386
491068
511663
524851
531851
542064
549253
551131
566357
568268
570488
576653
576696
583552
584160
586048
586675
595679
599896
604818
608343
609061
609778
616461
616508
625341
626350
626559
629203
631161
636408
639824
648661
650997
659066
666689
670675
672907
680037
686823
686845
687740
689833
690920
694291
697853
698721
704999
722346
731702
733942
735570
735777
736016
739920
744594
744920
745947
747139
754315
757926
760852
767808
769788
776313
778517
780373
781192
781395
785638
786251
795885
797772
800761
803751
805435
805871
807208
807752
807927
817020
839181
839729
841822
842006
847956
858268
860246
862527
864467
870782
875221
888126
888572
889122
893569
900422
910054
910756
911830
920473
923734
925827
927307
927617
929445
933338
936361
936697
938121
943844
946937
959134
960533
965253
967390
967968
979045
980463
983543
985098
1009485
1010525
1011859
1017011
1021982
1025348
1036752
1053053
1056270
1061659
1063850
1064502
1065976
1068181
1069159
1076529
1080117
1080285
1082005
1083958
1084742
1087796
1090270
1090789
1096497
1101856
1106375
1113370
1116264
1116553
1123411
1123618
1140383
1144932
1145832
1146969
1154050
1162301
1179439
1184384
1184527
1185569
1185962
1188357
1188660
1190327
1195951
1199435
1210279
1218384
1219902
1220715
1229210
1232620
1236725
1242696
1246986
1249936
1253004
1264891
1274932
1275753
1276520
1277482
1279732
1282785
1283345
1289054
1296616
1302502
1304343
1306604
1309451
1311671
1313227
1313910
1319332
1320073
1321969
1325035
1327554
1333359
1335383
1336633
1359976
1363750
1371559
1379333
1380923
1383958
1388946
1394972
1395199
1395510
1396850
1408003
1409634
1411591
1415304
1417386
1417571
1418346
1422916
1424312
1424564
1427574
1430819
1431489
1435221
1436716
1441351
1442546
1442669
1442922
1454733
1464345
1465641
1468556
1469577
1470450
1472739
1477044
1483005
1493222
1499475
1517399
1520466
1526276
1527320
1528687
1532796
1539019
1541291
1541951
1543192
1543821
1547182
1547332
1547507
1547516
1547833
1548270
1548800
1550004
1551697
1553098
1553671
1554793
1559646
1563862
1564526
1565535
1573673
1575727
1577920
1583189
1585604
1599150
1600806
1605215
1608582
1609361
1615663
1625920
1629424
1633610
1638194
1639376
1645932
1647348
1647701
1651480
1655274
1655544
1656294
1658613
1669391
1672099
1675402
1676997
1678183
1685737
1687162
1690531
1693041
1697339
1698373
1700668
1702811
1720150
1725934
1726389
1733681
1737548
1740573
1757368
1769653
1770963
1773203
1774190
1776868
1781175
1784788
1786269
1796080
1797222
1798015
1798623
1799306
1801759
1803126
1823475
1824863
1830489
1830768
1834014
1839573
1839851
1842087
1842453
1843359
1850870
1858687
1860178
1862126
1864346
1867788
1870241
1870380
1876647
1877331
1878047
1878736
1885277
1887319
1889190
1913188
1913555
1917669
1927452
1929438
1937292
1938243
1938617
1939251
1939656
1941484
1941525
1943907
1944208
1948377
1958474
1964329
1967826
1969419
1971771
1973143
1979399
1989978
