-1997427
-1996365
-1994750
-1994288
-1991898
-1991830
-1978226
-1977291
-1974922
-1969546
-1968405
-1965683
-1963774
-1961065
-1945600
-1938445
-1931896
-1924513
-1924130
-1923702
-1922130
-1921539
-1919672
-1917429
-1915793
-1915316
-1912821
-1909834
-1895869
-1894652
-1888202
-1880433
-1879322
-1878969
-1878022
-1873615
-1872674
-1867632
-1866578
-1860821
-1857384
-1854904
-1833589
-1821707
-1821690
-1806042
-1800230
-1796094
-1790401
-1785581
-1784401
-1784293
-1778336
-1769172
-1767140
-1761017
-1760607
-1757851
-1754848
-1746926
-1737786
-1731875
-1717867
-1717805
-1712718
-1712402
-1712259
-1710961
-1710871
-1710747
-1702981
-1694427
-1685962
-1682296
-1681038
-1680434
-1679562
-1674351
-1670801
-1667322
-1666006
-1662959
-1654651
-1647910
-1642421
-1639729
-1639198
-1637199
-1632527
-1632274
-1621066
-1607373
-1604700
-1604198
-1603440
-1601824
-1601480
-1597346
-1585843
-1584107
-1582982
-1581751
-1565078
-1559606
-1550665
-1539042
-1531150
-1523577
-1519525
-1519284
-1517235
-1516671
-1503679
-1501665
-1498409
-1498152
-1494785
-1489473
-1484451
-1483630
-1477317
-1476708
-1476532
-1472931
-1468593
-1468132
-1467313
-1465941
-1452363
-1447707
-1446880
-1445674
-1445120
-1444431
-1431526
-1430232
-1428461
-1427678
-1426167
-1423785
-1422094
-1418733
-1416267
-1415427
-1407490
-1404610
-1403799
-1397306
-1390716
-1387791
-1386990
-1381266
-1380826
-1380314
-1379945
-1372674
-1371442
-1367006
-1365773
-1357580
-1355329
-1353598
-1350686
-1350644
-1348481
-1346968
-1341626
-1325593
-1320120
-1317826
-1316856
-1311341
-1308572
-1307245
-1303267
-1295919
-1292640
-1291615
-1291451
-1290767
-1289435
-1288728
-1282070
-1280791
-1280222
-1279726
-1272729
-1269800
-1268476
-1254574
-1253962
-1248945
-1234705
-1232127
-1228793
-1213790
-1213002
-1210391
-1203863
-1203624
-1203458
-1197626
-1190306
-1188968
-1175103
-1169111
-1167910
-1167305
-1161059
-1156124
-1156077
-1154475
-1144618
-1143504
-1140807
-1133272
-1132321
-1127789
-1123320
-1121736
-1120731
-1117946
-1115608
-1111206
-1110407
-1107866
-1107653
-1099578
-1096360
-1096030
-1094547
-1091366
-1086150
-1083499
-1080403
-1078536
-1077173
-1074883
-1070772
-1069887
-1068960
-1055506
-1053264
-1051533
-1050271
-1048358
-1047365
-1037750
-1030927
-1027401
-1017373
-1004254
-1003683
-1002355
-1001424
-997866
-990170
-978380
-978173
-977138
-971182
-967650
-964991
-959865
-959469
-949797
-946596
-926410
-925574
-923953
-919994
-918425
-912759
-911202
-908886
-906971
-905357
-897400
-887791
-883685
-883169
-875792
-873658
-873194
-870275
-868979
-865297
-860268
-858619
-854724
-850554
-848276
-847770
-845793
-842454
-835275
-830095
-829291
-826306
-822715
-815252
-811994
-810335
-810085
-809659
-791631
-790306
-786717
-782008
-777077
-775901
-769859
-769334
-767131
-757778
-753872
-750089
-739006
-732059
-731167
-730939
-729188
-720855
-716974
-713316
-706464
-700905
-697865
-691844
-688811
-683618
-675603
-672524
-670446
-666127
-665446
-659536
-657803
-650677
-649549
-644371
-633187
-632411
-626205
-625643
-613351
-612006
-597335
-596137
-594328
-591439
-588097
-584003
-576073
-575902
-561146
-556975
-556603
-555685
-524598
-517495
-506934
-489744
-487725
-468678
-463220
-454294
-453869
-452028
-450847
-449229
-446016
-443455
-423268
-423052
-415880
-406778
-404622
-402524
-396183
-389048
-388850
-380507
-376584
-376465
-375668
-375052
-366894
-362496
-352908
-351528
-350860
-347800
-347192
-336705
-333833
-326285
-325649
-319603
-319018
-318959
-316829
-309452
-306693
-306127
-304176
-295342
-294147
-291285
-281614
-277230
-275632
-269599
-261202
-258260
-258026
-257087
-254883
-250830
-244443
-243993
-242676
-238575
-233088
-223958
-223272
-222881
-214571
-204773
-192102
-186043
-185651
-183129
-174650
-174650
-174591
-168138
-167874
-166785
-163982
-163490
-157643
-156731
-155392
-150129
-148170
-146100
-143735
-143382
-142438
-127741
-121014
-119020
-111768
-107174
-98605
-93822
-91671
-90840
-84139
-79076
-76309
-64726
-62618
-55253
-49966
-48349
-46773
-43602
-42348
-29248
-27939
-27196
-25859
-23875
-23201
-21147
-15025
-7571
-2783
2759
13494
39099
40213
48850
50200
50915
53223
56293
60046
65503
72417
75453
80504
80892
85152
94736
101732
107461
113659
117019
117920
117978
118184
120536
122660
123116
127232
127795
130904
132494
135463
147777
149309
149493
150331
153361
158138
158282
160606
161097
165054
172916
173425
173456
173583
176494
176791
177748
178255
181761
181844
182538
184154
184546
186023
186769
195163
205729
212604
212874
218088
237486
244214
251052
253489
255393
261310
265316
270522
271935
272062
273956
296315
306422
307438
307709
316238
319515
322519
327523
334117
343937
346650
353283
355127
357610
363336
364687
367478
368119
369969
370155
370515
372957
377807
379457
383960
384004
384048
384756
385624
387358
387944
395068
401578
405280
406249
409380
409800
415559
418567
421801
422169
431595
432544
435012
435454
437835
440214
441498
450557
453927
458495
459566
460313
465514
466567
467690
467996
470838
479277
490002
497183
499891
500155
503932
505495
505636
507160
508462
509397
516350
517807
524757
532587
533971
538738
550925
551828
552299
553940
554762
558222
561232
561372
563988
564853
565265
578455
583208
585486
586545
588836
595141
595462
601686
604324
605425
611933
613908
618447
622335
635304
636438
636603
637852
645615
647470
653184
658565
658681
659112
659808
664363
670734
676071
676631
677161
678497
681513
690521
695883
696674
714495
718416
723785
729347
730974
734454
737943
738184
739742
751370
752567
754794
755831
761770
764041
776222
785564
786118
795642
800487
801434
802132
806323
807977
811428
819015
822913
825509
833599
834402
834460
835341
840845
842950
846935
853618
861083
867341
867802
876197
880569
897340
905907
907896
909184
911715
912401
912681
915250
923848
926978
933097
934635
937509
939300
946230
948718
949282
951018
957963
966463
969633
971015
972921
974141
985968
989190
989406
990672
992908
1002540
1003388
1003784
1008822
1009940
1016092
1018959
1023964
1024939
1033547
1036525
1042051
1044030
1044546
1046351
1054084
1054303
1058211
1059076
1062143
1065877
1067275
1069408
1072899
1073866
1078062
1088155
1091614
1098897
1102172
1102792
1105706
1107887
1115295
1117153
1117719
1130534
1144013
1146304
1149448
1149673
1157866
1161486
1161793
1163811
1166977
1171883
1172659
1172757
1175386
1178409
1180975
1182287
1187181
1189203
1191989
1195431
1195678
1196092
1197543
1198840
1203644
1204456
1210037
1211332
1215196
1217512
1223390
1224228
1229683
1243918
1250259
1250558
1250670
1255502
1260946
1267774
1269768
1272735
1273353
1287445
1288371
1295152
1296725
1306958
1312169
1319049
1319431
1320284
1325676
1329083
1335520
1337446
1343683
1345945
1346320
1350652
1352513
1355932
1359567
1359839
1360263
1362569
1364190
1366074
1367985
1375830
1385274
1386079
1388162
1388536
1390160
1396089
1398036
1402397
1404777
1408731
1409372
1409481
1420292
1421291
1432293
1439520
1441672
1445875
1448683
1452128
1456574
1461617
1464995
1469240
1472119
1476193
1479451
1482504
1491581
1493972
1495177
1503696
1504737
1505385
1513711
1513718
1515829
1518803
1520700
1524209
1526057
1528225
1543811
1546507
1561238
1583386
1585632
1589200
1590616
1594479
1597451
1598371
1601135
1606866
1609000
1616892
1617787
1621278
1628040
1629785
1630855
1633174
1633771
1638254
1642007
1645452
1654018
1655345
1658580
1665561
1668359
1676001
1678407
1692303
1693161
1696515
1696982
1699801
1707686
1709508
1715249
1715921
1718554
1728254
1729691
1732376
1734506
1736287
1737651
1750001
1766533
1769986
1782736
1791124
1798651
1798873
1814183
1814814
1816201
1816568
1816744
1825898
1827656
1829327
1830865
1836277
1837124
1839510
1840993
1841550
1842872
1846773
1849536
1856998
1858868
1867353
1870010
1874900
1879955
1882995
1884601
1893419
1896039
1908724
1923227
1928564
1931646
1933350
1934394
1939038
1946800
1950385
1959629
1960831
1962175
1971048
1975979
1982196
1983991
1987439
1988417
1988949
1989680
1990796
1992767
1993419
1993927
1995518
1999915
