-1995645
-1994147
-1991811
-1984709
-1977565
-1975381
-1970447
-1967571
-1963643
-1956919
-1955508
-1955380
-1945276
-1940896
-1937601
-1936453
-1936009
-1931644
-1928266
-1925967
-1924368
-1923874
-1919583
-1916652
-1912324
-1911410
-1894720
-1892195
-1883563
-1868350
-1867366
-1863702
-1860918
-1860435
-1852902
-1851864
-1850312
-1844466
-1841447
-1829761
-1829297
-1823314
-1818184
-1810820
-1796533
-1795748
-1787003
-1786429
-1778343
-1777881
-1775677
-1775520
-1771783
-1761013
-1756984
-1755939
-1750864
-1749410
-1748520
-1746067
-1737980
-1737034
-1734679
-1731807
-1731701
-1717241
-1712752
-1712086
-1711789
-1710585
-1701505
-1699758
-1693966
-1686329
-1679234
-1671315
-1668877
-1666191
-1662253
-1648741
-1647396
-1645995
-1642898
-1637998
-1637988
-1631065
-1629380
-1623678
-1614966
-1604563
-1603643
-1602408
-1601627
-1596017
-1593978
-1592347
-1592316
-1586659
-1580919
-1578769
-1578334
-1577611
-1571582
-1570043
-1569666
-1568643
-1567107
-1566343
-1554728
-1550915
-1547113
-1545753
-1538472
-1534585
-1529609
-1527223
-1524155
-1520988
-1519850
-1519463
-1512130
-1511312
-1511273
-1505333
-1495970
-1485213
-1484357
-1480906
-1478264
-1473856
-1471596
-1464937
-1462934
-1454690
-1451528
-1449933
-1440562
-1435364
-1431791
-1409211
-1401158
-1398175
-1397621
-1397514
-1394638
-1391977
-1389919
-1389208
-1386869
-1386595
-1385729
-1382499
-1379747
-1374873
-1373888
-1369507
-1365359
-1363405
-1356809
-1356423
-1352929
-1346971
-1344445
-1342633
-1335197
-1334230
-1326928
-1325291
-1323234
-1319249
-1318920
-1317159
-1311734
-1308021
-1306925
-1303688
-1301891
-1294078
-1288837
-1288364
-1260690
-1255814
-1253528
-1252486
-1250959
-1250474
-1245351
-1243856
-1243293
-1239995
-1235298
-1232287
-1216684
-1216647
-1209803
-1209395
-1205952
-1195093
-1192930
-1192702
-1192358
-1183424
-1179156
-1164979
-1157144
-1147391
-1145612
-1139530
-1133271
-1131443
-1130220
-1127966
-1120566
-1119643
-1119219
-1118116
-1115327
-1114837
-1112157
-1112069
-1105210
-1100224
-1086552
-1084680
-1080044
-1077241
-1073279
-1071622
-1065046
-1061879
-1059769
-1058622
-1057494
-1054338
-1052590
-1046576
-1045892
-1043802
-1042692
-1042366
-1039574
-1038944
-1038548
-1031005
-1029047
-1028901
-1028778
-1025958
-1022454
-1022325
-1012476
-1011898
-1009481
-1006027
-1005659
-1000296
-993838
-990104
-986809
-984275
-983854
-979192
-975395
-974435
-972593
-972113
-967825
-958561
-956166
-956100
-955210
-951869
-951606
-944017
-943998
-941695
-934238
-932380
-931742
-931039
-922681
-920568
-911739
-910131
-904818
-904512
-897999
-894122
-889733
-885423
-877612
-872321
-864818
-857562
-856712
-849625
-849591
-848618
-846237
-831378
-830593
-829625
-822163
-820075
-813694
-809564
-807692
-807113
-805956
-805458
-803768
-803115
-803066
-802641
-793940
-793843
-790604
-786037
-781531
-778998
-778963
-775773
-771854
-767070
-757896
-746967
-742224
-740759
-732495
-732068
-731110
-727421
-723649
-717439
-711572
-709127
-707258
-693175
-690273
-682402
-677412
-676566
-674631
-673586
-672896
-667663
-652816
-652277
-647797
-643212
-639893
-635313
-633590
-629457
-624717
-619264
-617937
-615546
-613427
-610018
-607058
-605249
-600940
-597632
-597183
-582591
-560206
-559034
-558574
-554925
-554902
-552175
-551427
-550687
-541101
-539504
-525112
-520957
-507052
-504513
-502057
-499613
-497986
-493605
-489050
-486264
-482419
-473820
-472131
-470266
-467252
-466904
-455235
-447748
-447747
-431671
-427891
-423344
-423057
-422540
-415619
-411008
-396100
-390696
-389629
-389237
-384649
-381503
-380169
-377329
-374595
-370129
-362800
-358440
-352287
-349307
-342590
-335874
-327380
-325261
-317650
-315470
-312423
-311966
-307352
-306996
-305772
-302397
-300568
-280214
-274901
-268750
-266192
-266179
-265845
-263419
-262543
-258910
-252999
-252783
-246888
-243254
-234893
-234631
-232218
-229436
-229335
-227061
-221532
-219237
-211661
-207573
-205466
-202260
-200517
-197779
-190305
-189970
-183439
-181600
-159875
-155281
-152875
-150192
-143165
-132665
-125159
-120429
-110603
-98436
-96667
-94624
-81446
-79887
-77184
-74333
-73359
-67262
-61485
-57594
-54798
-52097
-48195
-44508
-44336
-39554
-39258
-34347
-23756
-18542
-15109
-14652
-14271
-12884
-12872
-7117
17648
19706
21811
26131
26363
31950
38209
40820
46597
47525
47787
49885
53649
54578
59890
64834
65031
79562
81117
85664
89056
89105
89462
90258
91328
91623
91992
92226
92871
97259
98028
99720
103882
105735
112777
114314
114482
116119
120054
122893
124615
126970
131448
135043
136545
137016
139010
141028
155911
156155
162383
164280
164573
165276
170510
174831
175931
180586
183442
186713
187289
189894
193319
194514
206393
211884
212696
214701
219074
226516
232091
242668
243731
251400
252434
257032
258778
259740
262056
266196
272354
276725
279892
287599
290772
293435
294722
296721
302688
304266
305558
311019
318939
320274
320378
323356
323627
333687
334874
337724
340739
343298
350121
364280
364456
370879
378162
385828
395355
398649
399297
402651
404316
405750
410266
411299
418060
425108
429683
431448
434702
434888
436493
440860
446847
447788
449570
459071
465431
467837
468930
481549
484781
497330
506600
506855
509675
513385
515163
524914
527353
531421
533546
534149
534279
534602
538617
544536
545277
560940
562665
568621
570694
571481
574535
577648
583221
595302
599883
611502
612527
613441
617506
617664
618296
618978
626142
628246
628370
634934
637328
642212
642387
644987
645031
646440
647492
655475
655486
659797
660524
665023
670169
673785
674283
675150
685199
685821
686738
688151
694721
696789
699738
702886
707096
708967
709218
709432
712531
720058
721142
738654
747008
754023
754594
765771
765992
766561
768944
769623
771336
774670
780820
786260
795043
796177
798620
799387
803003
806631
811111
819733
823373
823546
827600
827779
834771
838861
848143
851152
851204
852359
852547
859164
859421
861971
865687
873895
880286
886076
892341
893447
902940
906389
918083
923623
923947
924014
924486
938571
944418
949320
952263
962733
972468
981639
983565
985449
990438
990668
994852
994970
999301
1000844
1001144
1026026
1029738
1041031
1050808
1058003
1058788
1059000
1069487
1073917
1074201
1077807
1080138
1080673
1082435
1085230
1088712
1089092
1089967
1100715
1102266
1106934
1110364
1116929
1119297
1125743
1126013
1132122
1134377
1134906
1137860
1138446
1140229
1143560
1145966
1145989
1147925
1148955
1149757
1151199
1158218
1160443
1164643
1175002
1190949
1197584
1203551
1208735
1213367
1213409
1226768
1237772
1243775
1274663
1283047
1289631
1296946
1298660
1302391
1303907
1308827
1309554
1311274
1315615
1316497
1318561
1318950
1320154
1323441
1326506
1329640
1332478
1334906
1339749
1346880
1348270
1355913
1358622
1362449
1374087
1378035
1382456
1383206
1383329
1387358
1389942
1391341
1395400
1395521
1396093
1403741
1405472
1410043
1412214
1413796
1417446
1417487
1424824
1427530
1427864
1428499
1429751
1430302
1434050
1438135
1438647
1444333
1446742
1452613
1457272
1459599
1463364
1463670
1464139
1465308
1466495
1467935
1470813
1471031
1472992
1481313
1482087
1489558
1493134
1497980
1506268
1508223
1511250
1514365
1531020
1531427
1531732
1531760
1542548
1549477
1550080
1555657
1561764
1562523
1570391
1572061
1575681
1585758
1593413
1594223
1595861
1597399
1600469
1601358
1601426
1606723
1607614
1610412
1613245
1614815
1617326
1617336
1624483
1624920
1634169
1637604
1639398
1639704
1642662
1643051
1647872
1663981
1671467
1675580
1681889
1689527
1689991
1690340
1691159
1691505
1699740
1702209
1706165
1708494
1712690
1717057
1726105
1733774
1736314
1736501
1742494
1744349
1746222
1766474
1771228
1778199
1779411
1795752
1800849
1808992
1814618
1821949
1829386
1829656
1838257
1843940
1850245
1853237
1859449
1865104
1872600
1873586
1880408
1883761
1885901
1887152
1887414
1888987
1892991
1897156
1901424
1906803
1908098
1912943
1914636
1915851
1916354
1930052
1931126
1933414
1942087
1943265
1954220
1954464
1958914
1961881
1962259
1969757
1975579
1976127
1977607
1980559
1985330
1992981
1994401
