-1996168
-1986695
-1984848
-1984714
-1981832
-1976625
-1963668
-1963290
-1954001
-1945565
-1940734
-1937378
-1936027
-1929383
-1926453
-1924564
-1917941
-1915690
-1914176
-1910274
-1910153
-1907067
-1903326
-1895958
-1895750
-1891499
-1890285
-1881092
-1880516
-1878067
-1865600
-1865528
-1861740
-1857101
-1851623
-1847659
-1845780
-1842120
-1841877
-1840863
-1840145
-1835792
-1833750
-1825259
-1823375
-1822935
-1822690
-1822237
-1820999
-1813707
-1812164
-1807849
-1789545
-1783967
-1779287
-1779063
-1778749
-1766609
-1766125
-1751943
-1733132
-1731081
-1726905
-1725580
-1721462
-1719922
-1712714
-1707382
-1705381
-1695800
-1692099
-1689341
-1670528
-1668682
-1664582
-1664191
-1663318
-1661038
-1654389
-1653092
-1650746
-1643269
-1635471
-1628610
-1627201
-1626209
-1621071
-1619803
-1603046
-1597737
-1596110
-1595191
-1595147
-1594747
-1594289
-1587344
-1583567
-1575958
-1563718
-1561490
-1549602
-1546741
-1537812
-1535943
-1533475
-1533245
-1527434
-1526941
-1518512
-1515324
-1507005
-1505675
-1496657
-1496266
-1486529
-1484995
-1482563
-1480601
-1475922
-1473292
-1472434
-1471676
-1469354
-1465761
-1461090
-1443586
-1435307
-1433323
-1432208
-1431089
-1427275
-1426281
-1421007
-1417328
-1406133
-1389485
-1385595
-1382237
-1381035
-1375196
-1375103
-1368864
-1366273
-1361435
-1359447
-1354540
-1352484
-1351588
-1346585
-1344759
-1341334
-1332798
-1332654
-1329522
-1328228
-1324856
-1322413
-1319616
-1312595
-1309921
-1307783
-1304474
-1303074
-1302506
-1301363
-1300429
-1293523
-1288062
-1283823
-1282445
-1280020
-1277951
-1276694
-1263598
-1262708
-1260167
-1252291
-1250096
-1249822
-1247960
-1246120
-1245397
-1243567
-1237724
-1228051
-1217162
-1215316
-1210932
-1201100
-1188573
-1187325
-1184861
-1180592
-1176827
-1176770
-1166309
-1156687
-1154399
-1141398
-1130461
-1127164
-1123360
-1119344
-1111935
-1111778
-1101576
-1083695
-1083548
-1080391
-1076406
-1074574
-1072778
-1072073
-1071002
-1063473
-1061785
-1050528
-1048086
-1045436
-1040523
-1038899
-1032305
-1027460
-1025708
-997347
-993130
-990997
-990672
-987734
-985767
-984971
-984749
-982144
-980148
-979649
-976996
-971674
-970501
-965625
-954587
-950120
-948201
-946951
-932648
-924431
-915236
-910107
-904999
-901846
-901835
-883876
-878440
-875596
-874636
-872674
-867206
-862889
-861214
-857500
-849875
-848797
-848543
-845068
-840881
-832938
-814929
-808739
-803909
-801578
-800530
-796619
-794551
-791215
-789881
-785449
-784586
-780080
-774245
-770383
-766888
-766013
-760638
-758869
-754646
-754402
-754342
-749319
-744876
-740406
-735109
-733755
-730751
-726868
-724513
-717088
-715233
-711082
-697586
-693958
-686918
-683417
-682497
-674248
-662460
-659837
-656601
-654607
-653628
-638990
-637592
-635675
-629344
-620065
-618614
-614971
-608796
-607408
-595819
-595309
-592832
-592252
-587597
-586806
-582276
-576047
-575298
-566383
-564928
-559149
-558058
-553396
-550263
-538763
-536332
-536213
-527655
-524726
-522027
-518204
-507552
-506270
-501359
-498267
-496916
-495292
-492216
-486466
-485121
-484408
-482362
-479516
-473893
-467821
-465373
-461410
-461108
-459543
-456836
-451759
-451259
-447057
-441450
-440196
-436761
-436401
-433794
-432622
-432491
-429660
-428889
-428232
-422876
-421225
-418624
-415088
-414090
-413747
-410913
-408257
-405259
-404441
-396615
-392860
-392657
-390103
-389614
-387252
-378969
-378928
-378863
-376776
-376511
-373971
-373646
-361374
-360466
-358845
-358149
-356043
-355852
-353938
-352021
-349651
-345182
-343169
-341654
-339914
-323615
-322931
-320882
-319578
-319420
-314799
-304046
-303791
-299643
-279381
-279204
-273778
-264274
-254236
-246547
-242953
-241403
-237116
-233283
-233149
-232850
-229858
-229781
-226740
-225805
-224006
-219469
-212820
-208756
-208070
-196304
-193362
-191592
-190117
-188264
-184226
-173142
-172168
-169596
-163175
-161471
-133216
-132028
-129870
-124621
-123511
-114818
-114250
-113843
-108752
-108529
-107394
-102055
-97816
-95607
-80155
-79367
-76870
-72991
-67160
-66670
-64787
-63114
-56273
-54883
-49751
-48281
-48272
-48182
-46367
-28163
-20687
-18759
-17927
-16508
-14817
-12480
-12004
-6445
-2871
1767
6292
6546
7738
7943
11833
12221
15521
18267
26368
27027
39732
39900
50426
52030
53248
53635
68093
70104
74543
83591
84258
84280
85804
90702
93127
94040
95103
98056
103606
105051
115628
130087
131290
132785
138945
152522
156836
159990
160750
163322
166221
173560
184350
184506
187622
187706
192163
197524
199359
208431
223103
231176
232368
233393
246379
247527
251109
251564
257494
260872
265246
266322
276168
284150
287391
287697
292269
294179
299821
308784
314374
318054
331547
332979
340965
342186
343619
346339
349455
351667
357998
358830
362718
371965
372262
372800
373149
373499
377776
378060
379285
381707
385419
389487
391880
395194
396027
398060
398727
398803
399521
403538
410452
410715
413827
415574
424753
425921
427635
432571
435225
440051
441348
444382
446783
446832
448417
451741
452562
462685
463513
466104
467936
471961
472891
476772
487069
490877
493174
496691
496747
504408
504919
517280
517805
519030
519935
520377
522722
523067
525857
529881
532391
537275
542413
544745
546364
547432
554216
560846
561484
572669
573094
576782
586203
590988
592375
593012
593679
595420
596333
604533
606406
612061
616847
622093
622917
629260
630239
635173
640148
644370
645770
651796
658905
660113
662498
664728
672926
676688
681438
682185
682210
684195
684406
684723
685798
686673
690058
692704
695067
696622
698064
708487
710307
716919
718391
722977
725492
727675
727701
734106
737130
740492
740994
742656
748161
749699
750643
761630
764493
764984
770444
770772
777779
778138
778672
784882
792078
792691
804532
812451
813785
814655
823301
835980
840529
849235
852159
862018
863698
871938
878978
882963
888944
889586
891010
898427
905379
907405
914429
916477
921381
933603
936277
944153
945853
950749
966606
975711
977111
982443
991114
1000804
1002465
1002821
1005243
1009967
1010443
1013789
1022209
1024756
1026297
1027645
1027884
1033193
1035135
1038851
1045619
1047183
1052175
1052516
1059666
1064068
1070983
1074403
1075534
1075715
1083710
1086492
1102541
1106085
1111413
1111794
1112778
1115609
1116154
1129162
1130796
1135374
1157613
1161751
1163422
1170394
1171069
1178866
1182463
1183180
1185098
1189251
1190778
1191110
1193186
1194856
1195471
1197558
1198019
1201824
1202249
1202366
1207041
1216314
1222250
1222999
1223844
1227483
1228428
1228526
1230721
1236582
1237609
1244875
1251865
1252508
1259934
1263993
1271956
1272134
1286643
1289502
1290458
1290677
1307315
1311894
1314637
1314932
1319305
1325543
1325581
1331711
1332725
1333656
1336907
1342914
1343522
1355157
1362378
1365528
1369544
1372416
1375574
1376771
1379049
1379130
1379158
1380909
1384334
1385170
1388468
1397102
1402554
1405513
1405893
1406693
1407015
1407873
1411679
1411874
1416638
1419415
1421031
1421631
1423031
1426478
1436843
1446290
1448028
1449708
1453228
1453636
1455388
1465935
1466727
1467170
1474377
1478522
1485778
1486856
1489856
1494428
1502249
1505606
1520752
1521597
1522206
1528029
1531446
1535490
1548788
1549835
1552434
1553210
1560476
1561762
1561872
1566526
1574853
1578317
1578906
1582351
1587467
1591502
1611570
1632778
1633704
1636861
1637111
1645089
1646669
1652185
1658941
1659215
1659691
1660376
1664664
1666622
1672230
1677988
1678995
1679875
1688042
1693934
1694121
1696858
1697755
1699983
1704402
1713877
1715027
1715054
1715551
1715649
1716931
1717381
1726382
1730586
1734093
1734320
1739899
1746833
1756720
1767255
1768445
1773635
1787823
1794447
1800784
1808454
1810311
1810741
1811350
1812006
1826215
1826596
1829005
1831723
1832567
1836624
1843174
1843791
1845757
1846833
1855399
1855929
1856802
1875015
1875249
1884338
1885586
1887578
1893368
1898218
1899735
1902870
1903476
1908979
1909177
1909894
1911125
1912925
1914800
1930663
1941392
1943111
1945365
1947462
1951849
1953118
1954639
1960737
1968426
1972441
1978931
1979188
1979196
1979203
1979449
1985254
1992253
1996417
1997371
1999541
