-1984328
-1982039
-1966722
-1965239
-1956539
-1951742
-1950212
-1949279
-1946832
-1931452
-1929401
-1928714
-1923376
-1913372
-1910927
-1910542
-1907950
-1906412
-1902992
-1901613
-1895587
-1891227
-1890879
-1890786
-1885335
-1877470
-1876870
-1875271
-1871212
-1870528
-1870502
-1870401
-1866898
-1861990
-1854902
-1843182
-1835413
-1833056
-1831899
-1829929
-1826817
-1826001
-1825412
-1818508
-1814831
-1814485
-1808764
-1801635
-1801430
-1797223
-1796776
-1796376
-1793928
-1788247
-1786536
-1784555
-1780811
-1776519
-1773451
-1768820
-1765623
-1763063
-1756436
-1754958
-1752050
-1747880
-1744967
-1744699
-1737601
-1735610
-1731486
-1723916
-1715724
-1712523
-1711766
-1711158
-1700802
-1696600
-1687133
-1685645
-1682913
-1680955
-1676348
-1675040
-1671413
-1663032
-1662744
-1660877
-1652192
-1650134
-1647865
-1647749
-1643975
-1643001
-1640511
-1638348
-1633839
-1618597
-1610334
-1606881
-1603250
-1598393
-1597977
-1596466
-1593935
-1581745
-1580617
-1575459
-1568807
-1568580
-1563923
-1562389
-1559899
-1558951
-1556739
-1551194
-1550407
-1547670
-1545769
-1543754
-1542325
-1538667
-1532764
-1529216
-1517847
-1517680
-1516113
-1510234
-1505878
-1500556
-1499310
-1499164
-1497774
-1497687
-1494696
-1490174
-1473350
-1472901
-1471338
-1463494
-1455508
-1452665
-1452640
-1452593
-1451996
-1439127
-1437743
-1429053
-1426945
-1425282
-1425175
-1424096
-1420839
-1418460
-1417106
-1411278
-1408533
-1400844
-1388785
-1384636
-1383686
-1381852
-1377487
-1369275
-1361313
-1358393
-1357509
-1353679
-1349716
-1347597
-1347226
-1343707
-1331469
-1330397
-1329931
-1324692
-1316590
-1312357
-1303041
-1299895
-1299611
-1298037
-1297464
-1294422
-1293732
-1276629
-1274839
-1271619
-1269103
-1265055
-1262863
-1257217
-1256942
-1253550
-1249530
-1248465
-1247491
-1243972
-1243217
-1243156
-1239305
-1239120
-1236588
-1234559
-1232046
-1220562
-1220266
-1213530
-1203887
-1201458
-1200610
-1193983
-1189977
-1185160
-1179210
-1173472
-1172802
-1172411
-1169444
-1169132
-1153737
-1152013
-1150839
-1145568
-1141898
-1138952
-1137160
-1135512
-1131531
-1123050
-1093445
-1093035
-1089365
-1089145
-1078535
-1073981
-1072517
-1069196
-1061143
-1055502
-1040538
-1039898
-1037556
-1036768
-1032192
-1030222
-1025315
-1015392
-1005627
-1000211
-996861
-989711
-988861
-981087
-976561
-975764
-975283
-974151
-973433
-973154
-968702
-968433
-966333
-965967
-955674
-941442
-932498
-920819
-917024
-915644
-915413
-909139
-907594
-905636
-902396
-901763
-900695
-899903
-888784
-886760
-884233
-883515
-871250
-863775
-863397
-861056
-857401
-853186
-851943
-844379
-838487
-838305
-832459
-830872
-829160
-827437
-826796
-821013
-819910
-817350
-800280
-798920
-792429
-790595
-789526
-776260
-772739
-770082
-769808
-767532
-762594
-753258
-748789
-734161
-727533
-724278
-723698
-721483
-721246
-714277
-706529
-703400
-700502
-698481
-697832
-688380
-687967
-683471
-683444
-682730
-677049
-676973
-668020
-667625
-665630
-664274
-651925
-647839
-641198
-634543
-624707
-623486
-619118
-605423
-599857
-585090
-584519
-569121
-565326
-562689
-562184
-558775
-544790
-536765
-533772
-530664
-530306
-530155
-530110
-513766
-511312
-508898
-505582
-504455
-501319
-499924
-497070
-482197
-476218
-474179
-471678
-466051
-459973
-456582
-455663
-454297
-450188
-430627
-428233
-427763
-424956
-420593
-420566
-419913
-417866
-416269
-415250
-407881
-407103
-406339
-405729
-400677
-398629
-395065
-394045
-393652
-392099
-390965
-387502
-387048
-383523
-381195
-379952
-378662
-372571
-367794
-364207
-363934
-361714
-356204
-344274
-338841
-331769
-323227
-313544
-302949
-298929
-292964
-277949
-277177
-276971
-274305
-273018
-266169
-264538
-263368
-263076
-261135
-253895
-253347
-249689
-246812
-244199
-241642
-239789
-238576
-231727
-228783
-225096
-217508
-216637
-216589
-215386
-211340
-211293
-202546
-202486
-199546
-194542
-187350
-185180
-180565
-171451
-167073
-163916
-161721
-156277
-155207
-149095
-146175
-145979
-145190
-142181
-135535
-131205
-128573
-114902
-105576
-103120
-89667
-78789
-74925
-74293
-72818
-59312
-58155
-53430
-35105
-34064
-33981
-33025
-30317
-30210
-27849
-27777
-24526
-15191
-4562
-1665
-1057
960
8492
9667
20185
23140
23590
25696
33210
39889
45515
48012
55925
62427
63287
64879
86399
91369
94717
94814
95441
100974
105591
109608
110507
111346
112206
114224
139240
140930
141352
162103
169068
170238
171889
174629
181449
182925
191232
192195
199028
203715
210763
211559
211958
213232
213429
213984
218175
220359
221036
222212
227175
227573
233923
236391
241077
244067
253996
254477
255380
258470
265920
270976
278518
285200
286885
288053
289590
290473
298730
300507
301165
301788
309070
309472
312174
315663
324621
334334
339391
340458
344165
346890
348426
348486
358875
362059
368236
370622
375142
376808
380427
385522
385928
393646
394682
396739
398374
403307
406700
414300
414851
416342
418990
422679
425594
426454
428442
434379
437376
443826
445302
458203
460122
462528
464500
464508
476160
485101
489690
496848
502604
502683
502992
506321
512467
514039
515320
523186
527856
531536
545890
546636
552848
554520
555313
563290
566941
569434
570846
572304
572806
573015
575973
594940
600457
600977
604213
608265
612124
614171
615966
622514
623548
625841
632819
632893
633950
634986
636211
640765
641386
641588
642739
646800
658642
659152
659220
659693
660352
661934
663762
677387
677473
682116
691307
692036
705480
712637
719504
725553
727491
730037
731341
731987
733097
734933
746613
749252
750395
750772
753747
762813
773429
773705
776191
776198
778319
784675
785895
791278
794174
794420
804757
808648
818935
840545
850504
862439
863162
868108
870537
871462
874802
875656
875707
877278
886263
888129
890220
892964
899326
900719
900887
901972
911132
911257
924436
931137
931748
941473
946623
953382
955928
957474
968162
969495
973692
981246
985936
987336
991556
996455
996919
999055
1006687
1006716
1018166
1020422
1022940
1028149
1032904
1034759
1035302
1040070
1040368
1045703
1047004
1048503
1049366
1050353
1050558
1051726
1056106
1057436
1059971
1068409
1070874
1072908
1080625
1080813
1081230
1082232
1086731
1088456
1089586
1091037
1092723
1093748
1095407
1114959
1115697
1119960
1122999
1125406
1126273
1129134
1130205
1131476
1132317
1139856
1143690
1144954
1149666
1150359
1151365
1156312
1156640
1162947
1164056
1167212
1171549
1172926
1173324
1176009
1184122
1185569
1187292
1187647
1192162
1196059
1212438
1218043
1234163
1236452
1243975
1244318
1249447
1250314
1256938
1262711
1263166
1263744
1266052
1272188
1273456
1276846
1280243
1280967
1281493
1285215
1288117
1297536
1298405
1299955
1305379
1307394
1311023
1313882
1314272
1316310
1316448
1319325
1325358
1327610
1332105
1333352
1353430
1360350
1360409
1373699
1382681
1391816
1399077
1399095
1405937
1408730
1409196
1412236
1416943
1421829
1430448
1445926
1451833
1458702
1460556
1462917
1463200
1468568
1474092
1481356
1483381
1493897
1495186
1499846
1500069
1503018
1505109
1508358
1511436
1511584
1517981
1527104
1536303
1539346
1545158
1550266
1556010
1563979
1574781
1576057
1576807
1581180
1583673
1586078
1587403
1592579
1593109
1596187
1602404
1602934
1603208
1613744
1615078
1618107
1623335
1625650
1630065
1630900
1634248
1636150
1642684
1647701
1650277
1650311
1653682
1665419
1668759
1671674
1675522
1676530
1678597
1692224
1694185
1700938
1704565
1708739
1717554
1719411
1725800
1728473
1735869
1736706
1740999
1742482
1748416
1754652
1757500
1758188
1764309
1769828
1771026
1775074
1777633
1780286
1781266
1787223
1790306
1790429
1798628
1800101
1802186
1816968
1823840
1826102
1826355
1826854
1827174
1829805
1830616
1831348
1833250
1836202
1842068
1846081
1846774
1848771
1849824
1852598
1872444
1872691
1875926
1877928
1878656
1882645
1883681
1887153
1887812
1890982
1892475
1898072
1900316
1900911
1905631
1920817
1925632
1926757
1927019
1933924
1936072
1937864
1942310
1947290
1949867
1951644
1955179
1957633
1965072
1965953
1972940
1973115
1984134
1984789
1988139
1989266
1989766
1994008
1995146
1995347
1998749
