-1994422
-1992477
-1990921
-1988514
-1983368
-1978150
-1977792
-1976921
-1974577
-1970489
-1963971
-1957238
-1953622
-1942128
-1930686
-1926959
-1924807
-1913028
-1911018
-1902433
-1901575
-1897854
-1896206
-1894851
-1893611
-1890108
-1887882
-1887876
-1886212
-1884624
-1883530
-1875693
-1875031
-1861416
-1860768
-1857912
-1857043
-1840926
-1839299
-1836868
-1830989
-1829068
-1821768
-1819155
-1814426
-1814134
-1813202
-1812989
-1812920
-1811073
-1810087
-1809222
-1807439
-1806476
-1796714
-1785862
-1781839
-1780462
-1777653
-1773080
-1771471
-1770886
-1769942
-1768398
-1767831
-1764678
-1762157
-1757418
-1744862
-1741209
-1740906
-1738599
-1728884
-1725013
-1722453
-1721988
-1719566
-1717813
-1716852
-1707588
-1704631
-1700411
-1692810
-1692767
-1690793
-1685285
-1675799
-1668175
-1653431
-1647827
-1643636
-1641005
-1634431
-1629984
-1628062
-1624153
-1622396
-1618563
-1615078
-1611907
-1611385
-1606974
-1604681
-1595761
-1586370
-1582891
-1580904
-1580006
-1578166
-1578130
-1576889
-1572694
-1570836
-1570099
-1550352
-1547225
-1545718
-1542621
-1536948
-1535166
-1531368
-1530487
-1525342
-1522092
-1516057
-1510974
-1509080
-1506785
-1501657
-1500347
-1500179
-1499967
-1495551
-1491707
-1483703
-1477822
-1469919
-1464749
-1462193
-1458279
-1456989
-1451326
-1447894
-1443599
-1439721
-1434064
-1430072
-1429728
-1429545
-1429173
-1423968
-1413304
-1406568
-1401845
-1398346
-1396655
-1396183
-1393986
-1392108
-1378979
-1376096
-1373530
-1370751
-1370330
-1367663
-1365919
-1365534
-1360558
-1359774
-1355428
-1351983
-1346978
-1344760
-1340061
-1338341
-1334453
-1334017
-1330713
-1329369
-1328582
-1327562
-1316052
-1314948
-1305220
-1298973
-1294506
-1293545
-1291150
-1286919
-1275436
-1269705
-1265400
-1263422
-1262496
-1260050
-1253640
-1249525
-1249448
-1248518
-1247435
-1246471
-1241477
-1237088
-1221894
-1221075
-1218693
-1214600
-1211094
-1201955
-1200427
-1195147
-1194732
-1187951
-1187627
-1187587
-1183826
-1174064
-1172223
-1171438
-1170883
-1167667
-1157820
-1157535
-1156326
-1153472
-1148790
-1148141
-1146709
-1145843
-1145327
-1144863
-1143192
-1142975
-1142072
-1137134
-1128481
-1128368
-1127738
-1123835
-1120054
-1118498
-1115231
-1108158
-1106156
-1105962
-1103305
-1099997
-1098353
-1093375
-1090953
-1079497
-1074474
-1056166
-1049670
-1046359
-1044453
-1033736
-1033336
-1032804
-1032433
-1032420
-1029534
-1023817
-1012652
-1002788
-1000746
-998882
-981539
-975990
-963412
-961287
-956702
-950732
-949967
-942923
-940333
-939161
-934524
-933218
-921746
-919226
-918373
-917034
-910826
-906393
-905115
-902333
-901697
-897761
-896786
-892895
-887940
-881471
-878908
-876090
-875131
-875081
-874514
-874404
-863459
-859346
-854049
-849126
-845069
-845034
-842118
-841751
-841171
-840558
-835756
-835417
-831585
-829983
-818202
-817322
-812215
-812110
-809448
-806693
-798709
-793601
-793151
-793129
-781934
-778507
-776652
-773326
-769340
-754586
-750413
-745658
-733833
-733640
-732337
-732326
-727282
-724449
-719623
-717505
-712141
-710933
-710483
-705808
-702381
-696248
-695997
-690541
-688204
-681459
-680740
-669960
-662345
-632853
-632393
-631631
-630839
-625553
-618672
-611193
-609844
-606520
-601033
-600383
-599807
-578197
-576807
-576490
-575480
-570173
-568947
-567341
-554116
-548236
-545486
-540537
-536747
-531704
-530362
-519567
-516205
-515793
-512075
-507999
-496146
-492313
-491113
-489936
-486428
-477923
-466858
-463804
-463664
-462448
-462347
-460129
-458709
-441648
-438350
-438250
-438187
-421339
-420926
-418067
-413468
-407324
-406490
-404716
-394042
-393868
-392305
-388151
-384919
-381451
-380881
-379412
-365276
-362445
-359531
-358212
-357434
-349407
-347400
-346976
-346416
-346063
-345624
-341874
-340773
-340283
-340169
-327578
-326868
-324156
-316867
-314175
-310361
-307401
-307037
-295643
-293425
-284120
-283623
-283471
-283225
-281082
-279077
-275788
-254905
-252726
-250135
-245450
-242592
-239496
-234630
-233882
-233801
-233017
-232247
-231204
-226666
-224263
-217756
-217034
-215435
-215009
-211295
-209690
-204632
-197413
-191718
-190635
-183957
-181788
-178110
-177510
-173635
-168856
-167896
-145634
-143609
-143142
-141396
-138185
-137840
-135104
-131079
-129123
-127196
-119865
-104042
-103415
-100503
-93603
-91721
-90005
-86052
-85909
-82581
-75182
-72992
-49889
-36421
-35738
-34435
-29419
-27087
-20169
-20020
-18089
276
1704
4152
4535
6374
10108
10812
14660
18572
23594
24475
29828
45056
47851
50544
56348
58418
58786
61005
63826
65296
67064
72425
76579
88841
95126
105032
107247
109019
109199
113474
114082
119153
134906
138119
142054
142403
150658
155009
155202
156088
160267
163674
164000
164559
167878
167989
185067
185153
185804
187975
190937
192975
193551
200084
200902
201822
204598
206481
211742
214138
214734
222105
227929
236759
238043
243014
247098
249159
249341
250039
254377
254951
256905
257402
259003
265635
265750
266378
272156
284479
285338
289063
294359
294840
298881
300080
301462
304473
305190
307260
309890
312379
317804
319923
321222
322010
324346
328691
334076
337598
350186
358340
359943
361145
361381
361825
366570
391919
400226
402165
406110
407448
418498
419569
425073
430143
435818
439167
439971
442860
444526
448586
458898
460411
461446
462074
464160
466248
475341
481444
484298
485054
487506
491817
496207
496867
497361
499715
516212
517131
519695
519890
525565
526389
527247
535409
541111
543731
550046
550335
550642
560664
574398
581724
586494
589055
589122
589971
591494
592119
597050
597221
604846
607025
614186
615171
618656
628521
635240
635699
642498
649660
657564
659429
660461
661369
673432
676400
677221
679642
680495
683826
703214
704122
707424
716069
717243
727614
737083
740482
743194
745733
754575
756018
761128
764930
780335
780701
798368
799830
801500
808905
813239
814560
823179
824467
829996
834136
840521
849346
851775
852492
856446
860475
861097
863034
867492
877424
879062
884742
900461
909440
914525
919171
920651
925342
929689
929737
931990
944369
946411
947454
947836
951163
951754
952962
954001
955107
958656
971715
972453
978948
979437
981644
985080
987954
989269
992154
993558
998763
999510
1000304
1001811
1003196
1003924
1005801
1006139
1008178
1028677
1028975
1037094
1042024
1042383
1042518
1047214
1047300
1047816
1049892
1056478
1057682
1058716
1065974
1072249
1079762
1080414
1085758
1087749
1098643
1099193
1100723
1102336
1109592
1113600
1113705
1130012
1131716
1132283
1143141
1151503
1160288
1170023
1176155
1186067
1189660
1189891
1192161
1201222
1203904
1204752
1212362
1212779
1214114
1222121
1225608
1228100
1232810
1233289
1233380
1238870
1248705
1252510
1253598
1257172
1258508
1260084
1261399
1267090
1271828
1275193
1278809
1279826
1284436
1288839
1294694
1309825
1310281
1316054
1321815
1323295
1326568
1330634
1332903
1335573
1336077
1336348
1337056
1337146
1344199
1344344
1348140
1350161
1354208
1357499
1358087
1363120
1374743
1377373
1379034
1386324
1389523
1392871
1396605
1400733
1404293
1405829
1405861
1409551
1409949
1413354
1428758
1432877
1434279
1434667
1435143
1436162
1438303
1448101
1449388
1454502
1466288
1474135
1482110
1487639
1488142
1494449
1495188
1495860
1498466
1505400
1511408
1517246
1519404
1522679
1523023
1526677
1528310
1529597
1531845
1531943
1540345
1540707
1545205
1547430
1552380
1556878
1566955
1567529
1578409
1584470
1592575
1593746
1595879
1598182
1602224
1603119
1611165
1617237
1619834
1623766
1623980
1631143
1632583
1641671
1642923
1646923
1656457
1666975
1672816
1677976
1678153
1683346
1685787
1689197
1690204
1698095
1700377
1704211
1705214
1705304
1707262
1707419
1708443
1713646
1718633
1718982
1729202
1742710
1743740
1752651
1753703
1754052
1755991
1757383
1764222
1764455
1764648
1764881
1771081
1781683
1789775
1794751
1803992
1813326
1831388
1832897
1835238
1848436
1853902
1853963
1856316
1857327
1858175
1859218
1878879
1879041
1889948
1892648
1902093
1903305
1903543
1907348
1907611
1908869
1909315
1911694
1912677
1924794
1925825
1926618
1940427
1940446
1942621
1968227
1972942
1977171
1983499
1983883
1986591
1992275
1992732
