-1994039
-1992237
-1990710
-1989274
-1989151
-1980710
-1975694
-1972457
-1971877
-1969313
-1965241
-1962075
-1960297
-1954011
-1952784
-1948993
-1947709
-1941827
-1931340
-1929634
-1921654
-1910090
-1906616
-1905593
-1903943
-1894521
-1893123
-1892871
-1891564
-1888841
-1887572
-1877952
-1873962
-1863850
-1861714
-1861429
-1859939
-1855930
-1847347
-1847022
-1841497
-1833860
-1825821
-1825509
-1823083
-1817484
-1816246
-1805223
-1804983
-1786568
-1783867
-1782159
-1781514
-1777623
-1767403
-1763479
-1757635
-1752362
-1749510
-1743150
-1736282
-1730560
-1717834
-1715194
-1715119
-1714030
-1712592
-1712533
-1705521
-1701155
-1697894
-1696677
-1694074
-1692047
-1692033
-1689279
-1687819
-1687780
-1687726
-1685148
-1673680
-1673544
-1664186
-1660311
-1659427
-1657305
-1650047
-1648903
-1644640
-1641243
-1635554
-1633166
-1632279
-1631341
-1625004
-1624729
-1614032
-1609325
-1608321
-1601278
-1597411
-1595460
-1587100
-1581682
-1578684
-1577185
-1576189
-1574123
-1558412
-1548631
-1548516
-1547490
-1546358
-1545289
-1540678
-1538190
-1533734
-1516882
-1516800
-1511809
-1505960
-1502647
-1501821
-1490654
-1490017
-1481679
-1447132
-1444099
-1439744
-1434805
-1427762
-1423133
-1418319
-1417533
-1415524
-1414209
-1406481
-1400493
-1397792
-1391494
-1391125
-1391105
-1390109
-1388379
-1384122
-1382504
-1377560
-1375503
-1371230
-1369489
-1367605
-1363321
-1361581
-1358307
-1352835
-1338573
-1335605
-1334576
-1333496
-1332184
-1327467
-1324343
-1324240
-1323676
-1322971
-1320935
-1311727
-1305969
-1303532
-1292025
-1288949
-1282797
-1279564
-1277594
-1277514
-1276928
-1276909
-1276675
-1272941
-1267395
-1261454
-1259405
-1259260
-1251869
-1229801
-1223615
-1220210
-1219622
-1215907
-1214465
-1212138
-1204169
-1201909
-1201140
-1196928
-1195665
-1194588
-1193584
-1187221
-1185163
-1181109
-1175449
-1172467
-1154732
-1154249
-1151603
-1144734
-1143374
-1138125
-1136037
-1129940
-1129839
-1129280
-1122533
-1116739
-1110822
-1109508
-1107921
-1105652
-1099501
-1098948
-1097107
-1093070
-1086274
-1081158
-1080451
-1079212
-1072756
-1059890
-1058253
-1053246
-1046453
-1044217
-1041368
-1038031
-1036467
-1035171
-1034585
-1029393
-1028722
-1028486
-1027407
-1027001
-1023458
-1020053
-1010106
-1004052
-997962
-983092
-982941
-982307
-981375
-976165
-971428
-968252
-967945
-952895
-941779
-930201
-928389
-927560
-927399
-925213
-919683
-917667
-915188
-913319
-906723
-901970
-895732
-892591
-887687
-886823
-885622
-874392
-873121
-869364
-866235
-862898
-860853
-856522
-855245
-855189
-852237
-848791
-845324
-844377
-840998
-838654
-829137
-813603
-811314
-805100
-802753
-800101
-786141
-785085
-778822
-777075
-770534
-765738
-757025
-742246
-739269
-737670
-734615
-733753
-731847
-708435
-704401
-698933
-697508
-693911
-693593
-691312
-685718
-680479
-679175
-675859
-665942
-665294
-663594
-660742
-648029
-644724
-642390
-641053
-633770
-628054
-617433
-617331
-612249
-601081
-599850
-594041
-593418
-588770
-581670
-579066
-577398
-575964
-573147
-571487
-569771
-564943
-561640
-549757
-548707
-547720
-535161
-531017
-530577
-520082
-517428
-512177
-501069
-496384
-489567
-489165
-486794
-476176
-466020
-462998
-458848
-447818
-439557
-433409
-431355
-427880
-423554
-414694
-410666
-408975
-407871
-406973
-405287
-404272
-403904
-398813
-395677
-395414
-386972
-384406
-381816
-369400
-360640
-360289
-341992
-340501
-339966
-333154
-332653
-326595
-324201
-323686
-318928
-317732
-312622
-309620
-306202
-305232
-305053
-304264
-303523
-292434
-286506
-285061
-260499
-257874
-252798
-252648
-251974
-246456
-245404
-245107
-238766
-238166
-235994
-235839
-233137
-232074
-230992
-229375
-228880
-224872
-224087
-212262
-204300
-202169
-194737
-193131
-188585
-174830
-170009
-169690
-165368
-163344
-161343
-157388
-155538
-154811
-151452
-150228
-144802
-139203
-138130
-135300
-133506
-128592
-127945
-114993
-104132
-103019
-101892
-101216
-89502
-83580
-76517
-70916
-63947
-63884
-61620
-60224
-59565
-52538
-47737
-44268
-40185
-36304
-33324
-31456
-28095
-24058
-15068
-13798
-7853
-6341
-3243
456
3672
18848
21291
22867
27758
30434
34092
36494
36900
37898
41194
48099
51732
52930
53287
55098
57479
58400
58454
66346
69087
77033
78323
79561
79979
84410
86603
88876
90635
92056
94425
94652
101194
101655
101703
102693
104587
108619
110229
111361
113939
117813
121067
121346
126084
131802
135717
140384
142704
146369
152237
153586
156202
164879
166549
167373
170791
173047
176951
177423
185441
185464
186377
187802
192986
199563
207735
211919
213958
216201
223864
226446
227896
228091
228275
233286
236031
236154
240594
240613
248343
250580
256422
258064
260684
269008
270778
272747
277396
278399
278568
279753
287801
288468
293107
294389
320962
325882
332530
333298
353751
360033
363479
364241
365273
369675
369915
370790
374017
380741
381065
385839
386451
388185
388588
389130
391261
391469
394424
395433
396252
397873
398092
403656
410541
421678
424008
425394
425745
431993
433290
435512
435972
441622
455652
461257
463145
463506
466991
471265
473389
477379
481238
489278
494725
501948
519543
522807
524074
524694
527180
528438
534674
535310
551616
558883
560759
567706
569172
572811
576606
583017
584150
602514
610484
611431
615020
623158
626160
628020
634773
636115
643061
650253
664575
675890
687921
689240
690187
697265
705315
708426
709805
718477
721539
722457
723920
727793
728397
733432
735984
737231
738831
739947
743578
744942
747402
754690
756846
757277
761692
762393
766206
769049
776781
784424
788636
789620
798217
798797
802024
805023
811467
817506
820747
823424
832599
840119
842691
850187
860273
865111
865362
865610
866209
869910
874595
874979
875377
875866
877180
878619
883710
890402
891766
891931
893947
894141
897338
901602
905256
906195
907754
908654
913713
920110
921198
937331
948485
948901
950629
952564
953173
956729
967755
968981
971757
992675
994009
998042
1002678
1004772
1010948
1012646
1019554
1021207
1027069
1028097
1037592
1039397
1042853
1043227
1045501
1061001
1066182
1086204
1086371
1086377
1093051
1101727
1106879
1110378
1120023
1128787
1135094
1141454
1143700
1145944
1152626
1156681
1159019
1160132
1168797
1173942
1180366
1181597
1181691
1181919
1186207
1187321
1191829
1197034
1202116
1207522
1208375
1211647
1214726
1235697
1245357
1246555
1250262
1250514
1251207
1257364
1262213
1262921
1270632
1271558
1274112
1279089
1284467
1286719
1290378
1290646
1291291
1299292
1301415
1303945
1307641
1310015
1314022
1315209
1318505
1331352
1331732
1346426
1351695
1351909
1355394
1355825
1367535
1368291
1374690
1376094
1382410
1387341
1394757
1395019
1399034
1402384
1404217
1404678
1409787
1415215
1415761
1425965
1427189
1435036
1436085
1445969
1452547
1460669
1463857
1467690
1476303
1477464
1481436
1485352
1486251
1489532
1490751
1494323
1494331
1495469
1495560
1499910
1502545
1505839
1506037
1515694
1525652
1530486
1534449
1535018
1536750
1538170
1549439
1549461
1552614
1554009
1554710
1557361
1557430
1569718
1572326
1573432
1574056
1574151
1580139
1580589
1586675
1587910
1588556
1589047
1592822
1594808
1599614
1603559
1606749
1607134
1608420
1614231
1616071
1616358
1621055
1622663
1630562
1633967
1645684
1648085
1660097
1661295
1661904
1663235
1668320
1672245
1673722
1674305
1675872
1678108
1679228
1689723
1696078
1701648
1703285
1704562
1707966
1711808
1713429
1713968
1715529
1715929
1724059
1727682
1733223
1734273
1737457
1738056
1738338
1749311
1751274
1753778
1755441
1756337
1764780
1768838
1772351
1775713
1778193
1781476
1790709
1792762
1792964
1795980
1804970
1812811
1814984
1823812
1834257
1836983
1838329
1838544
1838621
1840593
1842719
1842863
1843920
1858597
1859251
1865304
1866407
1870508
1871406
1875198
1875255
1876096
1878228
1896389
1897637
1899606
1905832
1905933
1907867
1908164
1909762
1910105
1910702
1915992
1916710
1918758
1921217
1921234
1923971
1924576
1926061
1935323
1942413
1948388
1954276
1957650
1966941
1970347
1973982
1978198
1979551
1986922
1989447
1994992
1998741
1998899
1999395
