-1998946
-1997502
-1997378
-1992288
-1984641
-1982426
-1976963
-1975246
-1974554
-1967042
-1966428
-1960599
-1960046
-1957725
-1957498
-1955952
-1955743
-1948477
-1941764
-1933334
-1931300
-1921864
-1915430
-1906464
-1896312
-1892610
-1879394
-1876011
-1874820
-1873909
-1872452
-1869301
-1866990
-1866069
-1865121
-1848270
-1844457
-1839215
-1836205
-1830714
-1830674
-1830442
-1829422
-1829082
-1821866
-1819729
-1812880
-1808419
-1806679
-1778100
-1777025
-1769011
-1766659
-1764148
-1759347
-1754739
-1749076
-1743706
-1739259
-1736310
-1727096
-1724053
-1720413
-1714356
-1712769
-1707495
-1702355
-1701772
-1696751
-1695870
-1690926
-1683592
-1681825
-1681215
-1679988
-1676480
-1668695
-1665526
-1652588
-1647353
-1641759
-1636375
-1634028
-1633415
-1631923
-1630375
-1627066
-1611465
-1609990
-1603774
-1597069
-1594009
-1585809
-1584752
-1583285
-1580443
-1573941
-1565786
-1560295
-1557219
-1549337
-1548525
-1531301
-1523613
-1522247
-1515016
-1512554
-1505368
-1500224
-1496137
-1493386
-1492712
-1488323
-1478908
-1478090
-1473105
-1471183
-1468921
-1468536
-1467426
-1467270
-1463061
-1461576
-1459905
-1453886
-1453390
-1441988
-1437183
-1434293
-1428260
-1418928
-1417114
-1411595
-1407000
-1393302
-1392007
-1390243
-1385875
-1384968
-1382216
-1377986
-1369947
-1361381
-1355132
-1354471
-1353445
-1344378
-1344031
-1333441
-1332957
-1330728
-1328575
-1323502
-1319069
-1316093
-1314760
-1313181
-1310862
-1303988
-1298653
-1298147
-1298005
-1293731
-1289476
-1282932
-1281570
-1278020
-1275228
-1272150
-1270472
-1269974
-1267892
-1266962
-1265071
-1261986
-1261495
-1258839
-1256005
-1253103
-1249223
-1234756
-1230967
-1208350
-1205678
-1203637
-1197950
-1197873
-1189202
-1180649
-1177383
-1176443
-1173778
-1165759
-1163217
-1160302
-1156315
-1153966
-1147507
-1145742
-1141931
-1139228
-1136191
-1127837
-1123618
-1120958
-1117326
-1116291
-1112708
-1110582
-1109447
-1108806
-1103665
-1096674
-1095409
-1080332
-1079001
-1076312
-1072308
-1072239
-1071263
-1069613
-1069411
-1067540
-1060500
-1057861
-1053604
-1051185
-1039825
-1038824
-1038273
-1037560
-1036437
-1036380
-1031611
-1031301
-1025215
-1020010
-1018260
-1015024
-1013850
-1009600
-1005067
-1002813
-1001798
-999774
-996296
-993701
-987088
-983674
-982305
-979177
-972012
-970552
-966774
-964924
-961001
-958268
-951742
-950633
-949259
-939015
-926751
-920041
-917425
-916166
-915247
-908801
-904328
-902512
-900079
-893029
-889254
-887003
-879927
-877519
-866980
-866850
-866803
-863140
-860502
-853967
-852235
-850209
-849859
-848559
-844091
-833523
-829443
-822241
-818265
-807497
-797809
-797203
-789867
-789029
-789012
-783248
-778979
-769265
-763905
-760274
-758249
-748819
-738733
-737933
-715719
-712348
-709325
-703050
-702340
-701796
-697584
-692414
-690587
-689905
-686589
-683850
-679003
-677028
-670801
-668277
-665000
-664250
-659828
-654866
-650692
-648248
-643375
-637554
-636491
-631696
-621708
-621519
-620990
-617710
-615863
-612417
-609427
-602147
-595210
-592078
-579048
-578294
-576880
-573251
-570558
-566385
-557681
-556928
-555176
-551511
-550205
-539580
-536604
-532804
-531246
-527969
-527041
-523202
-520478
-519525
-513890
-510070
-502991
-502672
-501020
-499033
-482315
-473772
-467429
-462781
-456107
-452162
-451777
-449211
-446000
-444844
-444372
-443094
-439459
-433950
-431717
-430750
-428298
-421776
-418173
-411992
-410207
-407115
-406693
-400892
-392177
-382902
-370300
-364409
-363590
-350799
-347677
-335911
-332983
-331567
-330995
-321664
-318755
-317371
-316872
-309977
-308884
-307937
-307782
-307346
-306501
-303987
-303344
-296927
-295510
-293449
-293131
-283218
-279493
-278755
-277710
-273090
-269431
-267934
-263441
-261705
-260803
-255290
-255043
-254525
-250245
-249764
-244712
-243385
-240801
-237926
-235291
-232510
-232287
-231529
-226765
-217665
-214421
-209091
-207371
-204053
-198473
-186064
-179165
-176745
-171782
-168327
-166587
-154999
-146518
-142674
-136170
-135736
-130964
-130467
-130466
-123890
-123799
-119175
-112527
-112077
-110885
-109893
-103259
-101072
-93477
-89670
-81920
-78206
-73748
-68202
-66161
-62885
-61957
-56565
-53295
-49311
-47438
-42393
-39786
-38968
-22881
-16417
-16370
-16303
-10570
-10115
-10086
-4501
-1504
-643
-243
6110
7795
13188
16885
19728
20844
24877
34853
35136
37323
37654
39643
41855
42017
42174
45918
50779
52577
58635
59732
60000
64123
65163
66219
73182
75682
77605
86819
87824
92985
96500
98853
100707
101781
107432
108346
110197
120196
122555
127157
132384
133037
136218
136734
142092
142203
145019
145267
146941
150629
150749
151649
159841
161294
162967
166739
170751
172914
178159
180875
189794
194792
199196
201158
203308
203882
205953
207286
217243
217452
226510
227321
229638
231940
236295
237503
241527
251074
251419
252449
253124
258357
258982
260376
266314
266427
266974
269824
272742
274613
275575
277340
278035
281635
286761
286927
287077
289010
290393
293915
300252
303252
303903
304849
308555
319762
322065
323675
327071
329314
332737
346246
354951
357099
362969
364892
369038
371107
377828
380751
383356
383878
387207
387757
394451
396845
398078
402486
402764
404587
405913
406803
409682
410496
410626
410806
414490
419975
421860
427219
432627
432829
440318
441768
447059
450230
450437
454791
457775
467847
468957
469559
470149
471579
474386
475042
475874
482699
484733
488446
492417
508103
510267
511842
514182
526379
532212
536180
545266
554755
556902
563561
563847
564038
566128
566646
573777
580853
586195
590856
592139
598236
598635
604148
609718
610211
612104
613946
617515
617551
621870
623352
627104
628766
629060
643626
649905
652099
660636
661374
662003
667207
670820
675243
678827
680591
682450
683934
688561
689291
701572
702213
702485
713998
720186
725257
728781
729535
732479
733032
736607
739166
747042
751729
751793
752272
753580
757627
758047
759215
774427
779916
780048
783482
790416
794573
794742
796969
802903
809432
821957
824890
825532
828081
835715
836431
848347
860353
863837
882428
886030
886732
888689
894717
896782
901904
902083
903790
906859
908575
913784
916499
917112
924279
935062
943285
945670
949404
964201
968608
972802
974439
975429
977219
987741
996543
998505
998899
1001432
1003555
1004704
1013010
1019054
1027293
1028680
1029148
1035481
1041465
1044016
1046755
1050170
1050834
1051604
1057883
1060049
1063947
1072190
1075583
1085898
1090313
1092136
1094494
1098716
1099702
1106344
1120395
1121657
1122914
1125688
1130937
1136544
1146954
1153004
1154251
1161182
1162456
1165548
1169203
1172338
1172428
1176809
1183107
1188253
1198394
1200777
1202408
1204336
1206398
1211714
1212916
1213102
1216034
1216353
1217158
1228879
1229428
1234982
1234992
1235913
1241540
1247746
1253346
1257384
1258086
1265969
1272469
1282493
1287275
1289475
1290335
1291794
1291840
1303943
1306173
1307285
1309746
1326769
1328659
1328918
1337387
1338636
1349689
1353683
1357188
1358399
1360057
1367381
1380468
1389250
1394140
1394762
1400685
1405508
1405602
1406223
1407385
1408734
1413073
1418806
1418948
1438394
1446928
1457973
1461319
1476207
1478521
1481783
1492267
1496607
1509180
1511799
1511822
1513439
1514145
1514417
1515734
1525216
1530247
1530339
1545564
1546150
1546684
1548058
1550146
1553581
1564370
1565309
1577999
1583345
1590405
1592671
1596114
1596546
1597119
1602037
1605622
1609406
1618488
1619584
1624974
1626304
1627256
1632103
1632639
1640149
1644623
1644628
1647371
1657219
1659086
1693718
1704557
1709638
1717527
1720231
1725949
1728341
1730439
1731122
1736127
1737223
1743212
1743735
1750595
1751083
1753379
1756292
1766559
1773647
1778565
1780292
1782336
1783696
1787153
1788089
1793662
1798810
1801172
1804812
1807860
1810326
1812756
1821632
1822699
1827801
1832821
1842851
1843417
1843814
1846045
1850049
1864101
1869499
1871140
1892448
1895658
1903451
1906434
1912020
1913138
1913872
1914675
1920654
1922871
1925347
1927488
1930926
1936943
1938862
1939340
1940394
1942609
1943854
1949033
1967112
1968705
1970859
1971797
1972080
1973995
1979024
1992584
