-1996833
-1991003
-1983132
-1980268
-1979734
-1973685
-1970336
-1968609
-1967032
-1963980
-1962421
-1957814
-1952726
-1952064
-1931873
-1924837
-1924364
-1920487
-1918037
-1917933
-1912442
-1903598
-1898975
-1893284
-1891333
-1891287
-1873803
-1859222
-1854398
-1852771
-1848141
-1839522
-1838318
-1831865
-1820108
-1812252
-1810205
-1807536
-1805708
-1796447
-1787084
-1776062
-1765284
-1762361
-1757041
-1751354
-1747002
-1741868
-1738928
-1738660
-1738054
-1723994
-1722538
-1716366
-1706447
-1702169
-1692246
-1690923
-1690549
-1688193
-1685835
-1676140
-1666361
-1664432
-1654436
-1649685
-1647690
-1645807
-1643460
-1642965
-1640397
-1631543
-1629656
-1627466
-1622135
-1615179
-1612422
-1611761
-1611203
-1608928
-1607001
-1606633
-1606558
-1600010
-1592030
-1590635
-1588727
-1578626
-1575109
-1570417
-1566621
-1565879
-1565540
-1564576
-1564006
-1558126
-1552958
-1552636
-1551357
-1546760
-1542458
-1535438
-1534546
-1530282
-1525772
-1525285
-1525181
-1522763
-1512748
-1507627
-1500405
-1499581
-1493827
-1483841
-1483705
-1481344
-1479251
-1478003
-1473365
-1458522
-1453694
-1448752
-1446821
-1441190
-1440204
-1439328
-1437783
-1433363
-1432030
-1430158
-1427984
-1427722
-1422912
-1420998
-1415902
-1415886
-1415088
-1412013
-1406144
-1400682
-1400047
-1395825
-1393567
-1387221
-1386995
-1381410
-1377866
-1367645
-1366318
-1354496
-1347432
-1345944
-1343817
-1340194
-1338140
-1336753
-1326176
-1321816
-1319333
-1307145
-1306035
-1287247
-1283615
-1283220
-1278972
-1270572
-1264970
-1261920
-1261073
-1254404
-1250962
-1249144
-1238102
-1237096
-1233458
-1218735
-1217061
-1210252
-1206693
-1201797
-1199649
-1196449
-1190784
-1187587
-1178608
-1178477
-1167185
-1159942
-1158777
-1156520
-1154481
-1152679
-1145781
-1141531
-1139413
-1135951
-1135523
-1133116
-1132864
-1124596
-1112982
-1110175
-1109764
-1109616
-1108512
-1105328
-1102535
-1100510
-1097932
-1097435
-1093596
-1092151
-1088769
-1085598
-1081388
-1079865
-1079421
-1074428
-1071715
-1071492
-1067155
-1045865
-1032354
-1031562
-1029010
-1028648
-1028096
-1024025
-1018723
-1016601
-1016339
-1015007
-1012900
-1012097
-1002238
-1002144
-993896
-993726
-984477
-982408
-978197
-973120
-971974
-970323
-970206
-969524
-969404
-969098
-968821
-965544
-961492
-957912
-955870
-952856
-951970
-947183
-946215
-945372
-943516
-940835
-940761
-937834
-931227
-927497
-921244
-918341
-918308
-918211
-916426
-908678
-907644
-900951
-897172
-891353
-887024
-875423
-872777
-870952
-866486
-862184
-860825
-859049
-856177
-853079
-843334
-841896
-832171
-828706
-822668
-819013
-814697
-813674
-806122
-802147
-799694
-786519
-781485
-777520
-776089
-772257
-769058
-766444
-764984
-759419
-752864
-744470
-741634
-726507
-723738
-722118
-719417
-718566
-705944
-701486
-700758
-689996
-687516
-686783
-684189
-680818
-678231
-677944
-672663
-670127
-668823
-665477
-663011
-656633
-655678
-652893
-650598
-648137
-641009
-640952
-637930
-629796
-627223
-622041
-621912
-616818
-611148
-610889
-608190
-606799
-606012
-605446
-600476
-598583
-582947
-581816
-579038
-566253
-565771
-560492
-558347
-557592
-547666
-543796
-541569
-540051
-537233
-536945
-528638
-528526
-523129
-520708
-519764
-519097
-514492
-513984
-513762
-501351
-500822
-496807
-496220
-483198
-481958
-480298
-474754
-474183
-472205
-459392
-455782
-454262
-448932
-443832
-430121
-429232
-423257
-416085
-414473
-412996
-410561
-409876
-407047
-396718
-391143
-386554
-383810
-377269
-372592
-371933
-370338
-369937
-367550
-366836
-363379
-359580
-358299
-353551
-344442
-336227
-332898
-332863
-331699
-328638
-327551
-321190
-319100
-318243
-317081
-312189
-310094
-307692
-305320
-304666
-298190
-295438
-292825
-289282
-287211
-286259
-279099
-269814
-269611
-268529
-267962
-262133
-260314
-256026
-252316
-247209
-240955
-238789
-238377
-231113
-225437
-221905
-220503
-217105
-216421
-205981
-203010
-196254
-183283
-178906
-177501
-172298
-172105
-163687
-148194
-145686
-145503
-144348
-144302
-140711
-131044
-129117
-125886
-124713
-119843
-112923
-110822
-102581
-101465
-99580
-99169
-92163
-85338
-72108
-70092
-69534
-65278
-61985
-60043
-59618
-53979
-53481
-53299
-50261
-49647
-33559
-33104
-26548
-23604
-21639
-19285
-18549
-17714
-14013
-10969
-9495
-5430
-4565
-2675
-1065
-417
2858
3405
14338
17583
26349
38527
40929
43414
46816
52501
52704
65671
72100
83765
85941
88104
90509
93673
95970
109948
116147
124322
124342
128477
128490
138241
144137
149405
153041
159143
171422
178027
187672
188611
188667
188952
189756
189780
191027
191999
192412
194574
205644
207803
213063
219523
219667
227967
240152
243013
262468
269024
269348
273135
290953
291910
292001
296661
297073
303676
309445
314815
330267
330474
330778
335195
336468
338067
344017
345688
345842
347815
353626
354048
359351
362582
369645
370289
371595
380345
386997
392708
397416
401238
402635
405049
406988
410596
414383
414998
422716
423998
425934
429460
437482
441684
442762
443413
450751
450915
456092
456377
457757
458970
460572
461189
465943
467402
467769
474363
481124
487869
489357
493072
494445
503370
505953
509650
521586
528829
529506
533511
536734
541147
545061
547386
548900
557212
557440
560590
566197
569603
569944
574547
580398
582396
587431
597162
598914
600205
605026
606125
616108
616868
623093
625808
634115
635601
637385
645463
645657
645689
645712
652676
654619
655810
656922
672803
673116
677420
680907
683933
693456
696852
697108
703818
711272
712801
714106
715316
720777
724254
726570
734497
734575
741146
752781
754563
762323
763417
780224
781321
783684
792101
799628
803074
826282
836332
837953
839152
844207
848991
852038
852482
855304
860742
867137
871756
878560
878617
880934
885960
890414
891085
893133
898404
898861
908098
908962
914603
918880
930838
932258
933446
939560
942859
946017
946135
948853
950504
951879
952674
959351
968733
970925
972309
976070
984694
989633
991811
999369
999580
999742
1001256
1010497
1012046
1012626
1024692
1026959
1035777
1039285
1061331
1065487
1088728
1097729
1098153
1098264
1098549
1099014
1105609
1107046
1110118
1119147
1126252
1127656
1131699
1134998
1136348
1145230
1154228
1157794
1161253
1162365
1170943
1171045
1171711
1176584
1179788
1188840
1190286
1203917
1204547
1211883
1217592
1218397
1218573
1219927
1222553
1224426
1224640
1225847
1228845
1231729
1236240
1246681
1249698
1251820
1260387
1265077
1267549
1267792
1271205
1271863
1272233
1277344
1279963
1282436
1287172
1289271
1292358
1298171
1300615
1307872
1308273
1310394
1327087
1331170
1344832
1344880
1345695
1347458
1353281
1369953
1371917
1382238
1385232
1385799
1388978
1391194
1392511
1397074
1407544
1410597
1412093
1412190
1423994
1429932
1431006
1432555
1432764
1435911
1436015
1449837
1452193
1454398
1455799
1456124
1457233
1458694
1459170
1460660
1465766
1468669
1468833
1468860
1470886
1479055
1484986
1491905
1497543
1504268
1504683
1520241
1520289
1522625
1529790
1533565
1533818
1538992
1541023
1541929
1546550
1550418
1553145
1553851
1554370
1554640
1554792
1562031
1563797
1565167
1566137
1566889
1569620
1569710
1571256
1572061
1573464
1578004
1578841
1579735
1591803
1606557
1613403
1614446
1616770
1619127
1625207
1627853
1640979
1642971
1644929
1647955
1657773
1659500
1662630
1662750
1663202
1666147
1674967
1678842
1681308
1687165
1697983
1704638
1705302
1705464
1706580
1709835
1713132
1715771
1721624
1722870
1723091
1723484
1727152
1728102
1729879
1731092
1743151
1748249
1750055
1753123
1753395
1754252
1763281
1768449
1783607
1785937
1789174
1791258
1793762
1797527
1799694
1803041
1807152
1807153
1811788
1812398
1817536
1821601
1822998
1823603
1825140
1833716
1834470
1837558
1838289
1839677
1841585
1845945
1847182
1857796
1859348
1859693
1860140
1863969
1864864
1870424
1873190
1881148
1885807
1887474
1889948
1892079
1893054
1898855
1901682
1903365
1910529
1913013
1914380
1916446
1917418
1926891
1929873
1931709
1933577
1937565
1940813
1941901
1947113
1967230
1976992
1977796
1978466
1978891
1982347
1983622
1988915
1990056
1992141
1999432
