-1992518
-1984133
-1978410
-1978270
-1970701
-1967412
-1961507
-1959964
-1953755
-1950637
-1949317
-1945579
-1944978
-1925894
-1922698
-1921469
-1921237
-1920979
-1919848
-1919050
-1913289
-1910708
-1910368
-1909944
-1909879
-1905320
-1902213
-1901916
-1897635
-1895349
-1894682
-1890917
-1890686
-1887682
-1885060
-1881591
-1878192
-1871708
-1871245
-1870091
-1859495
-1858324
-1856946
-1852829
-1849924
-1841428
-1827722
-1827448
-1825419
-1823895
-1822959
-1819753
-1819405
-1801022
-1797763
-1790749
-1787583
-1786739
-1782138
-1781948
-1780655
-1774099
-1773885
-1772422
-1766461
-1759934
-1756528
-1748246
-1746541
-1745515
-1741796
-1735873
-1727732
-1721531
-1712973
-1711973
-1711534
-1710881
-1705116
-1701238
-1694413
-1693797
-1690291
-1682273
-1667610
-1658747
-1658357
-1653215
-1648810
-1645781
-1641218
-1635737
-1628419
-1628094
-1627831
-1627484
-1626668
-1626086
-1624022
-1613364
-1612151
-1609765
-1604265
-1603151
-1600200
-1597974
-1588568
-1586378
-1585000
-1579202
-1559313
-1557870
-1551110
-1546967
-1534235
-1530850
-1521577
-1520982
-1520479
-1512825
-1504135
-1502408
-1501349
-1488621
-1486328
-1486188
-1478360
-1477354
-1468959
-1468452
-1461363
-1460801
-1459416
-1453563
-1453074
-1449229
-1447333
-1445529
-1438177
-1431139
-1429691
-1428247
-1426088
-1424572
-1416962
-1411599
-1406975
-1404143
-1394313
-1389693
-1386247
-1382343
-1379573
-1378082
-1377977
-1375203
-1370627
-1366532
-1354845
-1350333
-1343069
-1340578
-1340042
-1338495
-1336947
-1334111
-1333814
-1326895
-1323142
-1317227
-1311009
-1304384
-1304261
-1294581
-1294421
-1292454
-1287975
-1277047
-1276563
-1274721
-1269039
-1260845
-1259904
-1258881
-1257227
-1255366
-1254846
-1249845
-1248326
-1246141
-1244419
-1242975
-1240388
-1237522
-1232081
-1232077
-1227862
-1223145
-1220998
-1220240
-1208052
-1202741
-1199575
-1197654
-1196483
-1194419
-1192973
-1187622
-1179677
-1178646
-1178394
-1178137
-1169973
-1167376
-1166081
-1159938
-1155125
-1138532
-1137395
-1133938
-1116526
-1114278
-1114114
-1111202
-1110931
-1110750
-1109145
-1108073
-1107111
-1107053
-1098997
-1094409
-1084634
-1083586
-1082674
-1081572
-1077666
-1077234
-1076141
-1074215
-1074056
-1067831
-1066162
-1062516
-1060058
-1057688
-1048938
-1048699
-1038540
-1029582
-1029528
-1022717
-1017654
-1015952
-1015880
-1013102
-1011327
-1010599
-1008662
-1008593
-1007606
-999755
-999357
-998645
-996829
-994635
-994534
-990160
-986241
-973742
-966968
-963816
-949509
-943595
-943145
-940596
-935600
-931015
-925600
-923561
-920089
-915806
-915074
-897653
-896138
-895873
-891530
-889573
-889332
-888658
-882957
-882068
-878302
-878211
-873932
-870766
-869465
-867924
-867777
-858635
-855821
-854458
-852993
-845842
-842105
-831585
-829849
-829627
-824291
-819982
-817766
-808139
-807502
-794133
-793722
-792680
-790495
-787383
-783989
-777514
-775714
-760737
-752351
-752290
-746901
-744873
-738596
-735922
-732524
-729643
-724185
-716654
-714065
-711241
-705110
-702597
-695976
-684801
-684446
-679901
-679443
-677726
-677445
-677056
-673821
-662841
-650343
-648154
-640685
-639177
-636678
-633403
-632061
-630900
-629679
-627595
-625651
-622554
-620254
-619323
-617256
-615478
-607017
-587288
-584552
-580790
-578324
-577660
-569040
-544710
-543177
-535855
-526156
-525601
-518990
-512731
-504768
-502624
-499484
-498597
-496315
-494992
-493084
-488488
-484273
-483816
-479431
-471901
-469980
-462406
-462351
-461841
-459843
-459420
-457586
-456339
-455586
-452649
-444781
-442807
-441902
-430824
-428182
-417315
-413897
-407186
-399414
-394706
-390886
-385112
-384392
-382252
-381740
-381584
-375281
-374704
-373222
-369263
-365104
-351316
-349287
-347332
-346976
-344489
-343576
-342964
-340420
-337823
-336332
-334868
-330451
-324259
-316595
-312938
-309404
-307204
-298041
-275953
-272347
-271791
-270034
-265830
-262380
-261853
-256735
-255372
-254322
-253724
-252352
-250225
-249347
-246949
-246587
-246274
-243276
-236649
-236580
-235986
-228872
-225211
-221923
-221764
-219671
-218356
-211156
-210244
-205530
-198356
-195523
-192530
-192027
-191383
-187923
-187466
-179849
-174431
-174336
-174108
-170158
-165695
-160702
-160517
-160181
-154593
-154519
-151547
-151133
-144828
-138417
-138022
-132972
-130643
-130277
-128772
-126692
-125514
-110568
-110117
-105984
-99161
-96720
-96073
-93626
-92140
-91730
-89609
-88740
-85253
-84596
-82142
-75087
-62342
-49284
-46531
-45948
-36724
-36666
-36045
-33685
-33074
-29776
-29263
-28971
-26005
-23859
-16542
-11863
6077
11145
16083
26491
30488
41234
50880
51377
57239
58859
59902
66364
77503
80040
102200
115339
119354
122345
125726
129973
134016
148719
152285
163748
169957
175905
182793
184890
188317
191473
193469
194969
199522
211016
211653
223575
230858
232412
234338
234944
235309
240130
240896
242584
247008
248474
251070
253172
253512
259636
259959
265330
265447
265662
274690
281112
287569
291134
293256
295693
310595
312377
319155
322181
324456
324563
328264
328467
335794
340172
346332
355765
363846
364068
366357
367113
367250
372773
380760
381676
393062
405375
405448
406389
410638
413698
419083
422992
428901
435865
438564
444482
451698
455062
461901
467451
468307
470777
472045
475956
483727
484908
487790
488687
490587
495790
495831
497396
497494
503634
504921
505362
518982
525796
531076
533156
538007
540201
541330
546190
547216
550771
550925
557994
560326
561794
564582
565404
565699
568462
572698
575265
581013
595968
602491
606663
624180
629942
631912
635349
642961
648745
652824
654770
661988
662836
663812
677343
679047
689422
700822
701302
703022
709392
711815
715303
723218
725577
726158
736016
738809
747900
748095
756100
758155
764354
765835
769444
782174
784537
787762
788001
793408
793428
796032
797903
798536
799163
801299
809049
811527
824470
824581
827981
829236
832239
833046
834855
835057
835225
839273
839402
840915
845658
851779
852126
854429
859344
859988
862701
863132
867552
869832
870332
871761
872225
875782
883203
884306
898177
902004
904171
921651
926328
929802
941301
941868
942302
944607
944685
950732
952672
969936
970234
974266
978924
982406
983360
984995
994447
1003739
1004732
1005935
1018302
1022691
1024345
1034426
1035850
1039880
1041757
1041949
1043683
1055465
1061720
1063551
1064246
1068108
1070252
1070605
1075008
1079535
1089967
1092625
1096633
1100964
1119601
1121197
1122451
1126369
1126705
1128176
1129074
1134595
1140442
1145108
1153903
1165506
1171183
1178310
1179435
1188530
1192186
1211621
1213049
1216183
1218671
1223799
1227749
1228114
1235390
1237120
1238108
1240450
1240859
1241755
1255056
1267143
1269941
1278367
1283421
1296569
1300366
1300495
1305877
1308670
1313923
1315166
1322205
1326332
1327430
1327778
1332702
1334333
1335428
1343480
1347127
1349450
1352396
1353589
1355602
1356424
1358585
1359171
1365868
1374241
1375155
1383805
1384510
1385914
1389945
1391640
1399948
1400853
1409833
1426605
1431920
1433394
1437630
1442737
1445457
1454813
1456083
1457489
1460884
1461202
1469607
1477635
1480028
1484337
1485174
1492739
1493832
1494517
1495187
1495239
1495775
1499776
1499787
1507371
1513072
1533344
1533709
1534578
1535225
1539181
1540264
1543551
1547103
1548793
1558511
1561851
1562554
1563410
1564847
1568694
1570700
1575140
1576673
1581127
1581488
1588075
1592360
1593857
1594527
1595347
1599548
1601708
1607451
1614115
1617854
1623842
1628017
1630741
1632462
1642360
1644282
1655523
1657477
1671061
1674518
1676451
1683639
1685535
1692275
1698492
1702689
1709329
1710237
1715052
1715709
1717542
1719862
1725072
1728295
1730053
1731632
1736679
1741616
1744424
1748886
1750579
1754137
1755024
1755483
1756599
1757944
1759504
1770810
1771277
1778400
1789707
1793349
1795655
1798242
1807843
1811236
1811441
1811582
1812957
1813536
1814354
1820381
1823735
1831206
1834335
1835850
1836024
1839476
1841966
1843219
1844507
1848451
1855286
1860540
1864291
1864738
1868179
1878363
1880670
1882289
1883198
1884663
1897067
1901932
1906203
1910543
1912239
1913923
1918972
1925918
1927666
1928596
1945986
1946953
1949545
1951924
1953248
1954207
1965874
1966991
1981323
1995159
1998114
