-1999916
-1996128
-1995028
-1985199
-1984817
-1980736
-1978294
-1977422
-1974569
-1969305
-1967527
-1966820
-1965801
-1965522
-1965123
-1963358
-1941153
-1934773
-1925118
-1924268
-1915258
-1913546
-1911997
-1911400
-1905711
-1892008
-1889468
-1883442
-1882911
-1880472
-1877599
-1874120
-1871789
-1866533
-1865117
-1863128
-1853213
-1849556
-1841684
-1834743
-1832384
-1830292
-1829338
-1821976
-1820634
-1805572
-1802217
-1801501
-1799342
-1799316
-1797876
-1788936
-1788519
-1766691
-1766564
-1762444
-1760927
-1760809
-1760372
-1748106
-1744240
-1740716
-1740584
-1738202
-1737204
-1736554
-1734948
-1716945
-1716676
-1716582
-1707967
-1707720
-1701551
-1697160
-1696345
-1693264
-1690626
-1690478
-1687856
-1685674
-1681065
-1672985
-1658590
-1648560
-1647561
-1646849
-1646713
-1639273
-1637026
-1631625
-1626244
-1623841
-1621717
-1615508
-1609827
-1608385
-1607897
-1599739
-1597758
-1594742
-1592184
-1587425
-1586977
-1577154
-1573603
-1568275
-1559340
-1558197
-1557237
-1549680
-1548744
-1544913
-1544035
-1533594
-1533309
-1530043
-1528873
-1523289
-1523046
-1520741
-1520678
-1518650
-1511259
-1505303
-1503224
-1503105
-1492320
-1491494
-1487279
-1486898
-1483635
-1479783
-1476131
-1475627
-1466166
-1465805
-1460060
-1455523
-1446583
-1437369
-1433895
-1429629
-1422954
-1419898
-1419798
-1412051
-1411225
-1408023
-1392774
-1386861
-1378993
-1378499
-1374463
-1369355
-1363477
-1363385
-1360650
-1359602
-1358715
-1350637
-1346351
-1340246
-1339196
-1331400
-1330055
-1327019
-1315129
-1312206
-1311187
-1310705
-1309308
-1307220
-1295544
-1287687
-1286980
-1273705
-1267812
-1267505
-1261287
-1257415
-1253119
-1247364
-1238530
-1237462
-1236864
-1233456
-1227742
-1218831
-1208586
-1207511
-1202821
-1195046
-1194658
-1194480
-1191820
-1191277
-1188725
-1187407
-1178878
-1169447
-1167451
-1164754
-1163507
-1154546
-1154295
-1149337
-1146935
-1143453
-1139294
-1108342
-1102642
-1098051
-1097852
-1097591
-1094302
-1083521
-1080429
-1070473
-1060708
-1055796
-1047239
-1046536
-1046274
-1044627
-1043607
-1033035
-1025825
-1024380
-1024303
-1023604
-1023573
-1017910
-1012963
-1005061
-1004610
-999617
-999276
-993799
-992954
-992234
-991251
-979795
-977371
-976298
-970386
-969148
-968505
-964968
-961765
-951693
-948383
-936015
-935307
-933488
-929273
-926756
-926528
-919421
-916773
-910654
-909499
-902999
-902490
-901768
-892006
-891236
-890535
-890430
-889475
-885074
-881232
-881170
-879784
-875842
-873065
-872307
-866132
-865175
-861463
-856742
-856722
-850233
-827419
-820375
-810832
-804758
-803487
-797688
-793840
-792547
-791640
-789366
-777736
-769871
-765619
-757875
-756057
-753139
-749627
-749443
-748669
-748574
-747915
-737737
-737685
-736466
-723448
-722336
-712480
-710390
-700643
-695031
-690075
-687275
-676161
-675791
-674346
-670714
-661100
-655333
-649371
-632259
-620430
-618657
-606506
-602427
-599142
-595713
-594829
-594034
-591964
-591755
-590583
-589267
-588778
-576172
-576109
-575535
-575016
-571668
-570889
-569863
-569615
-555216
-549876
-545244
-542690
-539322
-534769
-534683
-525468
-524063
-522518
-518761
-509876
-503401
-499356
-494089
-480310
-475799
-472529
-458031
-454241
-452557
-444419
-443704
-443617
-436595
-433545
-430457
-416310
-414648
-413595
-411405
-409607
-408795
-405670
-404151
-403625
-402708
-402093
-397266
-389656
-389585
-386336
-385587
-375406
-368358
-366660
-362980
-358636
-350362
-344604
-343178
-341985
-337768
-332919
-330896
-318608
-318421
-318330
-313375
-312960
-308393
-308321
-306338
-305294
-305267
-292606
-291977
-283537
-282690
-281822
-274739
-272953
-271849
-270374
-266310
-259414
-256084
-250619
-245682
-240911
-240305
-240105
-233596
-233022
-230151
-227074
-220897
-215435
-196796
-192037
-191893
-188378
-184775
-180149
-176054
-174047
-170979
-170477
-167807
-164197
-157935
-154936
-149856
-149073
-141515
-127197
-118304
-116857
-106719
-105150
-104878
-95749
-95498
-93916
-93147
-91040
-88245
-86602
-83875
-83477
-83426
-81174
-74545
-72936
-69333
-66222
-60426
-60043
-59567
-59464
-58235
-52049
-50621
-45818
-44267
-43314
-41469
-39980
-38195
-15980
-9791
-5033
-794
2182
10145
15271
20173
28584
34750
39500
44812
45250
53724
53912
56112
58734
60486
67333
68852
76341
82018
96304
97250
99570
103994
105237
105577
107686
109131
112509
113519
119559
120411
122736
122844
124506
134861
140005
151840
159213
159434
163668
168689
177464
182264
182656
185371
190560
195750
197164
207340
212808
214266
220452
224919
226870
227666
229536
237775
238298
252405
253450
255986
262381
269650
278550
285940
296188
299010
303646
309084
310436
312457
316190
323038
326527
326579
331135
334336
336157
343164
345160
347745
347813
358434
361615
372866
374666
375199
377005
377129
379625
387137
389040
392874
392934
404022
406710
408986
410512
411209
413404
416437
417589
425538
426835
436746
438272
443969
446739
447827
455359
458735
459767
463904
464576
471641
471912
475796
477243
483215
487747
489880
498724
500743
506128
507793
512315
514531
516078
519196
520401
522991
528612
528735
529392
530473
532847
538081
538247
538420
540331
544503
545565
551522
558416
559480
561283
565241
570260
575639
578559
578585
583647
584443
592243
593944
601038
613845
618226
620576
622386
627994
629774
632072
639138
647785
649314
649405
653818
661851
665436
668294
669767
677374
678328
681711
682339
682755
686934
690166
713665
714278
718406
722390
725335
729782
729819
734881
745991
746508
764669
776668
777834
782620
784125
785705
787825
788749
795940
804916
805304
805368
806424
807089
816408
816840
821255
828535
828908
850381
852085
852156
855785
861201
865293
866740
873787
877236
884057
886171
888319
891559
903763
907819
909505
914081
914918
917496
921244
924380
947839
958465
965531
970877
985537
985757
988781
989034
991324
991567
991867
993388
997884
1004733
1004969
1006219
1007643
1007824
1012665
1018857
1019672
1021861
1022699
1022928
1027581
1034609
1035726
1046413
1052930
1054557
1062624
1063481
1066217
1066520
1066777
1072013
1072055
1091167
1100003
1106557
1124324
1129926
1130358
1130546
1131352
1132347
1133281
1136514
1137384
1144846
1147682
1149019
1149770
1154991
1155219
1158243
1161293
1165068
1179623
1180306
1180634
1182138
1182185
1184157
1186208
1187188
1189199
1189301
1190810
1191266
1191970
1204112
1209392
1224875
1235784
1236571
1242047
1244911
1256018
1256925
1257759
1259121
1261704
1264704
1266956
1281108
1283797
1289999
1290197
1290547
1292286
1298677
1301498
1305138
1305662
1307920
1309574
1310982
1312840
1336268
1343104
1343194
1345982
1349015
1357332
1359095
1362843
1374334
1379571
1381110
1382716
1386387
1387441
1388696
1390138
1392581
1395133
1398983
1401288
1414558
1418375
1419920
1421178
1421697
1422974
1427271
1429684
1430036
1431069
1433611
1433995
1441555
1441923
1445009
1450225
1450487
1453139
1454963
1456224
1458219
1458860
1460834
1466394
1468319
1479901
1489611
1494086
1496062
1496615
1502299
1503128
1503722
1509436
1511704
1512573
1513580
1514453
1515163
1519815
1520329
1521136
1526554
1529647
1529782
1537629
1542651
1556242
1561394
1566774
1569454
1569503
1574185
1587979
1598883
1600704
1607722
1609287
1609690
1611226
1612024
1617240
1617360
1618803
1620164
1621193
1630014
1638376
1641294
1650457
1653418
1654356
1654687
1658052
1660414
1666089
1667458
1677654
1678864
1682336
1695009
1696791
1697962
1698322
1703782
1705566
1706659
1716316
1716578
1717682
1719576
1726605
1731289
1732285
1741119
1744450
1747738
1756356
1759375
1760836
1762023
1762085
1764102
1766874
1766998
1773545
1779563
1786722
1787726
1789862
1802712
1807549
1809490
1812926
1813465
1813677
1815734
1816241
1816914
1817065
1817300
1828624
1828876
1829187
1830461
1841109
1844630
1853025
1867593
1870487
1870932
1878032
1891080
1893245
1899043
1905537
1906605
1911950
1917226
1919407
1919892
1937061
1941572
1942526
1947546
1953558
1957200
1958604
1960335
1967713
1970895
1972255
1973351
1977382
1977767
1981203
1983298
1983796
1983800
1984765
1986396
1990961
1991721
1992702
1994836
1996526
1999746
