-1999720
-1996454
-1996326
-1984389
-1980555
-1979417
-1973205
-1969995
-1960152
-1959226
-1954693
-1948311
-1948277
-1946458
-1942135
-1941473
-1939892
-1939090
-1938160
-1935603
-1932472
-1930401
-1930271
-1929868
-1926247
-1918623
-1914138
-1912451
-1910906
-1906779
-1902417
-1899601
-1898579
-1889819
-1887424
-1887077
-1881585
-1877208
-1873055
-1868700
-1862909
-1858725
-1853256
-1851255
-1840674
-1835662
-1830022
-1829602
-1824463
-1818053
-1815441
-1815044
-1811226
-1810525
-1804579
-1803265
-1794203
-1786924
-1783795
-1771158
-1770540
-1761833
-1760554
-1759285
-1756301
-1746941
-1736308
-1733079
-1731848
-1730500
-1725021
-1716801
-1716386
-1716004
-1712494
-1712132
-1711923
-1709829
-1708890
-1706321
-1705298
-1693527
-1674755
-1665959
-1663888
-1663137
-1658858
-1649440
-1644629
-1638629
-1632673
-1630960
-1624754
-1624570
-1623563
-1623328
-1612952
-1612194
-1611393
-1610652
-1608059
-1603640
-1597420
-1595993
-1590063
-1584644
-1581346
-1552474
-1551036
-1549008
-1547626
-1544939
-1544604
-1541836
-1539018
-1532891
-1532120
-1528721
-1514360
-1509979
-1509441
-1506794
-1501122
-1485853
-1473080
-1467250
-1458573
-1453530
-1452046
-1441079
-1432862
-1428500
-1427205
-1426013
-1425210
-1414498
-1404100
-1401451
-1388868
-1380148
-1376540
-1371150
-1347416
-1346910
-1345909
-1342809
-1341352
-1337486
-1327703
-1318422
-1317646
-1317046
-1306222
-1304627
-1297874
-1297490
-1293319
-1293130
-1291068
-1290591
-1289094
-1284861
-1283826
-1281577
-1279815
-1277859
-1275740
-1273942
-1273444
-1272501
-1270412
-1267374
-1267180
-1265207
-1264206
-1262996
-1257306
-1256802
-1256180
-1254649
-1247016
-1241743
-1237666
-1234468
-1228257
-1225675
-1223150
-1214060
-1210962
-1209210
-1200279
-1199131
-1198538
-1193754
-1191100
-1187779
-1184039
-1181763
-1172477
-1171085
-1161919
-1156123
-1154600
-1154020
-1152374
-1151482
-1143946
-1126925
-1124901
-1122196
-1119683
-1114649
-1112057
-1107679
-1105447
-1101556
-1098383
-1096715
-1094283
-1093752
-1091297
-1089767
-1082618
-1079955
-1079289
-1077202
-1064782
-1064678
-1058098
-1056152
-1053081
-1052116
-1050997
-1049710
-1049131
-1047162
-1038012
-1030197
-1022892
-1019617
-1016044
-1000053
-999307
-995733
-991449
-978885
-973242
-970179
-963410
-961633
-955161
-953970
-953722
-951855
-951817
-948014
-945925
-945444
-943455
-942946
-937424
-925400
-915984
-914858
-914186
-911972
-908513
-903702
-901676
-901269
-892213
-891834
-886802
-886681
-885066
-881940
-873865
-873184
-872892
-870960
-866629
-866586
-863398
-862327
-858922
-857555
-846404
-840136
-823317
-816984
-815145
-814650
-806763
-801719
-798436
-794043
-793998
-793179
-793012
-792934
-792358
-792267
-777384
-770731
-765314
-764940
-750763
-748654
-747906
-737863
-735386
-724660
-723729
-723223
-721557
-719475
-711837
-707718
-703982
-703541
-703359
-701383
-697616
-694252
-688354
-684446
-683882
-681426
-681193
-675300
-672225
-656981
-656682
-653732
-651927
-651140
-642188
-641971
-640456
-636973
-634087
-630333
-629905
-628833
-621260
-620594
-618557
-614971
-603222
-600881
-597948
-597145
-596456
-594064
-568890
-561973
-560370
-550479
-548607
-548464
-547781
-545555
-534220
-534157
-525984
-523539
-518695
-515909
-515753
-513010
-502691
-500970
-497391
-497324
-494970
-493718
-492135
-488387
-485930
-485783
-471587
-465538
-462954
-461888
-455736
-448780
-439262
-438983
-437596
-434089
-433934
-430793
-429035
-420960
-412172
-409336
-407718
-395649
-388236
-375829
-374009
-370779
-366051
-365231
-356520
-356408
-354663
-347925
-347172
-345674
-343303
-342854
-334216
-330948
-330253
-329820
-328848
-328523
-325111
-321907
-321403
-318739
-317064
-315820
-314196
-312873
-304292
-304179
-295102
-286807
-286458
-283775
-278492
-272587
-271235
-270553
-259129
-258938
-256700
-253188
-250201
-249367
-248312
-247108
-244434
-244117
-242055
-240536
-234521
-232232
-231126
-230010
-228803
-217615
-216090
-215957
-214579
-209316
-198940
-194907
-194190
-193774
-190782
-189988
-186418
-185678
-184652
-179846
-175517
-166442
-165348
-163192
-145953
-145533
-144620
-144215
-135247
-133311
-133211
-132905
-126881
-122660
-117248
-112533
-107403
-103072
-98103
-96505
-92914
-85375
-74029
-67472
-60260
-44781
-43904
-40942
-36218
-34510
-32152
-32087
-31608
-30308
-26692
-22332
-6135
-4786
-2349
-36
3421
3591
4497
14709
24008
24662
26993
29964
34187
36774
37299
40402
47474
48922
54906
56703
58777
69556
70601
78962
83660
86411
88621
92125
92329
108132
111008
112886
115642
115679
117840
120153
128751
130434
137139
142012
142204
159853
162069
162861
173443
176720
177189
181622
182714
185047
192073
195245
204744
207124
210446
216156
225580
232894
234246
248164
248506
254973
258272
258293
263116
264319
280498
284499
284624
286277
286834
291439
293700
297902
298595
304652
306932
308442
323022
327844
333555
336952
344205
344747
345216
348442
356201
358963
362671
373863
386507
387552
388507
389988
392616
392806
397434
398102
402199
402865
409437
412069
421479
426511
434073
436689
448869
450591
451306
453896
456141
460755
461264
465095
469623
472885
476642
484080
488164
494124
494258
495491
500993
508219
515663
519246
519679
520391
523211
524874
528230
529447
534825
540076
540427
542571
543719
550141
552621
553691
555262
555358
557730
562520
583948
587779
589667
599214
604656
609078
610876
612707
621472
622687
624291
624826
625357
630765
632526
634726
638885
643309
646621
648386
648528
648591
649986
657733
658029
665170
687331
687943
700320
716301
718371
718538
718858
720046
720476
725043
728341
728774
730501
734210
736214
737782
742836
746902
750520
759067
767343
769824
780573
784030
790705
791837
792889
797909
800032
815316
817873
840649
840693
841175
841252
854328
855582
856170
856489
857381
857462
871647
883101
895507
902676
909382
909538
920624
920760
924916
925167
926977
926986
930000
933448
943800
950183
950928
959879
961543
963814
963870
967635
970939
971027
971187
971544
975630
979217
984581
988239
997050
998761
1000356
1001337
1004134
1013802
1013916
1014119
1019948
1025035
1026865
1029660
1030378
1031797
1031928
1040496
1043199
1046774
1048101
1054858
1056582
1057265
1059585
1060799
1069044
1069291
1070473
1071687
1072775
1082803
1087720
1099371
1099880
1100207
1102669
1112135
1116655
1118857
1123637
1124852
1127001
1127564
1130124
1131170
1135759
1139785
1140834
1147979
1148103
1148661
1162807
1174003
1175829
1176436
1177656
1178811
1180740
1187311
1195650
1200097
1201697
1205626
1212694
1223350
1224342
1226225
1226447
1229882
1232089
1242492
1248594
1249390
1256134
1259778
1260048
1262987
1267973
1271326
1276342
1283700
1298785
1299209
1304143
1305576
1307336
1307723
1308311
1309519
1313078
1313762
1319589
1319723
1323434
1327203
1331235
1333712
1338461
1339236
1343154
1354165
1363685
1368807
1370006
1370914
1376321
1377882
1383195
1391493
1392345
1394610
1400030
1400659
1409589
1410718
1412233
1415146
1417485
1421690
1433668
1440275
1452112
1455260
1460725
1465206
1469498
1473614
1474464
1479335
1492436
1505119
1507194
1508799
1511564
1513748
1530149
1535207
1540088
1541925
1545972
1551079
1557694
1559004
1564309
1564719
1566325
1566527
1567984
1569621
1578266
1579367
1579639
1584023
1587421
1588661
1589020
1590574
1592220
1598458
1599147
1599622
1610490
1612440
1617222
1625307
1636030
1638022
1639881
1641185
1642834
1645242
1651088
1651689
1654176
1660161
1673022
1675087
1688190
1705150
1716869
1717041
1717914
1718544
1726064
1728114
1732244
1739099
1751986
1754359
1755621
1757834
1771791
1773729
1773857
1777532
1781271
1782123
1793946
1794293
1794686
1800642
1805593
1811002
1811726
1818030
1818153
1818697
1826501
1826866
1827161
1828663
1830550
1831627
1838934
1846516
1849745
1852243
1856123
1856803
1857292
1858755
1863132
1863495
1869185
1877078
1881773
1884447
1884547
1888199
1895852
1897527
1899818
1902080
1902839
1903785
1904725
1905286
1913896
1916667
1921355
1928494
1930123
1939226
1941996
1943227
1944613
1954941
1960340
1966406
1981337
1982129
1983297
1983425
1985178
1985928
1996438
