-1997711
-1990086
-1988559
-1981269
-1979695
-1971980
-1963894
-1958565
-1947203
-1947103
-1928638
-1925871
-1922663
-1921749
-1921223
-1905072
-1900332
-1899237
-1899046
-1898282
-1898003
-1897571
-1892223
-1884576
-1874367
-1870978
-1869142
-1863335
-1849960
-1847186
-1842810
-1842459
-1838486
-1837792
-1836993
-1831355
-1829922
-1821929
-1817469
-1816382
-1803550
-1801895
-1796151
-1792536
-1785741
-1779982
-1778463
-1759555
-1758607
-1754725
-1751852
-1749554
-1744985
-1738196
-1734506
-1726823
-1726564
-1721166
-1715541
-1714636
-1714585
-1711743
-1696084
-1691087
-1686675
-1676049
-1662077
-1661559
-1658817
-1652818
-1643545
-1641235
-1639550
-1631215
-1627776
-1616967
-1615505
-1615162
-1614925
-1608276
-1578170
-1578116
-1570945
-1569529
-1565012
-1564812
-1564107
-1558418
-1539745
-1530427
-1528866
-1527772
-1526269
-1524523
-1523945
-1522338
-1521160
-1520595
-1514978
-1505748
-1500143
-1497870
-1490324
-1487404
-1484563
-1479630
-1477341
-1471725
-1471194
-1468366
-1467841
-1466321
-1462932
-1462584
-1461878
-1446243
-1445880
-1444111
-1441586
-1440169
-1431656
-1428093
-1427390
-1417976
-1417849
-1409738
-1409430
-1407862
-1406104
-1401223
-1400449
-1395460
-1391243
-1379702
-1379154
-1379070
-1376296
-1370019
-1365153
-1363149
-1362975
-1361493
-1357550
-1347404
-1345774
-1341808
-1335430
-1334976
-1331769
-1322366
-1319805
-1294799
-1291326
-1290478
-1288418
-1282482
-1278520
-1274968
-1274404
-1271904
-1269626
-1268793
-1265373
-1263694
-1260945
-1254453
-1254209
-1246503
-1240470
-1237558
-1235602
-1232272
-1229153
-1228726
-1221637
-1213756
-1209207
-1194147
-1193962
-1187010
-1185930
-1185436
-1182893
-1179164
-1177378
-1175718
-1175019
-1172606
-1169285
-1168886
-1168073
-1167817
-1167387
-1167277
-1164143
-1162610
-1162134
-1159530
-1158570
-1157037
-1155565
-1146062
-1145871
-1143967
-1139482
-1139321
-1138678
-1130140
-1115096
-1112337
-1110264
-1105227
-1102451
-1097309
-1096888
-1096533
-1094600
-1084600
-1084448
-1082729
-1081376
-1079769
-1073968
-1066481
-1056803
-1053681
-1052994
-1044146
-1038845
-1033704
-1032535
-1026462
-1018839
-1017846
-1017436
-1003461
-999974
-995338
-994059
-990187
-984997
-981715
-967208
-967090
-961137
-958741
-955629
-952159
-945908
-943452
-939531
-939440
-939198
-934871
-931660
-928502
-924683
-922094
-919457
-914865
-914677
-909223
-905238
-894702
-888516
-880281
-875048
-873290
-867302
-865666
-859113
-858197
-857080
-854259
-838028
-833034
-832479
-831623
-829742
-810173
-805019
-804671
-801526
-796010
-793303
-788469
-784920
-784809
-774822
-771394
-770488
-764157
-757668
-754815
-754729
-754723
-749318
-743975
-736904
-735748
-728710
-724877
-724077
-722875
-722809
-720358
-707826
-707507
-707301
-706793
-703613
-702988
-700439
-699944
-698552
-696340
-690890
-690343
-687794
-684079
-680775
-679686
-679325
-666065
-655943
-648250
-644471
-643059
-638683
-637089
-634970
-632767
-630164
-628448
-628291
-625280
-607294
-606030
-605010
-603873
-597736
-593556
-592496
-591786
-591191
-586838
-586388
-583896
-583428
-582707
-580902
-578826
-573433
-573137
-572168
-570913
-565273
-565158
-560861
-550313
-541748
-534489
-532948
-505659
-500439
-499407
-497276
-492067
-486350
-481488
-481214
-480852
-479156
-469325
-464782
-459962
-445080
-436263
-430177
-427706
-412787
-400600
-397902
-394396
-392681
-392375
-391483
-391350
-378031
-375580
-373793
-373322
-372085
-370625
-369508
-368587
-367186
-351688
-346609
-331266
-327132
-324944
-324534
-323372
-322801
-312728
-311023
-306622
-298992
-298176
-297619
-297306
-291525
-289916
-286985
-284804
-281481
-280500
-279728
-271975
-270146
-266983
-261692
-249276
-245902
-245025
-244008
-243935
-243638
-229175
-227458
-226805
-224523
-223518
-221880
-217707
-214648
-214343
-214185
-211416
-210090
-206097
-201627
-200773
-199795
-195076
-192061
-191327
-190595
-182874
-179876
-177699
-177583
-176391
-170935
-170052
-169639
-166004
-165062
-162718
-161213
-160191
-146914
-146222
-136124
-131330
-128706
-113752
-108145
-98401
-96535
-85911
-83202
-82536
-76117
-70097
-63870
-60512
-59759
-59524
-59071
-58393
-56839
-56672
-53345
-47989
-38370
-37526
-37311
-36253
-31190
-30133
-26958
-24988
-21636
-19833
-15901
-4073
-2587
5135
6132
11548
18933
20552
38598
52237
53793
56810
64657
69178
77392
78050
78411
79280
86074
91046
109863
121803
124047
124267
126946
128423
129777
130257
132188
133478
134525
144116
145092
153472
165144
167937
171113
179453
181107
181707
183292
185067
195036
195700
199320
202411
217498
227294
232783
232801
233531
245054
245624
252328
252904
255774
260199
260655
263945
265285
266643
268357
268403
270785
272002
272723
272853
277892
278177
280182
281362
289679
293409
293921
304735
308645
310077
311226
316047
316921
326670
328888
329953
335734
343477
346817
347275
347560
347800
350600
357491
360027
362314
366626
366640
369739
370340
377740
379519
380709
383152
385900
388286
394162
400706
401087
403885
405478
407508
408403
412691
416857
418722
426275
426514
427845
439450
439710
440539
449354
453882
454647
458716
466964
469662
470938
472720
476310
488695
489905
496423
497206
501389
502950
509564
511125
512208
514118
516696
522489
526766
534388
540092
540374
545077
549592
550825
552372
554582
555034
558043
558174
560444
561747
564412
570460
570858
571734
576862
577810
586314
588348
588666
593906
595252
596180
597656
607719
618912
619605
619767
620643
624874
627575
635864
636278
642110
660049
660081
660442
666661
675388
676274
678754
682711
686931
689493
693539
696223
697618
699318
701957
721636
723776
727196
727504
732622
732825
733505
737219
740256
741391
742885
743743
747279
752320
753623
755097
759283
759717
765001
766430
766760
771360
771915
778176
786008
798869
800168
801419
804140
813111
815268
820012
821084
822415
824430
826390
835046
837996
840065
841932
844825
853085
855891
856841
880502
880840
881922
883859
884628
899034
900909
901002
903775
903800
907821
911262
914880
919232
921339
922598
927598
928299
931050
935760
941858
967726
968344
980143
981824
982002
984085
994405
1004317
1009421
1011393
1016316
1019200
1022677
1023666
1030213
1030515
1032939
1033503
1035975
1037476
1037602
1040534
1045054
1047230
1049673
1050118
1054467
1056368
1057005
1070117
1073824
1076611
1084365
1089767
1090944
1094754
1098115
1099691
1106659
1108940
1115186
1124045
1128449
1129779
1131954
1137626
1148212
1148504
1153796
1157154
1157162
1186949
1188287
1189381
1194764
1200235
1201045
1211934
1217304
1221976
1222305
1222348
1226832
1239500
1245622
1247570
1250799
1269245
1273430
1275236
1276202
1282165
1284364
1285578
1289588
1290337
1295776
1296259
1301171
1309962
1310004
1310055
1314212
1314872
1333264
1333410
1336599
1338307
1342644
1354529
1357681
1365147
1368906
1371248
1373274
1375318
1376602
1378580
1384615
1385976
1392663
1413996
1424898
1428857
1434300
1444145
1446595
1446643
1447457
1448686
1454569
1456090
1456647
1457143
1457163
1460534
1460696
1465289
1467191
1483547
1486812
1490521
1491244
1501794
1505600
1509200
1510572
1513597
1520238
1522435
1526363
1529543
1539780
1546058
1555560
1564963
1566222
1566955
1569672
1578096
1579006
1581128
1584538
1586691
1586893
1589289
1590533
1592942
1595075
1596251
1597029
1599727
1602589
1604437
1605748
1614487
1615536
1622902
1627973
1635590
1638302
1639709
1641210
1641608
1654100
1658115
1670634
1674943
1676265
1685363
1707033
1707603
1710152
1713245
1716754
1718639
1733634
1736821
1737438
1742644
1742755
1745317
1747620
1748874
1752597
1758194
1759515
1765132
1765538
1766757
1767317
1772145
1774653
1775322
1780292
1782456
1783690
1783998
1785288
1786907
1794076
1799744
1802022
1819294
1822783
1826079
1839593
1841257
1843637
1843866
1846314
1857075
1860630
1863043
1865922
1869805
1870140
1871818
1877796
1904719
1908376
1913567
1916306
1924470
1927424
1927572
1927927
1929174
1929841
1933396
1937430
1948765
1951107
1956553
1956725
1957363
1959552
1965804
1972590
1974503
1974541
1978447
1982423
1984409
1987951
1991717
1998825
