-1996108
-1995642
-1991748
-1990580
-1987121
-1985389
-1984719
-1978218
-1973496
-1969196
-1966941
-1965432
-1964061
-1961349
-1956113
-1955093
-1942705
-1942312
-1939931
-1932787
-1930483
-1929094
-1928824
-1921452
-1912868
-1912125
-1903899
-1901117
-1894588
-1894126
-1887631
-1887484
-1886656
-1878719
-1878611
-1876795
-1872797
-1871509
-1867600
-1859323
-1855130
-1854818
-1853393
-1846362
-1845465
-1831871
-1830676
-1821853
-1816345
-1816117
-1815484
-1806569
-1805443
-1801048
-1800777
-1797344
-1792551
-1788496
-1768716
-1762886
-1762207
-1758608
-1752399
-1741593
-1739478
-1730260
-1728781
-1719724
-1717983
-1715247
-1715216
-1713661
-1707027
-1705269
-1703417
-1701960
-1686150
-1677757
-1670010
-1660493
-1657314
-1656216
-1654617
-1647812
-1646486
-1635253
-1634100
-1631679
-1629319
-1624658
-1619015
-1618117
-1610428
-1610313
-1609592
-1604274
-1595586
-1592363
-1590901
-1589495
-1589010
-1587583
-1586915
-1586723
-1582771
-1578210
-1576614
-1576142
-1573384
-1570067
-1566118
-1565447
-1565381
-1564763
-1561490
-1559814
-1552589
-1552075
-1549793
-1529672
-1519777
-1517244
-1505065
-1504064
-1499183
-1496476
-1494438
-1488589
-1486359
-1484188
-1481092
-1480610
-1470986
-1468893
-1468477
-1465652
-1463658
-1461294
-1459432
-1459200
-1455802
-1455565
-1453848
-1451574
-1446928
-1442159
-1437376
-1437286
-1434923
-1430294
-1425982
-1423415
-1420450
-1418390
-1406685
-1406032
-1386281
-1380709
-1380075
-1367922
-1354980
-1353789
-1340849
-1335969
-1331960
-1331077
-1325008
-1320828
-1316802
-1314627
-1312349
-1311165
-1305487
-1298839
-1297001
-1286455
-1284321
-1282047
-1275802
-1274962
-1266768
-1250422
-1246264
-1244413
-1242354
-1241905
-1241136
-1231760
-1231248
-1225269
-1219590
-1216730
-1214482
-1213966
-1213965
-1210708
-1209813
-1209708
-1205938
-1204955
-1200001
-1198359
-1197622
-1191218
-1188387
-1180959
-1180641
-1177696
-1177428
-1176941
-1174498
-1174117
-1171943
-1165078
-1160052
-1158094
-1154380
-1153134
-1148363
-1145374
-1142596
-1138594
-1134853
-1128741
-1125049
-1122986
-1117167
-1109769
-1109270
-1103677
-1103419
-1100986
-1088114
-1085849
-1066187
-1065214
-1058931
-1058898
-1055711
-1054476
-1052772
-1042446
-1040738
-1039563
-1034679
-1029064
-1027382
-1026324
-1021513
-1021440
-1018242
-1014670
-1012519
-1007941
-1005341
-995857
-986206
-985642
-980717
-976556
-974750
-972583
-969708
-965756
-962063
-954100
-949661
-942307
-941162
-937573
-936021
-933292
-932130
-930640
-928555
-927922
-925437
-920651
-919277
-915832
-912853
-909728
-899765
-896070
-894345
-894298
-886421
-883487
-883196
-882207
-878569
-878341
-874541
-865555
-863210
-859611
-854835
-850520
-847503
-845822
-834340
-833584
-832249
-825429
-822951
-822367
-820947
-819077
-815025
-810081
-806165
-804067
-796696
-789563
-785940
-775614
-770471
-765231
-758909
-755905
-755288
-737538
-732002
-723153
-719824
-704977
-703296
-697213
-696684
-691984
-689615
-687713
-677671
-675440
-674957
-667324
-661187
-657955
-655187
-653622
-643181
-642401
-637126
-635232
-631756
-626280
-618322
-615587
-608423
-601213
-590471
-589554
-588360
-585627
-583857
-575136
-572987
-565964
-549650
-535903
-534660
-533841
-525640
-517235
-505446
-491981
-489192
-488607
-483440
-475576
-473740
-464547
-461112
-458009
-457695
-449644
-442990
-442741
-440232
-436849
-433514
-431410
-430687
-423694
-422499
-417565
-416040
-413228
-395782
-389952
-385808
-385760
-384530
-374638
-367112
-365693
-354697
-353024
-346904
-346771
-318033
-311833
-310831
-309165
-308761
-307650
-307596
-307438
-304099
-303603
-303028
-302374
-287586
-275234
-274332
-272685
-267337
-259880
-259209
-256433
-253924
-250079
-236737
-236713
-228311
-221366
-219344
-217933
-216048
-208575
-204309
-201926
-199788
-199179
-197121
-195417
-195237
-193549
-192383
-191448
-185774
-175571
-174724
-173686
-173411
-162139
-158460
-155471
-153389
-149231
-145262
-145039
-143661
-142966
-140410
-136603
-136076
-134112
-130851
-126344
-125255
-122766
-119249
-102223
-96478
-92165
-89432
-86998
-84253
-77602
-76714
-75114
-63214
-55773
-51045
-45781
-44274
-38086
-32288
-25470
-23492
-22672
-22506
-21655
-20319
10
3429
18750
19530
19778
21767
25161
28798
35763
35785
45171
49436
49795
59015
61704
64684
69141
71489
73601
90355
91592
99477
99510
100247
101467
112264
113924
114003
116772
124711
135393
135842
141436
142441
152556
158679
160666
161334
169340
170233
171328
172948
174260
177041
178317
179708
181188
182603
184173
188126
189320
195959
197689
199226
203225
206921
211458
213334
216162
219972
220172
223425
231024
232031
232148
232151
235959
237776
239796
240432
244226
245227
246501
247369
251214
251507
255293
255613
258395
259322
259578
260328
265141
265453
278425
279875
279946
280436
289220
292110
292220
293910
294234
299900
300556
300739
311091
313397
314294
316598
320618
321543
333875
340313
342171
349165
351155
360096
361749
365328
366656
371485
372700
374694
375928
380824
386153
392224
392386
397129
406482
410782
424622
425981
430666
430840
432236
434202
434489
442080
446622
450531
459008
474900
475631
487585
496943
500323
504863
508807
515771
525122
526850
527699
530239
531008
532084
538393
546535
549820
552029
552761
556728
557283
558319
563414
563932
576541
577307
591070
605507
610732
614032
615102
623230
624537
629363
635199
639160
643695
644476
645102
650836
654545
659408
662866
674201
678158
682629
683326
699592
720034
726850
730702
734451
743245
756212
763896
768496
775786
779447
780534
781853
781869
783355
785973
787633
788589
788633
790657
791694
798902
805289
809841
810086
811130
812081
822939
824240
824774
825068
828687
833342
834918
836883
840995
844841
847457
847994
851273
851318
853057
853736
854356
854813
857397
859569
859754
868047
872411
876393
881944
886729
888245
890477
893059
896685
904351
906892
910818
913882
913979
915513
923080
923760
926860
930748
934762
943683
943932
944691
948774
948999
954051
957826
963443
973790
975193
979344
983280
992014
992062
994167
994408
995047
995221
1008288
1020436
1027937
1029324
1031730
1035224
1036498
1040001
1043382
1048039
1051325
1051798
1055260
1057374
1058528
1060433
1062277
1063191
1070925
1071842
1080100
1083779
1085878
1100737
1105212
1107892
1109187
1116418
1124269
1125209
1130087
1132531
1138390
1143482
1145467
1149219
1155474
1164831
1175851
1176672
1195374
1195815
1199920
1200125
1212402
1226050
1227522
1236339
1237020
1237321
1238396
1238708
1241406
1248332
1251337
1262425
1282529
1283522
1285193
1300784
1304908
1309351
1318245
1318976
1328164
1328970
1328983
1329006
1330373
1331509
1335246
1340708
1353123
1354843
1363453
1376378
1377419
1377936
1382991
1392491
1393058
1394882
1396126
1399763
1401436
1407545
1408272
1411454
1416836
1420972
1421327
1427467
1430470
1436994
1438186
1440987
1451963
1452042
1458391
1460786
1463235
1463670
1466231
1468918
1472438
1478611
1479701
1483685
1485194
1488912
1493764
1494395
1495401
1497707
1501738
1509680
1511540
1514933
1518097
1518526
1520504
1522040
1523328
1527085
1532165
1535283
1536567
1538610
1545341
1546496
1549542
1555825
1558020
1561157
1565218
1573366
1576636
1577526
1581635
1581895
1584244
1586741
1587174
1587715
1593247
1596104
1598320
1602586
1608254
1608760
1613671
1615939
1623848
1624223
1627325
1631454
1632652
1650872
1657571
1659171
1661023
1662998
1687684
1689157
1691405
1693533
1700295
1705507
1711386
1711974
1727617
1728553
1729313
1742552
1749008
1750008
1756846
1757417
1761835
1763846
1764035
1764857
1766301
1766544
1780105
1800915
1802015
1802336
1804625
1807851
1809273
1815844
1819362
1819957
1828364
1830539
1840386
1847620
1852358
1855473
1857463
1864216
1869951
1875490
1880441
1880902
1883063
1885453
1888090
1889240
1891494
1892180
1898300
1900284
1906930
1909745
1910862
1911421
1912451
1912514
1912638
1912843
1917882
1920995
1924445
1924518
1925330
1930144
1933043
1937208
1939512
1940064
1945430
1947205
1948483
1950867
1953353
1956428
1958339
1961480
1962408
1966843
1974758
1975557
1983956
1990303
1997088
1999446
1999466
