-1997220
-1993318
-1992283
-1987883
-1986628
-1986058
-1984944
-1983418
-1982789
-1977714
-1972472
-1965966
-1965684
-1961136
-1951023
-1945382
-1941886
-1939496
-1927765
-1926179
-1925676
-1925092
-1916201
-1914922
-1913565
-1910607
-1908989
-1902749
-1902320
-1901230
-1901224
-1893395
-1891296
-1887582
-1887274
-1879379
-1876239
-1869487
-1846277
-1844596
-1836682
-1834919
-1831094
-1830307
-1819352
-1817739
-1815280
-1814544
-1814398
-1811433
-1810526
-1809611
-1808641
-1807900
-1799048
-1794098
-1781662
-1780509
-1779713
-1767093
-1760020
-1751836
-1751314
-1746675
-1741030
-1734916
-1734265
-1732653
-1732493
-1731192
-1720704
-1717019
-1715884
-1704363
-1700053
-1697651
-1697526
-1692734
-1676335
-1674674
-1672861
-1669593
-1668245
-1667897
-1659102
-1658333
-1649964
-1646763
-1643413
-1640890
-1639763
-1638767
-1634670
-1623080
-1622728
-1622512
-1620139
-1611190
-1608653
-1605913
-1603197
-1600168
-1598813
-1593035
-1592859
-1591419
-1589812
-1578525
-1575859
-1575309
-1573187
-1571333
-1571325
-1563207
-1560160
-1559648
-1558887
-1557988
-1557359
-1555339
-1552553
-1552369
-1550375
-1546742
-1543024
-1540904
-1533400
-1533073
-1530453
-1526740
-1525186
-1524647
-1524427
-1522654
-1518691
-1515151
-1511182
-1505633
-1488194
-1486391
-1480269
-1479648
-1475406
-1474742
-1472463
-1470952
-1452621
-1452035
-1451433
-1449270
-1440692
-1438355
-1437880
-1433009
-1431265
-1420211
-1414490
-1413150
-1409830
-1409682
-1393471
-1386385
-1375280
-1373115
-1370764
-1367312
-1367110
-1361929
-1361852
-1360462
-1360074
-1357411
-1354979
-1353974
-1352373
-1351105
-1348159
-1346804
-1344543
-1342813
-1338450
-1337658
-1334686
-1322886
-1313744
-1305582
-1297684
-1296598
-1293048
-1291772
-1281306
-1281300
-1269501
-1266100
-1266022
-1265504
-1257091
-1252574
-1251758
-1247457
-1246632
-1244456
-1234006
-1233028
-1232499
-1229250
-1224408
-1221639
-1218464
-1217828
-1216622
-1208155
-1202670
-1202275
-1199078
-1197020
-1194417
-1186385
-1151796
-1147599
-1144846
-1139816
-1139308
-1138882
-1137077
-1134983
-1134104
-1131221
-1130329
-1126702
-1117796
-1117085
-1113717
-1113172
-1110160
-1107643
-1106855
-1105203
-1102891
-1084423
-1084256
-1079744
-1075695
-1053151
-1046619
-1035727
-1035077
-1027649
-1026160
-1023851
-1021097
-1019528
-1008619
-1006563
-999012
-989789
-983617
-982314
-980508
-978424
-974971
-960381
-955074
-946153
-944631
-942159
-932491
-930379
-923510
-909330
-903632
-902913
-901629
-901116
-894594
-888270
-884972
-878675
-866114
-858980
-857646
-853416
-851335
-838447
-829834
-827292
-826934
-822997
-819265
-815706
-806054
-797117
-785222
-781727
-773535
-772691
-762342
-756119
-753004
-751564
-744499
-733550
-733355
-723774
-718172
-715304
-715111
-713933
-713448
-711308
-702936
-701986
-700144
-700141
-697298
-695511
-691818
-687910
-677938
-661853
-661120
-659001
-647087
-644577
-642060
-635845
-635352
-631983
-629328
-627667
-624497
-623505
-620594
-620014
-614554
-611451
-609427
-604285
-603378
-602258
-600848
-599220
-595517
-595057
-593631
-585908
-584877
-584228
-576284
-573086
-571872
-571592
-570458
-569141
-568779
-565496
-560664
-555523
-546166
-540581
-540413
-536697
-535204
-534779
-525479
-525334
-520805
-520630
-519675
-510123
-498273
-492997
-491984
-487529
-482593
-481126
-479022
-476836
-475159
-466693
-466237
-463657
-459101
-451936
-449404
-448532
-434572
-432346
-422978
-421828
-421457
-421153
-415824
-410386
-407154
-399159
-397091
-396232
-385998
-384525
-379463
-376698
-373550
-371259
-370753
-369805
-369134
-367980
-367744
-366884
-364098
-359802
-354869
-348838
-342019
-336829
-333119
-330615
-328054
-321564
-307611
-303880
-300027
-290793
-286511
-286288
-286210
-285539
-284863
-279349
-278734
-274424
-264863
-264388
-263094
-261748
-261123
-251114
-250004
-248748
-246018
-242512
-236009
-235733
-229399
-225769
-225036
-222342
-220561
-219219
-217655
-216950
-208710
-207879
-207831
-207011
-206504
-197416
-192640
-192183
-191966
-190531
-190123
-183667
-181142
-180948
-179090
-172312
-171371
-167585
-165983
-154625
-151450
-149909
-143997
-136655
-134080
-123140
-109876
-109216
-108124
-102493
-100434
-99817
-98109
-94378
-93432
-92331
-85793
-82187
-80438
-68770
-66817
-64217
-61638
-58589
-52702
-50228
-43450
-36596
-35829
-35330
-27942
-26756
-20053
-15409
-9426
-7685
3148
5972
7736
10523
18343
19169
37923
38288
40574
41373
41740
47991
49111
49112
50588
53462
53475
53886
57643
57795
57935
60157
70460
90360
91532
92131
100452
102010
102162
105834
107332
111737
126363
128846
129370
137412
137438
147476
159030
165572
169446
171619
173942
177139
186710
205806
218600
223882
236903
238333
243771
243892
246631
250002
252436
258558
262785
265336
268136
268533
269594
278967
294666
296945
298681
304376
304849
307294
318439
319095
328019
335800
337327
338997
339654
345108
351477
358402
358470
359636
361055
373126
377514
386139
390805
393519
393585
402247
403104
403116
403738
404673
404832
413798
421825
431525
448396
450318
450616
451095
453104
455603
464704
471398
475189
482070
485828
486812
487152
493299
499451
503711
504026
512348
517268
518003
518401
520009
520535
525959
526034
526486
528767
528935
532840
537045
540169
541330
541750
547932
570306
572213
573976
581788
608358
610384
613165
615332
619929
620837
637073
641199
643014
643301
649822
650353
654939
656541
679364
680068
680993
683101
683565
687342
688230
699584
711424
712558
712782
718487
720824
729232
729517
743403
748441
752339
753839
761010
767013
767016
769602
770356
770513
773502
777123
786498
792067
795931
800244
810158
813336
815886
817122
817716
820391
827862
833035
837148
838317
846315
850336
854121
856596
860793
864875
870217
871008
872265
873427
874502
876616
880566
890698
894529
901283
911465
914155
915474
920135
921940
922991
925341
931036
931347
937642
940217
941516
960720
964554
969461
971740
972437
975610
979170
981791
987042
987421
990038
992124
993776
999911
1001249
1003174
1005067
1011906
1012696
1013967
1019517
1019839
1024660
1030792
1032656
1044792
1046018
1054791
1067958
1070017
1070864
1074252
1076717
1083544
1086874
1098596
1100649
1104769
1105721
1107201
1108019
1110122
1117638
1117926
1119417
1121611
1121786
1122768
1125389
1126081
1128541
1135623
1137346
1144650
1145815
1149522
1150901
1151526
1152704
1157175
1165111
1170963
1171023
1172501
1182367
1183938
1186336
1189281
1195695
1197206
1197487
1202314
1206143
1207749
1207999
1210756
1212386
1216239
1216906
1218292
1218961
1224255
1226457
1242093
1243871
1245203
1247800
1248090
1251717
1254619
1254644
1257241
1260756
1265706
1274923
1279626
1281661
1289705
1296159
1296273
1299710
1313145
1315648
1317806
1323035
1327719
1332077
1332409
1334390
1341792
1342741
1342887
1365473
1371468
1377001
1380885
1390443
1391066
1391319
1391610
1397739
1400282
1401511
1402708
1404401
1405491
1407261
1412202
1412768
1416518
1419330
1424519
1425873
1430839
1434223
1439996
1446926
1450492
1450874
1454058
1459892
1464937
1470887
1471022
1471575
1479810
1481958
1485793
1486820
1495648
1500184
1501538
1501740
1505228
1510547
1512634
1517118
1526666
1527409
1528524
1529362
1532792
1535685
1536551
1539209
1540751
1551474
1551863
1560422
1560955
1567924
1569391
1572535
1575664
1576856
1577369
1581233
1581684
1598388
1604961
1606780
1609504
1612555
1617857
1619743
1625157
1632714
1641414
1642128
1645532
1646788
1647145
1649921
1655449
1660158
1660162
1663260
1664410
1665105
1712670
1716202
1720372
1721819
1722141
1725180
1726332
1751087
1754069
1754942
1755080
1755955
1756602
1760372
1764147
1765002
1765281
1765509
1770794
1772198
1777578
1783162
1786448
1786588
1787971
1791171
1792292
1794832
1799369
1805464
1811865
1812844
1814017
1820428
1828524
1836996
1845469
1847574
1850132
1853822
1857390
1859154
1877724
1878815
1879324
1884776
1885627
1886149
1888203
1893237
1897136
1899992
1909123
1914466
1916334
1919651
1937814
1940802
1944680
1945089
1947825
1950308
1951626
1956493
1958374
1962604
1969792
1976261
1978458
1981466
1982093
1985355
1992666
1994439
1998310
1999717
