-1993900
-1987886
-1987879
-1985714
-1985556
-1978243
-1977232
-1975444
-1969357
-1965759
-1958853
-1949513
-1938911
-1930076
-1927835
-1925785
-1925064
-1922012
-1919201
-1918548
-1915365
-1900384
-1897048
-1881181
-1878054
-1873823
-1870834
-1862748
-1856563
-1842491
-1842211
-1835963
-1827074
-1808073
-1799587
-1798459
-1797949
-1796685
-1796659
-1773832
-1771477
-1768293
-1767980
-1767502
-1761045
-1758366
-1758071
-1756813
-1753542
-1753152
-1742101
-1741810
-1727730
-1727197
-1727011
-1715294
-1709073
-1707192
-1703948
-1696905
-1695916
-1695104
-1692310
-1686958
-1676083
-1674230
-1671569
-1665575
-1659710
-1658706
-1654609
-1652608
-1649085
-1648256
-1646537
-1646422
-1645627
-1641165
-1639394
-1634328
-1633288
-1623621
-1622865
-1616583
-1615483
-1614208
-1604949
-1603616
-1603363
-1595737
-1594429
-1590120
-1575445
-1574691
-1572388
-1564807
-1559108
-1557484
-1553661
-1552164
-1549229
-1545849
-1538286
-1535258
-1532638
-1531091
-1520346
-1509461
-1498685
-1498596
-1485684
-1484098
-1477209
-1473818
-1466311
-1465515
-1461030
-1447809
-1437277
-1432639
-1431978
-1422201
-1422060
-1421881
-1420623
-1418119
-1409793
-1406587
-1397359
-1393909
-1392151
-1387966
-1386765
-1386343
-1386315
-1385596
-1382745
-1382006
-1374963
-1374763
-1365417
-1364267
-1357851
-1357253
-1355606
-1352949
-1350978
-1350260
-1347916
-1343865
-1342819
-1331418
-1325650
-1320932
-1313634
-1309352
-1307001
-1306176
-1305697
-1301822
-1297323
-1296202
-1295655
-1295647
-1286125
-1280637
-1277741
-1276327
-1275411
-1272453
-1271743
-1256844
-1248376
-1248280
-1245802
-1244544
-1242661
-1242250
-1238572
-1236922
-1234940
-1229788
-1228919
-1228201
-1227692
-1219898
-1217398
-1214287
-1212888
-1212215
-1211431
-1209691
-1205090
-1201241
-1198472
-1195590
-1192577
-1192059
-1191839
-1189986
-1184589
-1183663
-1182152
-1178836
-1176072
-1175167
-1174571
-1166396
-1165098
-1163964
-1162831
-1162672
-1159974
-1156907
-1153242
-1145496
-1140508
-1139067
-1129503
-1116933
-1116451
-1115797
-1110154
-1109042
-1103642
-1099318
-1099070
-1095041
-1092138
-1077460
-1076537
-1076412
-1073346
-1072891
-1070583
-1064486
-1062083
-1034646
-1033013
-1032310
-1032279
-1031742
-1023550
-1022509
-1022184
-1016915
-1014986
-1012437
-999341
-994999
-994458
-992550
-988162
-985960
-973729
-971847
-970223
-961688
-950033
-948250
-939610
-935463
-932298
-926891
-926536
-922902
-922484
-907560
-893036
-892494
-884032
-878557
-877696
-874894
-871852
-869658
-869320
-861793
-859035
-858505
-854748
-843639
-843430
-834836
-834161
-833278
-831485
-831435
-827010
-816241
-813760
-809981
-807441
-807214
-806107
-803586
-797078
-788904
-784332
-782832
-762849
-760011
-753476
-750615
-749069
-747369
-743016
-737163
-736527
-727842
-726893
-725847
-723429
-721064
-714983
-713978
-713678
-711498
-708660
-699697
-699611
-698408
-694973
-691996
-691498
-691260
-676599
-676066
-658187
-654355
-653119
-620099
-616354
-610121
-602595
-601430
-600728
-600600
-599825
-599608
-599194
-598685
-596398
-593977
-592350
-583337
-580763
-580711
-577855
-577622
-576629
-574442
-574346
-558395
-554176
-553603
-550664
-548049
-543902
-525188
-523137
-523052
-518038
-506654
-503819
-502372
-500057
-499973
-492670
-491812
-490347
-488946
-485118
-482090
-479130
-477866
-463982
-459330
-455303
-446619
-436341
-428125
-426425
-424657
-423723
-420520
-412061
-407684
-405516
-402376
-396679
-394591
-382761
-380308
-379611
-376796
-371672
-369169
-361108
-361033
-350898
-347073
-346114
-340901
-332073
-326300
-319409
-316864
-312504
-310827
-307013
-301012
-300054
-298143
-294467
-290130
-286663
-283959
-275365
-273681
-272460
-269169
-267868
-265032
-264366
-258651
-242296
-236120
-226166
-226070
-217090
-213573
-212067
-210547
-209409
-208759
-207851
-205042
-202944
-200308
-186301
-181974
-181498
-181259
-180095
-175640
-160898
-155646
-153603
-149829
-145877
-142772
-130286
-127971
-127857
-124296
-116771
-114302
-112151
-108359
-107122
-106023
-105478
-105460
-101261
-100953
-100710
-96162
-92189
-89861
-89808
-87380
-85686
-74675
-73885
-73528
-72801
-69159
-68801
-67464
-66208
-62555
-59364
-54947
-54309
-52823
-51777
-50101
-41984
-39944
-34687
-33520
-29032
-24540
-17294
-17257
-12872
-7291
-7253
1124
4934
8705
9551
11333
12956
19684
21395
28809
29056
30919
43807
50642
56165
58034
64421
66843
71405
81362
81980
83255
89198
95817
96898
105495
106736
108544
109908
115440
115662
117634
124948
126577
138230
139646
140068
148258
155660
156831
159917
160133
164938
165052
165893
166404
170494
174171
175588
184207
191009
192243
198188
200201
200906
209290
213972
220144
222685
224717
224798
227019
230849
231908
233170
234309
240613
241694
250090
251572
256906
263722
266825
268361
269871
271949
272568
275431
275741
280882
281218
283556
285061
294591
303011
304485
304493
318323
323392
331648
335756
345721
345872
350932
354376
360641
365981
371111
371227
376500
387077
388406
388771
392811
395570
398385
399720
407319
415634
421675
422455
429625
430692
431240
431452
435157
436476
437726
438271
441510
443967
446862
449619
452378
453466
454364
458372
462014
467307
472070
473316
476474
478387
481478
487554
490692
491762
492284
492330
493532
501308
503857
506491
507612
508268
512102
513768
515992
534141
543387
555357
558002
560928
566139
569360
583367
587989
590234
596419
601811
603693
604266
609146
610500
614561
614685
615065
617707
619213
623705
627551
627657
627993
631468
632177
632696
635358
636568
637850
652419
655331
657106
657301
658232
661577
663376
668155
672661
676907
679658
684270
687548
708032
714021
722505
723242
726226
726701
731579
737879
744455
746099
748430
752918
757914
762508
766083
767948
769033
772471
772785
777172
778845
788940
791360
797256
797787
800660
800813
813130
813259
820425
826975
831735
837388
845807
846013
856022
858781
864357
864566
870039
871441
871753
872127
873288
875222
879132
883971
886641
889447
894617
900159
900411
903503
906819
907731
911391
914623
919250
921610
926584
931838
932022
933038
938946
942917
944752
949343
959926
961358
961875
962324
964891
971259
972583
975590
977945
985487
988902
991169
992628
1002454
1002560
1003107
1013038
1015336
1019622
1025992
1027532
1032113
1038252
1040623
1047885
1049844
1052471
1057500
1064033
1072248
1076086
1078163
1078420
1085391
1097482
1098794
1102679
1109418
1111177
1112434
1121571
1123795
1124288
1125548
1138393
1140740
1144212
1145096
1148015
1150419
1151110
1155731
1156888
1158048
1158760
1159934
1160930
1161067
1166744
1168660
1171470
1173583
1175006
1179485
1184593
1191950
1196963
1199104
1199521
1202607
1211268
1213782
1221146
1221501
1229198
1232055
1232312
1251744
1258880
1274175
1274932
1281980
1282444
1283437
1295720
1308157
1309786
1309867
1310080
1311878
1316682
1323836
1329087
1333350
1333614
1333727
1335189
1339683
1346999
1347377
1347377
1349035
1359037
1359598
1368798
1369145
1371160
1373217
1374190
1378162
1382039
1383876
1394101
1399751
1404074
1404984
1405076
1414021
1418387
1420351
1423220
1427115
1432456
1433514
1438143
1438490
1441086
1441852
1449273
1450475
1452191
1453529
1457235
1461807
1472986
1473869
1474488
1474636
1478733
1482997
1483498
1498670
1501533
1507908
1507962
1508955
1512553
1515806
1519432
1519573
1520705
1526259
1533377
1543499
1543962
1546252
1553212
1558393
1565331
1567919
1578289
1579834
1579885
1585821
1586119
1589770
1591023
1599124
1611167
1614314
1620503
1623318
1624933
1635646
1638963
1654209
1656836
1657890
1680022
1688282
1708972
1711061
1717984
1719517
1724310
1729689
1734476
1736324
1745826
1749006
1752016
1752238
1760611
1761470
1766788
1771706
1773777
1773905
1774098
1787604
1788362
1789452
1789831
1791639
1791909
1805439
1805588
1808221
1809277
1810644
1817118
1827596
1836010
1844643
1856525
1868601
1871075
1872474
1880559
1886581
1886829
1896353
1902268
1902473
1920743
1924558
1928853
1935063
1937119
1951186
1952014
1952787
1953889
1958984
1959995
1969205
1980834
1981718
1986408
1988691
1991548
1995765
1998848
