-1999304
-1999275
-1992638
-1991539
-1974748
-1971856
-1964674
-1961948
-1960667
-1953787
-1953724
-1952933
-1950802
-1947385
-1946485
-1946340
-1938834
-1933899
-1914702
-1911914
-1909161
-1902912
-1899700
-1885830
-1864111
-1858577
-1855752
-1851757
-1846856
-1838167
-1834011
-1829125
-1827245
-1822251
-1815144
-1809937
-1808815
-1807008
-1805022
-1800333
-1794418
-1794086
-1774831
-1774641
-1767136
-1761838
-1758648
-1751729
-1746826
-1745018
-1744589
-1744372
-1733664
-1726969
-1723402
-1721688
-1717332
-1713402
-1709015
-1704300
-1701984
-1689794
-1678466
-1677542
-1677132
-1662580
-1660062
-1654337
-1648072
-1636104
-1634409
-1632574
-1629996
-1629052
-1626995
-1620338
-1618264
-1611595
-1607508
-1604811
-1602434
-1596485
-1574030
-1566918
-1566067
-1555615
-1552775
-1540262
-1534298
-1533392
-1532050
-1525113
-1524732
-1521150
-1510974
-1507268
-1506565
-1500232
-1497674
-1495199
-1492869
-1485573
-1470791
-1464429
-1461642
-1454502
-1453516
-1442448
-1437982
-1437908
-1437725
-1437438
-1433431
-1428384
-1424720
-1424601
-1411619
-1410019
-1403088
-1400345
-1400288
-1395822
-1393469
-1393347
-1387675
-1387216
-1386710
-1385356
-1384469
-1381531
-1374276
-1367582
-1366404
-1361974
-1355533
-1355279
-1348716
-1344895
-1342785
-1341939
-1339695
-1339546
-1337621
-1334081
-1330576
-1328355
-1323125
-1322327
-1311231
-1305335
-1300875
-1300761
-1299378
-1296998
-1291370
-1291155
-1289299
-1276519
-1271142
-1270415
-1260530
-1255147
-1254481
-1246381
-1241802
-1231081
-1226940
-1224525
-1222467
-1221830
-1216375
-1213568
-1210827
-1205059
-1203972
-1201714
-1199406
-1195696
-1193492
-1189652
-1188931
-1184899
-1180260
-1176592
-1175204
-1171692
-1162701
-1149065
-1144617
-1141188
-1139918
-1136148
-1133718
-1130775
-1130147
-1130039
-1114983
-1113830
-1102519
-1101546
-1100009
-1097933
-1096750
-1096473
-1093942
-1084439
-1082973
-1080013
-1071778
-1067570
-1061058
-1059087
-1055753
-1052990
-1048082
-1038694
-1038011
-1031589
-1022602
-1017210
-1016417
-1013965
-1012503
-1012172
-1011411
-1011317
-1009160
-1007341
-1001433
-999737
-988865
-988568
-973786
-971056
-965474
-958336
-957782
-955866
-955803
-943928
-943914
-935613
-923046
-918134
-917668
-917077
-916012
-913195
-912155
-911073
-907816
-905904
-905129
-902034
-898233
-895957
-879695
-876750
-874204
-873702
-873209
-863020
-861320
-858989
-858866
-857940
-856021
-845862
-845262
-831674
-831494
-828952
-819634
-816869
-816188
-815123
-814867
-814785
-813054
-807276
-806975
-806408
-802520
-800057
-797796
-792147
-781415
-781396
-776795
-772292
-768532
-767167
-765557
-759339
-757573
-757477
-757284
-753400
-752743
-749280
-746416
-745874
-741458
-730272
-730040
-728505
-727101
-725938
-725854
-725097
-722783
-719703
-713619
-703237
-702581
-699489
-697448
-695308
-688313
-687356
-685668
-685138
-683786
-682667
-676240
-675380
-672897
-666431
-663759
-662284
-659349
-655741
-650788
-647610
-645874
-645505
-643221
-634383
-628277
-628203
-620032
-611702
-611507
-611298
-608145
-599433
-586381
-577395
-576241
-569366
-561771
-559050
-555806
-546727
-543087
-541578
-540667
-539824
-535496
-525529
-510625
-505538
-504392
-501431
-495522
-490220
-485578
-484337
-484267
-484077
-480523
-478483
-466365
-465753
-464634
-463942
-463872
-462229
-460940
-454690
-452680
-452424
-451269
-423989
-422133
-420804
-411204
-409992
-393039
-391931
-374673
-357406
-348746
-348500
-347378
-343073
-337612
-334751
-329780
-324291
-313825
-310711
-303412
-301735
-300981
-287538
-287224
-283934
-281261
-280865
-278039
-269862
-254827
-252842
-250899
-243129
-242830
-241939
-236425
-227818
-222334
-221154
-220123
-209972
-199272
-197674
-196808
-193376
-188065
-186711
-185970
-179290
-175557
-175033
-175009
-173156
-167348
-166740
-163235
-156223
-154334
-152178
-151652
-149893
-148119
-147856
-147623
-145649
-145346
-135733
-133041
-132793
-131890
-129312
-127060
-120993
-118923
-118479
-114540
-114434
-108856
-108813
-108586
-104989
-104163
-99111
-96527
-91704
-89900
-89135
-86591
-86514
-86447
-75840
-75751
-75020
-72543
-70687
-67348
-64180
-60195
-58810
-58391
-54765
-53745
-50251
-46372
-45193
-37783
-36074
-35852
-16940
-14320
-5583
-5398
-5217
-3637
625
6887
9613
11140
13790
15383
18704
21900
29955
41700
42356
54910
62804
66254
66954
67630
72474
79659
79942
79975
80616
87562
92011
95758
97849
108239
114812
116350
117012
120528
126087
128057
134782
137563
147961
153212
153590
155986
159124
160812
160897
161415
162151
171542
175324
176729
177835
179339
179569
182030
183336
191704
191911
195686
200379
200541
215962
216976
220814
220864
226797
230716
232716
234707
238140
244487
246529
249863
250997
255875
258128
262185
264518
270707
289291
289681
295911
296244
308124
311379
313512
323581
327014
327194
328206
337998
347006
347724
353480
359043
360887
371038
384576
393639
396180
399604
400627
408488
410138
414167
417638
419553
419873
424875
435383
437899
444001
447039
448802
481930
486738
487681
494108
508831
514205
514321
522322
522737
525762
529800
532360
535038
535310
535856
535881
536272
536646
544550
545059
548147
552030
554965
555219
561436
562563
565285
573304
575985
579675
582699
586112
587550
588571
590338
590892
591270
593368
599302
600910
601768
613924
618850
635964
639113
645793
647860
661566
663711
664729
665386
671250
671271
674473
677357
681968
683723
689117
689524
692006
692237
692344
698403
701944
706484
713805
716468
718246
729276
743931
744562
747393
747524
750822
761576
766705
771177
780542
782742
784514
790744
791633
804558
816550
817552
822785
825157
826091
831410
831578
838327
855357
856998
860977
862818
863538
872113
881568
882369
882577
887860
895769
899171
901100
911004
911687
912781
924835
928109
929209
931564
942470
942792
947936
957329
962963
965683
965839
966225
972619
974126
974315
976544
977603
989347
990762
991681
994136
994446
995808
998047
1026134
1026900
1029693
1032617
1034108
1034789
1035275
1037159
1041764
1043447
1045538
1051678
1056931
1059260
1064113
1064865
1064904
1068021
1069953
1070440
1076440
1081006
1081601
1089579
1096766
1097630
1101062
1102320
1102952
1114801
1115329
1116686
1116838
1119059
1123985
1126139
1130454
1150523
1150830
1151156
1158053
1163478
1164330
1164491
1166206
1170699
1176439
1179234
1179926
1183441
1189541
1191913
1196075
1198132
1201494
1212365
1216255
1224618
1224753
1225995
1226203
1231508
1234443
1239538
1241595
1242264
1243234
1247834
1251154
1257139
1258064
1259358
1269609
1272111
1274470
1281297
1281650
1291709
1297360
1308116
1308223
1308763
1313594
1314827
1319437
1320583
1322615
1326924
1327689
1333454
1334592
1337511
1339167
1343498
1349073
1350942
1351820
1353838
1357561
1365948
1373641
1378174
1381894
1382149
1391800
1399319
1399652
1403783
1405745
1415964
1416559
1419169
1421733
1422607
1422774
1428520
1429201
1435808
1441302
1454370
1460633
1461923
1466926
1472332
1478883
1480013
1486526
1487206
1489035
1492750
1503382
1507430
1521212
1527168
1532650
1538869
1540956
1543839
1544934
1545602
1545920
1550312
1550498
1553947
1560334
1565499
1575046
1576231
1576754
1586524
1596345
1596676
1597998
1598353
1602292
1607876
1612172
1616626
1623389
1624245
1625086
1626365
1628296
1631792
1634217
1634484
1637526
1638203
1650029
1660419
1661427
1671161
1672913
1674176
1674472
1674858
1679605
1679640
1684357
1686079
1693356
1699994
1706417
1712547
1719577
1722400
1725499
1730326
1734724
1737032
1737929
1753300
1758262
1761408
1763940
1765864
1765980
1768455
1770494
1774994
1775501
1783356
1784350
1797841
1802680
1805641
1810519
1812233
1813876
1814368
1816368
1824035
1827845
1829408
1831233
1835014
1842629
1842919
1844006
1845239
1845424
1846561
1850830
1857571
1864565
1866330
1875887
1876087
1878277
1883239
1889744
1890115
1891179
1893150
1893279
1904903
1910324
1922181
1922690
1925255
1929281
1931434
1933750
1943199
1944067
1947785
1954904
1956880
1958081
1959396
1959885
1964019
1966101
1972859
1973247
1979396
1980740
1981126
1987742
1990837
1994633
1996568
1996660
