-1997096
-1993986
-1991960
-1981243
-1979485
-1978706
-1969466
-1961627
-1961357
-1957491
-1957099
-1949292
-1941263
-1939396
-1939148
-1936928
-1933729
-1931506
-1925698
-1916908
-1904815
-1904385
-1902672
-1902216
-1900935
-1896740
-1896359
-1896100
-1893395
-1893143
-1888145
-1887284
-1885101
-1873820
-1867337
-1864450
-1864071
-1860811
-1853864
-1850099
-1846131
-1844274
-1835137
-1833691
-1827686
-1826636
-1813840
-1808908
-1806310
-1801964
-1792471
-1792267
-1788874
-1784685
-1783506
-1780303
-1774511
-1772057
-1771481
-1768426
-1764039
-1763885
-1750780
-1747395
-1732998
-1732061
-1731913
-1730919
-1729576
-1728988
-1726937
-1725347
-1721230
-1713957
-1711446
-1709177
-1699026
-1693533
-1690782
-1690691
-1688427
-1686447
-1683947
-1681288
-1680289
-1679082
-1677062
-1675503
-1674871
-1674698
-1670334
-1657170
-1630277
-1625550
-1615434
-1615070
-1613449
-1612825
-1608977
-1607449
-1604628
-1598237
-1597410
-1594088
-1588647
-1585467
-1584207
-1580659
-1580588
-1579201
-1576123
-1573947
-1563857
-1562016
-1554479
-1554301
-1551795
-1543210
-1543073
-1525039
-1506105
-1497271
-1481088
-1476522
-1474556
-1469378
-1462875
-1458192
-1448662
-1443033
-1442369
-1429289
-1429034
-1428714
-1427106
-1427019
-1426912
-1421388
-1418374
-1415512
-1411095
-1385874
-1382422
-1378005
-1374662
-1374331
-1374227
-1373301
-1370053
-1369504
-1368780
-1357647
-1354200
-1353727
-1349796
-1348745
-1338322
-1308070
-1304930
-1301559
-1300413
-1298819
-1298257
-1295913
-1295695
-1293787
-1290987
-1289787
-1286341
-1286243
-1285749
-1282198
-1277538
-1268287
-1268197
-1259258
-1259054
-1256979
-1240775
-1232296
-1228655
-1224320
-1221589
-1220867
-1216761
-1204340
-1202180
-1199659
-1194158
-1193068
-1187713
-1187347
-1184716
-1182405
-1179791
-1178715
-1175308
-1172438
-1165235
-1164613
-1162952
-1160999
-1155028
-1153543
-1145986
-1143881
-1141432
-1139325
-1136925
-1127993
-1125747
-1119970
-1119835
-1116387
-1106769
-1101327
-1098966
-1090540
-1089267
-1083417
-1075135
-1074508
-1065484
-1063386
-1053982
-1053920
-1045086
-1033397
-1031793
-1024785
-1024277
-1023301
-1016332
-1015975
-1010376
-1009719
-1008608
-1007939
-995192
-988340
-982782
-982422
-979921
-979796
-979409
-974024
-970455
-968742
-965092
-964647
-962625
-959073
-955788
-948364
-939258
-935310
-935234
-934205
-932263
-930844
-930252
-928115
-916823
-906934
-905480
-902775
-896514
-893099
-892389
-888423
-872569
-866120
-865061
-864337
-857020
-856159
-853607
-850216
-837552
-836992
-831924
-828496
-826293
-819717
-816673
-802951
-794537
-792103
-789146
-788972
-785493
-784035
-779808
-772858
-772122
-768296
-756555
-746520
-746066
-743951
-743155
-742645
-738282
-734505
-734460
-728420
-720667
-720157
-718849
-717562
-717119
-716885
-712981
-710942
-708821
-706114
-703241
-699960
-699018
-698480
-691145
-690825
-689763
-688351
-683937
-661320
-657084
-654581
-654421
-653765
-651433
-649721
-643200
-640310
-639676
-630223
-629259
-624939
-621088
-602789
-597566
-590072
-589605
-585120
-583600
-581669
-580753
-576732
-573701
-571800
-569930
-569594
-568766
-567853
-567838
-564947
-559614
-558356
-549214
-544363
-535428
-532653
-531672
-527971
-526824
-524411
-516707
-514656
-514438
-509244
-509041
-502796
-499914
-499512
-495958
-489132
-487990
-475592
-474087
-473694
-471522
-471105
-470849
-466862
-459172
-454866
-453631
-442602
-433923
-433114
-429778
-428163
-424980
-423478
-423087
-419517
-410724
-407803
-387129
-383185
-379243
-364917
-360152
-348036
-329198
-320757
-320416
-319678
-310111
-309287
-308152
-306237
-301588
-301407
-295923
-293142
-291679
-290140
-287914
-287605
-285866
-284262
-281043
-280005
-279322
-265388
-264996
-264603
-257555
-246847
-245280
-244553
-242266
-240171
-238573
-238498
-236758
-232479
-225425
-222200
-215536
-210664
-205166
-199927
-193924
-190040
-186730
-186026
-185003
-181805
-181144
-175191
-169201
-166818
-163223
-162855
-161327
-159631
-152999
-136954
-131432
-130364
-126586
-123089
-120053
-107169
-104329
-104197
-101721
-94509
-94333
-86785
-86392
-81096
-79825
-75719
-74450
-74179
-72961
-65348
-63807
-58305
-54451
-52941
-51619
-49190
-45561
-45358
-39696
-37059
-30927
-30238
-25555
-21869
-21747
-863
2044
2205
3617
15877
30480
32211
35814
37659
38268
45225
46498
47040
54524
55848
63067
66371
76090
76431
76531
81811
83222
83978
85179
89959
97262
99854
110217
111751
116847
123357
123792
124153
124691
125287
128765
132356
134265
135873
139853
148510
152540
155432
160378
160958
161032
161614
161866
163507
166712
167113
168224
168967
169160
171046
171596
171750
174927
177341
184072
185035
190259
190847
194426
196785
198262
200079
201879
212153
212987
213460
215590
218858
220911
221638
223339
226045
227461
232515
233248
236125
241722
251132
253835
258327
271471
275490
276549
278436
279807
280413
280503
284705
285399
291600
300561
301816
302069
307079
309838
320015
324443
326489
327029
329010
331957
333115
337297
337393
339012
341131
341585
342944
345061
350578
355819
362761
367163
379870
386403
391080
396522
398634
408639
409198
412288
422381
441927
460266
481707
483509
484878
485767
486535
486905
488980
490057
492183
493053
493140
499696
505384
511758
516409
523950
537951
544361
547725
549253
550410
556689
561451
562630
569786
573226
580759
593820
596890
597057
597172
605162
606558
610570
610931
612691
620127
622124
631162
631192
632046
636629
642771
652018
673135
680734
685404
687045
688684
693493
696532
696604
697084
698629
700604
703521
707375
710136
712776
720028
720427
722025
726394
732204
733772
748062
756063
769299
782177
783177
785435
787297
794511
796519
797962
802122
812718
815062
815270
817584
817934
819022
822516
822998
823797
825220
832652
844367
845176
850525
851499
851646
857885
862308
862961
864039
865629
865643
868472
869126
870184
870306
877127
887382
890237
892828
893431
896108
896376
906178
911025
912436
915662
920812
924964
931671
937865
941041
945157
953166
955496
955690
962493
963325
963937
964280
966206
967313
984014
999199
1007935
1016649
1027141
1031661
1032757
1036126
1036436
1043147
1043669
1045186
1054873
1055449
1057128
1064550
1064769
1066256
1068483
1072023
1072393
1074772
1074812
1079135
1081381
1086040
1092144
1093863
1094757
1095911
1103056
1103134
1108093
1111639
1112214
1115746
1116351
1117297
1117519
1122738
1124944
1125438
1128082
1128805
1136565
1140952
1156786
1157566
1164980
1166309
1168781
1169243
1183064
1184427
1188165
1190512
1197216
1198057
1199728
1206869
1211307
1214217
1218375
1222820
1223952
1227983
1244667
1262092
1262772
1264271
1268508
1269638
1279055
1299440
1309240
1311789
1313104
1317798
1321009
1330871
1333289
1336482
1336818
1341089
1342181
1350231
1353882
1354089
1362974
1366680
1368238
1371935
1373427
1373673
1374227
1382777
1394437
1396980
1400691
1411471
1412799
1416257
1423514
1427069
1427715
1429217
1436622
1447994
1448812
1458618
1460151
1461147
1462234
1464005
1472049
1476992
1485801
1487991
1491481
1491894
1494614
1498493
1513126
1523936
1530058
1530243
1540521
1541278
1544033
1546851
1547482
1550036
1551337
1553482
1554751
1578016
1581294
1582549
1582641
1583942
1585996
1593021
1596112
1597268
1597798
1602453
1607059
1611553
1614243
1619889
1620744
1630328
1633454
1635923
1646357
1646579
1660903
1666062
1667514
1669722
1670850
1672487
1673479
1674719
1677971
1681891
1684935
1687178
1687951
1695278
1702991
1703638
1707447
1707701
1709641
1712662
1715762
1715940
1721564
1722214
1723493
1725699
1727129
1731211
1731704
1735980
1738649
1740273
1752775
1754740
1762801
1765233
1768523
1770993
1780316
1788908
1793766
1794171
1795708
1803514
1804061
1809891
1811993
1813768
1820841
1824072
1828626
1833476
1835502
1837262
1843817
1851197
1851258
1852550
1853403
1854798
1855317
1856882
1867180
1868231
1869703
1876665
1877762
1879833
1882217
1892258
1896931
1900433
1900532
1913265
1925659
1926727
1944738
1945351
1945434
1946145
1956886
1963204
1968285
1969478
1971517
1982589
1983191
1986231
1992276
1996169
1997190
1997536
