-1994992
-1989897
-1989137
-1988401
-1973309
-1972016
-1969088
-1967036
-1959584
-1956168
-1953856
-1950605
-1949330
-1944338
-1943784
-1943561
-1938008
-1937589
-1931170
-1929809
-1927990
-1921270
-1918728
-1918625
-1916826
-1908891
-1903311
-1898809
-1896134
-1895992
-1893814
-1892259
-1890736
-1887245
-1873757
-1866885
-1863019
-1862329
-1861552
-1857269
-1856598
-1855834
-1850392
-1850128
-1846472
-1844822
-1843638
-1841924
-1841783
-1839642
-1834565
-1834512
-1830663
-1825607
-1822383
-1821736
-1818640
-1818519
-1817587
-1812473
-1810134
-1803267
-1798109
-1795847
-1780160
-1779970
-1779238
-1775415
-1774087
-1768404
-1767032
-1764827
-1759613
-1758841
-1758536
-1748452
-1737219
-1732967
-1730400
-1730304
-1728693
-1726198
-1720156
-1719552
-1707704
-1705663
-1701635
-1697103
-1683258
-1680643
-1670095
-1669900
-1668281
-1667447
-1664599
-1661803
-1654232
-1645723
-1632907
-1632820
-1629195
-1627559
-1625258
-1605837
-1596037
-1595846
-1587651
-1585824
-1582849
-1582526
-1579938
-1579289
-1576118
-1569330
-1566234
-1565281
-1553022
-1547191
-1545076
-1526346
-1509884
-1502813
-1501377
-1499290
-1498315
-1490508
-1486519
-1485372
-1484273
-1473820
-1473561
-1467746
-1462472
-1457984
-1454079
-1453026
-1448062
-1447035
-1442616
-1441378
-1439944
-1430227
-1428400
-1425941
-1423326
-1415737
-1407160
-1397033
-1391855
-1390376
-1385021
-1379612
-1373289
-1370374
-1367226
-1364603
-1350189
-1339121
-1331848
-1321838
-1314252
-1311719
-1297884
-1296516
-1295871
-1292068
-1292044
-1290787
-1288941
-1286523
-1283531
-1281361
-1262869
-1262094
-1255987
-1238293
-1236571
-1234517
-1232128
-1228844
-1228006
-1227595
-1226601
-1225682
-1224976
-1222384
-1216601
-1213448
-1211080
-1209729
-1207584
-1202311
-1198628
-1198506
-1196254
-1194011
-1193454
-1192356
-1189169
-1187561
-1186308
-1176173
-1164946
-1163689
-1156970
-1152853
-1150056
-1147166
-1137146
-1134370
-1132963
-1128394
-1127089
-1121673
-1120210
-1113935
-1106679
-1099997
-1089218
-1077534
-1077410
-1075056
-1073276
-1073172
-1066245
-1061576
-1061337
-1060907
-1050381
-1046084
-1044765
-1040230
-1035161
-1024542
-1010642
-1009451
-989486
-987354
-985579
-984024
-978888
-975176
-974215
-973181
-973130
-972944
-972921
-963551
-959705
-938380
-933394
-925439
-925375
-920471
-907151
-902430
-894899
-891243
-875613
-873901
-868050
-866187
-864732
-862109
-853252
-852420
-851586
-849959
-833567
-829074
-824459
-821121
-820847
-815514
-801267
-798503
-797247
-777802
-771768
-760413
-756654
-755530
-750325
-749612
-749205
-744985
-744589
-742131
-739069
-728209
-719963
-708152
-704248
-700733
-692875
-686127
-683503
-678483
-674279
-671818
-667570
-667140
-665539
-662650
-661901
-658456
-657588
-653342
-650775
-649526
-643164
-642540
-637857
-636351
-629796
-629704
-622942
-617410
-617162
-611252
-606222
-599389
-597790
-591063
-590664
-585144
-583747
-582286
-578540
-575794
-566390
-559237
-551460
-545813
-544876
-542292
-542110
-539749
-537718
-527108
-519909
-519202
-518048
-514275
-509833
-503208
-491665
-488479
-484766
-482742
-475896
-475819
-475332
-474094
-472864
-462122
-451040
-449922
-448980
-448377
-447930
-445807
-436298
-434907
-432684
-426228
-422921
-415706
-409976
-404529
-404181
-403786
-393921
-388802
-383321
-382747
-374286
-373555
-369953
-367166
-354323
-351825
-351531
-349198
-349166
-345407
-345187
-345144
-342310
-340626
-339353
-337941
-337386
-327642
-325564
-324332
-323932
-316938
-316311
-315018
-305587
-299934
-296347
-293252
-291961
-291529
-288285
-286390
-285770
-274537
-269938
-255415
-250136
-241064
-234962
-233467
-228741
-226491
-215208
-213326
-203741
-192328
-190491
-188461
-185727
-185156
-182606
-179763
-179468
-179121
-177303
-175584
-174504
-171743
-170338
-155181
-147714
-147451
-143900
-143414
-135988
-130272
-105863
-104143
-89616
-87722
-86908
-85718
-75370
-68271
-63931
-59250
-56830
-56578
-53633
-48258
-39643
-33833
-33630
-29385
-23826
-19730
-15472
-15046
-14551
-12739
-1647
-1182
4818
7126
9784
31395
33437
33837
43004
45480
46905
48455
49059
51502
53087
53239
55271
56927
57657
60282
60920
62808
65757
79824
88146
90150
95091
99990
107273
108905
111317
112676
113464
115360
123117
129065
131664
134857
138874
143022
144581
144607
145923
149784
150218
158588
164592
165514
166017
167362
168290
174797
175191
178844
179773
179830
180019
180095
184278
190318
193351
206108
215328
215767
218791
229132
229937
231536
232135
233910
241837
249534
251733
251848
252373
254798
257034
260575
264452
264797
267027
269431
293998
294502
301363
302502
315749
324049
326797
327060
328074
329809
332168
335322
348553
349706
356154
359726
363787
366712
369372
371931
379877
380659
386909
393718
394942
396554
402169
406316
407458
410366
413788
415828
416959
423469
426071
426739
428845
428901
436940
444051
447274
450935
451285
460165
466053
467786
467975
479793
487349
493948
495093
502883
511968
519164
520176
524228
524764
526078
527800
534586
542317
550390
550748
554159
557867
562552
563288
564100
566110
568063
568142
568312
569415
573865
574502
579788
582580
587091
590392
591595
595828
596896
604518
605826
609987
612280
612756
624855
629841
629844
634708
638168
648593
650362
654723
657654
660942
662032
663203
663668
672877
676056
677995
687937
689498
709620
710486
712633
716998
718220
718924
722456
725932
734542
739761
740819
746474
748035
754845
770239
772370
774287
775836
786936
789573
792831
794807
795694
795959
797462
806229
812767
821172
825633
825706
833531
837328
838254
840082
843607
844456
844839
845629
846475
856879
862774
862805
873147
875532
881693
884295
889294
893652
898466
901327
904835
911382
912206
912301
916638
919123
929449
930979
934222
936189
941658
945737
949328
950792
951015
951064
952640
952978
953744
956856
957092
962246
962857
962880
967177
967551
968555
969652
971493
973934
975539
977173
979993
980142
982851
995595
1000915
1003592
1010259
1019948
1023384
1030131
1030157
1032466
1033612
1042196
1059906
1060803
1060972
1066268
1066680
1068432
1070013
1075464
1087258
1095338
1102814
1103579
1104178
1106151
1109633
1110283
1110433
1114426
1117702
1120594
1120979
1123373
1124649
1128925
1129504
1130798
1133077
1143096
1148341
1149634
1153462
1156568
1159172
1163683
1165593
1177377
1177973
1187544
1196900
1198069
1198686
1212739
1212871
1214760
1214780
1216493
1225871
1228962
1229686
1237664
1240299
1240766
1245896
1248959
1256042
1256797
1258686
1259732
1263748
1268715
1269605
1271853
1290966
1300967
1303870
1304219
1306443
1308620
1309420
1309971
1311023
1312549
1315031
1317211
1319077
1319461
1322383
1322762
1323395
1323672
1326229
1330241
1333185
1334534
1337860
1341528
1343552
1346519
1347713
1352187
1354556
1355690
1357923
1367034
1368090
1377145
1378450
1379885
1382477
1383561
1392499
1398821
1406461
1412743
1416912
1429162
1431616
1442294
1445938
1450929
1457403
1457987
1462678
1467019
1469821
1472366
1475924
1485285
1488209
1488387
1497618
1502845
1505023
1505772
1506268
1516539
1526173
1534196
1534777
1536589
1541566
1546576
1546792
1549685
1550049
1550964
1561233
1561571
1562765
1565459
1565998
1573138
1579489
1585045
1591516
1596063
1596978
1604561
1607169
1613920
1614265
1617888
1619630
1620847
1624510
1625240
1626434
1627483
1628805
1629997
1630538
1634140
1635118
1650537
1655312
1660143
1664914
1665338
1665880
1666718
1669198
1679951
1682191
1689866
1697295
1699023
1700168
1714310
1714414
1715047
1715437
1716991
1726746
1728905
1733380
1736461
1739995
1757421
1758825
1759269
1760264
1761794
1761861
1764356
1769651
1774227
1785067
1785639
1786829
1790263
1790699
1791126
1791814
1800716
1803817
1814610
1818001
1820704
1823603
1830414
1830836
1832532
1833719
1836412
1847167
1852479
1859326
1859690
1861418
1862697
1864492
1865528
1882742
1885086
1887918
1889042
1892805
1894068
1896794
1898834
1908201
1909031
1909982
1912910
1915274
1919909
1920811
1924211
1932827
1934991
1939409
1939527
1940668
1947110
1959461
1960465
1963209
1982034
1991746
1991749
1996833
