-1995632
-1987559
-1981447
-1979727
-1969640
-1962052
-1950172
-1945750
-1940561
-1936873
-1935186
-1928962
-1926809
-1921395
-1920038
-1919682
-1918404
-1913591
-1908297
-1906292
-1898887
-1898835
-1890275
-1885736
-1885703
-1885373
-1884202
-1880158
-1877644
-1875568
-1874703
-1871726
-1869681
-1859010
-1856046
-1855089
-1851684
-1845403
-1836975
-1832719
-1828764
-1828052
-1823571
-1814373
-1813611
-1811541
-1808173
-1803420
-1798860
-1796834
-1789121
-1788817
-1777919
-1777120
-1776046
-1775568
-1765267
-1765263
-1762732
-1749264
-1747779
-1747318
-1742503
-1722844
-1721430
-1708700
-1708104
-1707346
-1703673
-1702364
-1698671
-1694522
-1686171
-1682410
-1680356
-1670491
-1668667
-1666315
-1665877
-1654106
-1651225
-1635989
-1631955
-1629461
-1624020
-1621952
-1619982
-1618999
-1614087
-1609041
-1608856
-1605793
-1601198
-1597841
-1594963
-1594792
-1594512
-1593227
-1593073
-1584567
-1584202
-1583852
-1577378
-1573537
-1572276
-1571479
-1570279
-1568135
-1553292
-1539846
-1536676
-1535991
-1533553
-1533509
-1531616
-1529242
-1521633
-1506284
-1503730
-1501750
-1489082
-1481356
-1468864
-1468036
-1467187
-1463489
-1460702
-1455252
-1453962
-1452360
-1446066
-1441765
-1433792
-1432992
-1428239
-1428073
-1424755
-1424337
-1413666
-1410860
-1410628
-1406586
-1399863
-1389336
-1389044
-1387823
-1383039
-1377311
-1375088
-1374390
-1371863
-1364676
-1363912
-1363350
-1356978
-1350803
-1347823
-1341333
-1338186
-1336347
-1331712
-1330151
-1328058
-1326293
-1323150
-1319155
-1312807
-1311201
-1302883
-1301936
-1298655
-1283655
-1280127
-1275967
-1268550
-1264441
-1257594
-1257315
-1257273
-1247391
-1243131
-1237823
-1235379
-1234896
-1227451
-1217062
-1209157
-1207925
-1204685
-1203431
-1203182
-1191895
-1182682
-1174373
-1172470
-1171348
-1163309
-1153393
-1153127
-1152768
-1152646
-1148183
-1140619
-1140503
-1129873
-1128646
-1126558
-1119581
-1119019
-1113021
-1105356
-1101481
-1093516
-1093449
-1088505
-1086367
-1083631
-1070018
-1068832
-1067318
-1066293
-1062149
-1056612
-1054903
-1052149
-1045776
-1044194
-1043237
-1041013
-1040172
-1038078
-1037649
-1036015
-1035634
-1026074
-1024800
-1023395
-1021284
-1014420
-1013554
-1005733
-996833
-996195
-995968
-977081
-976650
-975405
-970811
-969124
-959533
-954368
-953173
-951456
-949966
-948694
-948017
-947787
-940665
-932331
-932105
-931111
-924058
-922023
-921703
-921699
-918721
-917405
-915128
-914834
-908362
-898325
-882225
-878238
-876654
-868039
-867981
-862446
-857808
-856214
-856105
-845844
-845495
-836530
-821829
-820484
-817944
-816818
-816810
-816390
-808073
-805852
-804647
-800346
-797616
-795337
-792978
-782511
-781266
-760286
-749422
-748254
-741270
-740418
-739787
-737350
-736020
-735079
-724612
-723688
-719409
-715975
-712490
-707083
-706718
-693690
-691650
-691349
-690061
-688564
-688243
-681891
-675017
-666492
-666422
-658631
-657711
-656642
-656529
-653708
-651463
-651020
-649059
-644589
-641896
-637325
-635080
-632843
-623496
-616739
-611569
-608768
-598148
-593027
-589488
-589177
-588810
-588164
-586782
-578640
-574034
-573071
-572473
-568247
-560510
-555254
-554911
-551577
-545850
-541911
-541011
-538462
-535929
-532389
-531483
-530496
-526958
-524597
-524225
-518256
-509743
-499477
-496504
-488125
-486682
-481672
-480190
-473708
-473374
-472528
-469331
-467420
-460490
-459246
-456895
-456717
-453467
-452987
-452081
-451099
-451055
-450908
-450772
-446591
-446506
-440276
-432902
-431100
-425793
-421798
-414855
-395529
-389823
-387726
-380163
-377804
-375263
-373587
-369995
-365497
-358934
-353198
-343787
-339146
-333534
-332802
-324480
-323280
-322995
-307564
-307226
-305550
-302978
-302408
-299703
-298191
-294307
-289499
-288875
-288475
-286223
-283324
-280356
-278552
-277095
-275795
-272848
-261838
-251991
-251517
-236969
-232824
-224691
-215373
-214933
-211959
-210573
-208184
-207162
-203557
-201308
-200490
-180693
-170176
-168046
-146527
-145988
-145422
-144675
-130970
-127418
-125725
-124882
-122567
-110742
-105870
-104451
-104448
-101170
-89625
-88401
-86504
-76510
-60851
-55339
-50253
-47528
-46963
-45275
-40439
-39522
-35119
-21330
-18168
-15602
-4575
-170
2401
5547
5943
7008
9272
13081
14629
15336
24157
24631
25417
31696
39979
45497
48034
49218
49965
51563
62457
64238
67209
69613
79345
80161
81585
83620
91867
100451
100595
107829
109274
112394
120173
121043
128411
134394
137962
145445
177323
182487
183687
185022
194050
197261
202340
204969
212856
218131
220949
234792
239378
243712
246341
246417
247034
277776
282371
284302
286717
290764
293732
302072
305351
305743
312880
321378
324622
325677
325728
330538
331395
332054
332080
334998
337267
342564
344462
345758
349618
357525
359073
359455
365741
367325
378631
379884
383746
384834
387134
410447
418134
418568
420131
423804
429298
440147
442629
445098
445819
449172
449447
461885
464287
483541
489789
494449
495986
498342
503576
504363
505689
510599
513100
514012
516436
532739
535007
538065
538837
540681
541071
542370
547653
548452
557482
558802
568891
569246
573078
577499
577774
579494
579760
581112
582656
583281
590184
594502
595303
595586
601429
602449
602869
603434
608207
613270
613962
620466
622668
626353
634851
640882
642128
643818
644263
655370
655402
657648
659668
661511
668178
670554
670688
673339
682189
685427
695019
695614
700910
711469
711496
712786
716435
716713
719153
720119
727676
728222
740596
742056
756611
757760
759209
763588
764809
768054
768335
770721
771966
772895
777136
787900
796407
800122
806111
807049
807887
808072
819488
820072
820223
829144
829416
829625
831785
833300
837755
840160
842107
847426
848305
855832
859119
866955
880108
881861
882638
896188
896224
902889
916889
918255
919606
922471
926519
926629
927199
929803
933077
937836
942994
947606
952600
965485
970247
971181
975719
977606
977760
979648
981127
983523
987822
995856
997102
1001096
1004682
1007881
1012010
1016021
1032234
1034064
1043031
1049725
1068807
1069222
1069723
1070693
1070746
1070795
1071629
1071794
1073093
1073716
1080972
1089446
1092587
1096174
1098504
1105832
1105918
1106252
1108288
1119646
1138291
1139551
1144755
1151524
1163235
1163852
1164829
1168538
1169255
1171295
1171596
1173254
1175828
1178505
1196965
1199312
1199604
1207544
1215434
1224030
1224797
1227409
1229125
1229223
1234546
1236505
1243934
1246772
1249051
1249113
1250780
1252033
1253325
1260890
1260918
1268677
1276034
1277229
1277803
1281421
1290009
1295700
1297454
1303777
1308810
1316871
1320970
1338527
1350432
1352763
1354690
1355654
1356890
1368390
1370176
1370546
1372830
1374341
1374380
1376586
1377666
1378234
1384909
1390181
1397902
1405768
1406352
1408962
1409992
1412381
1415683
1417407
1417660
1427589
1432614
1433206
1442065
1444181
1446824
1451302
1452024
1455269
1455340
1457572
1460551
1464629
1466060
1466838
1473126
1475332
1476377
1492178
1494815
1514334
1515497
1516618
1516641
1517166
1517504
1518164
1518315
1519943
1522795
1525202
1527206
1527570
1531271
1534320
1535212
1536489
1541876
1548738
1554203
1556209
1557588
1558249
1560417
1565012
1566006
1574535
1581702
1586913
1587674
1589768
1598352
1602082
1607978
1608562
1609585
1618069
1619830
1622998
1623352
1624967
1627944
1632041
1638469
1646891
1647022
1648009
1648924
1657720
1665244
1668283
1669133
1670579
1675053
1683229
1687019
1689141
1697734
1700711
1702942
1704257
1706565
1706751
1709582
1711482
1715326
1729419
1735832
1737466
1740864
1741362
1742731
1750537
1753989
1754555
1762677
1768000
1768570
1769814
1769839
1775283
1775914
1776310
1778058
1778137
1778993
1779471
1780833
1792481
1802169
1805217
1807061
1811977
1814297
1814800
1816194
1818067
1820166
1825829
1835719
1840489
1841324
1844075
1845422
1847029
1852131
1855925
1860188
1861280
1867862
1870110
1871202
1873651
1879320
1879414
1880990
1881914
1883206
1902002
1908421
1911290
1911307
1911717
1919073
1919718
1920702
1920843
1923144
1924613
1930246
1935485
1936771
1941912
1944697
1946868
1965498
1968291
1968677
1968924
1973143
1980763
1982613
1983556
1983921
1984300
1990448
1996193
