-1993424
-1993411
-1989985
-1984968
-1984361
-1972314
-1972262
-1971997
-1970193
-1960119
-1955671
-1954024
-1951108
-1948553
-1946849
-1945698
-1944162
-1941052
-1929080
-1924335
-1917848
-1916742
-1908639
-1908605
-1907934
-1907608
-1906266
-1899808
-1890165
-1890127
-1884139
-1881400
-1881379
-1879924
-1879323
-1877976
-1877306
-1876038
-1868312
-1864115
-1863671
-1861693
-1861312
-1857837
-1855857
-1855739
-1853984
-1837334
-1833405
-1824302
-1816700
-1816693
-1814725
-1807943
-1807863
-1801391
-1798542
-1792210
-1791657
-1780208
-1772984
-1759196
-1749105
-1748907
-1747193
-1744853
-1743937
-1740794
-1738632
-1738212
-1734668
-1731692
-1725216
-1724276
-1721560
-1719653
-1718391
-1711379
-1709931
-1707105
-1706209
-1705057
-1700183
-1680321
-1675261
-1669918
-1669821
-1657704
-1646421
-1644346
-1641636
-1635018
-1621894
-1617732
-1617503
-1616034
-1596761
-1593041
-1591652
-1590145
-1578781
-1577715
-1575506
-1573298
-1571679
-1563862
-1563499
-1555938
-1546372
-1540238
-1536988
-1533958
-1533769
-1529201
-1528133
-1524839
-1519829
-1511998
-1511574
-1504324
-1495245
-1494063
-1491751
-1485810
-1473321
-1472905
-1471754
-1469986
-1468574
-1463303
-1447123
-1439730
-1436277
-1429565
-1428786
-1427352
-1422504
-1419778
-1415981
-1415422
-1411831
-1411191
-1408229
-1407740
-1405941
-1405505
-1400598
-1399268
-1398786
-1394784
-1394203
-1388176
-1381753
-1372701
-1365894
-1363529
-1363155
-1360532
-1359636
-1356229
-1353908
-1350597
-1346691
-1342074
-1342065
-1341165
-1334851
-1322620
-1311373
-1308740
-1305304
-1304783
-1302884
-1298469
-1295754
-1293274
-1292324
-1286230
-1284559
-1282652
-1270599
-1270324
-1268711
-1266737
-1263354
-1262894
-1259610
-1259146
-1256723
-1253521
-1252193
-1249770
-1248685
-1245259
-1242975
-1236337
-1222405
-1222279
-1220549
-1216449
-1209135
-1205194
-1203187
-1198758
-1190620
-1169772
-1159524
-1155043
-1154429
-1153567
-1147615
-1146220
-1141016
-1139090
-1138471
-1131722
-1130804
-1130401
-1130304
-1130126
-1122656
-1121043
-1115031
-1107545
-1106152
-1104401
-1095871
-1094335
-1079675
-1070476
-1060906
-1055208
-1054715
-1054711
-1051442
-1042036
-1038727
-1034039
-1030308
-1016818
-1015432
-1012629
-1007675
-1006539
-1005957
-1005883
-997850
-985225
-984468
-978418
-966608
-960854
-958945
-955507
-954838
-953830
-953485
-948724
-937058
-932778
-929570
-922438
-922124
-919613
-918612
-914197
-913359
-901115
-900679
-897540
-896248
-894709
-877526
-870121
-865069
-863585
-857750
-854349
-837556
-837098
-832766
-832180
-830686
-818153
-818009
-817798
-816725
-813371
-813067
-811399
-806444
-800821
-800553
-791950
-790018
-789136
-781083
-779070
-768056
-762320
-761218
-757672
-754949
-747629
-741993
-740700
-738707
-738214
-727815
-724211
-722543
-721506
-717909
-715029
-714809
-702847
-702355
-700206
-694671
-689628
-689625
-689362
-688503
-688445
-685007
-681706
-680478
-671634
-668006
-660999
-660454
-660367
-659495
-656409
-653901
-649283
-648895
-646454
-644296
-642067
-639366
-635236
-634637
-633597
-633462
-626996
-626604
-610580
-598522
-596924
-594572
-594378
-592280
-588718
-588224
-587212
-585765
-570603
-565261
-562618
-559642
-554582
-554472
-552207
-550252
-548672
-542112
-540982
-540101
-539411
-536097
-524777
-523833
-522494
-520135
-520134
-518151
-518133
-509524
-509313
-509072
-505379
-501753
-500306
-497186
-493215
-488678
-484758
-483848
-482892
-477703
-477271
-471160
-470257
-468916
-467370
-466431
-465675
-461773
-458614
-450992
-446582
-446262
-445432
-442956
-441949
-441813
-440128
-432949
-422116
-406200
-405840
-403344
-401954
-400662
-399917
-395610
-393864
-393807
-393542
-393318
-393181
-392572
-389442
-388143
-387692
-381769
-381169
-378120
-376222
-375851
-373798
-371058
-370883
-370577
-370262
-367866
-363922
-350567
-345073
-341926
-339838
-339135
-336261
-333658
-333109
-329753
-325316
-315933
-307393
-298268
-297978
-297308
-291009
-286608
-276708
-273139
-272345
-267363
-265144
-265069
-261385
-259618
-258598
-258479
-255917
-253853
-253501
-248487
-242679
-236549
-233865
-233490
-228852
-227302
-224463
-210073
-202550
-198888
-197181
-195596
-185813
-183068
-182460
-179372
-178124
-166152
-163969
-157877
-152378
-146565
-145743
-141034
-136544
-135810
-133599
-127866
-126326
-115868
-107160
-106258
-102819
-101654
-101440
-101289
-79771
-71127
-69987
-68419
-56114
-52096
-49793
-49254
-48775
-38409
-29298
-11610
-11371
-10420
-5882
-4733
-4693
-1836
1770
2790
4897
8284
9526
14653
17513
24709
31486
32689
33464
36610
41515
46148
50109
61457
68015
68208
69950
94910
95662
99570
104971
107888
115838
125338
126992
128024
132811
143286
150329
151216
152907
159493
160300
167493
172415
184262
185328
186489
186674
191756
193027
198388
206123
206875
209393
212070
219381
220194
225192
225544
229919
232808
233512
244503
257764
259995
260727
278704
280439
288410
293176
296455
301321
305761
305900
308904
317450
319838
333212
336182
337021
342301
345106
356032
356293
362407
365603
373246
379048
379439
379836
397582
399571
407977
413185
421312
427617
440075
441787
443151
444435
446825
447653
451123
453259
457847
458280
458290
461463
465895
467616
473273
476467
480096
480459
486369
487638
491875
498319
499846
515052
519522
525471
525893
529761
534102
536649
538797
541833
544366
551403
555300
556016
559024
559436
560816
567560
577005
580464
583327
595380
601642
607874
611085
614613
624134
630524
630546
630791
637949
646911
652953
665414
669657
670138
673700
679147
679880
688477
702385
706899
723109
723542
728037
745336
750246
754186
754609
757341
760502
764990
773491
775019
777148
779263
781251
785099
807183
809031
811463
814052
815324
826286
826913
827297
828197
831455
836211
843887
847346
848640
851131
861776
865613
866939
872718
872884
873093
874543
875601
885165
887111
888651
892873
895875
906842
908390
914275
918079
923426
924171
926425
934541
934932
938418
950816
954577
955636
956658
962720
968328
975690
979288
985559
988447
990520
993299
997323
1004375
1005510
1011536
1014220
1020768
1022656
1031454
1037010
1040160
1040855
1043766
1055383
1055674
1056095
1058982
1059513
1068072
1077611
1096826
1097185
1111738
1113649
1114195
1114374
1118037
1123000
1140130
1151231
1154143
1156514
1157523
1161608
1163820
1169669
1169878
1174900
1181581
1187528
1194833
1198509
1199317
1211840
1213133
1214584
1214744
1221482
1222318
1225713
1236511
1237398
1237751
1237938
1239108
1245576
1247354
1250656
1253215
1253296
1259151
1261178
1264617
1267038
1270401
1274514
1274899
1276263
1276695
1279211
1279444
1283133
1284425
1286163
1289635
1298088
1299220
1303845
1305110
1305296
1305477
1309742
1314955
1316394
1318428
1328585
1329147
1333725
1335431
1337901
1338839
1345638
1352745
1356015
1359801
1360996
1366137
1367329
1382428
1384639
1390137
1397850
1402397
1408742
1409417
1418319
1419699
1423093
1425729
1425939
1429457
1430046
1431070
1435419
1436904
1451308
1451956
1452926
1453218
1455305
1456657
1465215
1467615
1467724
1468344
1473347
1478791
1478977
1484458
1495927
1513239
1516958
1517255
1520830
1524070
1525964
1528889
1529993
1532543
1533252
1534167
1535292
1535612
1539046
1540840
1541952
1542199
1544418
1546840
1553541
1555206
1555651
1563695
1568848
1585351
1591452
1591897
1593574
1593625
1595379
1596292
1605982
1613662
1614831
1616218
1622521
1628903
1640311
1649495
1652426
1660812
1664868
1667394
1669187
1669916
1673529
1679284
1679828
1682336
1683123
1692459
1694649
1698525
1711761
1713025
1722652
1724349
1724360
1724376
1727636
1732550
1734252
1737022
1740846
1741992
1752938
1755898
1758804
1761459
1762630
1772333
1772339
1777744
1780458
1784847
1798725
1801170
1804835
1804907
1805823
1806098
1806601
1811017
1812182
1813726
1815012
1819605
1822380
1828763
1829041
1831088
1838113
1840049
1859295
1861052
1862081
1870880
1878811
1883734
1884279
1885985
1894835
1900256
1907047
1907191
1907571
1912620
1916974
1919722
1921036
1927345
1933315
1937027
1941347
1942502
1948376
1951426
1954767
1957939
1959829
1960581
1964209
1970396
1976750
1978761
1981337
1984183
1984371
1992976
