-1995591
-1995214
-1987676
-1982495
-1976811
-1974816
-1968935
-1967997
-1959689
-1959579
-1957682
-1953267
-1951121
-1931775
-1927571
-1926855
-1923441
-1922224
-1919559
-1913102
-1904067
-1897462
-1888630
-1886336
-1874764
-1869614
-1867910
-1864560
-1857523
-1856771
-1852420
-1851046
-1849830
-1847084
-1827901
-1825404
-1821669
-1820585
-1818854
-1818723
-1812766
-1807860
-1797169
-1787523
-1785207
-1783253
-1782720
-1775871
-1775671
-1771015
-1762416
-1760027
-1756539
-1753776
-1751923
-1749080
-1731532
-1729856
-1726987
-1726072
-1723729
-1712226
-1708412
-1707078
-1707044
-1696780
-1696251
-1695084
-1694459
-1693318
-1683119
-1676681
-1662173
-1656696
-1648475
-1646683
-1643514
-1636327
-1634978
-1632250
-1629627
-1629278
-1627272
-1624423
-1617307
-1617213
-1611579
-1609809
-1609519
-1604746
-1601941
-1591865
-1589951
-1581722
-1574948
-1562288
-1556078
-1543954
-1542839
-1538894
-1538601
-1537566
-1536107
-1527715
-1527412
-1525648
-1524358
-1522056
-1521021
-1517630
-1516423
-1515629
-1510346
-1502691
-1499408
-1494589
-1491524
-1489077
-1482259
-1479131
-1476031
-1473986
-1469326
-1468575
-1465812
-1461161
-1460608
-1460141
-1457553
-1450058
-1436354
-1421185
-1418633
-1409399
-1406642
-1404974
-1404526
-1402316
-1391445
-1390164
-1386217
-1385535
-1381841
-1379980
-1377558
-1375229
-1373914
-1365808
-1363053
-1358567
-1351304
-1339903
-1329529
-1325125
-1319374
-1297177
-1293900
-1293797
-1272874
-1264778
-1258997
-1258916
-1258500
-1257564
-1248814
-1246856
-1242552
-1215882
-1212609
-1212143
-1210661
-1203439
-1196693
-1195418
-1195254
-1192365
-1181624
-1167604
-1165717
-1162713
-1151401
-1146209
-1145560
-1143358
-1140084
-1132773
-1132077
-1126701
-1124623
-1118813
-1117127
-1108772
-1107590
-1103341
-1102004
-1097507
-1090682
-1088178
-1083058
-1071707
-1069228
-1068147
-1064077
-1061375
-1059371
-1054906
-1027213
-1026779
-1025198
-1024425
-1024392
-1021619
-1015719
-1014536
-1009691
-1006890
-1006181
-1005926
-1004700
-1004622
-998107
-986042
-983542
-981949
-979955
-973230
-973145
-965576
-964266
-944672
-934945
-934676
-931823
-931693
-929043
-927925
-926122
-921699
-912489
-911182
-905204
-894175
-889376
-882253
-879434
-870321
-868690
-867249
-866547
-862699
-861198
-859215
-858147
-856779
-854483
-849215
-845239
-841184
-840248
-837476
-833488
-830715
-830519
-825275
-824768
-823386
-818969
-817996
-814319
-809177
-807593
-805026
-801384
-798356
-796374
-790793
-790567
-778722
-777366
-771162
-769666
-768642
-760442
-759766
-758909
-756188
-741969
-741548
-741315
-735779
-735672
-735563
-729138
-727071
-726285
-724926
-720507
-711346
-705975
-694934
-687094
-685986
-678837
-672908
-670248
-667082
-666655
-663757
-662472
-659264
-655908
-649887
-647666
-645280
-644953
-637200
-634831
-628168
-623725
-623676
-610208
-606015
-604707
-591063
-573193
-567222
-566175
-559284
-553384
-552191
-547200
-543709
-537870
-529083
-528076
-526697
-522385
-520664
-518991
-516732
-515953
-513546
-512120
-508301
-506192
-504115
-500449
-489100
-487549
-484663
-470023
-468602
-461976
-459593
-457393
-456007
-453985
-453563
-446493
-443382
-441499
-433754
-433165
-431698
-427567
-423803
-422576
-418077
-415108
-411630
-408029
-407837
-406630
-405373
-402734
-398308
-395813
-391093
-388883
-386401
-384242
-377387
-371635
-364943
-362193
-361034
-360817
-333472
-331677
-327001
-304643
-298062
-296469
-294565
-291556
-286433
-285531
-284805
-280899
-276557
-275799
-274461
-274452
-272687
-269333
-264712
-247030
-245116
-242714
-239472
-236320
-228101
-219208
-217152
-207198
-206299
-203669
-198037
-195279
-192513
-188888
-184695
-183685
-183538
-182589
-180148
-176649
-174659
-172338
-170128
-169202
-164808
-162078
-162045
-161038
-157294
-156597
-153595
-149488
-142097
-139498
-128649
-114279
-105567
-102110
-101126
-100127
-94842
-93519
-88465
-86271
-85584
-83736
-83183
-79740
-78345
-76954
-75079
-73650
-71163
-70855
-67140
-59673
-56232
-54643
-52452
-47539
-46308
-42935
-30839
-29245
-24481
-22271
-14034
-12046
-11103
-8718
-8440
-5438
-4027
3759
13359
13644
14704
19654
23244
24121
25381
35891
37011
51139
54199
55759
55792
59686
63002
66226
68260
68638
68729
69452
69597
73288
73434
76619
77547
80116
88363
93086
99095
102571
106933
107348
109532
110673
113341
116051
126278
129991
139092
144792
145454
145787
148263
154235
157086
163741
165521
165640
166467
167554
183096
184422
184807
185231
195430
195576
204941
215388
216456
218920
219094
219140
219270
220488
221155
226857
229231
237076
238058
242124
245151
245657
246943
255616
257943
258580
259042
268943
270731
271618
280059
287114
289555
291123
292475
292497
294030
295552
300353
300397
302727
306987
307668
312388
313756
314333
318898
319519
320386
321463
321467
326443
327223
328823
331174
333271
338658
339881
342540
353056
370151
372692
374678
376770
376966
381414
381525
382329
384633
386388
392104
402960
416348
418081
419447
420521
425626
429163
432290
433182
434947
436763
443775
444615
447189
447367
455918
460879
470310
472125
491129
491718
492637
492774
501813
503933
504512
506872
511627
526772
532723
532819
533986
535187
535892
537333
538654
539871
547947
551594
552664
556056
572635
581217
583927
594598
599465
603339
604133
612166
624186
624619
624709
627397
628052
629781
632227
637037
638405
639819
642988
643925
644870
646445
647462
653506
657445
660738
662970
667749
673215
674040
690942
692771
703235
703804
708949
713954
714365
715453
716732
718410
726981
728682
729217
731493
732587
734631
737613
738237
738468
743893
744031
746945
747467
747497
749314
754297
754426
756496
760859
760899
763100
770861
779489
783051
784044
789869
791387
792518
795516
795911
796880
802994
806561
810035
810527
811343
812999
819315
820739
820969
821428
828518
831154
832532
834755
836088
836810
845122
847721
853302
856796
857374
862047
862742
864278
865054
891410
892590
895882
905571
906371
916122
921578
922978
925161
928158
928401
931114
935419
950401
959452
964672
966881
972816
974379
975832
993167
995478
1014315
1017952
1026922
1028258
1033016
1033184
1040197
1044243
1050094
1050315
1051306
1051794
1055047
1056230
1056576
1059162
1060543
1066140
1066756
1069502
1072409
1072602
1072782
1080482
1082189
1085394
1086081
1090346
1090560
1090967
1091573
1093670
1094911
1116836
1118310
1118746
1128534
1135303
1158539
1158599
1165196
1165800
1179852
1183117
1185453
1194437
1201908
1207798
1208073
1211124
1219651
1229214
1237749
1242641
1245620
1245650
1250789
1275073
1277333
1280098
1284068
1284710
1288245
1288433
1302588
1319773
1332808
1334804
1337930
1346982
1347444
1348758
1350735
1351070
1356402
1360468
1362494
1362881
1368298
1368652
1369341
1380637
1388763
1389214
1392669
1393904
1394338
1396540
1396993
1397277
1403830
1405657
1413682
1414730
1416486
1424365
1435568
1437001
1441070
1446077
1447504
1449644
1449861
1451646
1453172
1457928
1466942
1469963
1474064
1478207
1499376
1503010
1507966
1509369
1510185
1512280
1514234
1522123
1523282
1527854
1529207
1532570
1533824
1534947
1537212
1545312
1548923
1552086
1554495
1558007
1568421
1568732
1571963
1575076
1575851
1579897
1581842
1585444
1594379
1598244
1598484
1610911
1616786
1618649
1629043
1629173
1636437
1639944
1640229
1643123
1643675
1648842
1652852
1658394
1659246
1659574
1659612
1659784
1659878
1662190
1671723
1671913
1675572
1677791
1686062
1687511
1691195
1693070
1696372
1703503
1711302
1717816
1719649
1732689
1735822
1738589
1745368
1753600
1754141
1754175
1763523
1764703
1765441
1771215
1777736
1784379
1787550
1792595
1796161
1800272
1807643
1808833
1814587
1818147
1821861
1824508
1825324
1827323
1841301
1846568
1847228
1851107
1855151
1857346
1862874
1863716
1864300
1864931
1881554
1884435
1884516
1885514
1888223
1894869
1900086
1907888
1909019
1911708
1918553
1928487
1934030
1937121
1942180
1947596
1948946
1949823
1951320
1953913
1959024
1961281
1970165
1972318
1975900
1977200
1977255
1977509
1978547
1984998
1997788
