-1996298
-1996168
-1985360
-1984424
-1983236
-1982071
-1975315
-1971297
-1967338
-1965508
-1961602
-1959478
-1946125
-1943549
-1942594
-1929908
-1927940
-1922070
-1918689
-1916013
-1913336
-1911533
-1906781
-1906392
-1904972
-1904677
-1895384
-1895099
-1889552
-1889534
-1886515
-1885787
-1883429
-1882723
-1875716
-1870412
-1870286
-1870003
-1869757
-1867259
-1866423
-1863726
-1857130
-1855541
-1843832
-1843633
-1843431
-1836209
-1834703
-1826479
-1814650
-1814507
-1814475
-1808794
-1803287
-1801465
-1795843
-1792348
-1787674
-1783774
-1781986
-1771072
-1766581
-1765287
-1762569
-1760383
-1754905
-1752761
-1750765
-1747601
-1746527
-1744529
-1742069
-1741236
-1734621
-1709643
-1705360
-1698715
-1694120
-1684960
-1684646
-1683955
-1682999
-1680764
-1680218
-1676609
-1675505
-1667560
-1662607
-1656784
-1651851
-1651789
-1637970
-1634028
-1632630
-1632012
-1629782
-1628476
-1620069
-1619536
-1618734
-1614463
-1602718
-1600954
-1600730
-1597930
-1596719
-1595441
-1590157
-1589576
-1588924
-1587968
-1586158
-1585562
-1582696
-1580042
-1575758
-1573603
-1571230
-1568524
-1567369
-1567232
-1565247
-1564608
-1561984
-1557860
-1552601
-1551777
-1544096
-1531570
-1530067
-1525153
-1517064
-1515357
-1509484
-1509207
-1507188
-1505541
-1505366
-1501625
-1499231
-1495146
-1484902
-1479643
-1479056
-1478093
-1472131
-1471997
-1467624
-1456096
-1451566
-1447410
-1440710
-1439925
-1438055
-1432025
-1429770
-1429714
-1410878
-1408104
-1407915
-1404617
-1403972
-1402866
-1401785
-1401543
-1399815
-1391272
-1386681
-1386129
-1385447
-1379643
-1370613
-1369203
-1367167
-1357570
-1356566
-1356397
-1343562
-1340238
-1338748
-1337895
-1333113
-1331944
-1329020
-1327143
-1326963
-1321854
-1320524
-1320334
-1317672
-1314090
-1310745
-1310229
-1310206
-1308615
-1306262
-1303390
-1301707
-1298530
-1298088
-1296958
-1296747
-1293476
-1284491
-1282274
-1278937
-1274374
-1273825
-1268190
-1268170
-1261271
-1259023
-1258176
-1255187
-1248643
-1246438
-1246315
-1241739
-1237941
-1237125
-1232592
-1230124
-1228746
-1224673
-1222362
-1202618
-1199120
-1197164
-1191670
-1184447
-1182562
-1176408
-1169454
-1163583
-1162742
-1158856
-1155426
-1154070
-1152444
-1148166
-1144379
-1139766
-1139416
-1137199
-1125137
-1122308
-1119815
-1119395
-1104552
-1104020
-1102967
-1101310
-1100596
-1090245
-1078071
-1076698
-1073276
-1070408
-1067256
-1062406
-1060262
-1053684
-1045795
-1043240
-1041476
-1037731
-1035208
-1034108
-1028763
-1028703
-1015841
-1009295
-1005503
-1000488
-998947
-996819
-993060
-990335
-987981
-981652
-976603
-968457
-966885
-965046
-964991
-960341
-958422
-948744
-945965
-944318
-933700
-912180
-911633
-910743
-906225
-906213
-898079
-897117
-890200
-887650
-879254
-873397
-868876
-867092
-865404
-862013
-861085
-860324
-858045
-857838
-855374
-854051
-845611
-844454
-844184
-832049
-829748
-826523
-817919
-816147
-812695
-811135
-810032
-805378
-803545
-802103
-800400
-789007
-786766
-785193
-783972
-779477
-775686
-775307
-774462
-772826
-772173
-769378
-768973
-767038
-762081
-758258
-756312
-750618
-739309
-736490
-732392
-732026
-725954
-717965
-712020
-704025
-700253
-698147
-695116
-686720
-683033
-674764
-672399
-671974
-670233
-667536
-659758
-656942
-653601
-646932
-645810
-634939
-632331
-630322
-630322
-622184
-619933
-619318
-616042
-609072
-609043
-595310
-590359
-585850
-584485
-569321
-558277
-557550
-552485
-551855
-543552
-530289
-529323
-522942
-522091
-514800
-506312
-502633
-502303
-500373
-486542
-483393
-473849
-470939
-469529
-467760
-465498
-459348
-456938
-455816
-441469
-437929
-435438
-431985
-430603
-427456
-427015
-422259
-419812
-419285
-417420
-416124
-412484
-409987
-399276
-387894
-382931
-372189
-367943
-366862
-362326
-357183
-353746
-353491
-351682
-351186
-348755
-343506
-337519
-333960
-326641
-325584
-322292
-321059
-320682
-319681
-311555
-309487
-300225
-298074
-297895
-297714
-292673
-285930
-282631
-277772
-277483
-270644
-270544
-268691
-265074
-264857
-264564
-259127
-258116
-255503
-254383
-251106
-243725
-236762
-235557
-230485
-229451
-224802
-217817
-213867
-197522
-193519
-186021
-186001
-185568
-184377
-182144
-173912
-161506
-157947
-157793
-157223
-149873
-142624
-142599
-140088
-139214
-133345
-119088
-112302
-111322
-98082
-97060
-92988
-92893
-92092
-88405
-81706
-73062
-69965
-64794
-61218
-58882
-46915
-45360
-44470
-41793
-35381
-33862
-31240
-27945
-22449
-20939
-14946
-11046
-10658
-5200
-1728
-94
8452
12658
17049
19296
25070
31087
34619
38043
39536
41581
42426
43173
49878
54567
61772
67498
70645
70993
71375
80185
80609
84428
87096
88594
107245
107451
108687
112257
115045
120062
121816
126148
126248
142520
155200
156136
156198
162182
164464
167039
186970
187334
188161
191032
192264
198867
199765
201140
210086
218934
226117
227202
227323
235334
236947
237340
240106
251117
257488
258961
260689
261206
261360
263221
264188
265028
266712
277373
279221
287177
287390
289558
292311
298296
298301
306485
316676
322979
326989
332023
338828
345065
347146
348448
350782
354585
358182
358283
359837
361525
365437
376427
376429
385993
388426
390664
401089
401998
410007
416530
426032
426320
432729
434591
436689
445766
446573
453663
458859
472231
489244
493101
497299
499793
499937
504601
510005
511281
520669
524256
525482
530947
543851
545925
548841
551826
562392
565481
569959
573601
579587
579717
580674
581502
582498
583677
587284
589569
590119
596365
599384
599856
605157
605257
623279
624838
628933
633571
639878
641962
649050
649397
652694
653145
657912
658250
674750
677932
678277
679141
689497
689763
693730
694425
697816
704373
709062
719989
727859
729814
732169
735281
738483
741235
747611
750582
750840
750981
755546
760565
763897
767863
771993
776886
783263
786789
787719
797920
819503
822367
841014
841327
844275
851056
875192
876584
880667
882355
883298
889192
895204
905366
908431
909973
912482
915501
918228
920219
921799
922693
928081
931829
933436
934443
937599
943836
944837
945933
949825
953815
960481
960523
967229
968746
973605
974701
978571
984136
986739
998683
1005120
1005635
1022897
1025197
1027296
1032485
1037690
1042009
1042268
1052098
1057942
1059976
1067415
1072615
1074881
1082955
1087683
1089906
1094317
1103595
1106821
1113594
1119504
1121902
1127729
1129929
1130628
1139299
1139936
1142566
1142918
1147006
1150240
1151964
1156123
1156649
1161398
1164602
1179761
1180658
1181503
1198603
1207890
1209580
1210103
1214046
1218289
1220714
1228788
1231700
1235616
1237517
1239883
1242439
1247605
1249017
1251123
1254052
1269914
1276508
1279139
1281142
1281843
1283774
1284295
1284958
1285591
1289245
1293149
1294704
1298626
1299445
1311303
1311592
1312895
1318719
1319179
1321946
1324100
1336803
1341989
1349038
1351920
1361703
1362013
1363334
1373564
1400134
1400635
1405565
1409465
1410953
1413712
1417134
1418532
1418949
1420449
1426386
1433980
1434165
1437236
1437511
1441702
1452093
1457879
1458999
1460480
1465417
1475054
1480356
1482605
1489171
1490774
1491413
1499305
1506010
1520117
1521005
1525963
1528660
1530757
1531129
1531558
1535595
1543781
1545534
1558763
1560968
1568979
1569148
1574400
1576603
1586549
1586852
1592449
1597439
1607872
1608805
1611689
1621487
1621678
1625692
1625788
1626147
1626243
1633726
1635970
1636483
1640526
1641673
1644024
1645830
1646075
1646201
1646665
1652411
1658798
1661899
1671767
1676466
1679429
1681350
1682898
1684351
1684482
1685092
1692079
1692721
1695074
1697789
1698302
1699748
1702072
1702092
1702237
1702287
1702378
1706916
1712021
1713448
1717458
1719430
1719793
1724333
1733376
1750618
1757614
1760090
1761872
1763960
1765208
1767357
1776055
1779534
1780363
1783782
1784115
1785556
1789860
1790765
1791371
1799569
1808754
1809521
1809813
1815351
1815833
1824091
1828270
1832665
1832872
1834819
1847261
1847652
1847992
1848280
1850999
1867281
1867804
1879578
1879625
1886028
1886264
1888833
1890702
1892181
1896012
1898770
1900532
1907807
1914912
1919553
1919892
1934695
1951076
1951243
1962211
1962692
1964014
1966289
1969109
1970116
1979818
1981861
1985596
1990104
1990735
1991886
