-1988766
-1979206
-1977368
-1976230
-1973825
-1971251
-1969074
-1963173
-1960186
-1958693
-1930297
-1927785
-1926702
-1912988
-1906381
-1904935
-1899831
-1897957
-1880777
-1877606
-1871068
-1870245
-1868730
-1866136
-1861329
-1861283
-1856291
-1855837
-1854602
-1851714
-1846685
-1844828
-1838974
-1837387
-1835367
-1835097
-1829830
-1820478
-1819960
-1817871
-1816783
-1815597
-1814266
-1811943
-1811541
-1809556
-1804503
-1790636
-1790076
-1780631
-1770703
-1758523
-1755614
-1745022
-1743026
-1742576
-1739214
-1737311
-1736922
-1736731
-1735140
-1733335
-1731604
-1728492
-1724350
-1718906
-1718502
-1716176
-1711846
-1709151
-1708065
-1705347
-1705004
-1699110
-1682431
-1680251
-1679598
-1678491
-1678187
-1667134
-1665243
-1649198
-1639095
-1634481
-1626864
-1622233
-1620596
-1617995
-1617600
-1614967
-1613857
-1602306
-1592817
-1591582
-1588846
-1585190
-1583848
-1582352
-1580879
-1579432
-1575040
-1573711
-1571801
-1568562
-1568219
-1568142
-1566840
-1562529
-1557352
-1553021
-1549856
-1548451
-1547404
-1545012
-1544252
-1530539
-1526424
-1524411
-1513566
-1509038
-1508703
-1508019
-1507950
-1507730
-1502860
-1500927
-1496910
-1495306
-1494600
-1494105
-1490207
-1484281
-1479522
-1476910
-1476670
-1472303
-1457595
-1453507
-1452714
-1442211
-1433583
-1428330
-1422742
-1416448
-1414948
-1407611
-1406217
-1401894
-1401822
-1401221
-1400878
-1398943
-1397420
-1387059
-1384897
-1384897
-1381864
-1381194
-1381069
-1380040
-1378489
-1376560
-1369027
-1360633
-1355962
-1351085
-1349515
-1347345
-1338366
-1333025
-1321938
-1318132
-1316912
-1306882
-1304129
-1300007
-1293454
-1285831
-1285265
-1285125
-1282389
-1280352
-1279804
-1277189
-1271878
-1268863
-1245003
-1244668
-1240048
-1236529
-1230992
-1226422
-1226296
-1225257
-1215130
-1206991
-1195220
-1195053
-1193340
-1191835
-1189897
-1174166
-1172443
-1172067
-1171483
-1168891
-1155315
-1151284
-1151238
-1149597
-1148770
-1136468
-1133188
-1131524
-1130620
-1129832
-1129677
-1129547
-1127764
-1119986
-1119085
-1115632
-1109602
-1101819
-1099515
-1094450
-1093254
-1092363
-1081674
-1081048
-1074095
-1073920
-1073326
-1072750
-1068172
-1067724
-1060329
-1057226
-1055497
-1052536
-1051445
-1050603
-1049092
-1041392
-1034310
-1024397
-1023109
-1021190
-1017392
-1016291
-1011989
-1009269
-1006629
-995882
-994274
-989481
-988819
-985354
-983867
-982585
-980674
-979052
-972016
-967892
-956653
-952544
-939959
-937532
-934270
-932308
-925292
-919167
-918051
-915513
-910805
-908747
-900511
-891044
-889640
-885466
-876051
-873278
-868332
-865666
-856311
-852514
-851712
-847019
-843603
-837622
-829592
-827199
-826357
-825619
-814911
-806627
-799777
-797428
-792102
-789532
-786488
-772190
-768172
-764146
-752539
-751010
-745750
-745565
-743359
-738677
-737632
-737553
-735378
-733347
-732231
-732153
-731069
-730279
-725955
-718506
-713593
-709304
-706090
-697332
-695000
-693415
-686807
-684577
-682697
-677069
-676086
-673691
-673418
-672574
-669535
-668984
-660135
-656709
-656545
-653727
-644656
-641796
-639319
-632792
-631401
-624021
-622620
-621185
-614173
-609824
-603011
-599985
-599685
-597056
-595290
-587629
-583319
-580233
-570839
-569063
-567622
-561994
-561096
-559802
-558467
-545138
-543829
-536449
-533501
-532577
-530275
-522958
-522011
-508341
-504780
-503883
-501225
-500416
-498990
-492048
-488628
-485761
-481157
-477466
-473190
-472293
-469630
-468420
-463729
-461045
-458684
-456595
-454189
-451422
-443039
-441843
-438764
-438278
-435262
-432137
-429268
-422035
-421814
-411963
-410438
-404649
-403501
-398751
-396212
-395842
-384210
-383577
-381457
-380990
-371472
-365653
-364866
-362709
-356070
-355390
-354319
-348116
-347594
-346597
-346210
-342113
-337937
-331051
-326238
-319942
-316273
-315977
-312667
-312049
-311970
-305915
-305876
-300563
-291288
-284327
-282968
-281443
-275184
-272160
-267632
-265532
-264081
-263736
-262838
-255077
-254907
-252365
-252109
-248566
-242901
-242376
-236801
-236314
-233487
-225225
-223037
-217682
-217652
-216390
-211582
-206807
-199383
-197781
-190657
-183619
-177452
-176650
-172997
-172481
-170525
-166091
-164294
-154762
-143491
-131058
-120815
-114825
-107062
-103612
-98993
-94053
-90502
-79200
-78795
-76126
-61417
-60978
-58387
-51107
-49746
-49709
-44308
-44287
-40926
-40883
-34347
-33913
-32126
-27382
-21233
-15131
-13587
-12048
-7336
-4683
-4148
-1546
-1154
771
2645
3320
3759
8300
10600
10694
15706
19355
22321
24780
27016
28675
30247
33667
37152
62163
63594
65612
65767
66900
67837
69064
72239
76262
77102
77498
79061
87010
87601
104279
111136
111489
124336
126149
132503
133748
136354
137367
137637
138347
141858
146457
147527
152191
158306
163151
174030
175487
179452
183807
188652
197963
201440
204807
205480
208219
209007
214739
217377
218222
223893
227782
229941
239259
243723
244497
250259
253142
254091
258496
264304
264507
270194
273347
275400
278835
284175
288725
292631
299152
301126
301697
305923
309648
313299
314279
320386
326561
329138
330324
334127
335312
338078
338906
340358
342196
342918
344212
360610
361159
369521
371095
376454
377963
379424
379532
380068
381744
382623
385487
397634
401517
405448
405859
411017
413311
416482
430262
436514
439294
441147
458617
464171
467785
474084
474126
492511
493232
497340
497599
503848
505996
510625
512709
513022
513264
517018
518018
518844
520261
521715
530748
531507
532530
543330
549135
551335
563838
580312
583673
585164
585597
590712
591270
593026
606921
622050
622695
624457
631173
631677
635239
637088
659996
660452
664796
671701
672465
686084
694510
695286
700002
703845
714773
718440
720330
722930
728115
738641
741774
754878
756328
767655
771344
773877
776765
779083
779536
783294
783531
783910
788512
790319
792922
796579
802446
803272
806365
806467
810943
811459
816040
822053
823362
826391
835384
838988
839447
846796
847087
847575
850349
863959
872137
875243
875965
884853
885954
889174
889222
894254
894685
906953
907299
907902
908064
912029
912520
914739
915453
920387
948114
949212
953635
956377
956960
957654
967326
968437
979783
983370
987985
989056
997422
1006026
1007717
1008196
1013477
1017294
1022061
1026423
1028849
1032396
1034960
1035801
1053840
1056272
1060039
1075039
1075675
1076650
1088827
1089853
1095483
1106379
1106820
1127938
1128633
1128709
1136010
1136270
1138625
1141772
1144613
1148209
1149451
1150753
1158015
1159623
1162341
1167883
1181700
1182174
1195609
1201316
1201926
1203557
1208786
1209633
1212493
1219118
1220552
1222226
1223850
1226745
1232934
1233121
1234034
1234610
1234904
1236049
1240805
1243745
1249702
1251681
1253837
1261214
1264816
1265165
1265362
1269040
1276348
1280221
1281672
1283130
1283456
1284318
1294076
1295378
1296611
1302884
1309012
1309413
1311183
1314916
1315421
1315573
1318950
1323521
1330024
1335713
1338541
1345802
1361586
1373786
1384269
1389837
1403581
1404439
1408784
1409458
1411651
1423826
1424021
1429330
1431975
1442011
1447224
1451213
1451505
1453184
1453192
1454507
1464752
1471596
1477460
1478746
1479281
1480861
1493731
1495751
1514472
1520636
1527141
1531694
1536536
1539231
1552276
1556036
1558869
1559480
1570407
1576002
1579288
1580891
1581282
1581585
1583556
1586300
1586640
1590537
1595174
1595572
1599180
1600942
1601242
1601353
1617386
1617596
1620837
1622960
1633155
1635550
1638128
1647300
1648613
1652760
1655495
1656088
1656668
1666563
1670245
1670623
1679311
1681273
1693254
1696224
1696960
1699967
1701004
1701395
1704322
1708625
1715033
1717360
1718127
1724883
1732518
1736761
1740379
1743139
1744657
1745627
1746842
1764228
1766887
1775236
1785884
1796175
1799857
1802700
1805155
1807670
1813936
1824982
1828301
1830036
1842214
1842959
1847049
1850003
1850482
1853853
1856462
1859032
1860687
1866023
1867373
1867471
1879184
1880724
1882267
1884081
1884929
1887445
1887867
1904197
1909712
1910857
1912659
1913322
1916042
1919005
1930916
1933428
1940020
1942072
1943119
1949170
1952972
1954077
1955345
1961625
1961934
1962023
1964439
1966303
1967711
1971198
1973836
1976480
1984415
1987863
1989654
1997621
1999649
