-1998229
-1996717
-1993254
-1992381
-1989088
-1987762
-1986887
-1977484
-1975811
-1974162
-1970491
-1964674
-1963694
-1946177
-1937561
-1924953
-1923832
-1923790
-1921004
-1920693
-1918588
-1917167
-1914640
-1911066
-1887336
-1882456
-1874827
-1870315
-1869775
-1859640
-1858768
-1858496
-1853929
-1850027
-1847386
-1831575
-1828815
-1823245
-1822748
-1822449
-1821685
-1820998
-1818299
-1814420
-1810847
-1809052
-1807999
-1805734
-1801354
-1798219
-1791353
-1788256
-1774030
-1771643
-1759004
-1758919
-1752637
-1748929
-1746292
-1745087
-1744833
-1743791
-1728501
-1724377
-1718403
-1714622
-1711516
-1709166
-1707686
-1704931
-1700661
-1700016
-1699956
-1693909
-1693170
-1691451
-1687802
-1685809
-1681162
-1679421
-1678417
-1675671
-1675257
-1675160
-1670615
-1670247
-1669736
-1663205
-1657184
-1656130
-1650853
-1642603
-1637200
-1633481
-1619227
-1607524
-1604052
-1603432
-1592349
-1590962
-1588673
-1588605
-1581597
-1572646
-1571196
-1570440
-1561250
-1558990
-1557113
-1555144
-1552911
-1549437
-1541611
-1532928
-1531486
-1529288
-1526277
-1521246
-1521067
-1513536
-1513240
-1511501
-1511008
-1506337
-1504778
-1500809
-1490945
-1490926
-1486858
-1483267
-1470539
-1465333
-1464891
-1462648
-1457750
-1447368
-1440409
-1440064
-1440053
-1439252
-1438032
-1433403
-1429535
-1424250
-1420495
-1420369
-1418415
-1403420
-1396828
-1393219
-1392960
-1391252
-1387258
-1385053
-1384584
-1374160
-1372256
-1365832
-1353538
-1348258
-1346821
-1345127
-1344587
-1343542
-1321612
-1320204
-1318624
-1315864
-1314725
-1311642
-1307409
-1300519
-1295285
-1281533
-1277169
-1273851
-1272647
-1268386
-1268316
-1260825
-1259539
-1255099
-1253200
-1252226
-1250716
-1250369
-1236358
-1235677
-1224736
-1223594
-1220629
-1220415
-1218767
-1212920
-1211214
-1208867
-1207340
-1203347
-1200135
-1199518
-1199482
-1196942
-1195441
-1187783
-1187737
-1185335
-1177869
-1175624
-1173282
-1171305
-1166086
-1158839
-1153965
-1146712
-1145720
-1144730
-1143067
-1141687
-1132238
-1131441
-1129870
-1121062
-1118150
-1096089
-1092998
-1091903
-1091866
-1084434
-1082443
-1073362
-1072846
-1071883
-1069743
-1069152
-1068600
-1060848
-1056448
-1048064
-1047267
-1042728
-1042405
-1041626
-1034406
-1029386
-1026397
-1024960
-1022534
-1021699
-1018261
-1010446
-1004844
-1003659
-999190
-995270
-993563
-990897
-989667
-983838
-977770
-976370
-969879
-969454
-968087
-965388
-964125
-963109
-958753
-956133
-949999
-948674
-946992
-934292
-933435
-932788
-928781
-922439
-921733
-917085
-910040
-908781
-901617
-893559
-888695
-887872
-886994
-882631
-880686
-880492
-874807
-872072
-871369
-865640
-865439
-864249
-860203
-854630
-851453
-848484
-847369
-845987
-843371
-840157
-832445
-822155
-820204
-817093
-809950
-808725
-808459
-801056
-798206
-795061
-794743
-791734
-788701
-770968
-770273
-769116
-767442
-760506
-760432
-755974
-749952
-748081
-743949
-743392
-743230
-741878
-738082
-736075
-728193
-725576
-725283
-714980
-713141
-711704
-708979
-700682
-691705
-690513
-688192
-687911
-687623
-687235
-682106
-662902
-660422
-660029
-658298
-655953
-654924
-653759
-652305
-648845
-648151
-646764
-635018
-633796
-633322
-629729
-624007
-623667
-621769
-618378
-610175
-608067
-605663
-597375
-592934
-592899
-592798
-592138
-583620
-582250
-581037
-580185
-578571
-576470
-571948
-570719
-565420
-563855
-561920
-561762
-561076
-557796
-553644
-552868
-552546
-547293
-547211
-547083
-536629
-536380
-534897
-533820
-528070
-525675
-525576
-519911
-519217
-517636
-516360
-512744
-512576
-506350
-504703
-500197
-500034
-477239
-462560
-451962
-451010
-449467
-444492
-444448
-435520
-435436
-433043
-428490
-426605
-426182
-420082
-417540
-414198
-414108
-410043
-408748
-405851
-402056
-398347
-397652
-396660
-395810
-393462
-387793
-380453
-377975
-377515
-369307
-368891
-368302
-367302
-362344
-350675
-342564
-342119
-334530
-323798
-321141
-318605
-311265
-310946
-308463
-308360
-306275
-302177
-299058
-296724
-296666
-296157
-291737
-291120
-287500
-287146
-282772
-276139
-276129
-263489
-259650
-254421
-252388
-248159
-245200
-236720
-227724
-225267
-224732
-219678
-216327
-201300
-200831
-199343
-194607
-190954
-189571
-176353
-170527
-168840
-167758
-167548
-165626
-165555
-163830
-153824
-153331
-136847
-136714
-135778
-131431
-130628
-130344
-125633
-115408
-114315
-113600
-110788
-105450
-97255
-96004
-95012
-94327
-90298
-87559
-87250
-78658
-76991
-76148
-73741
-73071
-70768
-63829
-43403
-41921
-30872
-29893
-24871
-19611
1229
2456
5631
6313
7017
10236
10272
11759
21871
22030
27551
33051
35729
38894
58354
64759
67762
71812
81532
82844
84758
84806
89230
101269
110133
117956
120780
130327
133637
135534
136642
138613
139629
141834
143645
147545
153872
154415
160546
176973
179947
195542
196075
198952
203984
204991
205181
215345
223488
229668
231435
231516
232576
235490
236317
237659
252017
257966
267331
274581
280815
287975
292420
292450
297441
297489
299143
312568
315909
316218
317353
318703
323174
337449
341558
349097
355240
355415
368756
370113
374642
375229
384401
386725
388185
394566
396964
407309
412457
426718
431292
432886
434265
435128
436706
438680
439060
439434
439625
442777
447355
453531
454963
465968
469286
475286
481564
490124
491303
499187
499511
505483
511105
515110
515114
515563
518656
528956
550228
553337
554442
555075
559964
563867
568207
574003
581928
589174
590994
591858
592036
594622
595069
598291
599169
602435
603617
604627
611653
626616
627821
628964
630639
631430
632450
634005
638666
640630
649957
651229
652329
669297
673282
677080
682071
682340
683434
688022
689942
693746
700933
702585
710251
711808
715465
717526
719024
722227
723432
724202
726850
727276
727582
728108
731536
734931
738874
740629
762735
766501
768453
775681
784351
788980
799898
803530
807657
810151
816768
823291
825767
827441
832140
857142
857448
860077
861126
868874
869961
874878
874904
884532
893497
899717
908936
911854
918140
922244
925967
926145
933810
935612
936108
939362
947435
948875
953087
956069
958657
968092
971449
981418
982721
985982
987677
993772
994393
998218
999234
999929
1004917
1008409
1009794
1016455
1021942
1023687
1034394
1034930
1037832
1043440
1045691
1050934
1062015
1062266
1068190
1071964
1078914
1079771
1082943
1092354
1094041
1096725
1105262
1106741
1108876
1114498
1122759
1125023
1126166
1129363
1144316
1144871
1146620
1161737
1162651
1170119
1171690
1173097
1177215
1179864
1181164
1184266
1192540
1195009
1201411
1206521
1211017
1213584
1219693
1220965
1223902
1226252
1226519
1226648
1237266
1241182
1245070
1246114
1254932
1260339
1266720
1272656
1280617
1286078
1300259
1305392
1310425
1311277
1315487
1319089
1320139
1326509
1334255
1340034
1344936
1345731
1347570
1350127
1350242
1350400
1351632
1351982
1352994
1356765
1360417
1366554
1368024
1368327
1369587
1372148
1372642
1384952
1385853
1387403
1388680
1397042
1397356
1399056
1402739
1402989
1404205
1411424
1412277
1413542
1414787
1415716
1418682
1419665
1420264
1420675
1422454
1424677
1425038
1426224
1426458
1430888
1431946
1446333
1448340
1449407
1451477
1463633
1473178
1477200
1482287
1482945
1493513
1493832
1494877
1496756
1504482
1515392
1517086
1517294
1517344
1521334
1524025
1526450
1542029
1543393
1550884
1551553
1557606
1573433
1577962
1589680
1591568
1592765
1605745
1605952
1606213
1613360
1618801
1622797
1628264
1629946
1637514
1638444
1638672
1641217
1642598
1643655
1660307
1662580
1665007
1682728
1685627
1694836
1696005
1706584
1714007
1715063
1722562
1723806
1725821
1729032
1729706
1734579
1740441
1743914
1744665
1753443
1754509
1755002
1755324
1760831
1761968
1768912
1773048
1775490
1777480
1778145
1784465
1791168
1793364
1795862
1797717
1801274
1802499
1805079
1815519
1816236
1817750
1821493
1827893
1828471
1833105
1833897
1834030
1834290
1839103
1841991
1842123
1842543
1844680
1848321
1855364
1858048
1867359
1869550
1876069
1882902
1890251
1894645
1901989
1925554
1934060
1937581
1938713
1945629
1947381
1947609
1949944
1958606
1961603
1965548
1969652
1970052
1975125
1989784
1996611
1998720
