-1999911
-1988075
-1987509
-1979977
-1979448
-1976649
-1975305
-1969350
-1967104
-1967052
-1965409
-1961663
-1957314
-1950709
-1930728
-1924251
-1916131
-1914391
-1913907
-1907815
-1903881
-1898190
-1898115
-1894550
-1894395
-1891649
-1888620
-1885070
-1883380
-1879468
-1873963
-1870507
-1862966
-1859781
-1858329
-1857838
-1848664
-1845504
-1839225
-1827386
-1825873
-1822577
-1818974
-1809916
-1809568
-1806339
-1802514
-1799419
-1797312
-1797213
-1796517
-1795753
-1786984
-1783144
-1783104
-1779705
-1773039
-1768519
-1768352
-1768084
-1767752
-1766631
-1763962
-1763702
-1763569
-1757999
-1757070
-1755566
-1749141
-1748743
-1747499
-1736343
-1721285
-1715438
-1714664
-1713399
-1710211
-1706451
-1704124
-1701725
-1697104
-1694522
-1693972
-1685357
-1677880
-1657202
-1650476
-1649606
-1647383
-1642558
-1641308
-1635341
-1632295
-1631879
-1623544
-1600152
-1599890
-1597526
-1585638
-1581456
-1564567
-1560211
-1557817
-1557641
-1552567
-1548845
-1535489
-1535405
-1533911
-1531715
-1530778
-1530533
-1529025
-1525116
-1523837
-1521874
-1519605
-1512083
-1512065
-1503052
-1492998
-1477915
-1477827
-1476817
-1476321
-1473277
-1466761
-1464225
-1460577
-1459269
-1457041
-1455532
-1450915
-1450338
-1444906
-1439737
-1432624
-1421662
-1417007
-1416313
-1413088
-1405429
-1401757
-1396052
-1393464
-1392077
-1389986
-1384404
-1380191
-1373291
-1372946
-1368206
-1366042
-1365175
-1364271
-1357413
-1357321
-1356294
-1356001
-1355356
-1355270
-1353280
-1352870
-1348252
-1345475
-1343977
-1329146
-1320272
-1318629
-1296027
-1287592
-1281178
-1280248
-1275789
-1272188
-1269537
-1269256
-1266224
-1263442
-1262759
-1260690
-1258672
-1256929
-1256332
-1255543
-1254633
-1253054
-1252140
-1238987
-1233430
-1232541
-1232276
-1225687
-1220328
-1220208
-1212268
-1210917
-1210047
-1206635
-1203657
-1203613
-1197515
-1196923
-1193024
-1181023
-1165311
-1165173
-1159992
-1158603
-1158453
-1154820
-1154196
-1151116
-1131571
-1124811
-1119645
-1111132
-1094257
-1093173
-1091030
-1086373
-1083200
-1082911
-1068492
-1065427
-1051519
-1047508
-1038558
-1035502
-1034975
-1032570
-1029264
-1027913
-1024811
-1024368
-1023251
-1023124
-1018886
-1008590
-1003826
-996926
-985277
-980151
-972474
-970958
-963993
-959808
-957415
-956341
-947134
-931470
-928805
-927462
-920156
-918046
-917377
-904963
-885008
-877709
-871684
-868886
-868409
-862502
-852520
-850164
-848446
-848073
-844932
-837938
-829975
-827661
-827144
-819317
-818227
-816403
-815336
-815203
-814689
-814078
-814000
-809586
-808225
-797540
-796454
-794382
-792078
-782906
-779695
-774260
-769363
-768953
-767842
-765632
-765272
-760135
-758784
-746557
-743859
-737183
-722126
-720493
-713303
-710089
-704270
-703423
-694136
-687205
-686985
-685102
-677138
-677089
-676546
-672363
-663784
-659851
-659468
-659027
-653846
-650189
-646921
-642765
-640609
-638127
-630062
-618765
-614271
-611150
-609358
-606059
-600466
-593456
-592043
-586997
-586238
-582831
-579582
-578899
-575763
-572890
-567643
-564518
-560004
-559160
-558913
-558173
-553775
-551386
-550878
-543878
-543407
-539630
-536339
-533298
-522527
-519122
-512717
-510122
-508260
-502792
-500760
-490857
-484939
-483295
-469776
-464823
-464051
-458059
-451163
-432688
-425142
-420246
-418784
-418406
-417899
-412003
-411223
-409646
-399064
-392361
-388535
-383247
-381801
-380347
-368560
-363691
-360533
-358478
-350673
-346487
-336836
-335352
-334685
-330429
-322649
-318088
-313740
-306607
-305752
-305642
-305282
-302615
-287220
-286376
-281771
-279242
-274872
-274673
-272726
-271976
-270597
-267590
-262309
-260307
-256881
-255024
-251567
-238778
-237223
-235455
-235064
-232516
-232136
-230002
-226016
-212068
-210938
-206383
-202254
-199233
-188254
-186746
-184886
-182710
-182638
-182250
-180899
-169069
-168281
-167544
-166530
-162222
-160352
-157979
-153435
-153415
-151058
-140627
-135302
-128726
-120479
-114844
-109704
-107400
-105068
-92943
-92011
-87943
-87483
-77494
-72368
-68826
-67757
-65796
-61529
-53063
-50638
-47497
-45781
-45507
-42859
-42689
-41103
-38348
-28169
-27084
-26637
-26478
-25883
-19657
-11687
-5954
-109
12506
27242
30645
38378
42812
44444
50559
53226
60922
70393
76321
76601
79723
80300
80852
82347
84835
89489
89958
90659
93048
95925
98194
103133
109465
111260
112314
113135
117493
122457
132694
137010
137211
139511
140298
142558
142605
147078
157971
158079
158552
159114
161476
179334
184944
186380
190175
191874
196389
196823
203014
205249
205665
215563
216934
218435
218696
221743
224298
232696
237440
240317
245750
249951
251580
252312
255872
258995
259743
291912
292536
292701
300445
301452
302837
304552
307634
310326
310383
315595
315752
318578
337517
337570
339313
339790
344018
347796
361214
370563
371138
380691
381186
387431
388109
392106
401924
405333
412524
420204
420477
426022
434216
435513
436618
438855
439449
439946
441911
442666
448481
448996
451045
462607
464982
466680
478437
479648
489816
497070
505238
508913
519492
520163
521861
524077
528261
528398
531817
535445
545955
547495
547606
554148
557847
558388
559702
561790
562180
564241
570562
570858
573927
577146
577577
578948
586595
586790
591912
593813
599182
600686
604785
605254
608079
609188
609500
611610
613151
614326
622684
625463
626014
626395
627843
636857
638594
639481
645139
645685
647456
655058
657619
657934
659207
661780
663476
663944
668358
671556
677815
680052
681662
682538
684889
687420
687951
690445
701512
702884
708136
724400
730088
731653
755434
757348
769738
771450
772678
775533
777455
778179
783031
789668
790084
790282
796184
796298
813011
816781
821569
827619
828663
829145
834837
835986
844065
847429
857843
859508
865088
870429
870452
877610
879594
880428
880641
882618
890760
891176
893391
894964
900024
900205
902333
903781
905088
906819
907760
912362
912730
920294
926953
928140
928159
941295
949287
954586
955301
959637
964664
967441
968861
981862
981909
981981
985030
987198
987289
990515
992007
993914
994640
997294
997743
1000976
1001559
1007723
1009393
1009570
1014232
1021825
1022742
1023701
1027378
1028433
1031043
1031378
1038750
1043669
1043815
1046633
1048912
1057306
1067765
1067771
1072336
1075407
1077216
1077371
1077372
1093010
1100437
1106884
1114346
1119368
1123740
1127607
1151883
1153496
1166431
1176516
1181292
1183537
1190427
1191038
1203531
1212219
1213628
1216901
1217403
1225677
1226599
1227070
1227513
1227596
1238002
1238046
1245629
1251792
1254101
1256579
1257002
1258023
1259233
1269308
1276829
1282779
1282834
1285236
1288284
1289861
1300527
1300726
1302615
1303041
1307333
1316355
1316587
1326943
1332366
1336201
1339729
1341154
1358824
1365986
1368971
1372942
1373037
1373556
1375142
1377465
1385709
1385925
1398041
1402215
1402879
1402926
1407047
1413747
1413956
1416026
1416147
1419019
1430525
1446983
1447487
1447816
1449097
1451187
1456866
1457767
1458730
1460354
1462235
1464134
1469728
1470113
1470321
1470342
1471474
1475068
1483425
1483433
1483832
1490233
1497168
1498659
1516528
1518299
1521900
1523610
1525682
1536893
1540274
1543231
1544378
1545863
1549393
1550702
1553834
1556835
1562069
1564678
1568016
1568398
1568751
1571046
1575769
1576149
1591899
1597415
1601374
1604801
1614080
1626530
1627251
1630037
1635209
1640613
1642325
1649805
1651125
1651340
1653777
1654657
1658692
1660440
1664200
1665759
1674230
1675504
1675625
1676274
1678380
1680729
1682649
1687773
1690279
1698661
1707919
1708704
1710362
1724261
1725958
1727550
1728747
1729552
1732462
1739846
1740865
1743587
1745035
1756169
1756890
1761837
1765756
1768247
1769935
1773515
1773697
1775245
1779723
1786269
1793808
1793923
1794443
1797138
1797785
1802402
1808618
1822809
1827372
1828340
1829391
1829787
1830188
1832085
1832386
1837342
1846069
1854312
1857354
1861613
1863031
1863068
1864232
1869288
1874600
1879485
1881385
1882384
1882730
1891587
1900163
1908415
1912762
1913299
1914030
1935526
1937315
1942584
1943128
1943985
1945465
1945696
1947353
1950598
1960375
1962433
1974939
1976279
1977164
1977760
1985638
1985949
1994816
1995827
