-1998934
-1997765
-1978379
-1976246
-1974882
-1973312
-1971331
-1963138
-1957655
-1957126
-1955932
-1947855
-1945346
-1944416
-1937264
-1934679
-1933914
-1932373
-1930385
-1929520
-1928225
-1925035
-1912985
-1907980
-1906995
-1906279
-1905801
-1902898
-1902005
-1900692
-1896705
-1896570
-1891290
-1887846
-1879303
-1875959
-1871818
-1871145
-1865246
-1863169
-1862835
-1859869
-1854133
-1849113
-1845567
-1845414
-1844304
-1823192
-1819429
-1815562
-1815068
-1813167
-1809507
-1804134
-1801939
-1800802
-1798973
-1795768
-1792201
-1790847
-1777380
-1772807
-1765443
-1763905
-1758944
-1754983
-1746247
-1741065
-1739517
-1734298
-1733216
-1725684
-1720427
-1718961
-1713688
-1712246
-1681676
-1679865
-1678251
-1662867
-1658909
-1652423
-1646748
-1646386
-1645429
-1634619
-1633684
-1625226
-1623489
-1623262
-1621441
-1620677
-1611624
-1599097
-1590377
-1584977
-1584450
-1582779
-1581626
-1578559
-1578491
-1576307
-1576199
-1570107
-1565974
-1549889
-1548996
-1544962
-1531809
-1530269
-1530007
-1525888
-1525375
-1523100
-1521838
-1520953
-1519398
-1518047
-1514522
-1510485
-1507884
-1505038
-1504722
-1501946
-1488110
-1482955
-1479900
-1468704
-1464009
-1461551
-1458437
-1453945
-1451705
-1448491
-1447393
-1443085
-1433250
-1427120
-1421703
-1421249
-1417263
-1415275
-1413338
-1410522
-1409923
-1407484
-1406180
-1405364
-1404074
-1403341
-1386788
-1385869
-1385297
-1380228
-1379732
-1374654
-1373900
-1373694
-1371642
-1371490
-1371417
-1369960
-1366213
-1364976
-1364231
-1361593
-1358613
-1350290
-1347011
-1346449
-1340370
-1340142
-1337818
-1334442
-1333273
-1329747
-1328036
-1326428
-1321047
-1320095
-1317201
-1316257
-1316114
-1310922
-1302312
-1302109
-1301071
-1296414
-1295207
-1293763
-1293104
-1289582
-1286959
-1286067
-1282247
-1275707
-1271412
-1265518
-1265155
-1262838
-1254214
-1249506
-1247186
-1233911
-1233284
-1230185
-1228696
-1221945
-1219830
-1219597
-1209531
-1207322
-1205380
-1202135
-1201348
-1186147
-1181394
-1174070
-1172380
-1172343
-1170811
-1166800
-1165120
-1152906
-1152839
-1149994
-1147123
-1142993
-1129116
-1124799
-1119869
-1113836
-1109336
-1107935
-1106347
-1104354
-1087581
-1086091
-1083797
-1079079
-1075705
-1075403
-1074422
-1067121
-1063055
-1062546
-1057338
-1056098
-1051627
-1048873
-1046047
-1043700
-1042343
-1041479
-1040336
-1039611
-1036726
-1031479
-1026129
-1025323
-1019304
-1001202
-984850
-981701
-973061
-972003
-968218
-967284
-965821
-965045
-961966
-960319
-958833
-958032
-930865
-928218
-926744
-919433
-917619
-917113
-915023
-912694
-909949
-907649
-905451
-901040
-898957
-897693
-893849
-887115
-880514
-878723
-877478
-861507
-860075
-853322
-847714
-846924
-844023
-839526
-837367
-831696
-823353
-819993
-813718
-806172
-800202
-799945
-795502
-789227
-777537
-774630
-771553
-766279
-765468
-757935
-753787
-750666
-750159
-749648
-749064
-748741
-745310
-741733
-739601
-739491
-729547
-729352
-718085
-714589
-712448
-707981
-692350
-684771
-684446
-682209
-679066
-669527
-665622
-660845
-659807
-658164
-648687
-640200
-639926
-638230
-633532
-631906
-631288
-630048
-628437
-627032
-625450
-617876
-614417
-613113
-610601
-609900
-608703
-606763
-606641
-605262
-601499
-591837
-590165
-578973
-572812
-571138
-567882
-567116
-562726
-552240
-548106
-547856
-547342
-546140
-545666
-545254
-537494
-524426
-523357
-516794
-516074
-506069
-505099
-504484
-502963
-502807
-499945
-486168
-479365
-477109
-468701
-464752
-464113
-458032
-450653
-447564
-438254
-434442
-433193
-432807
-429876
-424038
-423118
-420345
-419769
-393143
-392284
-381111
-380872
-369938
-364565
-363052
-352362
-352129
-351283
-340872
-339123
-335297
-334058
-325831
-324086
-324078
-322986
-320687
-316410
-315331
-310239
-306096
-305021
-300213
-297261
-296349
-292815
-290266
-282543
-279181
-259877
-256642
-251346
-250522
-244567
-237178
-236360
-229703
-228053
-225308
-221258
-219529
-218425
-217615
-217282
-215171
-212769
-205541
-204061
-200986
-200194
-196333
-191026
-186418
-175127
-173554
-170354
-169816
-169666
-166386
-164989
-164849
-164167
-160184
-159901
-156376
-149136
-140417
-133288
-128707
-128691
-122189
-116376
-112431
-110892
-109379
-103272
-91777
-80686
-80483
-79040
-78409
-78137
-75992
-72886
-71499
-68534
-67575
-62875
-60912
-60207
-53469
-44614
-37806
-36671
-32923
-31549
-28619
-23472
-16919
-11341
-9887
-4630
-2609
-1120
679
2083
2607
2827
7083
17117
17619
20162
32120
43847
48411
58126
68598
73176
73237
73819
98398
108892
109773
114488
118632
121480
123318
124427
128031
130116
130898
131577
132906
135144
137049
139188
142204
154315
159199
163371
165810
167228
170033
172013
174241
177241
177769
177953
179897
182246
195207
208929
209818
210385
212542
221672
237703
239542
247471
261607
265662
278763
282041
289786
289808
298287
305694
305931
307050
309949
311092
327070
333001
335745
341007
341348
343776
348858
350899
352616
353798
357458
359554
366622
367361
370428
378635
386347
387194
389399
398365
401160
409380
410289
410387
412260
416987
422049
424306
428168
435843
439867
442203
446709
448120
449176
451544
454937
457739
469168
479403
483934
485320
500862
504270
505592
509759
510959
519120
520613
524319
526466
534980
536684
547323
553243
553434
553540
563962
568706
568881
572980
573345
574245
574445
584094
590458
599941
600427
602971
605282
606065
611763
615658
615987
623371
624024
625014
626869
633385
634151
640929
646137
655864
657081
660626
663149
665062
667843
669045
680821
688289
690369
691111
694024
694083
700907
703298
705771
706089
709336
715603
717681
725482
728763
729291
729302
730615
735528
737477
748890
755803
757990
765667
769878
771363
793886
800544
805571
812347
816069
818527
826899
828261
828429
832463
833865
837296
838660
840673
846199
851315
853597
855473
859492
876079
883684
884113
884586
886446
888171
909636
910637
914832
931846
932925
933292
937937
940597
941833
942743
952736
953893
960712
964305
968629
984876
989998
991230
994692
998644
999416
1003348
1008593
1009765
1012254
1022044
1022787
1025829
1028257
1033404
1035435
1038070
1043031
1055669
1057203
1065497
1069852
1070523
1078130
1078182
1080954
1089830
1091644
1095884
1098466
1106494
1107577
1117119
1118239
1125251
1127599
1130717
1134944
1144761
1153076
1153607
1159687
1161701
1167601
1170158
1173182
1175776
1175806
1180144
1180483
1181162
1185162
1194213
1195541
1196692
1196709
1199448
1202565
1208465
1208908
1214348
1217212
1224392
1229628
1234754
1238185
1239507
1240471
1250331
1251403
1255900
1255915
1256565
1257070
1259107
1266133
1269243
1270616
1270805
1271742
1272013
1278103
1284346
1286690
1308669
1315654
1328855
1330835
1338672
1340223
1341905
1348105
1350570
1355484
1356724
1357704
1372549
1383475
1386672
1387085
1389873
1391495
1399510
1402360
1408162
1409725
1412384
1413135
1413673
1418899
1418916
1428612
1429023
1429145
1434835
1434865
1436070
1441518
1443520
1447505
1449600
1454017
1457770
1459013
1459783
1462744
1468383
1468839
1479049
1486553
1495422
1500397
1503335
1513170
1517464
1518104
1518585
1529459
1529624
1533273
1541654
1541807
1542022
1554049
1555178
1555287
1578150
1580046
1581589
1587394
1593310
1597655
1601482
1604784
1606316
1607295
1608409
1610987
1614273
1615925
1621071
1623355
1627716
1631096
1633139
1644295
1648716
1651409
1656789
1661393
1665517
1666895
1672370
1681188
1687035
1693357
1693846
1695167
1698302
1701118
1703532
1703981
1706930
1716097
1716153
1718037
1723481
1724131
1729206
1731495
1733164
1741114
1743698
1746239
1753431
1767259
1774832
1779231
1779574
1783467
1793504
1796402
1800081
1800865
1801330
1803500
1814392
1815714
1820408
1825050
1826223
1826434
1829256
1840741
1840919
1848094
1850598
1855163
1858173
1860250
1861220
1862072
1862635
1864491
1864651
1867486
1867611
1868057
1869210
1872672
1887384
1887844
1889271
1890726
1894114
1895657
1896171
1896534
1902550
1904654
1908846
1913640
1913666
1913993
1914384
1920064
1923261
1925481
1927630
1933175
1935451
1936693
1951598
1952807
1957467
1958217
1959504
1969709
1972051
1978085
1979251
1981450
1984495
1987176
1998193
