-1992301
-1988923
-1980610
-1980386
-1978324
-1974348
-1972547
-1969227
-1964712
-1963480
-1960577
-1960236
-1957100
-1956101
-1952650
-1952259
-1948568
-1946065
-1943190
-1941518
-1933296
-1930093
-1920602
-1914056
-1910205
-1907767
-1906481
-1901902
-1900972
-1886561
-1875099
-1871859
-1868989
-1868478
-1857732
-1853179
-1850324
-1849296
-1840158
-1840063
-1836761
-1833514
-1832463
-1824482
-1824220
-1821433
-1820806
-1815408
-1809999
-1808696
-1801559
-1796294
-1795636
-1790024
-1785331
-1781710
-1773671
-1760914
-1759905
-1757407
-1753560
-1752308
-1751984
-1749351
-1745512
-1744265
-1741477
-1741215
-1739638
-1737192
-1731619
-1725192
-1721923
-1717193
-1705831
-1704622
-1699148
-1685671
-1685566
-1675629
-1670788
-1668723
-1668176
-1666959
-1664587
-1663927
-1658275
-1643961
-1634323
-1633209
-1632633
-1628907
-1626621
-1625358
-1617861
-1617159
-1610929
-1609010
-1604965
-1592722
-1569927
-1563886
-1563252
-1547861
-1544492
-1537496
-1534691
-1534255
-1533596
-1529802
-1526150
-1525296
-1517456
-1514972
-1514091
-1510543
-1510140
-1504679
-1498010
-1488006
-1485112
-1475078
-1472627
-1457605
-1455515
-1452518
-1448082
-1442367
-1441037
-1437807
-1432930
-1421039
-1418899
-1417781
-1417420
-1408564
-1406612
-1401857
-1399860
-1388684
-1381432
-1379990
-1378071
-1376392
-1363313
-1359367
-1358974
-1355935
-1353396
-1347879
-1347678
-1332031
-1329851
-1324607
-1323077
-1320715
-1315194
-1315124
-1299668
-1293574
-1291303
-1288518
-1287656
-1287089
-1284601
-1278560
-1275591
-1275357
-1270024
-1267199
-1266760
-1264236
-1262710
-1262259
-1261710
-1260544
-1259073
-1252765
-1251339
-1251285
-1246674
-1240863
-1237047
-1235021
-1229028
-1222322
-1214076
-1212059
-1211414
-1210021
-1206781
-1206686
-1203386
-1197419
-1195384
-1189480
-1188528
-1182965
-1181130
-1180572
-1174461
-1172695
-1172089
-1169168
-1168772
-1168211
-1165771
-1161829
-1161387
-1148932
-1147702
-1145362
-1141283
-1137276
-1137054
-1136754
-1135294
-1132202
-1131256
-1129566
-1128592
-1119455
-1105370
-1101482
-1100945
-1089644
-1081381
-1080091
-1067577
-1065177
-1065176
-1058978
-1058296
-1057307
-1053852
-1050518
-1047456
-1047194
-1043841
-1043112
-1042740
-1042172
-1036088
-1032166
-1025146
-1023923
-1020585
-1011073
-1007295
-1007000
-1003484
-1001500
-998398
-997354
-978574
-975146
-973968
-967887
-959775
-959708
-957596
-957149
-955873
-954133
-952332
-950153
-950040
-949823
-948604
-944917
-943260
-932569
-929194
-921876
-918374
-912534
-910576
-901743
-900880
-886088
-885829
-882394
-881489
-879623
-876146
-871292
-857885
-855320
-853679
-852140
-849273
-841920
-837168
-833075
-825912
-820454
-819396
-804235
-803854
-789868
-780814
-780730
-779417
-778804
-770773
-769536
-765706
-764783
-764630
-761061
-754616
-754414
-752097
-751194
-740213
-738772
-719422
-712713
-709612
-708308
-706494
-700409
-699298
-695438
-694111
-683850
-679071
-673893
-658598
-658541
-648559
-645647
-644570
-640039
-636972
-634785
-624376
-622161
-609172
-605375
-594641
-592911
-585316
-580523
-572038
-569451
-569422
-563820
-561369
-560913
-551778
-550390
-523211
-521252
-516632
-505678
-503587
-501643
-493007
-491304
-486825
-486510
-484452
-476035
-474977
-471181
-470002
-462621
-458224
-458213
-442466
-439110
-407465
-399219
-397891
-392176
-391171
-385438
-381918
-380793
-368355
-364967
-362308
-356068
-355323
-351250
-349121
-348235
-347317
-346673
-343810
-336162
-330917
-330856
-330831
-326175
-324146
-318325
-315793
-311880
-308579
-308307
-305724
-302372
-299790
-290692
-283636
-278313
-264356
-264027
-254457
-252953
-252830
-251190
-250009
-249169
-246821
-243972
-237289
-232844
-228907
-223422
-216400
-208777
-207895
-195434
-194657
-193692
-191814
-191181
-171312
-171084
-166380
-166358
-158952
-154638
-140655
-140648
-139577
-128434
-126399
-123415
-121857
-117773
-114814
-114330
-110209
-109650
-107524
-93639
-83309
-81842
-75362
-75282
-73003
-72013
-70652
-66257
-65098
-62247
-61139
-54127
-53027
-51543
-41360
-38294
-37700
-36748
-35965
-33750
-30553
-22076
-20506
-19858
-18014
-17704
-17441
-16887
-16725
-3039
-570
-71
3333
4640
7403
9134
9831
11007
12038
14114
16937
18400
29657
31792
35832
36105
39414
43911
45845
46843
50036
62504
72856
75303
85171
88693
93984
108028
108953
109426
109970
111431
114664
115541
117416
121729
135789
138554
139851
142111
145488
150866
151905
154724
164436
167187
177475
185265
185503
186722
187149
188470
192642
192884
197901
200462
206893
210802
218512
219931
220286
227636
231825
237387
239736
251525
261097
268524
272821
274605
275564
291240
294684
296580
296859
298769
304243
313965
314273
316089
318249
324161
328931
334017
334371
354441
357079
359183
365010
367330
383385
394893
396346
396718
399447
403143
403801
407476
412209
415105
417620
418059
418288
419757
428721
433606
433694
435834
438150
446969
454227
482851
485445
486914
488896
489814
502817
505100
506881
513272
524010
525583
530824
531924
535104
535926
536324
540300
547558
550383
553569
554754
558183
560423
570952
574666
576763
578713
585232
587450
589300
590092
591109
596322
597628
599975
600056
605654
619423
626513
633273
636506
636725
637836
649889
650159
658114
660303
665560
665934
667121
667345
676726
677370
682572
683441
688234
691225
691538
693619
698506
705900
714559
718142
718457
719086
725190
731652
736085
737839
738155
740252
741438
742399
745669
747644
748443
748799
750090
753318
756141
756183
764545
767489
774131
788414
791500
798833
798939
799329
800283
800438
804629
806876
822027
824229
824318
826963
830611
831707
833686
845923
846872
854947
855009
862513
863743
868130
875018
879886
881803
882620
883678
888025
888168
889338
890474
893069
899056
912444
912820
913004
914462
915623
919248
919755
924123
934634
942984
947024
948014
952312
957382
961536
967042
969649
983469
983575
983866
987778
988188
990665
993357
1000168
1002115
1002182
1005234
1005384
1011656
1013327
1022646
1032013
1036855
1037155
1037426
1043964
1044850
1047505
1050337
1053439
1053992
1062945
1070924
1079235
1083941
1084240
1096676
1097127
1099037
1100987
1103186
1103769
1105793
1107995
1111825
1115872
1116843
1118070
1121408
1125403
1129106
1134024
1134621
1137830
1144095
1144517
1148888
1149139
1149459
1150516
1150605
1151939
1152305
1154637
1156544
1156803
1168495
1170901
1175042
1176587
1180368
1190751
1193234
1196048
1198832
1199254
1201789
1206247
1208464
1211392
1217330
1218776
1222081
1224451
1225155
1226428
1228099
1229631
1236096
1240349
1240357
1248229
1250536
1253564
1260389
1268190
1271848
1273630
1279271
1286975
1288967
1289813
1291206
1295180
1295791
1297171
1298784
1301907
1303510
1311354
1312211
1315606
1342681
1350372
1353237
1355797
1358496
1367023
1370982
1371122
1377572
1378339
1383545
1386078
1388029
1392913
1394084
1394299
1416523
1421356
1422952
1424027
1427092
1444661
1446112
1446400
1447803
1449070
1450887
1458260
1459111
1459658
1460418
1464755
1467836
1468161
1475340
1478136
1484382
1485400
1487244
1490853
1495315
1496927
1499591
1500091
1501663
1503451
1507566
1512990
1514819
1519603
1522579
1524664
1527610
1537016
1543411
1543656
1544652
1547288
1548423
1548945
1554742
1565124
1566262
1568506
1570608
1574790
1576038
1582077
1598161
1602375
1607306
1613226
1619376
1620579
1625749
1626852
1627802
1636103
1636159
1638126
1638980
1640345
1641118
1642184
1656351
1658058
1668016
1669639
1673465
1675047
1677201
1680982
1681390
1686725
1687947
1703230
1712078
1715961
1719727
1720084
1727367
1732914
1738360
1745458
1748559
1749503
1750131
1753153
1754773
1759085
1759568
1762598
1770630
1774380
1777945
1783176
1783377
1791352
1792123
1802234
1810105
1810322
1813722
1814644
1815298
1820396
1823235
1824201
1831417
1833938
1835971
1836585
1837747
1839126
1841473
1845405
1845583
1847612
1848125
1848794
1859625
1861914
1863459
1867181
1875446
1889718
1892673
1911434
1929988
1931307
1933294
1938725
1941259
1941871
1948879
1949304
1950017
1951458
1951866
1975530
1976396
1977015
1978710
1980358
1983526
1991329
1992045
1999883
