-1995717
-1993450
-1992389
-1988505
-1969516
-1960320
-1951027
-1946247
-1942103
-1934195
-1934093
-1933726
-1933148
-1932798
-1932454
-1924792
-1923815
-1918969
-1918904
-1911848
-1909261
-1905763
-1905176
-1900358
-1896406
-1891779
-1887428
-1883612
-1880225
-1880085
-1878379
-1876293
-1872862
-1864194
-1864105
-1863762
-1863549
-1859186
-1852411
-1852112
-1851287
-1850288
-1845380
-1826135
-1817895
-1816361
-1812325
-1811598
-1805691
-1791501
-1790245
-1782329
-1776344
-1768688
-1764819
-1764756
-1760546
-1757608
-1751695
-1749181
-1743432
-1734183
-1721827
-1719508
-1716306
-1712451
-1702665
-1696551
-1691291
-1690628
-1688782
-1684701
-1671744
-1671331
-1670454
-1665337
-1664798
-1662279
-1656091
-1652434
-1647225
-1647097
-1645264
-1641786
-1637010
-1636029
-1635074
-1631722
-1606982
-1601141
-1600494
-1595137
-1592918
-1588240
-1585801
-1584123
-1569230
-1568889
-1568414
-1567167
-1558565
-1558551
-1556869
-1556212
-1551548
-1548396
-1544318
-1539777
-1537456
-1535839
-1533609
-1533155
-1524371
-1521682
-1519100
-1511207
-1507564
-1505326
-1504157
-1502700
-1492218
-1488647
-1485116
-1482602
-1474549
-1469184
-1465875
-1465683
-1463998
-1456932
-1450979
-1449727
-1441175
-1426025
-1425472
-1412829
-1405470
-1398702
-1393408
-1391083
-1378366
-1374457
-1373587
-1367171
-1365565
-1355738
-1354440
-1351070
-1348630
-1343475
-1343433
-1341793
-1336610
-1329834
-1319359
-1315538
-1312149
-1311987
-1307825
-1295421
-1294207
-1293591
-1290764
-1283573
-1283401
-1280278
-1277267
-1265231
-1263596
-1263296
-1261395
-1260029
-1259515
-1254795
-1254501
-1250150
-1244231
-1230808
-1226809
-1224838
-1222766
-1218616
-1216756
-1213532
-1208970
-1206781
-1205095
-1204308
-1202377
-1189393
-1188205
-1179690
-1179299
-1177748
-1176078
-1175817
-1168058
-1161624
-1131207
-1130284
-1124513
-1119902
-1117236
-1115465
-1113899
-1110490
-1095616
-1094613
-1093429
-1093147
-1091483
-1089841
-1088936
-1084156
-1076510
-1075944
-1075320
-1071418
-1069127
-1066935
-1066072
-1064582
-1054769
-1049414
-1048406
-1047044
-1046477
-1037817
-1036341
-1035211
-1025782
-1024904
-1012084
-1010169
-1009312
-1008999
-1008000
-1006155
-1002794
-1000344
-997475
-993601
-987507
-986906
-986859
-984598
-983429
-979166
-978790
-975815
-973995
-971792
-967182
-964642
-963984
-960363
-956885
-955209
-950105
-949952
-948417
-945550
-938285
-938005
-935719
-933088
-922498
-916480
-913162
-912317
-908757
-905125
-904835
-902284
-894662
-887478
-887190
-885454
-884857
-870294
-861455
-851660
-851088
-849476
-848308
-847291
-846804
-844725
-841543
-838362
-836794
-835989
-831715
-812604
-807981
-803194
-802018
-799638
-799044
-786289
-782167
-778884
-778147
-767692
-760177
-750921
-736532
-734100
-730574
-712540
-710106
-700468
-699424
-696187
-692527
-690358
-684438
-678898
-678188
-667028
-666473
-663796
-659943
-656028
-651946
-651099
-648921
-646443
-644869
-643779
-642440
-627238
-622377
-615608
-601947
-601879
-600892
-575585
-572487
-568681
-568021
-566640
-562565
-561926
-560582
-558452
-557979
-552800
-548336
-545427
-536435
-533269
-509203
-508313
-504161
-501666
-501062
-500055
-499387
-492471
-491067
-489664
-486236
-484236
-481916
-480785
-480197
-476852
-468446
-464749
-464706
-462736
-454320
-450858
-448687
-443003
-442050
-441019
-437141
-434198
-433217
-429305
-426642
-425816
-425736
-417303
-414963
-413344
-408010
-404938
-401702
-401696
-399542
-399123
-394732
-391696
-390330
-383573
-381419
-379339
-375672
-374607
-370169
-369096
-357733
-351560
-349445
-347207
-314301
-312452
-310680
-306189
-300484
-298827
-285946
-281996
-269530
-261142
-259389
-259027
-257381
-255653
-254264
-251097
-248862
-240798
-239968
-238661
-229872
-228473
-219994
-205852
-203208
-202416
-198860
-190456
-187591
-184371
-182238
-179674
-179005
-162361
-159681
-158802
-158768
-149726
-139355
-135335
-129097
-126652
-126313
-125395
-124879
-124261
-122360
-119421
-118159
-116283
-107868
-103414
-102015
-99383
-90963
-84782
-80582
-74372
-73830
-72214
-70875
-70097
-64320
-61375
-59980
-58417
-50424
-47512
-45346
-45262
-41477
-39220
-38945
-33095
-30064
-18246
-17004
-14125
-8214
-4117
12994
15595
20120
21288
28463
29952
31087
31523
35126
36023
46567
47808
51810
52674
52837
54175
56309
57338
57643
57683
57974
58289
60569
60641
66042
67869
72739
82379
82605
90133
98263
99433
104964
111844
116260
117888
120601
130982
137389
137407
143373
144506
146408
150014
153170
160558
163199
173411
173547
175081
180049
184915
202711
213552
213906
220346
224607
226773
229934
231675
235487
236946
246222
246377
247881
250650
253820
256438
261476
262057
262855
268493
273005
273675
275957
276048
279780
280850
289580
291535
297655
298351
298851
303255
313020
321140
334152
336051
337573
338645
344578
349035
350587
356379
356398
356761
362483
364114
364955
367238
367402
368476
371460
373601
377527
383934
387965
392958
393446
396692
403233
414796
416857
421639
421785
429739
434989
436728
436811
437448
441568
445972
447588
449570
449724
456378
465118
471179
478717
481240
482411
488244
488640
491980
494476
511575
513129
516526
516667
516762
535566
538684
545884
547945
562284
563219
564733
568472
573595
577137
578588
585671
590723
594941
601374
606858
611871
614144
621055
625309
627008
627155
628160
628865
632564
638423
644326
644669
646402
647193
651808
653112
654548
657118
662970
663944
674701
678439
681787
689550
692209
693310
693792
696559
699579
703810
707692
711636
715535
716730
718804
729908
738299
743576
756949
763297
763452
780075
780332
783356
792319
800096
800478
802418
810072
816634
828322
831603
832406
835507
835604
841580
842215
842643
846500
853914
854706
858573
859537
863686
863764
891534
901340
906359
907965
909959
911272
912323
937398
937440
950108
952976
953113
961758
964715
968989
973892
983663
986873
987523
989756
992815
994406
999485
999951
1000751
1002383
1003799
1011029
1020935
1024053
1025106
1029980
1030782
1037750
1040807
1040858
1044880
1051240
1062699
1063831
1064054
1067122
1068785
1069491
1075314
1084126
1088040
1088178
1097213
1102401
1108371
1112844
1113369
1116389
1120028
1127781
1129677
1135352
1146549
1152345
1155391
1159182
1160052
1163677
1164414
1164967
1167116
1167693
1167892
1168128
1169955
1181634
1183958
1188405
1189935
1190377
1193172
1193602
1197332
1197991
1199511
1201668
1204192
1205629
1219585
1223704
1250704
1256561
1259135
1260515
1267599
1281972
1291228
1294442
1301810
1310549
1317517
1318837
1321207
1325524
1326385
1329704
1330569
1339934
1341170
1345676
1348063
1349492
1353087
1353139
1361227
1362345
1368112
1368931
1369135
1369583
1382908
1383719
1393002
1393530
1397090
1398851
1399535
1401004
1402599
1409856
1426047
1426186
1426800
1430645
1435509
1436239
1441025
1445141
1445434
1447873
1454119
1455851
1462466
1466525
1470756
1470944
1476746
1493430
1494750
1497387
1508486
1508802
1515555
1518264
1522130
1528696
1528897
1529854
1530239
1535839
1537290
1543200
1544037
1554549
1559818
1560596
1560770
1564591
1570464
1574715
1579108
1579337
1580365
1585739
1591857
1594090
1596558
1596582
1600917
1606437
1608024
1622094
1623768
1630312
1632957
1636789
1639882
1643378
1643796
1645583
1654697
1657432
1658638
1658976
1659530
1660223
1668456
1671885
1673597
1674612
1675135
1678453
1689419
1691351
1697724
1703333
1703657
1704681
1706640
1716262
1721961
1726724
1729237
1733719
1734737
1741365
1745722
1746455
1749738
1751059
1756990
1757470
1760026
1765417
1770456
1782214
1789497
1791510
1798755
1799074
1801852
1802350
1808588
1808673
1809127
1809342
1810800
1811663
1813058
1818035
1820507
1821103
1825411
1831775
1834387
1834489
1835203
1839863
1841158
1848026
1848808
1853867
1857556
1866602
1869180
1870242
1870690
1881773
1887081
1889041
1892160
1893444
1893703
1895271
1898222
1901096
1904095
1906120
1908021
1908548
1910352
1910912
1918993
1920417
1927345
1929053
1929292
1934659
1942397
1944409
1945660
1946071
1947595
1948378
1954247
1957113
1961921
1964800
1966113
1972792
1978093
1993451
1994438
1997079
1997803
