-1996841
-1991163
-1983334
-1979657
-1978188
-1977869
-1974024
-1966838
-1966459
-1961311
-1960682
-1960335
-1958900
-1953002
-1951147
-1949149
-1948713
-1938687
-1935609
-1932280
-1930731
-1930031
-1919435
-1917327
-1915219
-1914748
-1914127
-1912842
-1909241
-1907105
-1904736
-1898947
-1892766
-1889226
-1885801
-1882157
-1881443
-1879124
-1872721
-1868231
-1862815
-1852941
-1850781
-1837740
-1836233
-1823976
-1817386
-1815960
-1811583
-1809644
-1806393
-1803618
-1802671
-1795604
-1786478
-1782630
-1771866
-1771754
-1770448
-1769368
-1768332
-1767066
-1758094
-1755491
-1755385
-1754671
-1752660
-1752524
-1749323
-1749315
-1747887
-1737635
-1731560
-1726893
-1720560
-1714678
-1708087
-1707571
-1703158
-1700176
-1696777
-1692285
-1689547
-1688991
-1686589
-1678030
-1662744
-1656698
-1656453
-1654704
-1642245
-1639914
-1639550
-1639035
-1636723
-1636470
-1633206
-1625449
-1622690
-1616727
-1612582
-1612560
-1610419
-1607371
-1598187
-1590960
-1590347
-1589765
-1584614
-1583068
-1582993
-1581848
-1569825
-1567127
-1564128
-1563706
-1561477
-1557801
-1547597
-1545497
-1542542
-1540514
-1531185
-1524903
-1524039
-1522530
-1521497
-1513012
-1507674
-1506621
-1496432
-1495366
-1491112
-1476079
-1467132
-1462403
-1460474
-1460341
-1457482
-1456978
-1456517
-1451113
-1448248
-1447400
-1444033
-1441618
-1441349
-1440678
-1437732
-1435078
-1433478
-1429734
-1429601
-1419258
-1418642
-1410499
-1406635
-1400831
-1400118
-1399854
-1399520
-1393366
-1385780
-1384091
-1382858
-1381484
-1381184
-1378004
-1376380
-1376264
-1374655
-1374032
-1365345
-1362650
-1359484
-1358915
-1354673
-1353859
-1353650
-1352958
-1352111
-1342608
-1337445
-1332372
-1326739
-1325986
-1325413
-1325400
-1320772
-1320345
-1318175
-1317574
-1316993
-1309463
-1307210
-1300501
-1300177
-1294943
-1292957
-1292145
-1288453
-1286878
-1283939
-1283418
-1279245
-1263033
-1258619
-1253790
-1252702
-1252321
-1250287
-1244637
-1244254
-1241498
-1239749
-1236004
-1228165
-1219407
-1206995
-1206848
-1190909
-1187158
-1185055
-1184802
-1158756
-1157007
-1156909
-1152731
-1151119
-1142442
-1139853
-1131368
-1128921
-1126156
-1122128
-1121177
-1114774
-1114751
-1113951
-1107254
-1104816
-1101860
-1099872
-1096877
-1096420
-1094242
-1093201
-1092098
-1090440
-1090254
-1089788
-1089544
-1086126
-1080317
-1077679
-1073872
-1066802
-1064611
-1064284
-1062568
-1046339
-1044238
-1033953
-1032064
-1029862
-1027639
-1026981
-1025913
-1020920
-1018137
-1017573
-1009833
-1006800
-1005006
-992938
-986174
-985165
-982905
-982544
-981350
-977276
-975557
-975062
-966210
-960872
-946399
-945784
-943096
-938016
-936983
-935565
-935251
-933208
-930654
-930592
-927904
-925354
-924117
-919280
-918765
-918713
-912871
-908727
-906010
-904949
-904548
-903809
-903490
-900166
-891533
-883551
-880030
-879443
-879152
-878951
-874438
-871980
-864826
-863683
-861049
-856889
-850666
-849060
-825926
-824015
-823997
-819236
-784473
-775198
-768031
-765448
-762971
-761755
-755383
-751464
-742684
-739561
-735672
-727145
-720240
-712866
-708234
-705966
-705694
-699578
-695058
-691289
-691068
-687501
-681422
-678221
-674127
-672983
-672393
-668314
-659264
-656371
-647038
-642938
-626063
-623530
-620912
-615288
-611285
-599366
-599265
-596346
-589391
-584140
-579132
-576135
-574248
-562375
-555983
-547362
-546233
-544214
-540486
-539343
-530385
-526828
-520065
-513542
-513128
-508382
-505448
-498781
-497209
-497136
-493404
-486791
-481544
-479127
-477919
-472264
-467163
-466055
-464829
-464222
-458889
-450598
-448788
-447219
-435642
-432480
-432312
-415195
-411337
-411091
-409042
-400191
-393743
-392962
-388603
-385055
-384510
-381547
-375526
-363987
-363194
-360744
-360644
-359151
-357237
-356122
-352376
-345226
-341938
-339333
-334614
-332123
-326253
-321772
-316514
-312363
-308980
-301154
-285647
-284255
-283966
-280184
-274249
-272437
-266869
-266731
-260832
-252686
-252393
-245182
-244966
-244467
-243417
-239389
-238785
-237232
-230694
-226301
-219922
-218893
-217987
-212408
-209820
-208114
-206876
-197587
-177053
-175734
-170677
-169258
-167332
-166267
-164747
-163790
-158045
-156384
-156206
-154435
-153419
-153158
-152625
-152097
-147647
-146794
-132935
-127506
-114993
-111616
-109144
-107828
-107189
-96562
-89078
-88233
-87835
-84093
-83672
-82596
-72941
-64131
-63309
-49629
-44924
-42065
-32571
-25553
-15816
-8254
-2305
5145
6905
14086
19322
22202
38031
38617
38825
38840
42101
48515
55763
58796
61648
69799
77003
81215
83085
86937
87899
91929
96704
98796
99691
99840
100745
103740
109805
111952
116284
120189
120618
121354
121493
121506
124015
132336
132999
136525
141856
149353
152771
158889
163370
168555
173030
174694
182916
183127
189146
190302
190998
201986
203782
206662
214429
227711
230637
234561
237856
238356
240857
253488
258776
258796
265369
269305
271962
277417
277730
282142
283183
284436
287545
293115
297043
297517
298179
308828
308895
316922
316927
318424
321517
335697
339197
341841
345696
355955
358038
360250
362331
366438
378896
383794
385636
391374
391948
399309
414237
423440
439477
447812
460579
461977
469718
470201
475076
476676
487387
488293
489825
490082
492449
495465
503890
505715
509002
509100
523830
528609
529302
534422
535266
540406
545288
550129
550545
555966
573051
574909
578199
580069
581301
595421
596179
596729
601053
605268
606464
611310
611497
615607
622238
626209
629176
631541
642205
646719
647432
651931
653619
654606
661038
665873
668722
682922
686230
696497
699821
701850
702228
706582
708143
717980
719305
722593
725314
725750
728219
729859
739648
741637
741937
752967
753060
757539
765193
769705
774164
774554
774941
787974
788281
792236
798403
802003
817381
818792
823133
834712
848293
851100
851213
855480
855866
858262
860049
860599
863067
865104
875970
877549
879244
881679
889339
897694
901949
911706
916600
926645
930339
937857
946956
948357
951443
952768
954277
955300
961159
965635
967399
971718
975306
979171
991265
1000705
1000939
1001128
1010063
1011755
1016143
1020677
1020818
1024512
1024934
1028872
1029641
1033420
1034704
1035683
1038211
1047977
1050258
1052310
1054421
1079436
1081224
1085889
1097393
1098107
1102061
1102400
1103347
1106964
1108080
1108642
1116537
1118205
1122985
1123523
1126389
1127894
1128773
1133632
1133644
1151144
1151678
1151935
1152844
1155155
1155639
1164495
1165278
1174811
1176540
1178960
1182793
1183796
1185930
1187063
1193399
1196450
1198086
1200497
1202403
1208474
1218306
1220060
1230535
1233128
1234297
1235260
1236272
1236723
1239273
1243174
1248853
1251947
1252331
1262759
1267663
1268543
1270159
1271169
1272452
1275498
1276741
1277132
1278695
1278876
1282939
1282989
1284691
1285351
1285421
1291451
1291903
1293139
1295482
1305268
1312449
1314944
1331195
1333377
1339400
1340931
1341074
1341919
1342603
1345877
1346687
1351868
1379428
1379619
1383228
1387626
1392849
1393066
1399435
1401349
1404945
1410569
1411214
1412984
1415452
1416028
1420841
1422350
1429664
1430630
1432617
1443174
1446425
1447216
1448831
1454963
1463594
1468857
1469649
1476885
1492175
1494701
1500503
1506575
1508067
1520814
1522853
1524608
1530218
1530988
1539835
1542176
1543846
1544733
1548050
1556410
1557335
1561394
1572790
1573573
1578630
1578761
1582483
1587560
1596165
1600064
1611281
1612824
1616759
1617942
1618271
1622101
1635856
1637601
1637648
1646107
1651484
1652378
1653083
1657123
1660598
1666735
1667657
1682132
1689571
1691426
1695244
1704983
1705343
1706152
1707723
1711029
1716582
1724979
1726923
1728389
1733982
1736088
1738978
1739299
1741223
1742769
1747552
1747938
1751181
1757568
1759960
1760344
1764404
1771044
1772753
1780351
1789801
1789932
1792621
1793855
1794474
1795732
1795757
1803512
1804498
1805895
1811555
1813028
1814779
1816925
1817607
1834694
1839025
1839655
1840655
1844107
1846121
1847446
1849133
1849796
1852640
1855352
1861023
1866040
1868418
1890616
1897278
1900366
1901224
1902566
1910917
1916256
1924575
1926663
1927009
1936819
1940163
1944665
1950192
1954434
1960645
1972841
1976540
1977623
1979382
1981627
1982292
1984435
1986248
1988788
1989853
1991431
1996488
1997376
1999496
