-1986440
-1979383
-1978209
-1975223
-1970343
-1960563
-1959848
-1957842
-1956603
-1954650
-1947017
-1945040
-1934415
-1931525
-1930070
-1926529
-1922840
-1918659
-1918054
-1911162
-1903423
-1897564
-1893297
-1890077
-1890000
-1889814
-1884436
-1883592
-1878454
-1878350
-1878022
-1875649
-1874188
-1868881
-1861742
-1859003
-1850997
-1849111
-1847044
-1846811
-1846409
-1833772
-1828842
-1827361
-1824251
-1815713
-1803121
-1792954
-1785530
-1780377
-1767932
-1765770
-1761838
-1760876
-1752732
-1751762
-1745257
-1743124
-1738810
-1732707
-1731492
-1730008
-1729201
-1725360
-1718926
-1696088
-1695821
-1693930
-1690667
-1684782
-1676991
-1673992
-1671452
-1662795
-1656177
-1653262
-1645423
-1632430
-1630140
-1628892
-1627998
-1622118
-1618958
-1612739
-1612503
-1611853
-1611786
-1611200
-1607298
-1605989
-1601062
-1599670
-1597361
-1588300
-1587716
-1585111
-1584136
-1567514
-1565430
-1564152
-1563503
-1561262
-1560230
-1559477
-1558820
-1549135
-1533804
-1526615
-1522452
-1520843
-1520723
-1506344
-1505677
-1501049
-1492935
-1484369
-1470276
-1464583
-1459142
-1457479
-1455968
-1455275
-1453099
-1446154
-1445904
-1441901
-1430409
-1426531
-1425733
-1424045
-1421239
-1419769
-1405379
-1404387
-1402437
-1399458
-1396526
-1395941
-1388159
-1385633
-1384964
-1383337
-1374260
-1372309
-1363781
-1361874
-1357940
-1351726
-1351274
-1347340
-1345668
-1344967
-1337291
-1337241
-1336729
-1335210
-1332288
-1329461
-1324335
-1318531
-1318140
-1307742
-1307274
-1303631
-1302084
-1298561
-1297140
-1277960
-1275168
-1272678
-1270337
-1266113
-1264783
-1256286
-1250941
-1250768
-1250067
-1248618
-1247159
-1245670
-1245239
-1244378
-1227320
-1221196
-1211407
-1210755
-1210332
-1207424
-1205544
-1204344
-1204292
-1203433
-1203410
-1202267
-1197449
-1196556
-1195743
-1195224
-1186698
-1184933
-1184625
-1174601
-1167018
-1164781
-1162374
-1160970
-1160230
-1159955
-1152990
-1150189
-1141871
-1139711
-1138547
-1137928
-1137324
-1129066
-1128737
-1128524
-1121762
-1116802
-1111925
-1111540
-1111469
-1109653
-1106623
-1106153
-1105664
-1100503
-1100005
-1097700
-1086610
-1068730
-1068625
-1065967
-1065392
-1065117
-1060671
-1058547
-1050907
-1050433
-1047481
-1046321
-1042404
-1033598
-1027049
-1025648
-1022326
-1018157
-1017060
-1014649
-1014498
-1013551
-1012359
-1006802
-1000457
-984666
-984299
-983861
-981785
-973115
-972958
-970380
-958264
-957670
-948422
-947820
-946752
-943839
-940022
-938412
-938272
-932306
-926980
-924531
-921262
-914378
-911694
-905526
-892428
-886181
-878599
-859997
-858545
-855706
-849785
-847521
-843059
-831507
-830879
-826642
-821417
-817703
-814420
-808482
-805192
-800993
-798462
-790508
-776663
-776286
-775863
-774003
-769576
-766410
-759334
-754209
-748301
-747934
-745489
-744762
-742282
-728784
-721556
-719000
-718662
-710543
-708186
-699496
-692543
-688847
-688781
-688481
-665859
-659636
-655825
-651504
-647255
-647193
-643755
-639781
-638741
-638622
-638116
-637943
-637049
-635710
-631068
-623073
-618685
-613625
-613497
-601333
-594539
-591392
-588678
-584592
-581035
-579184
-578983
-576181
-574302
-570175
-570073
-559986
-550859
-539825
-533213
-531644
-529449
-523541
-521646
-521489
-518945
-518755
-515227
-514030
-513938
-512296
-506133
-505679
-500503
-497096
-491465
-488830
-469819
-469032
-463424
-462606
-462431
-460784
-457065
-455501
-447477
-446207
-432142
-423906
-420860
-419489
-419326
-412096
-411692
-407630
-404198
-396206
-396075
-393632
-387577
-386655
-385927
-385512
-384493
-381481
-381165
-377114
-375394
-373110
-368768
-368021
-361181
-354613
-338718
-334593
-331067
-323788
-320440
-318214
-315213
-311420
-311016
-310115
-292537
-286382
-284014
-281081
-280931
-280010
-279176
-269758
-262096
-258249
-249673
-242834
-234760
-228864
-228607
-210383
-209141
-201351
-188108
-178829
-177482
-173837
-171709
-156457
-155229
-154557
-149972
-147581
-139546
-136488
-129338
-124142
-116354
-115209
-108488
-108026
-107847
-104664
-100797
-100029
-97865
-96532
-92204
-91335
-88816
-72925
-68357
-61383
-58935
-54597
-53514
-50263
-43462
-34110
-28917
-28824
-28440
-28435
-27170
-25065
-24615
-19662
-17895
-16684
-10440
-9790
-5208
-3081
-188
104
4049
5921
7182
12768
27569
29354
29623
33260
35478
39760
44520
47038
49764
53470
58280
72303
77868
86298
89207
92695
94063
98864
100278
101156
105085
115048
118627
119867
120829
121898
123089
133838
136536
137488
145115
148938
149807
161714
165860
171676
175628
176433
177732
178861
178996
179269
180552
192136
197870
202793
204358
204571
205515
215321
217203
220793
233201
234258
235526
240825
243734
247499
250475
254074
262160
269310
273539
277692
283961
286878
289783
298653
299215
301037
309729
323173
323223
323479
323888
325177
332587
335021
338115
346129
347541
355140
359003
359434
359877
361893
362742
367638
368764
372870
376909
379938
393847
398744
402100
410373
410564
412365
415372
426111
430128
431929
441424
451324
454841
456466
466183
468744
472626
475368
479138
486716
487778
487808
497607
509899
510244
511499
514711
520705
521251
522329
526490
539044
539803
542872
543884
552262
565276
574598
578528
579769
584947
590354
593409
597954
601387
604409
605747
606995
607914
609730
610454
617681
619780
621634
627575
629623
636721
641352
651407
652846
657061
665310
665785
667877
669425
672755
679849
682061
688127
691596
692683
697032
697978
699765
700592
707501
708923
709370
710076
715580
717050
718884
723064
726447
727996
729488
729935
732472
734015
738096
740123
746295
746595
747698
755152
756123
759496
764344
775652
794105
794961
796448
797532
798300
800247
801672
806125
808448
808607
819172
822824
825929
829300
835243
846142
846848
849895
851579
853223
857708
867333
868374
868776
875066
883358
887087
887253
888443
889690
906032
909519
910488
918686
924231
924817
937504
940535
944685
946973
948941
957236
960264
962495
966686
978724
986633
990328
993619
998425
998938
1000818
1005512
1008379
1011426
1022388
1023587
1030043
1040841
1040984
1045862
1048103
1051792
1055285
1055688
1063175
1069800
1082947
1083276
1087834
1088236
1092998
1100857
1104554
1114794
1127893
1138695
1144616
1147590
1148082
1148886
1153256
1170066
1182190
1187391
1188245
1188418
1191215
1194409
1198410
1205852
1211355
1211757
1212680
1214339
1215789
1221026
1230620
1237444
1239041
1240874
1243612
1245161
1247101
1255263
1259409
1260756
1261949
1266277
1268873
1269034
1271728
1275780
1280716
1282205
1282990
1283240
1284107
1288024
1288656
1288770
1296466
1296582
1299547
1304433
1316894
1317985
1318647
1324150
1332569
1339216
1342048
1350337
1352111
1355820
1358089
1358906
1365711
1367914
1369192
1375540
1384610
1398651
1399647
1404211
1405586
1412912
1413533
1413880
1422636
1423357
1428506
1431332
1433946
1436484
1437081
1441730
1446071
1446565
1462017
1465808
1469189
1471814
1476617
1483749
1498811
1500746
1501987
1503058
1503298
1505843
1511219
1513946
1515308
1516919
1518811
1521509
1525550
1525774
1531012
1532068
1533034
1537667
1544873
1551178
1553510
1554615
1557875
1559345
1559824
1577419
1578890
1584060
1594404
1596353
1597805
1600839
1601554
1602198
1602628
1603590
1605343
1613052
1615481
1615505
1615867
1617292
1620981
1621452
1621520
1622266
1627810
1630378
1631789
1640294
1640914
1643966
1647521
1655352
1656749
1656819
1664393
1670018
1671139
1680140
1683586
1683932
1688526
1692272
1693481
1695335
1695742
1696986
1705733
1714350
1716303
1717488
1725125
1726571
1731794
1731812
1735036
1735832
1738880
1739353
1744068
1745204
1759128
1761487
1761976
1762642
1763665
1766035
1769990
1770753
1771002
1771881
1777094
1781641
1787533
1804629
1807709
1812134
1817302
1821316
1824882
1826696
1832622
1833620
1835299
1835900
1841677
1847914
1854877
1856646
1857671
1862608
1863172
1863219
1866061
1867592
1869556
1869705
1872255
1891278
1911401
1914529
1917380
1923048
1927729
1929693
1932515
1935233
1940137
1942385
1946216
1948059
1953298
1953299
1958279
1965888
1969196
1969273
1971654
1975729
1984498
1985736
1991076
1993228
1994177
1994642
1995677
1995873
1996143
1997348
