-1999774
-1999020
-1995376
-1992711
-1992283
-1985866
-1984247
-1981714
-1975605
-1972822
-1972173
-1968483
-1961477
-1954798
-1954037
-1953167
-1950205
-1948365
-1945518
-1945287
-1943127
-1942911
-1939786
-1935748
-1934137
-1932609
-1932059
-1914461
-1913892
-1908683
-1906945
-1906654
-1903043
-1902979
-1890126
-1888016
-1883457
-1871935
-1869260
-1868667
-1867209
-1858906
-1840514
-1840171
-1839828
-1836844
-1816356
-1814412
-1809310
-1807287
-1804430
-1798099
-1794602
-1788337
-1787858
-1787588
-1775957
-1773938
-1772989
-1768760
-1766145
-1764705
-1747313
-1740926
-1733899
-1729460
-1728382
-1726294
-1715983
-1714865
-1712634
-1711668
-1706518
-1693530
-1671063
-1667220
-1667188
-1666588
-1665629
-1663801
-1657605
-1645757
-1641948
-1640179
-1637795
-1636859
-1636343
-1635526
-1630784
-1616108
-1613109
-1608210
-1606760
-1605674
-1601796
-1594180
-1592958
-1592275
-1589498
-1586632
-1577293
-1573635
-1572401
-1565098
-1562934
-1558795
-1556477
-1554020
-1550811
-1546103
-1543565
-1542430
-1539003
-1536497
-1533203
-1525151
-1520298
-1516849
-1509096
-1507212
-1488600
-1486552
-1484804
-1480453
-1480404
-1480230
-1479410
-1477642
-1477434
-1474822
-1474441
-1472156
-1471286
-1468133
-1465101
-1457805
-1453085
-1451564
-1451130
-1450206
-1448599
-1444887
-1443633
-1432920
-1432665
-1423179
-1421850
-1419158
-1409307
-1405946
-1405268
-1396425
-1390901
-1389645
-1389430
-1383100
-1381968
-1380698
-1373241
-1369027
-1366970
-1364277
-1352394
-1346377
-1334852
-1332879
-1330145
-1323390
-1319962
-1316453
-1313750
-1306019
-1304553
-1298624
-1297799
-1296002
-1295945
-1292756
-1289867
-1289223
-1287823
-1287184
-1286907
-1279894
-1278883
-1273380
-1265556
-1263532
-1262422
-1261060
-1260754
-1253133
-1248235
-1247050
-1245148
-1239278
-1238513
-1236296
-1235007
-1233761
-1231442
-1229271
-1228459
-1228217
-1227720
-1221287
-1220292
-1219279
-1217479
-1215381
-1213494
-1211062
-1208314
-1198673
-1196028
-1192927
-1185505
-1166872
-1166130
-1160583
-1152668
-1149185
-1148500
-1147818
-1146049
-1136490
-1128706
-1120754
-1119189
-1117621
-1116564
-1116434
-1110931
-1102068
-1097777
-1092323
-1090715
-1089476
-1088432
-1085461
-1072755
-1072628
-1072308
-1069116
-1068689
-1067415
-1064516
-1059857
-1056290
-1039157
-1030876
-1028630
-1027637
-1025781
-1015982
-1014118
-1013130
-1009488
-1006654
-1005110
-1003719
-1003158
-1001623
-998029
-994681
-991400
-978534
-978371
-975625
-956965
-953876
-953300
-949528
-944126
-940285
-933225
-920682
-912586
-910756
-910442
-908333
-906050
-903194
-901375
-900047
-897494
-893075
-889370
-885975
-878205
-873537
-873511
-872608
-872539
-868682
-865156
-857776
-852860
-848038
-846815
-840368
-837386
-836071
-833785
-832512
-832170
-827628
-822933
-821526
-818823
-816908
-813551
-810498
-795396
-794745
-791569
-779789
-765965
-765080
-758302
-755446
-751793
-744164
-739573
-738146
-732416
-717403
-713180
-712609
-708668
-704827
-702889
-700292
-693200
-688137
-687943
-683055
-677006
-675100
-666237
-665970
-665924
-656446
-648139
-640268
-640213
-629842
-620167
-617939
-616659
-611242
-610306
-609848
-609793
-608392
-607697
-607380
-602248
-598953
-598280
-596657
-596438
-587668
-587167
-586197
-584529
-581869
-581699
-579818
-573463
-563909
-562700
-557614
-555401
-551507
-537435
-536304
-534254
-532186
-529125
-528827
-522035
-521005
-518865
-508730
-508086
-506390
-502379
-501427
-500916
-500731
-498207
-492511
-484823
-483967
-479770
-479046
-477282
-477174
-466239
-462191
-458178
-457531
-452096
-444966
-444688
-442189
-440508
-437938
-433823
-431296
-426680
-425850
-419967
-419792
-417163
-407704
-397236
-395492
-387673
-385558
-381855
-377210
-370828
-365819
-358895
-358734
-357477
-354689
-353248
-351994
-350667
-348243
-343993
-343045
-342337
-337155
-335274
-334819
-333770
-329143
-321736
-317260
-301230
-296688
-291552
-289293
-278659
-275993
-273230
-268635
-266233
-257206
-249042
-248763
-246525
-246074
-244212
-243104
-240436
-238087
-234653
-227122
-202689
-194819
-187537
-185096
-183332
-182015
-179624
-166804
-157191
-156225
-155784
-142891
-138374
-136619
-135034
-131322
-126976
-124941
-113005
-110099
-108278
-100932
-99430
-96753
-92128
-91147
-85761
-84121
-78411
-75834
-72326
-64838
-61006
-58539
-57421
-53562
-53209
-52515
-50509
-49706
-49341
-42193
-41401
-39321
-36998
-36554
-31085
-27351
-26843
-7949
-7175
-6706
-802
1161
2340
4431
10827
13389
16124
16560
27991
30258
30447
37666
43770
49730
50604
54149
55752
61859
61932
62240
64081
67569
67666
74593
84167
93445
94316
95288
98483
99893
103698
104720
107155
118457
126272
128288
128650
128860
129335
136192
136216
138697
141156
144129
147367
149293
154905
163232
164382
168823
168951
170648
170658
171820
172625
179750
181712
183005
184157
185180
186669
196469
198419
205703
207473
209793
212915
213670
217658
220261
221318
231669
232540
235522
243102
245002
245191
256143
256878
271451
271713
272697
272723
275499
275622
282295
298892
301805
305884
310335
315490
316640
317003
321479
335907
350316
355627
356789
364314
364381
372389
383827
385793
388338
388602
388634
392595
398997
406082
411803
413805
424532
430928
432816
440694
441832
442187
444747
447000
453999
460289
467021
469633
478228
479385
481886
488222
507709
509202
510723
515276
518354
528226
532234
538874
548620
553936
557208
569291
569444
573297
574749
580821
581118
594623
595056
610836
611023
613443
630081
631163
635003
637315
637828
648636
660034
664145
666065
667350
674297
676863
680573
681445
685062
692052
693423
700480
703114
704608
707752
709296
709566
714405
717856
727530
737388
737469
744309
746091
747690
750610
764069
769972
770391
780178
781496
789942
795983
802208
809669
815199
816033
818928
823469
827327
834121
834934
842408
845465
847727
852182
856897
863901
864859
871303
873892
883397
884548
889049
892068
892316
897088
899176
909640
914884
917355
920811
922651
928365
932951
933574
936921
938599
941767
943266
943645
945583
950035
955542
959662
961493
965575
966048
966769
967540
968591
980595
986484
991529
992556
996919
998935
1004446
1006823
1008284
1019020
1019082
1020564
1025320
1025756
1026706
1035357
1042248
1043304
1050948
1053723
1056236
1056243
1059436
1066215
1073028
1080343
1080431
1091906
1101978
1110254
1120652
1125315
1131387
1134334
1144302
1157575
1157633
1162997
1163371
1168150
1171254
1172957
1173460
1175784
1182126
1194390
1195861
1195915
1196073
1197683
1201239
1202179
1204657
1206135
1207148
1217405
1221248
1221763
1227797
1229595
1230817
1235643
1237513
1239792
1240385
1259509
1264663
1266356
1269599
1291436
1292548
1292622
1292797
1294377
1294661
1294976
1301667
1303214
1306514
1306766
1307049
1307132
1307296
1308671
1309917
1317808
1319341
1321870
1325662
1327545
1336582
1337602
1339059
1339721
1341268
1342640
1343607
1344961
1345166
1345578
1349363
1353225
1361413
1372196
1375882
1377386
1382015
1388847
1393244
1394716
1395600
1404704
1405372
1410288
1414871
1421334
1432551
1438410
1440516
1442860
1446727
1449337
1452182
1456316
1462743
1463695
1466089
1468450
1470298
1475667
1476455
1493094
1494411
1496749
1498291
1503940
1507591
1508948
1509252
1510555
1517727
1528626
1533183
1535748
1537850
1538784
1547249
1553695
1556914
1562244
1567746
1573695
1578873
1585847
1589331
1590886
1591394
1607399
1609589
1616057
1618068
1622022
1623002
1626678
1647039
1647644
1651310
1658038
1670635
1676701
1691639
1692103
1696023
1705020
1708352
1711772
1715550
1721164
1724051
1724377
1725119
1732596
1733929
1735487
1736480
1741011
1747466
1754578
1755327
1759119
1760020
1762410
1764305
1765821
1774602
1776725
1781211
1784638
1785507
1787983
1794394
1795356
1796874
1804767
1806810
1807399
1812777
1819460
1820451
1830979
1831716
1832738
1833519
1837014
1838430
1841403
1842598
1848224
1849372
1849913
1852635
1857058
1857785
1870998
1882207
1882922
1884865
1896559
1903601
1911151
1911949
1914467
1918220
1918914
1936366
1937242
1942339
1943971
1959609
1968454
1971260
1972496
1975335
1975992
1979734
1979963
1986359
1986434
1997351
