-1999104
-1988610
-1985425
-1976033
-1974653
-1974109
-1972130
-1970008
-1964781
-1962777
-1955407
-1952731
-1951641
-1942137
-1934273
-1933258
-1932542
-1930474
-1926580
-1925257
-1921776
-1920456
-1915121
-1911137
-1904410
-1903122
-1902858
-1902776
-1899442
-1891433
-1889154
-1886691
-1883619
-1883256
-1882914
-1881703
-1866102
-1862263
-1858477
-1857277
-1851457
-1845829
-1845625
-1843928
-1841416
-1840255
-1836650
-1835769
-1835490
-1835295
-1834051
-1831479
-1828367
-1825168
-1824702
-1824447
-1820657
-1818952
-1802869
-1798185
-1794227
-1776696
-1770579
-1768417
-1766589
-1766009
-1763548
-1759238
-1758893
-1754357
-1750780
-1750086
-1748958
-1748616
-1739818
-1735861
-1733762
-1732925
-1730193
-1726443
-1725676
-1724086
-1721474
-1710671
-1703642
-1703185
-1702445
-1699457
-1699264
-1694433
-1683813
-1683609
-1681222
-1678381
-1677310
-1672419
-1668470
-1667528
-1662183
-1661123
-1657616
-1649403
-1648303
-1647433
-1643895
-1641862
-1634041
-1629685
-1629058
-1613595
-1611507
-1609584
-1608334
-1606367
-1605272
-1604132
-1600363
-1589732
-1589137
-1586621
-1586403
-1585738
-1583241
-1581943
-1580838
-1573859
-1571736
-1567235
-1565347
-1563836
-1563802
-1558763
-1557563
-1549901
-1549756
-1547146
-1545347
-1542677
-1541052
-1540232
-1538971
-1538576
-1534776
-1533521
-1524892
-1524298
-1522504
-1520282
-1517946
-1509144
-1502645
-1496736
-1494853
-1491094
-1481489
-1480019
-1477735
-1474422
-1473846
-1471073
-1470223
-1469639
-1468451
-1467272
-1463656
-1463144
-1454969
-1450593
-1443189
-1436894
-1434884
-1431949
-1424480
-1419544
-1418487
-1415063
-1414184
-1409856
-1406806
-1406317
-1389030
-1387253
-1382682
-1381127
-1366561
-1364654
-1362390
-1358726
-1352038
-1349035
-1346273
-1343497
-1342481
-1340884
-1340073
-1335775
-1330719
-1324663
-1317779
-1316564
-1313667
-1291818
-1290565
-1286684
-1286330
-1272716
-1270233
-1264166
-1259607
-1257797
-1248676
-1246277
-1245985
-1240450
-1220087
-1212847
-1211931
-1211869
-1207799
-1196231
-1195355
-1194064
-1190983
-1187314
-1187263
-1185956
-1180505
-1180334
-1172887
-1172421
-1158082
-1154501
-1153300
-1147785
-1140673
-1138887
-1129831
-1125125
-1120439
-1115965
-1111853
-1111747
-1109496
-1100057
-1094448
-1089430
-1082607
-1075717
-1073725
-1072776
-1068904
-1068198
-1059163
-1058576
-1055937
-1051459
-1050432
-1049482
-1048914
-1038682
-1029275
-1020354
-1017460
-1013059
-1011390
-1006667
-1005770
-1005351
-1001213
-999978
-999655
-995746
-995471
-991724
-991547
-990435
-989849
-986828
-983909
-971080
-966606
-961390
-959274
-956341
-955022
-953785
-953249
-952462
-951196
-947415
-944633
-939037
-935011
-928138
-925647
-923056
-920652
-914042
-906965
-888739
-881301
-877759
-877462
-860183
-859064
-852020
-850564
-848891
-844499
-843781
-842881
-842686
-841869
-839231
-831654
-831487
-825501
-824098
-821698
-810751
-809446
-804845
-798285
-791775
-786350
-778243
-778089
-776578
-776384
-771838
-754896
-752701
-748124
-747988
-740438
-738737
-736112
-735035
-729762
-722629
-719014
-715661
-713809
-712813
-697939
-697480
-694969
-683333
-683127
-681628
-674624
-671669
-663639
-660650
-654984
-654308
-651500
-648241
-643283
-637959
-637215
-633544
-633509
-631300
-627407
-616777
-616672
-616306
-606730
-604115
-597111
-595159
-592330
-582912
-581099
-577354
-575686
-575005
-572823
-568000
-565831
-560975
-556532
-553941
-552186
-551605
-545445
-540851
-535929
-533462
-531439
-530433
-522132
-521617
-520156
-517075
-514813
-513299
-504269
-489661
-486501
-485284
-483886
-470912
-462602
-462174
-461004
-451261
-449104
-446959
-444408
-441100
-437963
-434870
-429525
-427297
-426753
-418946
-407176
-399345
-395144
-394615
-392617
-389643
-384253
-380064
-374387
-361240
-360926
-356904
-356706
-354063
-343943
-342902
-339961
-339530
-328924
-325501
-323354
-321373
-318285
-317094
-316181
-313949
-306736
-305643
-301703
-301574
-299040
-298512
-296542
-286387
-283958
-275439
-264910
-257252
-252218
-250772
-241613
-234099
-233865
-228113
-218907
-214472
-212055
-209748
-203805
-195070
-190334
-176446
-174411
-174395
-172943
-169721
-166475
-152884
-150589
-150406
-145672
-144626
-141812
-130465
-118079
-117318
-109711
-98762
-98367
-95625
-94369
-86381
-83478
-77448
-77079
-76591
-67635
-49256
-43195
-40029
-36568
-32446
-15098
-13172
-10069
-8526
-6971
-5609
1992
7419
7774
9438
10663
17243
22831
24151
24239
29436
30051
30912
31440
32827
33471
33676
33825
35408
37203
39175
41178
42360
44349
53919
56389
58039
59192
60143
66117
72123
77374
82576
92066
96953
101467
104602
107927
108260
114443
116787
117302
124784
126206
131834
132026
133655
142530
150896
151674
152969
153031
163168
170903
179559
191703
192770
204620
206737
208963
210470
210947
213679
219444
222154
223046
229535
261284
271603
272440
284081
291798
292369
294082
299384
301416
305659
311871
312628
312838
314817
318643
325710
328336
340181
347185
357375
359614
360013
361071
361993
365033
367180
368994
371021
373900
385729
388781
394147
401586
405831
412082
419339
419759
420701
421114
422142
427736
430594
432156
434710
439292
444724
445592
446049
447540
449454
450649
455910
460047
462164
473886
477069
482933
487975
488497
491055
493174
494747
496875
502688
504185
505043
505287
505954
511654
512350
516947
519579
534812
535279
535726
546280
557885
564437
566902
567843
569412
570958
575354
576221
582607
582821
586262
588182
594401
602031
603104
604138
633360
635099
637510
647592
648154
654028
656313
656478
656710
660281
661224
673842
675725
680794
682638
685479
689976
694059
699118
709799
709869
712551
716266
717150
720934
723030
729653
737965
740429
740472
742233
743092
744352
749055
750406
761506
768954
773017
777862
783815
789872
790286
796623
803667
809009
810603
815801
820962
822727
829489
830553
832124
835050
848853
848856
854881
858906
861242
867437
868567
869441
875006
885063
887546
900308
907569
918724
921333
923104
932332
935826
941360
944727
945043
953281
953998
966557
967030
967772
973044
973628
973681
974304
976429
978689
980012
980230
988359
998692
1006984
1011650
1016407
1017478
1017678
1018325
1019717
1021796
1031308
1045994
1049547
1053942
1056429
1059181
1064420
1065310
1065539
1067289
1072371
1073727
1074591
1075923
1079330
1081880
1083150
1083464
1084392
1086561
1089738
1104026
1112402
1113906
1122264
1128021
1134080
1134353
1135103
1141328
1146974
1151628
1154540
1157766
1160880
1163129
1163240
1171782
1176336
1177896
1184943
1188373
1189051
1190524
1193445
1193790
1198632
1201813
1201872
1202218
1207925
1207926
1223831
1226327
1228264
1228416
1229571
1230579
1231596
1232584
1236405
1244535
1252387
1254833
1257517
1257617
1259085
1259797
1270224
1275356
1280183
1288036
1292979
1301551
1325926
1326157
1330738
1333573
1340354
1350286
1352229
1360254
1362001
1364553
1365048
1365206
1368369
1374388
1380990
1382688
1382924
1386295
1391452
1391947
1392823
1393418
1402215
1402364
1420906
1422769
1423249
1427797
1429724
1436125
1438172
1440032
1440800
1443466
1446796
1462498
1466796
1473781
1474460
1480665
1489574
1494361
1502457
1503531
1504933
1507563
1508241
1515086
1516020
1519734
1533729
1534858
1535548
1540173
1547764
1559584
1561559
1562088
1565564
1569222
1573872
1576145
1576354
1579196
1588032
1589721
1592122
1606900
1610086
1611106
1615257
1621404
1621731
1625184
1625714
1626850
1635092
1650122
1652567
1653978
1662574
1664091
1669676
1670899
1673432
1674994
1676690
1681548
1686994
1687280
1687722
1688648
1693104
1694304
1702083
1705040
1707672
1710669
1716307
1716706
1722897
1725574
1726174
1726278
1727380
1732876
1734902
1742190
1744337
1756152
1759914
1767358
1773480
1775091
1779740
1783767
1784497
1786780
1792776
1819934
1821989
1828305
1828473
1833024
1839817
1840878
1841608
1842631
1849022
1857474
1861320
1863118
1863855
1870525
1874108
1877990
1881081
1881095
1882530
1891637
1893872
1895490
1899631
1909493
1912571
1914985
1918458
1921381
1924136
1930610
1933368
1941290
1950833
1954809
1955529
1962608
1963276
1966345
1969031
1971604
1981858
1990015
1994130
1997579
1999248
