-1994212
-1993469
-1981784
-1980538
-1980515
-1977523
-1976448
-1975475
-1968514
-1960709
-1957678
-1956255
-1954923
-1954001
-1951203
-1944467
-1934031
-1930348
-1927437
-1926739
-1921389
-1919722
-1911713
-1907581
-1904464
-1904298
-1900583
-1892062
-1891865
-1886195
-1881895
-1879846
-1872930
-1871675
-1871127
-1864443
-1859009
-1855921
-1849699
-1843880
-1839305
-1835957
-1831527
-1830873
-1828388
-1821634
-1820919
-1818342
-1817805
-1810580
-1809399
-1807477
-1807356
-1806878
-1806476
-1806121
-1805549
-1801472
-1785138
-1783942
-1783506
-1779522
-1778917
-1772683
-1763520
-1760489
-1760340
-1750691
-1749227
-1747516
-1742214
-1737687
-1727868
-1709790
-1704694
-1699709
-1697615
-1697424
-1693145
-1690265
-1681571
-1680289
-1678105
-1677972
-1675087
-1670308
-1668081
-1666302
-1664059
-1663194
-1662229
-1655948
-1642446
-1641218
-1639970
-1638197
-1635193
-1635067
-1634917
-1633649
-1631121
-1628191
-1627359
-1626592
-1618997
-1615882
-1614760
-1608843
-1603329
-1600454
-1588384
-1577025
-1575260
-1572932
-1571248
-1563358
-1561126
-1545749
-1544694
-1543175
-1536409
-1525299
-1518817
-1499723
-1496079
-1493157
-1491153
-1484719
-1478922
-1478811
-1474983
-1473256
-1466123
-1466073
-1465984
-1465952
-1464979
-1462657
-1461585
-1456621
-1452990
-1450778
-1448398
-1443964
-1442760
-1442557
-1441335
-1438729
-1438266
-1436982
-1436596
-1435422
-1432752
-1425824
-1419957
-1417385
-1416979
-1415859
-1407715
-1404400
-1404251
-1402481
-1395149
-1394669
-1388816
-1388562
-1382314
-1381803
-1379262
-1373014
-1367442
-1363743
-1359961
-1358978
-1357777
-1346922
-1346183
-1337844
-1335271
-1329949
-1329936
-1326621
-1324838
-1316136
-1311079
-1308923
-1307473
-1306473
-1305329
-1303553
-1289604
-1281734
-1280814
-1279693
-1279668
-1277528
-1270545
-1269221
-1262250
-1261727
-1255440
-1255182
-1254652
-1254318
-1243803
-1242426
-1239408
-1236209
-1235241
-1227222
-1217137
-1212621
-1212490
-1209179
-1201954
-1197291
-1176382
-1171671
-1169591
-1169463
-1166681
-1153660
-1145893
-1144024
-1134772
-1134032
-1132381
-1129684
-1128106
-1127084
-1122930
-1119531
-1117895
-1113058
-1105895
-1103737
-1100100
-1098387
-1097562
-1089844
-1088011
-1086453
-1086199
-1079172
-1075571
-1066927
-1065641
-1062139
-1059684
-1053913
-1051169
-1048880
-1046521
-1045490
-1042086
-1041444
-1035526
-1034444
-1033081
-1031052
-1026334
-1026303
-1025883
-1024619
-1023163
-1015376
-1015040
-1010482
-1004587
-998089
-997878
-994584
-992460
-984451
-980759
-977692
-976820
-971967
-967877
-966516
-960066
-957375
-956886
-955299
-949329
-942989
-928093
-923055
-915363
-914829
-913450
-912484
-908951
-907389
-901832
-899700
-898239
-896122
-893776
-888844
-884493
-878705
-875791
-870871
-868130
-860429
-858699
-854549
-851624
-850454
-848086
-847316
-840315
-820238
-818176
-809009
-806489
-801216
-796662
-794914
-793087
-791254
-787809
-783338
-782059
-768241
-767595
-764989
-764312
-757458
-755849
-754345
-751105
-748878
-745338
-744031
-737908
-735292
-734966
-733882
-732886
-732093
-728494
-718549
-701378
-700220
-697362
-695879
-695612
-693239
-690401
-682091
-677109
-676403
-675043
-659510
-650899
-650595
-650498
-644888
-643301
-643213
-639418
-638802
-630687
-622824
-621644
-604786
-602384
-600663
-594504
-584846
-580131
-570457
-557292
-548944
-547614
-546787
-539954
-535303
-533201
-532160
-529671
-522699
-522301
-521352
-521088
-518430
-515477
-512358
-509047
-499230
-498200
-486104
-485150
-481409
-479886
-472126
-469864
-467197
-466401
-466179
-463233
-463132
-461973
-460831
-450630
-449275
-449024
-444844
-442897
-441216
-433301
-432438
-424759
-420819
-406565
-400922
-399597
-399452
-397126
-395136
-393837
-393676
-390684
-385013
-377121
-365309
-359645
-353247
-342756
-342630
-340250
-325258
-322242
-322121
-320129
-318259
-312874
-309842
-293260
-292511
-289616
-287354
-275610
-267297
-259106
-258027
-256825
-246565
-246483
-245559
-243742
-236077
-232693
-230081
-229107
-223568
-221047
-219398
-199523
-191710
-183023
-181486
-178990
-165644
-161344
-160882
-157795
-156882
-156829
-146042
-145074
-135680
-119232
-116777
-111009
-107622
-103340
-102630
-100300
-99585
-94325
-92511
-91482
-90496
-84261
-81734
-77368
-76440
-76135
-67139
-65984
-65077
-57792
-48391
-47631
-46802
-41480
-37671
-21994
-20721
-20115
-19871
-3464
2346
10614
14461
17554
23226
23550
32963
33304
33617
40084
45893
46236
46499
47571
55732
56059
56435
61165
62741
65048
67662
72818
83876
93705
95508
106045
112282
114624
130543
132545
140771
152361
153704
158999
171853
175473
192353
196437
198150
198797
199694
200497
201324
209448
215658
217582
217709
218195
219100
219768
223092
223430
223852
233334
235276
240500
247657
247886
257517
267039
269141
271834
273114
273627
274229
280271
280446
287782
290016
292663
301420
303059
307319
309698
318649
320111
322782
330993
332794
338239
343547
343626
348519
349142
352728
363581
365272
370369
380422
385162
391873
392021
392102
393550
404714
406480
406715
410240
411113
411374
412393
427551
433980
442163
446221
462110
465230
468764
469694
477477
487157
487641
500784
507207
509887
510214
514972
520001
524280
524910
526025
528998
531750
532994
533560
535754
535766
539183
542920
543748
544095
547084
550581
556633
557256
558274
568537
572855
573317
575675
585032
589079
595480
597990
601157
601704
606442
612394
613002
613627
614467
616931
627740
628746
628976
634392
635443
638063
640712
649284
653013
654823
657283
663254
665594
671821
679659
689049
689692
689701
693080
695439
696599
705713
705923
726094
726501
729904
730179
737379
738365
739237
742650
743725
746942
755545
761588
764141
770819
772272
773179
773466
774441
774714
787119
790729
792459
807959
808476
817789
825860
830055
833330
837025
852686
854852
854979
868219
877054
877713
884417
893674
895678
895792
901193
901350
925955
926167
929257
931240
935405
936043
936735
937212
939028
944520
944679
956884
957530
957955
959479
960932
961799
972427
977873
978645
993176
1003331
1022592
1042562
1048398
1055467
1057825
1058742
1059187
1067823
1072025
1072545
1081083
1081702
1086200
1093838
1097349
1100361
1100924
1102118
1106370
1106522
1108710
1129697
1138411
1141873
1147443
1149626
1155033
1159083
1168121
1173299
1177049
1178247
1185062
1191105
1192179
1194013
1199896
1200637
1200692
1200856
1202369
1208376
1211297
1212742
1214105
1214451
1215110
1215519
1220190
1230966
1233721
1236623
1244976
1252528
1254500
1254847
1256851
1268979
1271794
1283654
1286015
1286063
1288361
1295022
1295464
1299132
1306399
1307137
1309757
1316406
1317265
1320600
1327212
1329559
1346765
1347392
1351485
1353465
1359330
1360900
1362032
1366144
1371813
1388989
1391024
1395838
1397046
1398278
1399665
1399680
1400111
1408633
1411615
1425378
1427896
1428444
1430612
1435839
1440773
1447510
1449289
1458945
1461734
1462569
1462804
1463306
1464696
1464801
1467288
1468115
1468357
1472340
1487257
1490174
1492048
1493270
1503710
1506334
1515515
1520128
1520361
1529584
1536115
1537626
1541011
1541577
1544377
1545488
1548819
1549749
1551069
1555176
1556763
1561403
1563676
1566790
1567460
1572662
1583564
1584492
1584863
1592885
1593179
1595235
1606394
1611882
1620881
1623553
1624996
1625101
1628572
1631622
1649973
1650870
1655152
1657387
1657581
1658162
1658879
1662394
1663453
1669216
1673421
1673585
1675948
1680703
1681699
1686178
1688114
1701037
1704150
1710381
1712305
1716565
1723714
1724194
1730151
1731623
1732854
1733708
1741265
1741772
1744310
1750979
1751502
1752781
1753283
1755221
1763107
1763114
1763127
1764283
1765868
1774129
1779177
1784684
1789363
1792456
1792731
1797578
1806643
1807473
1812281
1819198
1824713
1826787
1841352
1842186
1843455
1849516
1852176
1854805
1854919
1866409
1879421
1879854
1882147
1886265
1887097
1887299
1889383
1894663
1901234
1902305
1903875
1909502
1915087
1916967
1917946
1919675
1938386
1941018
1945094
1945547
1947444
1952916
1954044
1954782
1962971
1965011
1967346
1968066
1972521
1975006
1975311
1976136
1977884
1978029
1983990
1992501
1994549
1994991
1995705
1995755
1995869
1996410
1999423
