-1997554
-1995489
-1991055
-1987192
-1985328
-1984425
-1982269
-1980683
-1972760
-1970861
-1958033
-1953425
-1952358
-1948202
-1947408
-1946847
-1945635
-1945247
-1937094
-1934140
-1924438
-1920749
-1920063
-1918989
-1917141
-1914005
-1908705
-1907924
-1902613
-1902520
-1898626
-1898153
-1895170
-1892928
-1892865
-1890774
-1885569
-1875819
-1874304
-1871313
-1868989
-1864623
-1862840
-1862166
-1861059
-1860741
-1858927
-1858247
-1857791
-1855085
-1849966
-1849137
-1846946
-1846539
-1840604
-1838781
-1835199
-1829107
-1822398
-1814493
-1812825
-1806681
-1805748
-1802284
-1798039
-1797332
-1791800
-1788617
-1785487
-1780263
-1779484
-1769016
-1767718
-1755952
-1753256
-1749676
-1748428
-1747700
-1747072
-1743990
-1740823
-1735988
-1734618
-1730396
-1729142
-1729119
-1726052
-1725149
-1719486
-1717768
-1710063
-1710005
-1702422
-1697541
-1696803
-1696657
-1693032
-1688307
-1686490
-1684802
-1682227
-1681201
-1679031
-1678513
-1678376
-1678266
-1677064
-1671722
-1659338
-1658730
-1656897
-1656677
-1653546
-1651675
-1651674
-1649494
-1620081
-1610344
-1607642
-1601477
-1595178
-1578983
-1577717
-1577241
-1576031
-1567835
-1567283
-1562085
-1561631
-1559884
-1559834
-1559007
-1557777
-1557336
-1554866
-1553427
-1542178
-1540157
-1534526
-1525425
-1524347
-1523934
-1523800
-1522495
-1520971
-1519040
-1518214
-1508679
-1504632
-1504314
-1503324
-1497755
-1491045
-1482622
-1480814
-1480065
-1479584
-1475806
-1475511
-1468585
-1466312
-1465744
-1464699
-1464545
-1464510
-1457330
-1456864
-1453798
-1446803
-1441254
-1437860
-1431541
-1425653
-1418075
-1415330
-1415145
-1413040
-1409249
-1408984
-1404077
-1402266
-1393492
-1391212
-1389977
-1389370
-1387612
-1387595
-1384172
-1372043
-1369004
-1367864
-1366793
-1363334
-1361155
-1356051
-1353872
-1350536
-1349688
-1346828
-1344351
-1342028
-1340931
-1334142
-1333540
-1330076
-1325309
-1323786
-1322859
-1316683
-1313607
-1311842
-1311701
-1310910
-1298430
-1298277
-1295480
-1294559
-1292927
-1292097
-1291547
-1290049
-1283651
-1283195
-1280377
-1275907
-1265062
-1264185
-1263031
-1261172
-1255225
-1253088
-1248095
-1234242
-1228170
-1224649
-1212673
-1212283
-1210787
-1209941
-1203465
-1195459
-1193964
-1193023
-1182304
-1175741
-1156819
-1152451
-1151755
-1150803
-1138749
-1130147
-1127581
-1125354
-1121549
-1114095
-1109567
-1104941
-1102993
-1092796
-1092476
-1091193
-1087445
-1085149
-1082763
-1081501
-1081004
-1075487
-1075143
-1068067
-1063052
-1060853
-1055421
-1044966
-1039396
-1036344
-1033566
-1030249
-1022936
-1018238
-1015768
-1014169
-1009595
-1009368
-999683
-993007
-991353
-989695
-989433
-977581
-973771
-969664
-961229
-954580
-941824
-935459
-935037
-932821
-920907
-918026
-917473
-914561
-912691
-909738
-907198
-906536
-906247
-894406
-886343
-880067
-879616
-872838
-870100
-865698
-860041
-857294
-855910
-844721
-835671
-835659
-834147
-831791
-830807
-824856
-816416
-815913
-813619
-811283
-810489
-810295
-804872
-799325
-793911
-792817
-787454
-785645
-783939
-775144
-771479
-769841
-768794
-768644
-762146
-752676
-750977
-746336
-739589
-738370
-730714
-730097
-723015
-720546
-719762
-719387
-712021
-711427
-703122
-701935
-699887
-688019
-684125
-682474
-682473
-674627
-668443
-666450
-663801
-658743
-640501
-638384
-637654
-637154
-631855
-631739
-631449
-630288
-622046
-620600
-619474
-618350
-617229
-616270
-614789
-612554
-612295
-609676
-609182
-608281
-606807
-601300
-597965
-593538
-581422
-579494
-562797
-558102
-556417
-549788
-538953
-531894
-529169
-529038
-520866
-499830
-498656
-498272
-490062
-482660
-478753
-474824
-473935
-473165
-451514
-439493
-429693
-414601
-413123
-410152
-408788
-406740
-406562
-404856
-403531
-400895
-393152
-387112
-386145
-383788
-383675
-381741
-377417
-360821
-359250
-356637
-352643
-349567
-348947
-343669
-334794
-330151
-327875
-327059
-315305
-300157
-294394
-291653
-289304
-281557
-280418
-268802
-268771
-262786
-260226
-248375
-245204
-241603
-239190
-239114
-238795
-237275
-236777
-232528
-224091
-223764
-219983
-212301
-207463
-203046
-198783
-196076
-194808
-193990
-193783
-192078
-186991
-181470
-177314
-173637
-171251
-165579
-163277
-162419
-161319
-159354
-157985
-156505
-154652
-148068
-136852
-134455
-134193
-133555
-127717
-127544
-120351
-118732
-117390
-114326
-99216
-90284
-79438
-67946
-66729
-65218
-60430
-57399
-47562
-38300
-29423
-29326
-11101
-9722
-7476
6470
7501
12142
14140
19446
23419
30565
42125
49202
49426
55303
59597
59995
70541
73872
76341
77054
77736
83866
93046
103740
108454
110122
111835
114994
115405
117834
122017
124924
130699
132399
137513
138467
139403
141195
143053
153687
153781
156026
162587
162674
167312
167454
175219
176856
184802
185745
193392
194179
195877
202497
202852
205003
217983
221570
223533
228501
231415
233973
240547
240661
242202
253363
259197
259610
262667
266859
267695
271756
275632
276853
277170
295603
304527
314590
316708
319453
332390
334165
336912
337283
343175
344461
345783
358766
363590
364290
370504
378156
388882
393009
396935
401957
406914
409839
415438
420624
421586
427205
430051
430575
434490
435340
436009
437716
439259
445814
446830
447515
449593
459645
464626
467369
469073
469871
470934
471423
480133
480728
485147
486289
488951
489280
489524
495695
501097
504379
507576
513532
515451
521482
524622
531537
535436
548968
553227
558030
561745
562481
568515
568937
579400
580912
582102
582662
584019
586816
587691
593786
593998
597105
600610
612843
616231
617364
617943
620663
623774
626724
627113
630878
631006
636216
637500
639115
647635
653334
654346
662782
664299
665351
665376
668121
681582
682563
685256
693399
693640
699553
699893
704498
706438
710464
711977
720641
740288
751395
760349
765211
772360
775198
786363
790297
790554
810178
817830
819848
823187
825742
828808
839037
850471
852236
858974
864636
866972
868748
869069
872552
873524
875997
884842
887087
888689
889577
895581
899828
900204
910666
911357
913147
914329
914798
917450
926262
927405
928330
931465
935032
937548
944676
955738
966902
967276
967351
975792
976141
978653
985748
985951
994101
994911
995169
997364
1003655
1014496
1023695
1024714
1029747
1030938
1032325
1034456
1034625
1034830
1035850
1044880
1045557
1045564
1045771
1049575
1053614
1057476
1060607
1072414
1076542
1078191
1079271
1079694
1088040
1093720
1096615
1099838
1102442
1103793
1110706
1112503
1114932
1119566
1126220
1126987
1129244
1136294
1139438
1145541
1145864
1148607
1150032
1151367
1157928
1160724
1163177
1163436
1163846
1166130
1172076
1175810
1207082
1207719
1209918
1212827
1213221
1218356
1221106
1223901
1227922
1231411
1237690
1241977
1242099
1245585
1247396
1251080
1266843
1268049
1272576
1281024
1299331
1300307
1306891
1308001
1308433
1312070
1319942
1322739
1323637
1341618
1341819
1345364
1349025
1349622
1349848
1352019
1352055
1352559
1354392
1355738
1357021
1363591
1372675
1383178
1400337
1404252
1414003
1414144
1417006
1430627
1432020
1437666
1441240
1442308
1446091
1448015
1451801
1459157
1462480
1469502
1470038
1470342
1490442
1490514
1495692
1504300
1505162
1514103
1515351
1521425
1526497
1527400
1529144
1531429
1532782
1532871
1537282
1545330
1552007
1555321
1558684
1563339
1568242
1577531
1580183
1581275
1582155
1582959
1586379
1595457
1597319
1603309
1606502
1606985
1615700
1618182
1621615
1622394
1627144
1629138
1640756
1643122
1652891
1654001
1654399
1657924
1662653
1664599
1666414
1674387
1675614
1681240
1685114
1686919
1686993
1687128
1710083
1712418
1718437
1719108
1726153
1735601
1739167
1741207
1743861
1746048
1746390
1747562
1752121
1752179
1755380
1756896
1759045
1759228
1759969
1762895
1774424
1774701
1775545
1775602
1780898
1794750
1796827
1797411
1799145
1802261
1804624
1807943
1810791
1813736
1816384
1818205
1819849
1820131
1821540
1827564
1830299
1833898
1836603
1842943
1843506
1844655
1852831
1853940
1855043
1855044
1857610
1868647
1872914
1873782
1878756
1879830
1885063
1891420
1900648
1902002
1907255
1919499
1927130
1931126
1935848
1935955
1942337
1947208
1947818
1952081
1955419
1957055
1963264
1975407
1993410
1993993
