-1999445
-1996830
-1990823
-1984983
-1981650
-1978388
-1977889
-1975213
-1974365
-1963162
-1961399
-1961378
-1959888
-1959119
-1957846
-1956843
-1956361
-1943277
-1942965
-1936565
-1933567
-1931520
-1930585
-1923920
-1921807
-1909641
-1903730
-1897506
-1889744
-1884853
-1883735
-1873600
-1869884
-1868386
-1866166
-1855937
-1852785
-1849529
-1847682
-1846811
-1839176
-1838357
-1836446
-1827545
-1827019
-1821370
-1821103
-1814086
-1811199
-1800567
-1799598
-1798805
-1791024
-1787308
-1782253
-1777613
-1777184
-1773063
-1772805
-1769114
-1761797
-1761173
-1757124
-1756878
-1754534
-1752402
-1752082
-1749394
-1742117
-1740789
-1731735
-1730954
-1728528
-1727413
-1726275
-1709890
-1703722
-1700143
-1696708
-1695161
-1691970
-1688813
-1676322
-1676261
-1667479
-1665498
-1650196
-1645940
-1645734
-1636682
-1629867
-1629649
-1627572
-1619558
-1611686
-1610006
-1609655
-1607498
-1606727
-1600523
-1592391
-1587655
-1586885
-1586418
-1581555
-1576753
-1568125
-1567904
-1566971
-1548136
-1545604
-1544054
-1539974
-1535668
-1535074
-1525187
-1523300
-1522904
-1517599
-1517161
-1515606
-1512905
-1511557
-1510605
-1506124
-1499927
-1497830
-1496496
-1493185
-1491203
-1489902
-1487278
-1484129
-1476076
-1475016
-1463778
-1463441
-1445902
-1443156
-1443010
-1433538
-1425373
-1418555
-1415420
-1414364
-1405589
-1398619
-1395710
-1386976
-1386663
-1385690
-1384527
-1379844
-1368784
-1355206
-1348586
-1341135
-1340131
-1339730
-1338181
-1337528
-1336942
-1332855
-1331048
-1319779
-1318837
-1315967
-1310994
-1289712
-1288123
-1285562
-1284709
-1283297
-1282080
-1272394
-1271776
-1262035
-1260828
-1260781
-1251643
-1249765
-1247179
-1244977
-1242893
-1241954
-1239759
-1236132
-1235638
-1225958
-1217584
-1211386
-1207010
-1193732
-1192765
-1190689
-1186620
-1185958
-1180570
-1176128
-1174626
-1171729
-1168505
-1155127
-1146999
-1145886
-1144790
-1142634
-1128627
-1126175
-1122679
-1119196
-1116862
-1115765
-1111743
-1109214
-1108624
-1107924
-1103420
-1099713
-1096585
-1095360
-1095204
-1089682
-1086985
-1083383
-1073067
-1053332
-1041432
-1038116
-1033513
-1023952
-1020329
-1019627
-1008700
-1003413
-1001877
-1000792
-1000066
-998828
-996476
-994185
-984294
-977871
-975541
-974629
-969649
-965431
-964261
-963514
-958816
-955127
-954736
-946061
-945765
-937165
-935178
-929345
-924595
-921587
-920223
-919886
-916771
-916559
-908745
-908409
-905631
-899422
-894833
-892972
-887902
-883169
-882394
-877849
-876658
-871541
-870495
-869413
-863776
-859979
-859696
-859451
-848779
-848176
-845504
-843148
-842515
-828856
-825400
-820868
-820121
-818439
-806739
-801767
-800779
-789157
-785554
-779204
-773230
-763734
-753812
-750436
-747642
-740340
-738218
-737136
-729339
-725077
-723723
-723125
-714152
-708427
-699616
-698284
-675842
-674508
-673924
-662158
-660610
-658213
-649311
-646113
-643487
-629373
-628682
-626524
-622078
-613410
-610718
-607982
-604794
-602339
-591014
-589792
-587113
-583394
-577811
-576753
-569811
-566372
-562764
-561030
-560670
-559758
-553899
-546380
-540641
-540033
-539318
-531738
-531338
-528048
-527865
-523087
-522620
-520014
-515377
-511715
-507419
-505126
-490441
-488074
-482451
-478035
-474943
-472785
-470733
-461967
-456566
-454008
-450932
-445035
-444417
-437675
-432981
-428455
-427093
-426948
-425979
-425828
-409826
-408393
-401810
-400590
-400494
-390535
-386333
-378718
-373243
-370507
-370153
-368319
-366860
-362634
-357520
-352653
-352241
-350918
-346580
-342026
-341877
-331659
-326937
-324856
-322034
-321588
-315220
-314354
-286469
-286208
-283960
-282975
-275720
-274013
-270807
-259821
-259320
-248365
-247717
-247509
-245091
-243375
-239679
-238191
-236854
-235620
-233174
-221706
-217730
-214007
-207665
-206774
-205750
-198110
-197036
-194610
-186697
-182189
-176308
-174112
-171186
-159984
-146455
-143623
-142845
-142363
-139451
-139257
-135772
-125077
-109491
-105563
-102275
-97943
-89897
-87173
-86878
-76656
-75069
-69186
-64225
-61390
-60299
-54076
-51896
-48909
-44733
-41991
-40314
-29000
-27082
-26798
-24280
-20634
-20584
-17422
-5682
-4309
-3863
-3619
7563
16297
21288
23658
27590
30876
35048
39493
42483
44442
45771
48674
52332
53067
55654
56832
63185
63369
63524
65015
70318
78110
80876
83882
90433
93425
94218
95055
96411
97179
99042
100197
108237
108437
108583
111025
111276
116993
131758
134718
135949
136279
136567
136769
142959
145095
147770
147896
148073
148119
149013
151521
155730
167032
167391
167831
170234
171399
171815
175062
176373
177435
183757
190404
196020
198470
198782
200230
201921
204481
204717
206588
206727
210462
211654
214134
225263
225740
226857
238878
239301
240751
243363
248726
251068
252185
254610
259458
265029
270688
273207
274510
277495
279545
279983
284836
290754
291273
294560
304082
309639
320036
340182
350988
353184
353651
354213
362744
364066
364650
368768
372231
374011
377241
378813
379216
383344
386028
386863
388822
389119
389692
393055
393214
393428
395837
396010
399841
403792
407607
407614
409000
412075
413892
414006
419586
424820
435931
436921
438788
443743
445720
460512
460761
467246
472073
478457
479460
482873
485815
488657
491976
494026
498809
502072
502300
502485
505957
507805
511466
519035
524823
525431
535355
537672
539381
541347
548786
554837
557057
560204
567455
568734
573420
574090
575372
575376
575971
578742
585552
590364
602552
603410
629370
632754
637526
643105
643922
654113
654772
655694
655770
658619
659107
666247
670367
672325
674189
680119
703565
706491
708806
729790
733941
737962
741519
744373
745417
747629
750084
750823
754679
756823
757038
767628
771711
778945
782010
793163
812544
813419
816847
817706
821566
823883
825470
826657
829501
832410
838066
839670
843334
843621
858536
859074
859096
859790
859934
860799
861105
862676
869784
876926
880623
881711
885076
889284
889783
893497
894455
898203
908379
910405
913486
916272
926445
927066
933410
935343
936173
936392
938795
945108
947163
949108
949167
950370
952734
953223
954475
955210
955555
956500
961875
964456
967552
983095
987376
996482
1002215
1015142
1015346
1025585
1026504
1028447
1029452
1036341
1039726
1051342
1051684
1064959
1065522
1066924
1067916
1069846
1074521
1078450
1081871
1092497
1097096
1100847
1101512
1104812
1106850
1114042
1115200
1117708
1125243
1126677
1132059
1133233
1145148
1148557
1149594
1156690
1160673
1163108
1166608
1182818
1183317
1185896
1187174
1188874
1193562
1198259
1199237
1202702
1210050
1211338
1221949
1223216
1223543
1224007
1229309
1229754
1231893
1235256
1238589
1244209
1247401
1257316
1258257
1261688
1270590
1273732
1273971
1287042
1290261
1293787
1305431
1317325
1318129
1318205
1332612
1333781
1343533
1349458
1354546
1354754
1356085
1359069
1365756
1371348
1375950
1375970
1380055
1389002
1389849
1403689
1403707
1408255
1410728
1413548
1428367
1441815
1443611
1444330
1447338
1448556
1457366
1457979
1467993
1473933
1476631
1479060
1479396
1485280
1492602
1495533
1495940
1502765
1505909
1506055
1507787
1507877
1512699
1520237
1527262
1533197
1536996
1541250
1545685
1547831
1550185
1558906
1569058
1569660
1570005
1579883
1590688
1598266
1598278
1603969
1604823
1608389
1609564
1618578
1618898
1621939
1630854
1631844
1632673
1634409
1636731
1637013
1640564
1641484
1652748
1659776
1660781
1665413
1665477
1667416
1668173
1672523
1674504
1675710
1680651
1680894
1691768
1694340
1696181
1699119
1705689
1708131
1711979
1712179
1716578
1729909
1737410
1743837
1747999
1748640
1749874
1750371
1758356
1767117
1779197
1780668
1783792
1792311
1794804
1806409
1809650
1811707
1813430
1813628
1818470
1819526
1824246
1826102
1843137
1846304
1851549
1855248
1855645
1857139
1858973
1859464
1862390
1862493
1864161
1870472
1873355
1876375
1877418
1884519
1894274
1894947
1896213
1897419
1899910
1908467
1915266
1916391
1921257
1925431
1929939
1930725
1933505
1936100
1940219
1947562
1949953
1957379
1962971
1966602
1966681
1968597
1971800
1972435
1975615
1982746
1985452
1986160
1990331
1991523
1992613
1995726
1997718
1999058
