-1994272
-1990520
-1989907
-1988673
-1983542
-1982624
-1969841
-1963668
-1961447
-1955493
-1951559
-1948994
-1942339
-1941589
-1941501
-1936163
-1930633
-1926116
-1925880
-1920034
-1915470
-1910191
-1897988
-1892323
-1890402
-1886768
-1882188
-1878744
-1876253
-1873854
-1867264
-1862936
-1861915
-1859662
-1857430
-1839422
-1836563
-1824436
-1820847
-1819013
-1818602
-1815856
-1815165
-1812524
-1809691
-1809537
-1795700
-1793873
-1787462
-1784467
-1784386
-1784216
-1767252
-1759532
-1756541
-1755041
-1751835
-1749145
-1743406
-1743355
-1742272
-1739988
-1738080
-1737661
-1732256
-1731439
-1730573
-1721575
-1716082
-1714367
-1702329
-1699115
-1697961
-1697817
-1692227
-1678002
-1665324
-1664837
-1661762
-1646395
-1641294
-1637864
-1637421
-1633513
-1632287
-1627824
-1625774
-1625522
-1622918
-1618506
-1618440
-1617620
-1615011
-1611071
-1601453
-1597525
-1596711
-1595480
-1592687
-1586407
-1583683
-1582073
-1575660
-1567166
-1552226
-1552218
-1551792
-1551258
-1549385
-1548758
-1547515
-1543325
-1540301
-1539769
-1534395
-1532772
-1532417
-1532032
-1522362
-1520979
-1505599
-1503187
-1503136
-1494474
-1487208
-1478122
-1474629
-1473133
-1467666
-1466422
-1462467
-1461436
-1454648
-1450521
-1441109
-1438547
-1437298
-1427641
-1417872
-1416720
-1416167
-1410472
-1408815
-1406615
-1404307
-1395173
-1381030
-1378029
-1375452
-1372577
-1369762
-1368275
-1361421
-1359696
-1353382
-1347333
-1346490
-1343523
-1333890
-1332210
-1328802
-1328561
-1324253
-1323998
-1320828
-1319502
-1318879
-1318719
-1316067
-1307558
-1306283
-1304332
-1293570
-1287596
-1283794
-1276399
-1271814
-1269202
-1264638
-1248149
-1246206
-1244342
-1232816
-1230233
-1226564
-1221547
-1221250
-1219062
-1215582
-1198992
-1190337
-1177541
-1173312
-1169224
-1169000
-1160564
-1154897
-1144026
-1137595
-1135342
-1131926
-1106564
-1105826
-1101959
-1082090
-1075310
-1072413
-1070879
-1070591
-1068941
-1063017
-1050697
-1049409
-1043300
-1040075
-1031984
-1029757
-1026528
-1024627
-1020278
-1019966
-1017245
-1010950
-1008146
-1007742
-1007397
-1002614
-1000130
-999602
-998726
-996681
-993682
-990258
-979600
-979480
-978475
-974131
-972114
-966086
-965546
-962952
-960985
-953840
-947838
-947328
-933555
-931612
-920852
-907687
-900407
-900398
-900121
-899364
-899104
-898027
-890847
-887341
-885020
-867340
-865318
-861851
-851478
-847719
-843531
-840756
-837638
-837635
-830030
-827452
-826343
-817560
-817255
-811744
-810572
-808267
-798826
-798550
-796497
-795879
-789127
-787472
-784958
-784929
-784520
-783690
-782905
-779370
-777999
-775518
-770859
-756523
-755626
-752230
-751022
-750672
-745951
-738935
-732408
-729657
-726185
-723370
-716774
-714643
-705589
-702834
-682459
-678838
-667872
-664395
-662189
-658009
-656359
-654686
-650353
-643100
-635985
-634802
-628410
-625295
-623672
-618068
-610603
-596872
-594275
-593278
-584053
-584035
-579569
-571962
-563603
-563467
-556583
-555109
-551810
-550017
-547200
-535706
-530026
-526218
-524630
-524014
-520402
-516965
-514998
-500806
-496930
-495706
-495626
-495165
-492999
-492353
-489979
-485419
-484644
-472816
-470857
-468777
-462086
-458083
-449281
-443902
-442792
-441811
-437155
-436566
-427479
-420278
-419968
-413093
-409192
-408544
-402533
-397757
-397650
-396465
-390399
-389722
-382699
-382674
-382511
-381917
-380456
-379943
-361048
-358512
-358335
-356679
-349084
-336828
-324350
-323835
-323764
-323368
-318203
-310950
-306815
-305997
-304506
-297485
-292847
-291511
-285543
-282502
-274233
-267773
-263072
-251409
-251242
-247882
-240882
-224414
-218872
-217533
-213259
-197031
-186726
-184495
-183034
-171286
-169493
-165425
-157859
-155904
-151528
-149806
-148012
-143837
-143764
-135810
-130091
-107141
-98792
-98477
-75889
-72320
-72145
-64722
-61225
-56521
-52223
-51622
-50868
-49633
-48087
-47794
-46089
-44960
-38198
-32425
-31635
-28091
-26658
-24993
-24459
-22053
-20685
-11033
-5802
7607
16982
21036
23220
28214
29536
30404
33731
33988
36101
48086
51312
59073
60450
71771
72010
82241
87673
89709
90183
90497
95092
95370
99642
104570
107054
111087
114536
117703
117783
121147
121914
122343
122484
123887
124784
126491
131165
140453
140567
147080
147827
148822
154573
156820
160151
160375
163842
171760
173324
177557
185692
194040
200062
203070
203964
210458
211593
211676
217255
226647
228573
232344
234707
243253
243397
243490
244332
247632
250893
259818
261334
265024
271244
274028
274747
300459
301320
308202
309534
314450
320999
323227
323258
329018
332417
334275
340031
340921
342370
344716
352972
353796
358176
358414
360422
366653
370418
375669
376801
383944
388078
391014
391515
393178
393211
393648
395679
405462
421385
422158
425176
432345
437761
439018
441404
450172
459415
460697
465958
478795
481608
487021
487508
497889
500725
501557
505061
506700
512282
519131
523855
523902
528494
530863
531482
531546
532533
534908
541397
542415
550356
552333
554412
561539
564353
566788
568282
569564
576896
577988
578629
579472
586941
594027
594613
599268
599733
603315
604621
607130
623025
629814
637337
640561
646316
648299
648745
650136
653909
657227
659795
662030
664341
667020
668764
670190
672678
675471
676472
683898
688299
696470
697308
698997
699338
701412
703459
704774
706422
706817
715928
724641
725267
725474
731272
731858
738136
738456
747585
753584
760553
763665
763672
767839
768750
771424
774633
782344
783890
795944
796063
799776
799846
801086
801891
803561
808870
809043
812706
813584
816201
817310
817548
819764
820588
821712
823986
828454
831818
838805
843077
846057
848321
849396
850796
856436
858429
861084
861730
862045
871313
878179
880203
883592
887264
887832
898161
907066
909467
910026
914003
916279
917238
918712
923289
923531
936958
943216
956680
957822
958639
961612
961759
963423
965359
970652
971899
973415
978809
978825
980237
982968
986735
989776
994391
1005511
1011090
1012899
1020630
1030286
1033605
1034861
1039284
1048723
1055791
1071526
1072484
1073863
1075713
1082403
1082957
1085216
1085472
1087909
1102562
1106502
1107522
1108153
1109755
1110555
1117769
1118517
1119750
1124638
1130490
1150625
1150878
1151251
1154668
1157162
1157188
1158139
1160828
1167561
1168879
1171261
1172372
1172726
1175118
1178582
1180296
1185491
1204966
1213254
1213705
1215816
1215911
1218658
1224692
1230656
1231733
1237000
1237084
1247138
1254217
1258027
1258462
1258588
1259282
1261059
1268676
1280808
1290989
1297996
1305122
1307061
1309037
1311343
1315641
1317304
1321780
1327087
1328720
1332569
1338646
1340424
1345274
1349531
1353464
1359444
1359652
1360891
1363043
1364371
1375377
1379868
1389847
1400354
1404062
1404567
1406355
1406698
1408572
1409217
1413152
1413321
1417438
1417640
1424452
1429219
1431486
1432560
1433839
1445148
1446448
1450393
1451307
1453854
1454759
1455330
1460056
1460599
1460892
1470551
1479019
1485692
1487860
1488422
1497892
1500930
1504280
1514224
1514680
1521880
1530097
1547719
1547862
1549777
1551378
1551417
1552272
1553460
1555308
1555863
1561847
1565173
1567943
1570966
1572249
1574503
1580432
1592096
1599082
1601826
1604261
1606613
1606847
1609190
1609482
1612881
1618282
1622001
1623276
1626681
1630485
1634012
1635743
1638959
1640730
1641293
1651461
1655754
1656615
1656657
1660894
1662099
1664213
1665222
1666380
1668056
1669244
1678960
1702544
1705674
1712289
1713665
1714978
1716361
1716762
1718067
1725811
1726114
1726408
1727254
1727902
1736230
1742585
1745399
1749481
1749618
1755850
1757998
1759235
1765692
1766286
1766864
1769354
1773000
1773282
1775989
1779495
1780978
1782297
1782657
1799557
1801357
1802728
1803675
1804666
1808580
1809776
1812599
1813451
1817606
1827179
1832889
1838217
1845138
1849082
1858410
1870354
1879582
1881533
1882372
1886963
1889719
1890473
1891873
1900412
1902906
1903109
1905463
1907618
1914835
1916041
1916674
1917973
1921648
1927029
1930377
1930710
1937410
1942487
1943177
1944043
1945429
1945452
1947100
1948232
1954067
1957524
1962641
1964577
1964762
1965608
1978269
1981262
1981435
1989689
1991289
1998331
