-1999691
-1998208
-1997978
-1990843
-1989576
-1986762
-1982403
-1980032
-1978882
-1967505
-1962329
-1956963
-1953148
-1948904
-1944787
-1941537
-1934428
-1933177
-1926919
-1926905
-1921012
-1918287
-1913860
-1913382
-1909732
-1902845
-1902704
-1893007
-1889292
-1889141
-1886699
-1884474
-1883951
-1882975
-1882924
-1872404
-1870314
-1865025
-1863563
-1859631
-1857785
-1856046
-1855284
-1852816
-1848381
-1840710
-1835835
-1834307
-1825088
-1823681
-1821073
-1820329
-1816018
-1815326
-1810444
-1806383
-1805207
-1804654
-1803128
-1801320
-1800709
-1786941
-1784590
-1784476
-1783249
-1782843
-1782383
-1774325
-1774054
-1771697
-1769627
-1764950
-1759804
-1757655
-1753983
-1749008
-1748160
-1747944
-1743092
-1739517
-1735439
-1729484
-1722933
-1721842
-1717043
-1715861
-1707606
-1706409
-1703879
-1702303
-1696469
-1695313
-1694770
-1689919
-1688372
-1686843
-1686218
-1683881
-1670099
-1668149
-1657639
-1657303
-1656439
-1653727
-1647954
-1639017
-1638579
-1637776
-1629192
-1626633
-1626450
-1620146
-1619098
-1616082
-1605439
-1605276
-1602681
-1586601
-1581767
-1579526
-1577250
-1572956
-1572270
-1571895
-1571589
-1567025
-1546734
-1546104
-1532710
-1524767
-1523149
-1514311
-1513550
-1511435
-1502616
-1500905
-1491785
-1488707
-1486027
-1482248
-1482117
-1476244
-1471091
-1464435
-1463327
-1452964
-1447568
-1446667
-1443196
-1436229
-1433733
-1428338
-1424721
-1417902
-1415882
-1413123
-1412761
-1410501
-1408177
-1405141
-1402952
-1400812
-1399987
-1395582
-1395547
-1395201
-1394385
-1388879
-1386541
-1384392
-1380765
-1375100
-1365766
-1365534
-1351653
-1347532
-1341712
-1335698
-1328085
-1324581
-1321829
-1319547
-1319227
-1315346
-1315157
-1306931
-1304442
-1291614
-1288375
-1274049
-1270683
-1269856
-1267226
-1266774
-1255757
-1247190
-1237559
-1233901
-1232450
-1224494
-1223302
-1219241
-1215076
-1213405
-1199676
-1198028
-1195085
-1192743
-1192397
-1187075
-1185525
-1184234
-1176285
-1175584
-1170832
-1170720
-1158233
-1157334
-1155371
-1151695
-1146952
-1144383
-1141452
-1140844
-1139495
-1136939
-1135845
-1133979
-1131766
-1129528
-1124284
-1120056
-1117526
-1116234
-1104666
-1102482
-1102256
-1101372
-1100846
-1089599
-1069260
-1068631
-1056563
-1051541
-1035411
-1035235
-1035082
-1034212
-1030566
-1028765
-1028532
-1027022
-1019894
-1015819
-1010385
-1008262
-1008086
-1007384
-1006442
-989741
-988832
-986372
-983940
-972928
-970307
-962049
-961077
-960833
-957557
-950708
-950214
-945076
-942064
-940891
-924376
-912517
-908906
-905023
-902326
-880945
-879235
-878319
-868268
-864587
-863797
-848246
-830401
-822836
-821353
-819634
-816060
-814954
-795328
-792315
-788029
-783931
-776469
-771337
-759886
-759389
-752654
-744467
-741961
-737368
-735296
-731374
-719010
-718583
-691280
-688473
-685090
-680596
-673141
-673025
-669247
-668816
-666522
-660724
-646496
-643644
-643156
-632561
-626872
-620365
-618024
-608131
-606004
-605291
-599021
-596800
-596025
-590543
-587613
-586531
-585654
-582884
-577831
-577362
-575256
-570348
-561031
-559867
-540711
-539547
-531165
-530283
-527242
-518537
-514575
-514051
-509487
-505722
-498143
-487327
-484520
-474946
-458256
-452099
-445043
-444564
-434961
-434639
-434528
-428906
-428574
-428177
-426057
-425937
-425161
-424812
-417490
-416624
-408411
-407952
-405052
-402700
-401530
-396751
-396333
-392531
-392098
-391705
-390608
-389271
-382246
-382223
-381309
-379231
-378190
-377131
-372114
-370804
-369818
-366778
-363670
-363220
-362714
-355825
-355649
-353251
-353052
-351257
-348688
-345851
-345283
-344717
-344491
-344030
-343520
-340311
-338704
-337111
-336758
-333235
-331594
-325020
-319302
-316748
-314627
-314191
-306269
-287962
-286670
-285606
-282303
-274599
-271956
-269660
-265331
-262775
-260135
-249725
-247019
-246389
-245374
-244856
-242337
-231843
-226649
-225795
-214523
-195187
-194668
-191559
-188533
-185323
-184891
-178800
-178719
-171788
-170753
-158114
-156230
-151727
-149663
-145005
-143275
-137211
-134951
-133565
-132389
-132064
-128640
-127369
-123158
-112628
-111743
-104432
-101542
-98188
-95330
-83386
-82228
-73462
-66795
-62625
-58327
-57406
-54556
-44905
-43979
-40430
-37394
-31244
-30299
-24027
-23932
-22260
-13974
-13963
-13134
-9959
-9790
-3652
-435
7647
8480
12957
22583
27382
28103
32617
36397
38524
44389
55923
56070
62750
68440
71096
79533
84027
85947
89573
92895
98876
105378
109144
109936
114174
120414
121143
123440
126814
136194
138959
142528
143016
144704
146281
148930
153181
154170
157208
158188
170994
178953
182478
183102
192485
195663
198600
200108
203052
208000
210179
216073
219957
223708
226946
228426
228788
230988
236458
241268
248501
252248
257062
261616
264218
265903
271106
277497
279140
281051
282823
284132
293427
293701
295778
300827
309824
312815
315957
317005
319430
322599
325537
325791
325974
326646
335906
339599
348124
349048
349279
353555
354782
362474
363910
365889
371287
371384
375917
376512
381039
384811
390644
398716
399248
402425
402720
407850
409538
410144
410218
411823
413141
414851
420333
426257
427765
430552
431641
436246
439080
449099
452226
458192
458907
465113
475217
481009
483714
484298
492693
495390
499961
513361
516663
517827
520193
522126
526521
527657
529184
529900
533766
536437
537333
538508
545023
546086
549802
553436
563786
564447
569601
571227
572058
580019
583769
585334
587684
594961
597787
600879
602554
607139
608814
610415
617653
633773
634361
637928
644702
652833
656401
666091
666906
668213
670996
671864
675114
681241
681889
684835
689862
690257
697882
702315
702904
702968
710065
711348
712337
713811
722226
724190
729329
733349
737664
741462
742049
744692
750269
752204
754592
756396
764128
765533
773445
774577
781500
787888
787920
797159
797619
801297
809010
812729
813594
817037
820568
833157
834067
845344
849487
854505
858715
860386
861866
866457
878273
891245
893782
897096
902653
903712
903926
905210
907617
910328
913225
914793
918552
923294
923621
932445
936820
936931
941687
950511
953601
958087
964398
964469
968428
974204
975568
975661
983943
988349
994237
1000309
1002409
1009148
1009696
1019930
1020555
1020751
1022405
1024470
1028763
1030326
1033001
1034568
1036664
1037887
1038560
1040989
1056672
1057615
1064819
1068758
1069844
1074517
1075142
1076163
1096336
1097869
1100809
1104320
1118819
1129063
1135256
1137965
1146364
1149211
1153111
1157585
1161531
1161700
1165013
1169458
1173900
1178177
1187603
1190142
1197879
1201850
1205442
1206361
1210234
1213066
1217468
1228580
1228960
1233341
1233729
1234224
1237569
1244148
1244411
1251806
1265474
1269529
1276305
1276513
1282450
1287696
1292337
1293789
1315258
1319368
1319826
1321195
1325353
1327946
1332637
1336946
1342530
1347158
1348763
1357056
1362508
1373167
1377866
1379142
1379740
1384758
1389619
1389775
1393178
1396661
1397905
1398920
1400017
1400272
1408093
1408898
1412844
1413660
1414124
1422481
1426424
1428105
1447376
1455587
1459281
1460310
1463938
1464210
1465037
1467103
1468618
1468737
1468983
1473818
1474633
1476751
1483074
1487258
1497727
1505909
1511205
1512247
1518137
1519348
1520951
1522604
1522772
1523096
1523123
1531350
1536939
1542847
1544234
1551814
1551898
1561748
1566565
1568231
1568305
1573032
1574747
1574817
1581955
1586204
1589532
1590635
1597410
1603996
1604312
1606361
1608343
1608437
1611907
1615625
1617076
1618696
1623685
1623884
1634324
1635113
1636367
1639751
1640182
1642790
1642993
1653537
1656584
1657134
1659589
1663068
1665462
1671285
1679991
1693702
1701392
1710481
1716270
1718488
1719377
1722666
1724078
1727888
1733892
1734928
1741479
1743112
1745022
1745508
1745556
1747049
1749427
1753055
1766033
1766990
1767753
1770489
1771797
1780175
1780456
1781490
1785481
1787275
1793067
1798534
1815179
1820385
1824167
1825800
1828879
1839589
1840610
1846570
1849858
1850026
1857751
1858795
1861990
1873928
1877971
1878290
1881580
1882860
1885429
1890198
1897957
1898259
1898759
1899608
1900543
1905036
1906545
1928664
1930992
1933291
1934364
1936983
1949354
1951271
1964654
1965862
1966825
1971944
1975594
1984993
1986186
