-1992727
-1983972
-1983378
-1979033
-1976282
-1975966
-1966780
-1964961
-1964126
-1964031
-1961103
-1957286
-1953215
-1951209
-1948738
-1946219
-1934802
-1930324
-1927490
-1923958
-1921406
-1918732
-1916078
-1914229
-1908853
-1906064
-1899178
-1893542
-1887674
-1883569
-1858827
-1854059
-1840850
-1838534
-1836755
-1825839
-1824950
-1824818
-1822039
-1821354
-1818556
-1811303
-1809395
-1792196
-1789577
-1788939
-1782275
-1777412
-1772782
-1762804
-1757125
-1754016
-1753368
-1751238
-1751141
-1750507
-1746980
-1743859
-1737123
-1720336
-1714739
-1713871
-1708487
-1707067
-1696606
-1695548
-1695512
-1694261
-1686979
-1686160
-1681040
-1676894
-1676699
-1676609
-1676322
-1671042
-1670031
-1669720
-1665808
-1664281
-1663010
-1662994
-1662199
-1656009
-1650452
-1643057
-1641325
-1640787
-1639013
-1632285
-1608600
-1607052
-1600556
-1600532
-1596555
-1595872
-1592823
-1585815
-1581570
-1578697
-1573313
-1565906
-1563746
-1558357
-1555129
-1547644
-1546137
-1544802
-1544337
-1523968
-1511587
-1510577
-1509919
-1509197
-1508659
-1499509
-1499404
-1497973
-1495375
-1495203
-1493599
-1493378
-1491626
-1490145
-1478648
-1474394
-1470140
-1468230
-1465098
-1460954
-1459421
-1458802
-1457450
-1454295
-1447854
-1443890
-1443412
-1440511
-1436454
-1433265
-1431078
-1429842
-1425832
-1416092
-1415358
-1409355
-1407441
-1407185
-1405411
-1405193
-1396887
-1391944
-1391056
-1383729
-1383144
-1382700
-1371127
-1365342
-1362072
-1354249
-1350160
-1349787
-1342376
-1342168
-1338998
-1329156
-1324928
-1323749
-1321529
-1316735
-1313550
-1311874
-1311011
-1309070
-1296496
-1296466
-1292892
-1292103
-1287712
-1280558
-1279642
-1270275
-1269624
-1268148
-1266098
-1261540
-1258553
-1256764
-1255913
-1255879
-1253842
-1247748
-1245239
-1237422
-1232154
-1229342
-1221454
-1217707
-1214574
-1212835
-1208226
-1206659
-1204112
-1203039
-1197255
-1196050
-1195293
-1192779
-1185499
-1184162
-1183986
-1183580
-1182015
-1179807
-1177996
-1176363
-1171824
-1170065
-1168989
-1161879
-1159308
-1158365
-1150111
-1143195
-1140887
-1138413
-1137623
-1136593
-1135205
-1129505
-1126141
-1125736
-1113642
-1113324
-1112517
-1105506
-1099857
-1095159
-1086067
-1085819
-1082482
-1078884
-1077918
-1076958
-1067319
-1065112
-1044265
-1043275
-1042704
-1036310
-1020386
-1019413
-1017055
-1007522
-993277
-993261
-992536
-990917
-988545
-986675
-986242
-984217
-978284
-974785
-973879
-973683
-969684
-967795
-963970
-959869
-958164
-955884
-944834
-941738
-941356
-937184
-934483
-931091
-921712
-920613
-920261
-915636
-912257
-899711
-897156
-889371
-884501
-879147
-874028
-869162
-869086
-868053
-867355
-866170
-857216
-854833
-852869
-851776
-850356
-842737
-840803
-840645
-836766
-832986
-831692
-829309
-823891
-814198
-813407
-801092
-797287
-796663
-794039
-793388
-790838
-790300
-783547
-779973
-779029
-774526
-774160
-771314
-771311
-770714
-768036
-767559
-766078
-757813
-756715
-748537
-747789
-747087
-746408
-741092
-740815
-735560
-721330
-719810
-715619
-678846
-672833
-671475
-668647
-668637
-667551
-662175
-659345
-633816
-627269
-625802
-619937
-616626
-614630
-607055
-606224
-602905
-597874
-593950
-582348
-579704
-578705
-578514
-575154
-574105
-573827
-569944
-568226
-565309
-564333
-560922
-557133
-554253
-553959
-546618
-544317
-543237
-543196
-532059
-531519
-529183
-517754
-513625
-512722
-512093
-512035
-510051
-509785
-508769
-507780
-505959
-501124
-499289
-478455
-474966
-468237
-465386
-461154
-458548
-457228
-453537
-446708
-434783
-424716
-421128
-412942
-412774
-408407
-406526
-399851
-398880
-396230
-390393
-388825
-387841
-377821
-375157
-374385
-363206
-361534
-361313
-359665
-357470
-354569
-345830
-344983
-342548
-342402
-329216
-328268
-326389
-324948
-320364
-318788
-316578
-314077
-310129
-308500
-302596
-296048
-294493
-289565
-280543
-278091
-276848
-274703
-274498
-273560
-272339
-271783
-260155
-260125
-255133
-245187
-244305
-243055
-242095
-239641
-239390
-238821
-236592
-223913
-221543
-220591
-218338
-207605
-207123
-202533
-188024
-182251
-180758
-176869
-175162
-167481
-163200
-163172
-159030
-156091
-142706
-140859
-137553
-133835
-131823
-126950
-125263
-124842
-117415
-109458
-104937
-103315
-103077
-98197
-97644
-94732
-87461
-84467
-84115
-75077
-67054
-59464
-54352
-44008
-39910
-23361
-22188
-20519
-8322
-4594
-2877
6644
13917
14773
18409
21885
23893
24131
26805
29852
38423
42183
43411
49184
50457
55195
64952
72008
77924
79247
81697
83492
89733
96809
99193
101259
103580
112505
118963
125475
125836
126847
133778
137375
140661
144968
147582
159946
163709
166009
168513
170868
173693
183864
185359
187175
189565
190148
196462
196604
199395
201059
220460
222238
226138
227622
228377
230973
241317
242291
246857
247139
255022
258049
264804
272346
286481
290417
303149
304168
309769
312235
312655
313607
313771
320342
320628
320840
324278
330086
332665
335594
336045
338669
341184
342463
342931
354650
356618
359052
359509
359971
362709
364003
374696
375724
380976
383270
387885
394151
395750
397324
399686
399769
406076
407021
407518
410361
413292
417359
421940
421960
428158
428419
435446
436973
437591
441979
442459
442695
446364
463747
468383
468935
472664
473121
473487
475301
477561
477909
479159
481738
484530
489095
500926
502092
504521
506556
507363
509418
515497
518720
528158
533000
533194
541015
543441
543603
550688
551546
552093
557352
557401
567295
568138
568323
572866
574344
577888
580719
583684
584712
592028
594503
596586
607194
609956
610808
610832
611105
613575
615966
617827
618970
625413
635248
647444
650763
651630
667898
668830
672233
674685
677576
682881
685893
686986
689676
693221
698983
705574
705832
706317
713365
717291
717376
722592
728694
732308
739350
739821
741784
747385
755135
757488
763222
788210
790538
799229
800250
800875
803372
804200
809034
809946
816164
818298
821974
826438
835188
838449
839283
841369
843054
845890
853264
856798
859180
859881
865270
868300
873851
877660
879878
882334
883681
887090
887445
887595
890501
894288
895781
896757
897963
899047
899722
902540
904740
905083
905104
908461
911535
911569
912742
916405
919020
919082
926866
929457
932038
934142
949426
950953
956077
960872
963235
963770
969194
973214
973882
975463
986668
988858
996913
998667
1001694
1005178
1005665
1016558
1025612
1027407
1029091
1043217
1043854
1056597
1063080
1069755
1074361
1078661
1085502
1085608
1090904
1103431
1105236
1105400
1105876
1106361
1106781
1112015
1113963
1117350
1117673
1118093
1121299
1125647
1127266
1128129
1128634
1130166
1133065
1133802
1135727
1137558
1145164
1145886
1149284
1150336
1152288
1154056
1168542
1170583
1181723
1184247
1185585
1191948
1193103
1198686
1199446
1205102
1205382
1205422
1207068
1214393
1215637
1215925
1216130
1216133
1216414
1217797
1233333
1233713
1235787
1241997
1244429
1245226
1249906
1260649
1279457
1283308
1299797
1318351
1324923
1326186
1332301
1332955
1338913
1341656
1344372
1345003
1345168
1350651
1355616
1363394
1366532
1386270
1386427
1388781
1392756
1395397
1406202
1417662
1418525
1419677
1420035
1423403
1428803
1431821
1445489
1446851
1448148
1450016
1450443
1455085
1458220
1458336
1462519
1462865
1466519
1472933
1482092
1494246
1495654
1496678
1498051
1500463
1501100
1512197
1519781
1533934
1535364
1557181
1557762
1567474
1585460
1586441
1597627
1603530
1606173
1607569
1616104
1617585
1618332
1630286
1636645
1638400
1639877
1642696
1648166
1677523
1686274
1692282
1694376
1698834
1699214
1701418
1709481
1714825
1717668
1717790
1719060
1719926
1730873
1736797
1736995
1751901
1755242
1757466
1762430
1766555
1769895
1772275
1790480
1790589
1797048
1797235
1803936
1806139
1807234
1814809
1824968
1825202
1826907
1827190
1827931
1831197
1832255
1839031
1841858
1842281
1850314
1856487
1860385
1864974
1866218
1866393
1874115
1884260
1884361
1885191
1886807
1895303
1896431
1901048
1901406
1913845
1922208
1926255
1926881
1927274
1929784
1935123
1958766
1962847
1965082
1966382
1971506
1986370
1991013
1991521
1994681
1995348
1995851
1996486
