-1998527
-1994946
-1994495
-1984168
-1973018
-1964198
-1960390
-1956526
-1947069
-1944117
-1943584
-1935314
-1933808
-1928966
-1914508
-1911652
-1907041
-1905944
-1902804
-1894207
-1892094
-1888567
-1888056
-1885540
-1883420
-1875214
-1869301
-1865321
-1861392
-1860946
-1853538
-1852223
-1851360
-1849359
-1848487
-1841220
-1836884
-1829609
-1828511
-1828032
-1813525
-1812618
-1809269
-1807236
-1806517
-1805346
-1796480
-1790187
-1789002
-1787942
-1786590
-1773542
-1772824
-1772546
-1768546
-1768409
-1763970
-1760478
-1760289
-1759301
-1759284
-1758656
-1756758
-1755577
-1753513
-1744520
-1742716
-1739614
-1739005
-1736069
-1731068
-1724013
-1721391
-1716295
-1714620
-1711501
-1709807
-1706694
-1705767
-1705044
-1702688
-1701440
-1698616
-1696391
-1694041
-1689272
-1683997
-1674055
-1662205
-1661445
-1655171
-1649987
-1643931
-1642679
-1634965
-1608208
-1606582
-1600778
-1588068
-1587221
-1582039
-1580273
-1576005
-1571642
-1565835
-1561251
-1559284
-1556500
-1551374
-1551260
-1550317
-1545313
-1542276
-1541765
-1528707
-1523269
-1514841
-1514398
-1505057
-1503532
-1495474
-1492719
-1490435
-1484663
-1483659
-1478651
-1475335
-1471476
-1467036
-1465994
-1462726
-1456681
-1455372
-1450655
-1442763
-1442346
-1440094
-1427850
-1425641
-1424785
-1423149
-1419172
-1416733
-1416584
-1416550
-1412257
-1404133
-1392541
-1392311
-1384021
-1382839
-1379861
-1379471
-1378651
-1377474
-1375699
-1371644
-1365364
-1364495
-1360955
-1359454
-1358438
-1353454
-1353007
-1323063
-1311516
-1310363
-1309218
-1308148
-1307610
-1307356
-1299753
-1299525
-1299434
-1295760
-1294479
-1293149
-1292475
-1291289
-1290280
-1287708
-1286323
-1283806
-1282793
-1281539
-1280727
-1271142
-1265279
-1264052
-1262097
-1261811
-1252101
-1247374
-1245620
-1237356
-1235762
-1235593
-1230737
-1229170
-1223284
-1221315
-1217863
-1216606
-1216513
-1214517
-1213203
-1209415
-1202691
-1201804
-1200770
-1199609
-1199310
-1196477
-1191156
-1191074
-1179444
-1176284
-1167438
-1162918
-1161905
-1157945
-1149656
-1144069
-1143658
-1138373
-1134645
-1132376
-1129829
-1129265
-1122013
-1117178
-1113782
-1108970
-1106082
-1105356
-1102654
-1100639
-1094878
-1093102
-1086666
-1085155
-1074159
-1070606
-1070597
-1066126
-1063186
-1061639
-1058553
-1057589
-1055978
-1053768
-1053594
-1050470
-1049475
-1049231
-1048121
-1047367
-1040447
-1037457
-1037083
-1029594
-1026197
-1022627
-1018371
-1017555
-1015242
-1012030
-999009
-998284
-998033
-990575
-984072
-979043
-976957
-969011
-966421
-962572
-959720
-958901
-946303
-930657
-930174
-919485
-911939
-910140
-900014
-898669
-891132
-886659
-882957
-874168
-872437
-868275
-867276
-865129
-861980
-859076
-859049
-858979
-845354
-845262
-831457
-827568
-826981
-821672
-815559
-813992
-809338
-808935
-803419
-799387
-798768
-795587
-794793
-794101
-790905
-789498
-786393
-784429
-779249
-773666
-772596
-741776
-725482
-722664
-718867
-718629
-714955
-709496
-708403
-704881
-704862
-703222
-702364
-700328
-695404
-695133
-690355
-685508
-684326
-671776
-669477
-668789
-667900
-649052
-646661
-640337
-639220
-635303
-627290
-625660
-622583
-619479
-617643
-616628
-616009
-615568
-608874
-606966
-600984
-599157
-598445
-591866
-591813
-591293
-589418
-584320
-580815
-578697
-578368
-575970
-571559
-570202
-566192
-561324
-551554
-548272
-547873
-537327
-532845
-531857
-524072
-518830
-517069
-510926
-508326
-507991
-505325
-505020
-504370
-502594
-493663
-489876
-489639
-489122
-488714
-481686
-477832
-475728
-466165
-460711
-460362
-454768
-452628
-451734
-450620
-445229
-439428
-432856
-427876
-426499
-418554
-415514
-413707
-410788
-404525
-404198
-401064
-400806
-396400
-394994
-394744
-392138
-390662
-387977
-387730
-382221
-380410
-376836
-375311
-365616
-362748
-358694
-356194
-351273
-350766
-346808
-326521
-325796
-325027
-319767
-319761
-316680
-313175
-303587
-299017
-289542
-283641
-280698
-275586
-274770
-272645
-267904
-266123
-263686
-261059
-259905
-259237
-252593
-252374
-251919
-246388
-236377
-236344
-217738
-207460
-206989
-204289
-198483
-195440
-189593
-183385
-172586
-171328
-160056
-144959
-142070
-128000
-127556
-126477
-122975
-122941
-120895
-116354
-114132
-104981
-95556
-91604
-81128
-75002
-70209
-69392
-68445
-65844
-56505
-53923
-52239
-48484
-47621
-44403
-44148
-42637
-40996
-19403
-5599
-4195
3302
3372
6602
17674
31574
37987
39090
44137
44382
56125
59963
60072
63532
64247
68183
70620
76029
80495
82957
89188
91785
92028
95321
95748
98009
115713
121063
121849
126715
127943
128304
128674
133618
136282
145557
149731
153530
163550
174894
182943
185840
186405
189284
192177
198607
203920
208570
209152
214778
216323
217207
217656
229529
238706
251717
253627
256248
258500
258664
269700
274502
277115
281777
284995
287608
288476
293851
301651
301808
302000
302949
302961
307597
309364
310260
314371
325512
326429
328898
332481
336083
336392
337874
339258
341222
343084
343781
356357
357722
360242
360248
367175
367815
377117
384708
385199
388228
388521
389283
394013
413332
417127
419433
423753
431097
431387
432178
433564
436057
448608
449833
459297
465262
468203
468480
475426
482071
482618
498089
498269
501604
502255
502291
504615
506523
511846
517001
518978
519099
530872
535696
543273
546041
547605
548629
550885
554521
559621
563308
568188
568422
580449
591899
593624
593877
596295
597071
598829
600419
604095
609763
611078
614146
624748
626090
626941
643447
652188
653627
654270
657759
659380
661276
666479
674636
675339
676633
677159
684740
687642
687754
689540
692125
693351
698700
714218
714371
719456
732190
741996
744710
748640
750012
758735
764471
765771
768026
768878
778944
789637
791931
797249
800025
810655
811868
819490
822208
841774
843102
847005
848718
853553
858239
859750
870697
875102
880211
880561
881466
888157
889100
891329
891490
891744
892680
894288
896866
902040
902317
908288
911327
912916
914697
920885
922098
923868
923925
925047
925963
927257
929544
934799
935924
939129
939313
948411
950347
954664
960540
963174
971034
972015
977996
980942
986096
995595
998327
1001284
1012620
1015641
1022747
1027154
1032519
1033271
1033533
1040016
1043889
1045615
1048493
1050038
1055057
1055777
1066460
1069322
1071383
1081342
1085460
1092148
1101495
1108391
1109350
1110778
1118224
1121352
1123765
1128923
1131034
1131834
1132275
1143391
1144980
1145859
1146151
1153969
1155522
1169127
1171381
1171955
1175296
1177693
1180761
1181068
1182539
1183210
1183499
1185691
1188936
1189818
1192201
1193648
1200787
1204790
1206807
1213881
1218826
1220004
1234406
1242606
1252162
1252506
1262741
1264550
1271253
1276312
1278832
1287628
1292180
1298973
1305141
1306213
1308299
1322496
1323671
1325683
1329445
1333354
1344137
1344740
1363459
1365522
1379312
1387170
1389159
1392186
1392403
1394845
1398432
1405082
1417762
1430012
1432547
1433799
1433998
1437891
1440877
1447300
1450344
1456110
1462307
1462338
1465536
1473209
1473466
1479810
1479833
1482264
1482273
1484308
1485147
1487654
1491835
1494355
1497681
1498384
1498904
1499640
1504621
1508287
1508455
1508738
1522972
1523417
1524353
1524636
1528497
1530614
1533331
1536457
1536900
1561552
1562714
1563860
1567321
1570606
1595654
1598749
1605652
1609077
1609171
1611056
1617930
1627772
1629002
1636787
1645467
1654975
1655431
1661666
1664341
1666608
1671453
1673191
1677225
1677306
1687819
1690230
1695676
1695803
1701830
1703595
1711046
1716676
1721720
1725184
1728394
1731825
1734127
1734140
1734483
1740114
1743416
1744805
1746237
1760982
1764518
1766726
1767276
1773947
1776232
1780352
1782574
1787106
1790674
1794699
1795357
1798328
1807381
1808574
1809635
1814021
1814558
1817986
1821660
1823478
1826128
1827060
1827191
1829849
1835564
1838538
1839777
1840777
1842271
1842399
1845973
1858678
1859098
1865703
1865827
1867141
1870284
1872688
1874419
1887563
1891959
1900245
1902540
1908101
1910484
1915207
1921893
1929028
1931472
1931715
1931770
1933814
1938346
1942484
1942493
1943244
1944658
1947213
1952645
1959033
1962555
1968253
1971292
1973291
1973475
1978201
1979356
1982697
1988696
1998069
