-1990976
-1989356
-1959156
-1954217
-1953254
-1951399
-1946941
-1946020
-1938758
-1932386
-1930741
-1928959
-1916498
-1911697
-1910202
-1900552
-1899212
-1896213
-1891018
-1890990
-1887276
-1871638
-1867550
-1866509
-1865849
-1861594
-1861492
-1859846
-1855511
-1854965
-1843493
-1842288
-1840359
-1840312
-1839663
-1830956
-1822881
-1821318
-1814869
-1814726
-1810693
-1806719
-1805515
-1799383
-1792852
-1789999
-1783330
-1778810
-1774764
-1768933
-1763708
-1762409
-1759895
-1754965
-1753259
-1739566
-1738205
-1726775
-1723706
-1720156
-1719405
-1715101
-1705647
-1704593
-1691634
-1680788
-1674529
-1674062
-1662793
-1659056
-1635575
-1634700
-1631223
-1604805
-1604386
-1598503
-1592052
-1591930
-1590887
-1589540
-1579510
-1577053
-1576847
-1574055
-1572081
-1564204
-1560304
-1558390
-1552033
-1549317
-1535575
-1535004
-1531198
-1528039
-1519922
-1509278
-1508769
-1508268
-1501121
-1500211
-1498502
-1497215
-1493308
-1483639
-1482679
-1482664
-1475109
-1471864
-1463590
-1459037
-1456776
-1450109
-1447108
-1446868
-1442172
-1438228
-1437911
-1433591
-1424883
-1424421
-1413185
-1409800
-1400745
-1400664
-1397653
-1396018
-1387388
-1381395
-1375132
-1373901
-1370144
-1364471
-1361885
-1350178
-1349595
-1329336
-1324091
-1323730
-1323474
-1321047
-1320180
-1316611
-1313711
-1311483
-1305954
-1301585
-1298932
-1290374
-1278395
-1269279
-1265704
-1265207
-1265189
-1259488
-1258011
-1248239
-1244331
-1240772
-1231692
-1230300
-1226765
-1226592
-1218352
-1216646
-1214975
-1209815
-1207573
-1206655
-1205734
-1201834
-1199232
-1199170
-1198153
-1197921
-1191386
-1191268
-1190145
-1188819
-1183307
-1182364
-1180959
-1177825
-1174869
-1168500
-1167805
-1166062
-1164687
-1160117
-1160008
-1158546
-1151801
-1141023
-1139701
-1135245
-1129221
-1128019
-1126097
-1124508
-1120177
-1119209
-1116770
-1114640
-1109527
-1108187
-1106176
-1092197
-1088682
-1081205
-1080881
-1080233
-1078498
-1077772
-1077342
-1068802
-1067799
-1056298
-1053867
-1051553
-1048939
-1047910
-1043801
-1033286
-1032984
-1028888
-1021721
-1020103
-1012517
-1009979
-1006631
-1005601
-1003415
-996046
-990167
-988934
-982834
-980038
-974140
-973757
-972915
-967855
-963028
-959120
-958214
-942734
-937583
-936647
-931991
-926256
-922233
-922127
-918157
-909269
-908966
-906938
-902087
-897897
-889804
-889019
-887442
-885782
-882429
-881595
-873013
-861020
-859967
-856912
-855240
-845757
-844990
-823943
-819706
-806137
-795555
-789747
-784283
-772524
-768664
-764343
-757449
-756894
-756341
-754158
-743955
-736739
-735245
-733049
-716624
-707656
-705733
-699906
-699592
-698452
-698178
-696362
-695209
-694030
-679454
-673824
-672724
-672294
-670836
-669684
-662090
-661212
-658533
-655420
-655068
-651702
-650996
-638104
-636105
-634989
-629779
-626405
-625378
-621252
-620746
-620657
-619599
-608983
-608769
-607632
-594032
-593824
-592819
-584715
-578593
-577606
-566348
-556884
-554961
-553185
-552255
-543937
-540833
-535658
-533702
-531308
-520862
-520760
-517673
-515302
-513896
-511871
-490029
-487891
-487691
-485146
-479114
-474736
-471235
-470522
-464507
-459645
-456084
-449419
-439675
-429895
-429874
-421491
-417868
-413206
-409509
-404991
-404579
-397641
-397460
-394528
-392944
-385720
-385484
-384704
-384170
-383690
-378472
-377536
-376065
-368790
-349531
-346325
-337544
-331369
-319767
-316124
-314914
-313573
-312180
-311218
-294990
-286608
-284553
-283431
-280438
-278395
-271771
-267212
-263140
-260973
-258896
-252064
-245637
-242271
-227905
-223960
-219140
-210483
-209916
-207743
-203758
-203396
-201186
-200886
-195201
-190575
-189651
-187787
-186745
-180394
-178160
-175312
-174749
-157716
-153784
-153094
-152814
-148134
-138481
-132326
-131768
-128899
-118834
-116384
-112680
-105640
-98641
-98066
-96474
-94770
-94154
-91934
-91834
-80251
-77470
-73800
-70734
-59475
-57073
-56414
-54932
-54058
-48687
-48596
-44393
-39477
-38482
-38171
-36159
-32229
-24411
-23889
-22770
-21995
-20478
-9465
-1274
-1096
4034
11521
14220
20881
24573
28540
30650
38962
49295
49702
70097
72425
89334
92829
97905
98515
106661
110288
112679
117792
126836
137002
141547
143322
144292
145212
152281
170440
170839
173264
175530
176150
176231
180290
186798
187519
189227
190477
191966
193010
196902
197998
203496
204555
206849
211783
217775
218304
220308
220397
224997
230438
231809
240690
244073
244683
248482
255208
257621
258974
262326
266024
267797
270850
271041
272641
280077
283025
283102
286790
288536
289505
289517
290986
296614
297854
317960
326923
327565
329916
334941
338060
340686
343913
347098
352416
357023
357358
357377
357643
360899
361430
367191
367244
370122
375857
379405
390345
395088
397791
399021
401506
404100
406291
412483
414835
416136
420791
421830
427018
427531
427595
431959
432214
433318
435238
439542
444521
447208
451242
453683
458334
459565
461922
462458
465440
471384
471473
480714
484077
491833
496163
503908
510973
518204
518973
521077
526801
527054
527055
535728
547582
555086
571104
571522
573879
576138
587564
596737
597196
601672
604696
611737
618168
625632
630174
630630
631907
634290
635246
637063
637657
638318
642351
643165
648374
649984
651167
656278
660648
671416
672085
675511
678022
689489
691114
693744
693842
695194
700188
706896
721216
723580
728121
729132
732280
732611
733576
735196
748484
751226
754839
755290
762167
762830
763046
765142
774143
774317
774968
775261
784828
786032
788150
790200
790508
791428
791681
798228
798610
800996
804704
810325
812277
812893
812931
817170
817793
818284
818399
818578
819972
823705
823858
823921
826840
827756
837504
847333
848507
850060
850372
855739
856012
856595
860407
861208
866146
867745
868903
869409
873016
873805
873935
882109
885023
900215
901847
904048
906144
908135
912587
915731
919775
924279
924541
924835
932465
934141
939085
946298
954560
962191
967020
967099
967943
985010
991510
997252
1001039
1004374
1006343
1009935
1011620
1018775
1028802
1032402
1032632
1038843
1045202
1048795
1055725
1064772
1067294
1068712
1069999
1077666
1081019
1088573
1089143
1091732
1095910
1100002
1103419
1104610
1107365
1109188
1110677
1111717
1115455
1117505
1118339
1123203
1127719
1133448
1135586
1135671
1135915
1135956
1139100
1140045
1142714
1149491
1151767
1155655
1162667
1169272
1170314
1170898
1173762
1181750
1186333
1191417
1208220
1214547
1215242
1215921
1226408
1231858
1232055
1232933
1233022
1235042
1236714
1245113
1248458
1251698
1252134
1252137
1252373
1253132
1253886
1255565
1256593
1263852
1268942
1290072
1297964
1303268
1304372
1310456
1312447
1314184
1316086
1318925
1321950
1340713
1341953
1343222
1343881
1349164
1354416
1354904
1357847
1359308
1362391
1363606
1364089
1373800
1377718
1392005
1403220
1407821
1411477
1412783
1414117
1415483
1419926
1424985
1426568
1430226
1430733
1434674
1435549
1452915
1455735
1463480
1470818
1479580
1480553
1480866
1483334
1483754
1486037
1488096
1495861
1497288
1504284
1513092
1528729
1530359
1544592
1547072
1548262
1554562
1555496
1555652
1555983
1556792
1558008
1568581
1569184
1575597
1576325
1576537
1579150
1605042
1609177
1609685
1616781
1627294
1628132
1633496
1633760
1634586
1635494
1637266
1638557
1638816
1649760
1656128
1657065
1662036
1662641
1668068
1668089
1668518
1668922
1671421
1674363
1676938
1677723
1684183
1684932
1686210
1688825
1691586
1694026
1696250
1715025
1727524
1728916
1738536
1743546
1746666
1747502
1749791
1750677
1757002
1760686
1763493
1765036
1768019
1773407
1775470
1777006
1796617
1804185
1804305
1805907
1806529
1809144
1811802
1812595
1814281
1815786
1824937
1826055
1827868
1835914
1836741
1837779
1839640
1842015
1852084
1852835
1852950
1857121
1858163
1861183
1863621
1865299
1868674
1869998
1875022
1875725
1875984
1886837
1887604
1891215
1901421
1903014
1911416
1911549
1912424
1913624
1921403
1922419
1927188
1930861
1933716
1937448
1941551
1942647
1946045
1946644
1948441
1948739
1954672
1956122
1959244
1970687
1970708
1974840
1976801
1978333
1981218
1984266
1987065
1988882
1993365
1994317
1997004
1997715
