-1989023
-1980659
-1976436
-1975733
-1963428
-1947854
-1946465
-1942472
-1934905
-1934793
-1931270
-1931055
-1928668
-1919594
-1914304
-1912300
-1910331
-1900179
-1895206
-1894669
-1886089
-1879505
-1876002
-1872894
-1872420
-1866776
-1862282
-1859371
-1857428
-1855928
-1855247
-1853143
-1851118
-1847238
-1846080
-1839133
-1838611
-1831330
-1828141
-1825896
-1824705
-1812043
-1810712
-1807662
-1803926
-1803864
-1801434
-1800301
-1796616
-1792193
-1790355
-1789063
-1786517
-1779060
-1772209
-1752771
-1749076
-1736928
-1734217
-1732544
-1726606
-1721875
-1712599
-1705923
-1705118
-1704013
-1702767
-1702405
-1698699
-1696437
-1694377
-1692923
-1691416
-1687240
-1685278
-1678624
-1677047
-1674092
-1659424
-1657178
-1653173
-1649036
-1644729
-1641009
-1635631
-1635018
-1633830
-1626763
-1625799
-1620792
-1620339
-1611619
-1602431
-1602392
-1600179
-1598994
-1592786
-1585034
-1582398
-1582261
-1577842
-1575256
-1571637
-1554286
-1548394
-1545540
-1545501
-1542919
-1540296
-1537245
-1537046
-1534798
-1531618
-1530773
-1511401
-1510565
-1510549
-1509095
-1508742
-1505557
-1499800
-1498742
-1498121
-1488704
-1486436
-1486245
-1478992
-1476149
-1474215
-1470006
-1459291
-1452968
-1452406
-1452261
-1441470
-1438843
-1436216
-1428510
-1427965
-1416178
-1408379
-1400042
-1395841
-1389393
-1386752
-1383414
-1383225
-1376783
-1374541
-1374029
-1373788
-1369831
-1369510
-1362577
-1361497
-1359175
-1355203
-1353577
-1352429
-1346381
-1336348
-1333065
-1324299
-1321528
-1319638
-1319324
-1310954
-1310848
-1307655
-1306019
-1305335
-1299275
-1298697
-1295439
-1291560
-1290766
-1286849
-1286529
-1286492
-1284111
-1283799
-1282029
-1280081
-1279228
-1278973
-1274127
-1271048
-1270548
-1267522
-1266453
-1260756
-1257688
-1254393
-1242708
-1239312
-1238255
-1236588
-1227436
-1225630
-1223882
-1222769
-1214463
-1208340
-1204589
-1200920
-1197641
-1196034
-1195376
-1192211
-1184746
-1181754
-1166587
-1160086
-1156461
-1155624
-1134872
-1131321
-1128594
-1127758
-1127453
-1125361
-1124986
-1123938
-1122986
-1115666
-1114837
-1113877
-1112492
-1103564
-1089423
-1084672
-1077507
-1066143
-1062026
-1060478
-1060267
-1058277
-1053696
-1051380
-1048737
-1045539
-1045297
-1045121
-1037893
-1034062
-1032728
-1031190
-1026735
-1023807
-1017721
-1016616
-1004825
-1003617
-1003343
-1002880
-1000667
-996057
-988111
-987136
-986828
-982258
-968024
-967670
-965395
-964841
-962482
-957587
-951511
-943122
-940339
-939747
-936721
-935726
-933090
-932944
-921748
-916083
-911270
-900482
-895542
-894479
-891625
-888617
-883478
-876420
-872900
-871373
-862840
-860385
-860268
-856776
-854341
-843569
-839168
-831461
-830645
-829356
-827785
-825824
-824652
-819430
-815873
-814896
-812476
-811652
-801848
-800727
-800360
-797528
-795432
-794942
-793785
-790687
-790463
-789335
-787801
-782998
-782569
-781922
-780438
-767911
-761412
-758246
-757530
-755247
-754918
-753495
-745592
-739516
-730065
-726597
-724388
-718693
-717983
-715650
-706971
-705489
-703899
-699746
-699123
-696003
-694255
-691946
-691191
-683623
-677915
-676280
-675867
-667751
-667243
-665189
-664775
-660166
-657545
-651585
-638756
-638270
-632281
-631725
-628983
-628927
-628087
-626763
-623802
-611103
-600297
-598239
-589072
-587700
-586331
-586137
-580577
-568663
-565914
-551621
-549721
-549700
-543921
-541292
-532183
-530662
-525941
-525242
-522477
-515722
-511561
-508666
-506507
-505900
-501810
-501470
-500011
-489303
-489198
-482214
-477222
-469429
-466893
-466807
-463201
-461746
-453106
-451857
-438961
-432363
-422577
-420893
-412730
-412353
-406879
-399270
-396278
-396095
-379757
-379677
-362393
-360429
-358310
-356596
-356374
-353831
-352147
-348431
-347541
-345685
-343186
-340671
-322463
-320553
-311473
-308031
-304408
-296799
-296197
-292233
-292160
-290651
-288722
-271099
-270960
-267919
-266764
-265240
-249928
-248411
-242635
-240688
-239500
-239244
-229568
-228051
-227237
-220484
-218662
-217660
-216838
-205555
-197878
-191893
-191472
-191283
-184951
-182093
-179825
-174575
-169874
-169823
-164203
-161322
-160023
-157047
-152694
-141277
-138135
-124744
-124426
-121446
-111223
-110888
-108975
-102931
-99204
-98365
-98359
-87325
-86847
-86830
-76888
-74352
-67988
-62480
-60230
-56374
-53356
-46954
-44535
-42761
-32602
-27753
-22821
-22310
-21574
-21062
-16948
-14312
-8357
-5819
-3000
1875
4489
4731
6332
9321
14782
19925
35614
37444
40126
40542
44276
50279
52623
56150
56409
58073
59288
60592
63932
64013
70395
74613
78417
78447
85761
92577
93077
100758
106228
115552
122150
124354
138713
139038
143928
144020
144480
151085
152858
153349
153564
156153
158963
161684
162842
168924
170251
170289
178977
193153
195076
198629
200619
227540
227922
228192
229748
233149
235576
237823
238231
256417
261990
263363
264022
264587
269424
272101
279632
293396
296756
302045
303762
313927
313973
322402
325726
329817
330737
332835
336006
340244
341092
343052
343815
350478
351513
352727
356837
359899
359989
361145
362815
366529
367044
368442
369455
377383
378129
384876
387139
390804
409595
410123
413502
423217
424458
427862
432732
447313
449853
453511
456432
458692
460143
463833
466659
468153
480932
487453
492198
492253
493230
501961
503527
515431
515601
517851
518098
518937
521830
525065
525306
534221
537439
540963
544090
546094
550071
551911
561548
562073
565178
570831
572622
573266
575163
575658
582125
592384
600581
609822
613595
616195
618230
620373
621188
621455
622205
626836
629534
637021
643416
644777
647508
649297
651490
652941
657625
668110
671992
680859
684080
686497
688535
699603
703308
704889
709040
712260
717865
722859
737078
748287
753190
762161
764483
764781
766378
770318
774281
778125
787695
793367
795824
802609
806754
808070
808078
810900
811374
817652
822382
824823
834853
835882
841546
842352
844070
848073
850473
851856
855731
860208
868211
873847
873889
875424
877427
877711
878311
879636
881429
893993
896186
904299
907637
907650
914696
917674
921434
922829
927704
938551
943203
949453
952843
957254
960922
962515
962824
967024
967561
967921
968922
976824
984990
989238
989730
995166
999390
999423
1000394
1000674
1003945
1021775
1021905
1024779
1025042
1025312
1028699
1031086
1034736
1036556
1038649
1049812
1052242
1052806
1054623
1056010
1061106
1074505
1074560
1074641
1077704
1079500
1082444
1086108
1088273
1096867
1099592
1103676
1105971
1110312
1120252
1122469
1124785
1129482
1131664
1137243
1139862
1143377
1147503
1147524
1151097
1162900
1172205
1173016
1173659
1175484
1175967
1179502
1201916
1205722
1207224
1208432
1214048
1218113
1219921
1236222
1240472
1248741
1254403
1254458
1256411
1256925
1273057
1274345
1275699
1275731
1280809
1286568
1289196
1304698
1309761
1313798
1328414
1328784
1334414
1344385
1347431
1347726
1350370
1354183
1361988
1370845
1372794
1380008
1383455
1389069
1392121
1392376
1397494
1409136
1417557
1423350
1426577
1431228
1431479
1434577
1435065
1441984
1450700
1451217
1451972
1463384
1464903
1476737
1480579
1482119
1482250
1484941
1496550
1497297
1515044
1541590
1542828
1544292
1549385
1555085
1564414
1569064
1578068
1579723
1582458
1582914
1585600
1588265
1594875
1599082
1599270
1602163
1605621
1606505
1616270
1619208
1619703
1620567
1626628
1631861
1632313
1635957
1639570
1641190
1641858
1650897
1651456
1653648
1661507
1670697
1670748
1672311
1674917
1682841
1701549
1706024
1710794
1711222
1712402
1712978
1714720
1719863
1723777
1723944
1724925
1728976
1729469
1733851
1739364
1740276
1742564
1742674
1744807
1749559
1752053
1755553
1762662
1774188
1778036
1789865
1790193
1790827
1792761
1792998
1797392
1798052
1798282
1803104
1805904
1812187
1815429
1824882
1825221
1825829
1833463
1834437
1851844
1853715
1854014
1861573
1862861
1863378
1867756
1869929
1870774
1871738
1874015
1887835
1897617
1903075
1904717
1912280
1914569
1917170
1918213
1923518
1923638
1926050
1932492
1934608
1936377
1940876
1941414
1942440
1942697
1944624
1945301
1946374
1948762
1951912
1951982
1965488
1969288
1971430
1972118
1978408
1984681
1984833
1995486
1997886
1999415
