-1999321
-1996508
-1991411
-1987816
-1986546
-1982301
-1979630
-1960012
-1955552
-1954637
-1953528
-1937893
-1936646
-1929400
-1928536
-1926439
-1917903
-1915287
-1912797
-1911343
-1907259
-1907104
-1905167
-1898892
-1894153
-1883550
-1883523
-1882444
-1880708
-1875433
-1872365
-1870719
-1869018
-1867164
-1861880
-1854253
-1850117
-1848917
-1844213
-1838558
-1837624
-1836894
-1833516
-1830590
-1820349
-1817640
-1817131
-1814106
-1807230
-1806888
-1795940
-1795517
-1793513
-1778709
-1776465
-1771923
-1767272
-1764891
-1764375
-1760403
-1760003
-1753628
-1752312
-1749037
-1748692
-1748120
-1744819
-1740117
-1739675
-1739366
-1735287
-1734726
-1727191
-1722344
-1715662
-1709634
-1708848
-1700708
-1698550
-1693678
-1693324
-1689142
-1687027
-1683596
-1679973
-1679573
-1674969
-1672627
-1666785
-1665942
-1663644
-1660577
-1644648
-1641801
-1640598
-1632285
-1631096
-1628766
-1620843
-1618715
-1612754
-1606107
-1593631
-1590189
-1581856
-1574879
-1569229
-1567395
-1564758
-1564227
-1562504
-1562048
-1559671
-1557620
-1548837
-1544311
-1540118
-1533867
-1526230
-1525218
-1521690
-1518917
-1503427
-1502658
-1499779
-1495480
-1491948
-1485083
-1479713
-1478559
-1478056
-1477534
-1467512
-1461134
-1460597
-1459763
-1459441
-1456582
-1449779
-1447383
-1446183
-1445884
-1443798
-1439853
-1436696
-1433087
-1431793
-1429262
-1424533
-1423282
-1417576
-1415958
-1414072
-1409288
-1391832
-1384039
-1378545
-1374311
-1373550
-1366417
-1366193
-1359156
-1357308
-1343195
-1342383
-1341629
-1337339
-1329554
-1324917
-1321831
-1314857
-1313043
-1311943
-1309828
-1308307
-1308280
-1307822
-1303945
-1301429
-1301356
-1301053
-1300451
-1293491
-1292540
-1290223
-1290198
-1289049
-1278911
-1277721
-1277529
-1274564
-1273216
-1272481
-1271450
-1267464
-1266178
-1259474
-1244290
-1235195
-1235095
-1228971
-1227776
-1221566
-1221047
-1215873
-1204547
-1201790
-1200021
-1199278
-1196977
-1196024
-1191727
-1190389
-1189015
-1180482
-1180319
-1178138
-1176609
-1175973
-1175318
-1168489
-1164099
-1163838
-1158097
-1153531
-1140937
-1139849
-1139594
-1138119
-1126661
-1126628
-1116654
-1112500
-1111962
-1109934
-1109691
-1109152
-1098545
-1093660
-1092708
-1091130
-1088359
-1087878
-1084670
-1083015
-1079172
-1075179
-1061760
-1057415
-1045907
-1043561
-1039991
-1035189
-1035169
-1024880
-1013413
-1008717
-1003693
-998813
-997799
-991715
-990986
-987450
-985528
-982439
-981997
-979969
-975335
-969253
-968918
-964377
-961395
-959595
-955571
-952143
-941981
-938406
-933345
-932831
-932820
-928925
-925625
-902297
-901299
-899884
-898407
-897432
-891903
-888304
-887154
-883596
-881767
-879275
-874817
-873954
-869939
-868448
-864084
-863870
-856909
-855207
-849413
-846171
-841989
-835335
-824510
-799611
-798889
-795462
-792201
-790250
-788583
-787299
-786998
-785020
-783939
-776841
-772512
-771163
-767600
-762517
-761005
-758465
-755337
-750169
-744122
-738233
-738029
-736519
-735194
-731660
-718958
-716490
-713165
-712722
-708629
-708485
-708014
-706187
-694999
-694185
-691953
-687885
-685638
-681879
-676042
-670604
-647020
-639399
-634653
-622417
-620451
-614564
-607474
-605487
-600999
-597582
-596980
-595936
-593954
-591275
-589455
-587151
-576184
-569992
-566189
-561037
-557495
-556195
-554361
-550604
-529642
-528072
-522846
-517404
-516916
-516856
-514833
-512760
-508763
-508437
-504934
-499935
-494818
-491377
-488606
-483782
-482681
-482303
-478046
-477377
-475261
-472253
-466993
-466900
-466191
-464508
-464401
-460857
-459956
-458573
-458561
-455217
-454057
-446315
-445181
-442212
-437157
-436869
-432028
-431529
-427716
-424639
-424211
-424060
-409733
-405735
-397565
-393693
-389591
-389364
-389084
-384971
-384212
-383376
-379182
-378290
-368886
-366725
-363772
-362816
-348799
-347885
-334126
-333094
-323023
-319292
-316912
-314211
-313951
-313095
-299540
-289831
-287826
-276007
-275012
-273935
-272717
-269946
-269571
-263306
-263274
-257502
-254625
-253186
-249594
-244934
-241660
-237076
-231052
-222600
-222222
-218063
-217288
-211152
-210349
-207683
-198315
-197141
-189440
-181097
-170735
-159712
-159164
-153233
-147145
-139585
-122828
-117454
-114307
-111625
-109719
-103988
-103968
-102818
-98432
-95222
-93920
-93213
-72002
-71340
-69881
-69403
-68367
-68099
-65151
-64983
-58001
-53686
-49392
-42772
-40295
-40239
-39133
-37936
-36904
-24094
-22470
-20006
-17820
-15488
-13289
-8296
-4620
388
492
1851
3866
4440
4643
9211
9409
10627
11786
14783
22205
24619
34128
40063
50962
52616
56660
61308
63559
71100
78745
83074
93761
93989
107039
114034
120743
120974
126385
126834
127411
127604
129313
130183
131046
135391
138272
143487
145308
154116
163783
165515
175132
176173
178843
180384
183071
185936
193873
197007
199454
205847
206917
212360
213734
218560
220822
225334
226052
227318
236884
241290
241292
247515
248963
258411
262056
269594
271691
273068
291546
292549
304187
311601
312371
313940
316078
317242
319076
324138
326158
330545
332223
333319
334265
341408
345173
351017
351822
357028
357766
358389
360595
364567
374760
385972
394973
397960
399359
404608
408122
414092
420757
421795
423044
445205
448181
459762
468177
468905
471558
481367
490727
490820
490918
494196
501597
517811
519165
521508
526349
529022
539216
542394
545429
547251
553319
562688
567394
572664
573423
574304
574995
576753
577520
581971
582429
583811
584689
589334
591347
592281
593199
600236
600471
602366
603463
610178
612564
613420
617432
618653
625891
631160
632518
635682
636553
638028
648605
650910
651168
662598
664255
667198
669090
669919
671093
672961
677288
677689
677713
678915
686355
689503
698699
699666
699779
700250
710299
716134
718550
719777
721224
722426
724342
724403
731980
732255
737554
737593
752780
755716
757479
758172
763554
767630
773912
778840
787909
788892
791162
806418
819224
831337
831627
834716
838816
840586
845425
856789
858391
869035
869629
870422
874421
879446
879486
886947
888915
892270
893814
894873
902291
905221
921437
923274
923965
927746
931393
942558
950545
952752
959752
961410
971919
974902
975014
987240
988875
991003
995761
998747
1011268
1012223
1015426
1017075
1018701
1025919
1033434
1033833
1047297
1047380
1050401
1051258
1051369
1052362
1057588
1063737
1065190
1067159
1072231
1073395
1074507
1075493
1081436
1083424
1084462
1088665
1094261
1099136
1101094
1107039
1109307
1109427
1110829
1131131
1132578
1135723
1137960
1148125
1149511
1155035
1159311
1161667
1163355
1165116
1168687
1170347
1172312
1177013
1183087
1183471
1183983
1185538
1190479
1197572
1201804
1204180
1207669
1215166
1215410
1222428
1231153
1239139
1242788
1248547
1252044
1259406
1260268
1263986
1271011
1278811
1281484
1282537
1283765
1285057
1287177
1309443
1312369
1316904
1318322
1320226
1324273
1325675
1327620
1332601
1334271
1334343
1334813
1336998
1339159
1339960
1340089
1340609
1350578
1360674
1360732
1370538
1381585
1383016
1388722
1393031
1394293
1397533
1406643
1411007
1420499
1421879
1422305
1431871
1442937
1446743
1448676
1450967
1454729
1456234
1461493
1462332
1467089
1468551
1468682
1468921
1471791
1472065
1473308
1478791
1480322
1492270
1495093
1497884
1502779
1518410
1526093
1531761
1537393
1539706
1554924
1557332
1561065
1565012
1565824
1567077
1575889
1580486
1587018
1587398
1590651
1595658
1595700
1596953
1612093
1613678
1615520
1619508
1621885
1624465
1628896
1632253
1633949
1640194
1641632
1649736
1651031
1652905
1653219
1653364
1663538
1670795
1677356
1678461
1693885
1694217
1699304
1700651
1701719
1720655
1723254
1739356
1743058
1746007
1751818
1756212
1756861
1757954
1763602
1767621
1773931
1776386
1779954
1784610
1788410
1809472
1813594
1817970
1821736
1822271
1826735
1826808
1828916
1832343
1837749
1840296
1848794
1853375
1864768
1865495
1872846
1873042
1875703
1876537
1879025
1882018
1892939
1896886
1898358
1900525
1901307
1906962
1911196
1918438
1920635
1920770
1925253
1930370
1938861
1939745
1942476
1944035
1945551
1952221
1956934
1959330
1959362
1959505
1961307
1962438
1967118
1968718
1970998
1975050
1977210
1980461
1993701
1997188
1998050
