-1996104
-1994702
-1993186
-1989595
-1988723
-1984268
-1983644
-1978939
-1977347
-1961415
-1961364
-1958217
-1957845
-1956451
-1953404
-1951134
-1941507
-1938231
-1934768
-1934250
-1932832
-1926441
-1921072
-1912194
-1905339
-1896001
-1893638
-1874636
-1865436
-1862609
-1862142
-1850848
-1839370
-1836192
-1835224
-1829315
-1828740
-1819097
-1813695
-1808970
-1806360
-1805406
-1802001
-1801282
-1799562
-1795968
-1795526
-1795170
-1794393
-1781796
-1781233
-1779480
-1767575
-1767313
-1761108
-1755466
-1751651
-1751260
-1750987
-1736180
-1735324
-1725476
-1719760
-1718626
-1712136
-1706782
-1706129
-1704339
-1697244
-1694935
-1693062
-1690285
-1683183
-1683115
-1677026
-1671796
-1671186
-1668711
-1667790
-1663436
-1662288
-1657665
-1654293
-1654215
-1651489
-1648019
-1645648
-1643567
-1638760
-1633849
-1631356
-1628834
-1626760
-1616254
-1615090
-1606600
-1605367
-1595151
-1593990
-1593976
-1588151
-1578153
-1577837
-1575702
-1574302
-1571377
-1566190
-1565196
-1561018
-1554789
-1552872
-1549294
-1546658
-1544597
-1537926
-1535658
-1530408
-1527741
-1527651
-1525468
-1516386
-1509616
-1502586
-1501463
-1495694
-1492146
-1490352
-1490315
-1483249
-1474629
-1465158
-1455300
-1448468
-1448260
-1443953
-1443881
-1439735
-1438117
-1437191
-1432319
-1432113
-1425409
-1423971
-1423551
-1420560
-1417907
-1414687
-1405497
-1400887
-1398978
-1398603
-1397611
-1391507
-1383811
-1381419
-1376421
-1375214
-1368977
-1363940
-1363542
-1345801
-1332691
-1322683
-1321469
-1318632
-1303610
-1301705
-1294604
-1293137
-1289472
-1283170
-1277611
-1271765
-1270959
-1268254
-1264031
-1263533
-1261599
-1255683
-1252085
-1248514
-1245811
-1240830
-1240525
-1240344
-1224439
-1220171
-1213962
-1205594
-1205443
-1205388
-1201816
-1197672
-1196499
-1192083
-1190755
-1185854
-1182815
-1176553
-1176412
-1172748
-1171777
-1140055
-1139926
-1139695
-1133760
-1133567
-1132463
-1132206
-1108396
-1107560
-1105645
-1105119
-1104724
-1094522
-1094440
-1093203
-1090437
-1088036
-1068690
-1065835
-1060861
-1058753
-1057158
-1057048
-1054051
-1053846
-1044745
-1044315
-1044302
-1043693
-1041411
-1038607
-1035144
-1034512
-1027898
-1027476
-1024426
-1021795
-1019624
-1016997
-1009955
-1005434
-995308
-990629
-989714
-989114
-988430
-988078
-987717
-986940
-981169
-980076
-978469
-974009
-972769
-967486
-967111
-966488
-965933
-964699
-964034
-960319
-959270
-940462
-938701
-938390
-933194
-929667
-928343
-925199
-924872
-914520
-913461
-912813
-912547
-911189
-910754
-909322
-906628
-900770
-900704
-894158
-893979
-891520
-889870
-885621
-883957
-880189
-865532
-864305
-862959
-853044
-851476
-847790
-841466
-838683
-827683
-821530
-821101
-813391
-810734
-794931
-794150
-784180
-781477
-775720
-765325
-765066
-764850
-764773
-762811
-761431
-760487
-759854
-758482
-757898
-756141
-755934
-754696
-751364
-750847
-745858
-725471
-723085
-722924
-720282
-711045
-710359
-709322
-703520
-696181
-695974
-685380
-684838
-679401
-672541
-667967
-666418
-657752
-652899
-637136
-636104
-631702
-628755
-627089
-623667
-615038
-613756
-611399
-600155
-596216
-587992
-581428
-579165
-577949
-577814
-577217
-574514
-573403
-573148
-567304
-563580
-557093
-557017
-556031
-548969
-546482
-541274
-539073
-538115
-535022
-530524
-528014
-519417
-518926
-514555
-514379
-512435
-508426
-505790
-503276
-502594
-492974
-489587
-489183
-477236
-476913
-474609
-473768
-471917
-467998
-467266
-467069
-465346
-464989
-460655
-452001
-450246
-447685
-445720
-441748
-440788
-435376
-424995
-422919
-418912
-416128
-415129
-412732
-404791
-397532
-397251
-390182
-387127
-375754
-374668
-373192
-371647
-369227
-368510
-366454
-365451
-357389
-357227
-342888
-342331
-341073
-340954
-340532
-340142
-334654
-333116
-332607
-331795
-325824
-325044
-314403
-311930
-310300
-307770
-291030
-290278
-287856
-286490
-285526
-272548
-271804
-269371
-267293
-263322
-260094
-256994
-242183
-234070
-229821
-218526
-216798
-190746
-189636
-181430
-181225
-180870
-177083
-176745
-174569
-171995
-168509
-168184
-166533
-163335
-161898
-154463
-150985
-140866
-139352
-134847
-129396
-129342
-126414
-120700
-116064
-112062
-111314
-98564
-98440
-98110
-90478
-89418
-84865
-81686
-75297
-73252
-72414
-71620
-71289
-63634
-63442
-58136
-57093
-48757
-48452
-47776
-47389
-47317
-45138
-44320
-43890
-42039
-39273
-33040
-25841
-24887
-18903
-16410
-13625
-1282
9274
18898
19835
23943
26064
28602
39023
43504
46793
52976
60600
62527
68001
68788
79251
103162
108048
110202
124027
129375
130235
139075
139422
141605
142717
143991
148507
153835
158567
162399
172642
176674
179780
182111
184913
185494
192041
199019
200500
202467
211043
222488
228247
229661
241877
244485
244797
246472
261699
271547
271739
276637
279098
282015
284844
307239
307985
308966
314532
316630
324630
325175
338545
339208
346503
349251
358465
359525
361163
365466
366294
366423
368104
370777
376710
379576
379711
386665
394988
403542
407886
411455
413785
417773
422382
426765
431121
432122
432217
433214
433611
435755
452027
452850
452905
464200
473897
478182
478458
481998
488658
489718
490469
496258
510571
512193
513580
514422
517020
518525
522751
528005
531262
550510
557225
558042
559779
559821
563824
567955
570577
572630
574850
575025
579107
592315
614473
614695
619822
629775
631124
632721
634728
635546
637895
639031
644125
650351
654900
655345
658787
666110
671181
675420
676142
678251
681646
684029
685779
698036
699573
704464
717517
717832
726011
730028
736883
738869
742455
743207
744171
747256
757559
757857
762205
766228
769996
777056
778466
779827
785793
790698
791761
795217
798656
803122
807202
810071
813988
814853
815911
818329
819111
821158
834040
845565
854688
855830
859285
863345
869446
872059
872820
875366
879508
890137
891450
893941
896396
901252
903589
911446
914577
916455
921881
927615
931157
940487
944653
953168
957344
959601
962405
963608
971005
974292
976398
976440
986849
988389
989003
991819
996962
1006516
1010610
1014596
1022403
1032140
1034182
1039159
1039644
1040902
1047110
1047187
1051581
1053410
1057467
1060231
1060996
1066347
1069920
1071572
1074555
1076528
1079261
1079355
1087268
1088226
1092867
1097093
1107645
1108427
1108733
1116644
1124667
1131982
1132695
1143701
1146572
1146632
1147800
1150871
1157649
1164161
1169680
1175235
1182410
1182542
1183091
1183885
1184250
1198978
1199644
1204054
1204475
1206570
1217263
1222788
1222854
1225238
1225349
1227834
1230929
1230959
1231782
1237164
1239040
1239770
1240649
1242414
1246779
1250758
1253902
1258170
1260899
1268788
1269182
1272593
1278417
1278956
1289972
1291583
1292539
1295568
1299413
1299688
1304773
1305856
1307241
1316222
1319598
1320778
1320863
1323886
1324764
1324867
1325069
1326238
1334643
1339454
1344053
1349831
1353461
1357398
1361850
1362902
1365152
1372144
1373636
1375052
1375358
1380712
1384365
1385608
1386660
1388551
1389957
1391436
1394665
1395026
1398589
1407693
1407852
1417483
1422542
1425120
1426110
1429208
1430960
1432589
1432594
1435262
1436042
1460532
1463333
1464649
1473422
1483616
1489470
1490547
1494350
1496615
1501998
1513833
1517506
1519880
1526932
1527034
1537122
1541556
1553878
1556053
1557256
1566612
1580072
1582171
1583404
1585480
1591024
1591186
1591843
1594046
1596508
1601491
1601515
1603117
1603220
1613527
1618167
1621382
1627440
1636340
1636535
1638623
1640195
1641140
1644874
1645074
1648497
1658284
1660267
1661497
1673198
1676201
1679207
1680147
1680995
1687259
1689571
1691736
1694604
1694962
1700982
1702577
1707962
1714015
1724930
1738824
1745289
1745996
1748508
1752723
1754563
1755926
1756081
1756755
1757798
1762392
1776140
1782534
1787073
1790125
1792108
1798835
1802481
1803249
1807287
1807867
1809130
1814825
1815060
1818751
1819308
1821928
1825025
1831393
1833583
1849338
1850724
1855779
1855823
1859149
1862773
1874235
1878820
1883380
1888958
1893030
1897068
1897717
1897723
1899279
1902914
1905588
1907426
1911749
1913262
1913450
1917085
1922601
1924101
1930079
1941020
1954391
1963289
1965991
1966214
1969794
1973882
1974426
1979169
1983081
1997620
