-1998350
-1993230
-1979753
-1978668
-1977235
-1974276
-1973524
-1971394
-1969593
-1946947
-1946389
-1946324
-1939818
-1937161
-1934567
-1931631
-1924159
-1915390
-1910325
-1901185
-1895139
-1892877
-1891379
-1877744
-1876151
-1870483
-1867822
-1865639
-1858752
-1855370
-1845933
-1845834
-1845644
-1844885
-1844155
-1838956
-1832034
-1830862
-1828511
-1824152
-1821188
-1813386
-1810911
-1809480
-1805113
-1805018
-1802742
-1794296
-1794206
-1791528
-1786582
-1780520
-1777483
-1775702
-1774385
-1771479
-1769649
-1767825
-1752403
-1741884
-1741391
-1739831
-1739650
-1735739
-1732506
-1729385
-1727323
-1726558
-1726059
-1723609
-1718617
-1713754
-1711885
-1707382
-1701350
-1700484
-1698503
-1691388
-1681093
-1681042
-1675454
-1667183
-1655984
-1655307
-1649370
-1646742
-1642711
-1640204
-1636083
-1635110
-1634472
-1632602
-1632099
-1623253
-1619490
-1615841
-1606599
-1606583
-1592718
-1592227
-1589716
-1586135
-1579262
-1577719
-1576442
-1569673
-1567787
-1567620
-1559031
-1554896
-1553747
-1551772
-1551018
-1550390
-1545832
-1539535
-1537577
-1534460
-1531160
-1523424
-1505894
-1499897
-1498578
-1495952
-1493255
-1492877
-1489133
-1478462
-1475701
-1475244
-1472712
-1466065
-1457130
-1452010
-1451526
-1449946
-1449619
-1448806
-1435986
-1434699
-1428023
-1425251
-1413660
-1408245
-1406603
-1395903
-1390011
-1389488
-1388714
-1383648
-1364643
-1364366
-1362805
-1360474
-1352662
-1339022
-1338215
-1334400
-1330553
-1327584
-1325511
-1322498
-1311787
-1311411
-1307950
-1307520
-1306631
-1299356
-1295579
-1292024
-1284273
-1284228
-1283269
-1277049
-1276392
-1270580
-1266870
-1262661
-1261177
-1248037
-1244339
-1243930
-1239882
-1236982
-1228485
-1228468
-1223960
-1218371
-1216681
-1213927
-1197256
-1191633
-1187043
-1185430
-1175144
-1173362
-1171191
-1169826
-1168547
-1167401
-1166555
-1164195
-1159629
-1158369
-1155641
-1151897
-1149008
-1147806
-1145448
-1144902
-1144595
-1140352
-1134806
-1133871
-1132334
-1130863
-1128001
-1118427
-1113164
-1109855
-1109841
-1109446
-1107781
-1105585
-1105404
-1101055
-1097909
-1093045
-1080295
-1073653
-1073033
-1072060
-1070785
-1069785
-1067654
-1063853
-1057486
-1057296
-1052968
-1051254
-1027569
-1023103
-1022487
-1021799
-1016214
-1011759
-1008079
-1005070
-1004664
-1002528
-1000287
-1000278
-997516
-977053
-977030
-975790
-967984
-966128
-962627
-957221
-956774
-952292
-945409
-942766
-935228
-931171
-929991
-928558
-921374
-915036
-911980
-902860
-902812
-899035
-888376
-880095
-875174
-869640
-868481
-866628
-866123
-861794
-860251
-859318
-857679
-848429
-847231
-845849
-840653
-839481
-821899
-816013
-812113
-811456
-810521
-809603
-807056
-800296
-799317
-797837
-783450
-783236
-776461
-775190
-772373
-763943
-759643
-754012
-749337
-745018
-744454
-742216
-741234
-739949
-726770
-721713
-720477
-715806
-708190
-707482
-703652
-700716
-699150
-697359
-689037
-688697
-681661
-680776
-678563
-675868
-674061
-672288
-672161
-667674
-667340
-664577
-662982
-662223
-655946
-653940
-652239
-650926
-649670
-642576
-642408
-634006
-632119
-629253
-628165
-624646
-619050
-618017
-617137
-610281
-585606
-582069
-576682
-572001
-565989
-564258
-553488
-551123
-549277
-548443
-543731
-542659
-538044
-533671
-530555
-527556
-522129
-518929
-517446
-515593
-514592
-507728
-504358
-495445
-493681
-484057
-483645
-477143
-474744
-473212
-471341
-471271
-470815
-465171
-464424
-457452
-456878
-454750
-441856
-439982
-438943
-429382
-427529
-423591
-417136
-416460
-415746
-415273
-406553
-402145
-393611
-392858
-391555
-389537
-378614
-373591
-371830
-371015
-360004
-350982
-347927
-346797
-339691
-328245
-326967
-325899
-324084
-320287
-315920
-312755
-310865
-310742
-309688
-303657
-300300
-299014
-298790
-297965
-288523
-284395
-283536
-281655
-275474
-270952
-269143
-269108
-263812
-261872
-257328
-243652
-236395
-230551
-227821
-227775
-226385
-217554
-217433
-204396
-202344
-199456
-198792
-196468
-196208
-190583
-190296
-188507
-185730
-181080
-172891
-168884
-168072
-167627
-155422
-155422
-154900
-154806
-154085
-153637
-153266
-153150
-150806
-149203
-147641
-145952
-139434
-139038
-136440
-133217
-132046
-130283
-129848
-126587
-123066
-118540
-116544
-113103
-112933
-110075
-108237
-107669
-107007
-94928
-94145
-92670
-88712
-88013
-85978
-85857
-78681
-77060
-76844
-75798
-73933
-73550
-68645
-66740
-60065
-50013
-38672
-36791
-36566
-35058
-32738
-24708
-24488
-19616
-17496
-14126
-10716
-6533
-6231
-1384
-1257
1279
11664
15544
31764
33495
53462
58178
58218
58436
60087
60253
63906
66192
67923
78053
86316
87386
87736
88005
92711
94874
94880
94955
101571
111149
114592
124738
136753
140568
142983
144871
144948
146251
158459
159427
159736
169265
170308
175771
182953
186444
188488
192501
198481
200760
205296
207171
209407
213054
217876
217883
224872
226208
227656
230788
234421
246667
250059
254978
263218
272732
276138
283549
289869
299374
307293
308340
312376
313726
318733
323890
324247
330966
338719
338777
345095
356558
363621
365092
366301
366509
368391
369939
370457
375858
381592
381918
387659
389463
389567
393089
395368
400132
405225
407957
407965
411816
414270
416044
423284
424470
428867
429614
436406
438962
439550
445453
447588
447720
450990
451266
458522
465586
470783
471733
472221
472599
474530
481233
491033
495917
512174
514406
536831
552262
552645
552882
560479
563074
567075
568835
576982
577286
577449
582628
583469
584326
589065
594991
598088
598538
604754
609327
617844
618773
626512
629649
632762
640805
645488
645606
655043
656077
658276
659736
668229
672192
675533
677894
682896
683928
686579
693669
700471
706191
707355
707525
710774
713476
716108
720066
728705
730638
732253
732305
733036
741495
742102
742333
744206
750436
751886
754003
763013
769277
772631
774008
774346
776407
781351
784582
784784
785356
788744
794015
798779
805467
808116
811145
815056
819021
820692
822653
826342
831268
837324
843417
849542
853668
854843
856355
857693
859292
864463
865898
866411
866991
868000
870900
878506
879268
885271
902624
909874
915696
916511
916823
940661
946340
947132
947542
949080
951509
952279
956142
963046
973274
975914
976883
979604
986701
994563
998340
998740
1001919
1004809
1016715
1027862
1029921
1032318
1032823
1037018
1052716
1053383
1053891
1055820
1058230
1070312
1072361
1074565
1074575
1075893
1082590
1087932
1089258
1100375
1105379
1116416
1122550
1122560
1123999
1132112
1134369
1138095
1143985
1152068
1153849
1156903
1158093
1162787
1164405
1166223
1169052
1169334
1174694
1180402
1181171
1195631
1203006
1204772
1208592
1209285
1210461
1216046
1217698
1219339
1219897
1220969
1221098
1229918
1235808
1237980
1255342
1260841
1263509
1268578
1270374
1270868
1278416
1293666
1294470
1294718
1296067
1296822
1298939
1300921
1306201
1314147
1316733
1319685
1329272
1333612
1342358
1345334
1345823
1348014
1352107
1370623
1372521
1375468
1378667
1385170
1390102
1397906
1402325
1403724
1405660
1415459
1422027
1422942
1427470
1433046
1435951
1437954
1440233
1456467
1458075
1458222
1459786
1468594
1470124
1473173
1485322
1485688
1488029
1489630
1490301
1492485
1501146
1501710
1506376
1511508
1512738
1514941
1517854
1524271
1529632
1533966
1541989
1542308
1542856
1554205
1561932
1566025
1570838
1572916
1577479
1579267
1580345
1580654
1592634
1592761
1598185
1601531
1603520
1604104
1635285
1638804
1640901
1645652
1647505
1648853
1652108
1654229
1657226
1660253
1660308
1664703
1670170
1677271
1678163
1685310
1686532
1689726
1690730
1694828
1699119
1702276
1702616
1705869
1711355
1715895
1717130
1731225
1735922
1742654
1743946
1748570
1749142
1749727
1754571
1763146
1771319
1772333
1776281
1776887
1778776
1780915
1781356
1784365
1786015
1786909
1789123
1793695
1793698
1796867
1796988
1800268
1806840
1812094
1812735
1821349
1826111
1827502
1828378
1829409
1843638
1848848
1862473
1864592
1884527
1888126
1897638
1898478
1913745
1915175
1931800
1933211
1941336
1941658
1947011
1947628
1952654
1954381
1965771
1971248
1973528
1974226
1985267
1992865
1996115
1997097
1999698
