-1986075
-1985264
-1984760
-1972032
-1967036
-1966111
-1965193
-1960253
-1953157
-1952409
-1952078
-1947701
-1943581
-1938001
-1936866
-1927572
-1923615
-1923150
-1919071
-1914788
-1909533
-1902823
-1900973
-1895682
-1889056
-1884604
-1883584
-1883394
-1882382
-1875133
-1873381
-1869505
-1868808
-1868443
-1865131
-1863951
-1861902
-1858580
-1858388
-1857195
-1856152
-1855901
-1853263
-1852632
-1848243
-1840975
-1840757
-1837547
-1830467
-1822688
-1817913
-1811284
-1809188
-1808522
-1798006
-1795048
-1787911
-1781030
-1779224
-1775640
-1774521
-1774368
-1768659
-1768642
-1768594
-1764950
-1763983
-1760085
-1755806
-1751070
-1749978
-1742819
-1741178
-1740390
-1735325
-1732853
-1717506
-1703892
-1701762
-1700001
-1695429
-1693234
-1689607
-1687550
-1673430
-1672890
-1660492
-1657100
-1651148
-1640771
-1638578
-1628729
-1627793
-1620675
-1617158
-1616922
-1609428
-1597891
-1597720
-1588459
-1587790
-1587695
-1583171
-1581994
-1579045
-1575215
-1572138
-1564391
-1563436
-1560824
-1549100
-1545365
-1534734
-1528795
-1526567
-1521359
-1515633
-1512532
-1511046
-1507357
-1505542
-1500564
-1499459
-1496700
-1492798
-1490302
-1483956
-1483149
-1482369
-1481845
-1481080
-1481047
-1478281
-1477742
-1476667
-1473434
-1473102
-1463633
-1459451
-1455555
-1451831
-1446245
-1446087
-1442136
-1438995
-1435689
-1434214
-1427129
-1421869
-1416811
-1416226
-1404997
-1389042
-1381887
-1379210
-1373001
-1368758
-1360266
-1355782
-1352191
-1351313
-1342648
-1340405
-1327967
-1322941
-1318399
-1315657
-1313781
-1312424
-1307848
-1307719
-1304157
-1292088
-1285648
-1283117
-1282454
-1282439
-1268934
-1261507
-1252264
-1241620
-1241528
-1235305
-1229012
-1223387
-1215922
-1211825
-1208498
-1205714
-1202010
-1200776
-1199878
-1196582
-1192175
-1186205
-1182750
-1180584
-1177495
-1172729
-1169410
-1163828
-1156161
-1155772
-1154919
-1152043
-1146315
-1137686
-1133662
-1131767
-1129833
-1128455
-1127333
-1119662
-1117450
-1108517
-1107765
-1106236
-1105621
-1102803
-1102440
-1094381
-1094325
-1092078
-1088754
-1087320
-1082609
-1076159
-1072900
-1071235
-1069017
-1067978
-1066416
-1058028
-1036288
-1025003
-1000137
-989800
-979320
-978151
-973347
-962663
-959868
-947463
-941411
-939571
-938892
-930465
-918297
-918213
-916449
-913445
-913020
-908608
-903071
-899912
-897486
-897223
-896768
-888305
-882793
-880743
-878857
-875887
-872766
-870462
-869508
-867074
-856994
-856553
-856349
-854915
-853397
-847630
-840092
-838551
-835748
-833570
-825359
-818584
-815615
-813025
-799308
-791808
-789013
-783579
-783083
-778061
-777801
-777371
-773532
-773096
-771884
-770035
-769168
-763210
-761543
-753537
-752601
-749366
-742623
-742620
-740653
-735653
-735579
-735006
-725499
-717667
-712119
-710760
-708993
-704136
-703914
-694027
-686737
-681076
-677257
-675221
-672272
-672069
-666969
-666151
-660516
-659172
-656363
-652534
-650729
-649804
-649624
-645741
-645308
-643355
-643169
-642997
-639807
-639184
-637952
-636567
-634207
-632667
-630633
-618861
-615771
-613405
-611072
-607690
-606061
-605498
-602692
-601717
-591373
-590986
-590546
-586136
-581901
-569762
-569426
-567708
-565631
-565540
-561451
-560948
-560079
-559605
-559234
-558872
-557372
-555555
-549879
-545549
-543416
-530554
-528436
-523796
-523458
-518224
-514529
-509487
-501096
-497509
-497481
-492348
-488729
-488041
-485729
-483942
-478096
-475424
-474611
-458413
-458076
-451620
-444737
-444106
-437084
-431008
-429147
-427138
-415812
-415230
-413195
-407909
-406892
-399286
-386172
-386002
-380694
-371342
-371167
-360150
-360030
-354758
-351722
-344998
-343638
-342393
-335990
-335518
-329450
-328710
-326950
-320120
-317825
-306275
-303974
-303706
-297852
-294560
-293680
-293109
-287962
-279596
-276531
-276078
-270694
-259751
-259632
-253291
-240327
-239179
-231412
-227860
-226460
-223455
-218078
-213634
-211142
-205943
-203751
-202604
-201381
-201100
-198053
-196871
-191715
-189884
-189231
-189130
-188227
-186907
-186030
-179483
-178582
-172634
-171110
-168794
-168538
-168236
-160303
-159165
-154203
-147866
-134671
-133902
-127746
-126715
-126044
-125518
-124700
-120788
-120081
-117164
-114888
-114531
-113246
-112081
-110164
-109148
-103591
-99426
-97076
-96644
-96419
-95809
-95035
-91161
-79222
-78590
-78092
-75018
-74290
-68433
-64516
-61686
-61639
-55854
-51562
-49132
-44009
-33967
-33598
-32410
-31967
-23472
-17005
-16476
-11400
-4887
-2773
-2648
7962
18724
24889
27868
32297
40346
44111
45145
49353
53049
58809
59691
64750
66877
68967
69928
75834
77401
77960
81846
85202
85278
86818
94926
98287
100057
101036
104461
107364
109171
110566
111240
115273
130000
130784
132177
136379
139383
142543
143520
143971
151760
151855
153149
153650
164389
165703
166141
167813
179544
179874
185651
194827
197635
203027
206774
218551
221492
221568
225814
231930
234078
234688
241107
251413
254158
259949
261457
265129
266289
272792
275859
283260
283757
287068
288316
298554
301547
302785
303004
305545
307868
311033
317040
328103
329886
333337
336944
342894
353731
365935
370609
371764
374718
375343
375974
376558
377619
378966
379912
382465
383337
386687
387757
394163
397383
399712
402047
407486
409180
421981
429717
436331
437215
438401
447563
448576
454821
457000
465218
475818
476245
479206
479284
489356
494048
499089
500593
501077
508573
510481
511747
515256
516692
522918
523305
528326
540603
541589
548297
556454
565177
569338
572737
573426
575110
576350
576568
583209
584786
586679
590459
592190
592643
607039
610427
616723
618330
619020
619780
623199
628635
632521
635104
639848
645331
646779
653237
653280
654415
654990
655160
665540
679706
687903
692036
693563
695393
698255
699457
701688
701948
707940
711669
714994
728321
729605
735316
742657
749304
755649
762043
766159
768953
770640
774281
777736
778873
786952
787081
797847
808320
815759
828995
829145
833517
834479
837545
842928
843686
844821
845365
848482
849570
852123
853663
854084
855760
863897
863973
863992
865084
869561
875807
875997
890247
896178
899327
900529
901110
901557
907560
920076
920302
921855
926071
930428
933339
933663
933873
937235
939159
951983
952276
952581
952817
958893
960311
960524
961743
964461
968153
971046
978464
980115
981159
982805
985620
991228
992828
998548
999499
1009213
1032085
1032429
1035053
1050352
1052494
1058942
1063837
1071440
1088585
1094166
1106287
1106677
1108816
1110261
1113421
1118521
1124122
1136985
1139440
1153234
1160181
1160286
1161043
1164104
1167835
1169023
1183014
1186015
1187464
1197066
1202104
1207803
1209514
1209779
1213778
1214278
1219688
1221819
1224390
1228815
1243264
1251917
1255257
1259649
1262419
1265955
1268131
1268683
1268784
1270505
1273183
1274150
1274790
1277493
1282438
1285547
1285693
1286012
1288626
1289209
1291218
1294742
1295565
1297110
1302161
1309726
1313351
1314089
1333540
1334369
1342593
1342757
1346085
1347851
1348407
1359337
1363643
1372724
1373250
1383127
1383764
1390566
1399627
1401196
1412090
1418179
1419852
1426210
1429182
1436979
1438297
1441502
1442700
1451552
1451875
1453582
1460327
1461371
1467225
1478631
1485262
1487896
1490352
1494510
1495206
1496763
1496970
1499381
1508945
1514072
1524589
1525483
1527460
1532120
1539773
1540949
1550722
1552561
1554149
1558783
1562760
1564317
1568139
1568495
1569655
1572991
1574955
1581129
1584411
1593439
1596382
1607049
1611767
1618398
1622535
1627331
1628790
1638816
1638824
1641224
1645006
1645859
1655277
1656300
1656711
1664582
1670305
1677717
1681650
1684523
1696812
1705455
1707663
1707888
1708095
1709856
1726146
1726449
1728463
1745293
1749316
1749793
1750115
1751468
1751933
1756583
1757484
1761221
1764701
1767911
1771239
1772070
1793844
1800733
1803697
1806401
1809253
1812561
1814541
1820502
1823194
1823773
1825240
1833746
1834182
1842053
1849229
1857184
1870809
1872887
1876807
1881270
1889778
1907992
1908195
1908797
1909646
1914572
1916899
1918915
1919972
1921229
1927576
1930658
1934212
1942345
1944067
1952289
1956503
1956718
1959423
1959840
1966377
1971030
1977972
1979732
1988012
1997187
