-1998395
-1998251
-1992934
-1981966
-1980151
-1979480
-1977672
-1970356
-1969896
-1962119
-1962095
-1957168
-1951264
-1950977
-1950685
-1948552
-1938487
-1929595
-1929100
-1921497
-1921377
-1920209
-1916984
-1916602
-1915683
-1914464
-1914038
-1910619
-1904069
-1902407
-1893563
-1890431
-1888291
-1879833
-1875956
-1867599
-1865287
-1850576
-1846541
-1844072
-1838224
-1834692
-1833265
-1829885
-1828088
-1826813
-1823691
-1805871
-1801946
-1796580
-1795186
-1785337
-1784476
-1783197
-1783100
-1770029
-1759272
-1754052
-1750928
-1748423
-1742650
-1742521
-1742210
-1739408
-1735163
-1725713
-1724322
-1722409
-1721091
-1715539
-1710337
-1708609
-1698431
-1695290
-1689799
-1683398
-1682324
-1670625
-1665993
-1665085
-1663493
-1659534
-1655402
-1647337
-1644017
-1640435
-1629666
-1623437
-1618472
-1617051
-1613469
-1604684
-1601091
-1597406
-1597386
-1596080
-1591583
-1585051
-1583678
-1572160
-1570429
-1564837
-1562623
-1560619
-1558054
-1557542
-1554417
-1548460
-1548021
-1546417
-1546382
-1544842
-1544617
-1542236
-1541969
-1540851
-1538052
-1535194
-1533476
-1530246
-1512875
-1511601
-1505799
-1505736
-1504693
-1497262
-1497182
-1491301
-1486303
-1474278
-1472870
-1471481
-1468795
-1462727
-1459669
-1451170
-1445719
-1445606
-1443032
-1439075
-1438718
-1433761
-1433544
-1432861
-1431835
-1424787
-1424723
-1411674
-1411311
-1408837
-1407434
-1406365
-1400711
-1387547
-1382383
-1366618
-1363218
-1363053
-1362070
-1358190
-1345926
-1338621
-1334450
-1333442
-1332157
-1332145
-1328805
-1327076
-1324954
-1324158
-1312513
-1305365
-1302542
-1302112
-1301640
-1295030
-1279762
-1276699
-1275634
-1274916
-1268572
-1266569
-1262033
-1261802
-1247854
-1241990
-1241618
-1238491
-1232202
-1227468
-1215142
-1214961
-1201321
-1201085
-1191160
-1182395
-1177740
-1176573
-1175796
-1175476
-1169098
-1158935
-1150109
-1148539
-1140436
-1138970
-1137865
-1133300
-1125283
-1118567
-1116252
-1106244
-1103728
-1102317
-1099453
-1093053
-1086074
-1075162
-1073068
-1072428
-1059809
-1055043
-1053648
-1053364
-1050954
-1042487
-1042256
-1039217
-1037810
-1034259
-1028676
-1023093
-1019681
-1011514
-1002351
-1001142
-995641
-992504
-989242
-989027
-979728
-975820
-974317
-974253
-970538
-969818
-969050
-968067
-964038
-960582
-960386
-954682
-954039
-952641
-951937
-944600
-944017
-943738
-935003
-934246
-932959
-917628
-914178
-900097
-897484
-897336
-893934
-892491
-886788
-879190
-878854
-877747
-877312
-871184
-868566
-864775
-857449
-843781
-838626
-836551
-835978
-833533
-827079
-825383
-823318
-818363
-816887
-809276
-802776
-802729
-802368
-798970
-795519
-789613
-783566
-780288
-779183
-777027
-772647
-768971
-766509
-755522
-753734
-753584
-747643
-741350
-724567
-721171
-714740
-705653
-703837
-696282
-695980
-694164
-685646
-685189
-681337
-675764
-673560
-671113
-668159
-665337
-654644
-653352
-649141
-634869
-628783
-620182
-618232
-617910
-613445
-613206
-612601
-608892
-606164
-601300
-600088
-594316
-593140
-588549
-584513
-582701
-578586
-575132
-567883
-563554
-558851
-552098
-540956
-539845
-533568
-529418
-524439
-521388
-520439
-519450
-518211
-516681
-515026
-513216
-503186
-502559
-501773
-501600
-498404
-495757
-494845
-488039
-484887
-482479
-479607
-469292
-469037
-467483
-466167
-465445
-463006
-461115
-457575
-455940
-449112
-446794
-446494
-445502
-440227
-439643
-437499
-435310
-427098
-424917
-424436
-413842
-404986
-402875
-400291
-399192
-381941
-381873
-380411
-375921
-367046
-361366
-359998
-358737
-357906
-352974
-350127
-348395
-345991
-340228
-337331
-336940
-326057
-321098
-317709
-317469
-312544
-301334
-300983
-300953
-298378
-284811
-278717
-271750
-271091
-267480
-266053
-258030
-256197
-239390
-235843
-219332
-212652
-205234
-198302
-190881
-186462
-172598
-169319
-164112
-151281
-149085
-147853
-146319
-145310
-145238
-145107
-141296
-140839
-135961
-135758
-128598
-124483
-122373
-118818
-118099
-110849
-107262
-100800
-97026
-94750
-89497
-86246
-77721
-77242
-72135
-61910
-59918
-55928
-53899
-52853
-48196
-48122
-47215
-42713
-41361
-38278
-38112
-35467
-35214
-30067
-24734
-14558
-14359
-4132
-3903
-3853
-2981
3162
5977
13032
15392
24979
29605
30458
32646
32834
36512
43969
47407
47664
55216
64692
68703
69218
69449
75581
83548
87564
92827
94059
94942
107151
107465
107639
108401
115148
117629
124031
124774
128655
131115
131839
132809
135690
137831
139589
144053
145426
145529
145629
154595
157089
158808
161101
165091
165259
166204
172077
172741
190874
195904
198850
201185
207771
217650
217687
222721
229014
232562
233029
233398
236064
239748
239926
242547
242779
243365
244531
245181
245740
249339
253926
256227
256334
266031
275407
285240
289516
297736
300592
306543
315554
317244
323148
336393
342180
343964
348133
352801
360375
364802
367253
368022
375922
379233
385303
387222
391832
399199
402180
402408
407161
410685
417564
422577
423336
428268
431802
434920
445015
447035
461787
465944
467027
469819
470132
470480
474978
477626
481486
486902
487670
489643
506210
511492
513356
515690
516592
519279
521055
527287
528138
528694
530110
538173
539190
539609
547049
550792
562173
578349
579457
579770
586126
595536
596612
597334
600924
601227
603762
604992
624484
638440
643914
658863
659921
661032
663798
665269
672951
674082
675553
679447
682572
683963
687858
692570
698489
698978
703391
707674
710040
716050
720727
722033
722044
726469
729878
731009
748508
748906
753182
755216
755916
759182
766356
766526
770710
771787
772375
782436
788551
788858
791330
792576
796901
799361
801944
803609
805038
806004
806485
807593
815922
816235
816350
825793
827636
829289
835645
836174
837621
845052
857006
860079
866470
870463
872097
874035
881381
885571
887471
891130
891224
894916
903690
903700
908882
911765
914145
915619
924301
926080
930769
930980
931867
932572
932792
935602
941078
941771
941854
949544
952797
955181
963984
970330
971913
976967
977045
981005
987813
989563
995872
995945
996269
1004151
1006628
1007575
1017444
1018473
1020135
1021782
1021933
1027304
1027888
1034431
1039520
1041283
1066704
1070172
1093158
1097886
1104690
1110637
1111717
1115360
1124664
1132663
1140249
1148759
1149873
1150691
1157368
1161617
1163155
1164719
1179140
1184372
1193391
1196349
1208607
1211542
1219507
1222189
1229317
1229423
1230139
1231359
1231689
1232308
1236872
1239406
1240583
1244462
1249615
1250985
1251952
1259078
1266278
1268475
1269274
1269815
1270690
1277527
1279900
1282167
1286841
1288775
1289316
1290424
1297819
1311902
1317800
1320165
1320996
1334437
1341853
1343252
1350419
1358854
1359704
1360997
1361004
1364768
1366180
1367336
1369214
1372973
1375822
1375838
1377140
1383889
1384040
1399721
1413201
1418039
1418106
1427184
1430836
1431290
1433158
1438788
1444487
1444728
1447670
1449488
1450300
1455117
1457940
1458330
1460895
1463476
1471365
1479135
1484469
1486479
1487456
1487925
1489701
1493388
1499496
1507232
1514543
1517860
1518392
1524588
1525507
1526728
1527347
1546933
1555081
1557520
1559564
1565565
1567767
1569634
1570208
1570377
1575774
1579669
1580066
1580147
1583628
1586911
1591182
1597708
1599802
1610978
1612242
1614314
1619706
1627253
1627513
1627865
1629366
1632981
1633025
1636953
1639836
1645763
1652420
1655069
1658541
1661174
1663539
1670339
1677665
1679925
1680495
1699988
1700223
1704506
1709334
1717191
1720148
1724252
1725432
1728473
1728880
1732334
1732798
1733160
1735996
1738593
1740541
1740993
1741030
1743622
1746233
1747908
1760398
1764925
1773759
1780848
1781771
1796516
1797922
1799616
1801991
1808425
1812552
1812638
1815024
1818984
1821642
1826728
1830112
1838124
1838524
1845983
1846436
1847091
1852871
1854212
1855507
1856221
1856351
1859047
1872635
1874028
1875819
1876828
1878487
1878954
1879228
1888544
1892680
1894695
1896810
1904482
1908401
1910722
1910919
1915336
1916888
1920240
1920620
1922246
1935356
1937714
1939236
1941559
1944372
1945578
1948208
1950442
1950782
1954864
1955064
1956303
1956924
1967072
1969883
1974654
1979079
1981122
1982805
1993322
