-1986357
-1985448
-1984261
-1981023
-1971638
-1963965
-1961903
-1958339
-1954566
-1942435
-1939626
-1929522
-1927430
-1920007
-1919247
-1916402
-1912614
-1897662
-1891743
-1889386
-1881938
-1881467
-1875592
-1874719
-1866911
-1863624
-1863125
-1856128
-1853386
-1831622
-1830343
-1824245
-1822266
-1821185
-1820716
-1819580
-1808805
-1806833
-1805120
-1804690
-1798343
-1789838
-1779027
-1776340
-1773621
-1770888
-1764960
-1763904
-1763586
-1762020
-1759850
-1759675
-1755554
-1749726
-1741524
-1738775
-1735887
-1717293
-1716623
-1709396
-1708749
-1706046
-1705516
-1704754
-1702881
-1702348
-1693895
-1676432
-1674799
-1668604
-1661132
-1656725
-1653217
-1646487
-1645938
-1643550
-1642045
-1640432
-1637808
-1628904
-1620692
-1620089
-1616348
-1616272
-1611470
-1605796
-1603639
-1592321
-1588038
-1574538
-1572964
-1572419
-1565553
-1560868
-1555891
-1554676
-1550439
-1550311
-1544192
-1544089
-1538873
-1521437
-1521386
-1521198
-1517869
-1514585
-1514435
-1505973
-1503729
-1503704
-1491883
-1490139
-1485295
-1476400
-1474647
-1472975
-1470203
-1468124
-1459636
-1458457
-1455004
-1443362
-1441210
-1439633
-1414925
-1412555
-1405219
-1398335
-1396290
-1386624
-1383350
-1379951
-1379452
-1360918
-1357661
-1356797
-1356736
-1355698
-1352627
-1341620
-1333548
-1327483
-1326874
-1325692
-1323120
-1322117
-1320081
-1318500
-1311512
-1308879
-1302313
-1301399
-1300957
-1291902
-1288549
-1280324
-1279263
-1275222
-1274119
-1272217
-1270237
-1268073
-1260869
-1258343
-1257279
-1257058
-1250594
-1248500
-1244029
-1243661
-1243393
-1243037
-1242918
-1239620
-1237876
-1233331
-1230152
-1227445
-1224745
-1222431
-1222410
-1218383
-1209027
-1202250
-1197342
-1195800
-1190484
-1185916
-1180788
-1178814
-1174170
-1172331
-1166451
-1157595
-1149853
-1148890
-1148271
-1146803
-1143275
-1138387
-1135427
-1132261
-1120013
-1119139
-1104161
-1097821
-1096166
-1095537
-1089848
-1087664
-1082567
-1076640
-1071708
-1068873
-1067402
-1063614
-1063284
-1062703
-1048623
-1047673
-1044522
-1036337
-1026561
-1020979
-1020055
-1019614
-1019074
-1015194
-1014943
-1006443
-1002356
-1001428
-1001118
-995528
-991691
-990848
-983981
-978971
-973805
-950610
-944933
-944577
-938776
-937162
-936258
-930973
-922804
-919401
-911015
-910343
-906617
-906575
-906158
-900353
-896528
-895683
-890438
-889382
-887963
-887859
-884369
-878458
-874359
-867981
-863306
-862268
-861314
-860695
-857044
-854672
-853366
-851740
-851739
-845733
-839264
-836762
-830660
-830188
-819611
-818075
-816775
-813771
-813578
-808769
-806307
-802026
-801954
-795737
-795203
-789041
-787953
-785970
-784292
-783020
-783020
-780925
-778195
-774738
-771560
-767926
-767310
-767106
-763731
-760819
-756909
-751127
-745469
-744162
-732204
-727160
-723596
-722165
-719565
-717907
-708322
-705602
-704878
-701602
-693577
-684392
-683882
-683246
-675423
-674205
-662996
-660169
-659434
-659012
-655419
-640680
-639960
-639818
-638111
-626377
-616405
-610810
-610777
-608983
-605973
-601638
-598160
-597116
-591533
-589032
-583858
-583185
-579417
-579358
-564517
-561216
-560229
-554809
-550477
-546087
-545989
-536642
-535688
-532011
-530569
-528048
-506732
-504941
-503153
-499398
-498565
-488101
-466484
-454739
-450953
-447525
-446366
-445692
-443365
-441068
-440671
-435430
-435297
-434540
-431713
-410609
-409238
-404200
-403851
-399978
-399711
-397062
-396607
-390445
-390206
-389470
-382146
-381019
-378114
-377312
-371577
-366660
-366022
-362868
-360625
-358692
-357693
-355741
-349780
-349298
-346765
-342965
-339071
-338700
-334545
-333554
-328470
-324382
-323219
-317906
-315648
-315211
-313853
-310467
-308965
-305646
-299019
-296046
-294222
-292433
-290924
-283428
-277732
-273820
-267735
-267592
-265440
-265084
-264367
-263924
-260716
-258668
-257641
-257608
-256306
-253929
-245986
-233330
-229203
-220548
-217740
-216667
-214190
-213140
-212927
-202763
-201916
-201035
-192682
-177421
-175652
-175529
-173229
-170639
-168756
-168040
-164315
-160196
-159650
-159514
-157065
-155077
-153171
-148479
-146581
-141428
-140293
-139916
-134046
-132919
-130706
-128169
-121046
-119392
-118915
-108591
-105021
-96826
-96088
-91434
-89360
-89197
-79134
-78443
-74658
-66021
-65934
-64144
-62174
-61863
-59727
-54977
-46437
-43750
-41542
-34077
-27859
-26161
-17796
-14461
-10859
-5847
-1991
6214
14153
15031
17537
23679
35096
37433
45465
51060
59902
61603
62024
72492
75262
77675
78728
82570
90614
91983
94743
96978
100493
107522
107871
114049
116290
117174
117537
117772
125872
126058
134224
135019
141782
145313
151791
152319
152632
165312
169466
170178
172812
174546
183584
187007
187150
191061
199818
208403
227527
229047
234886
236822
240214
243112
244332
245949
253756
255202
260846
266597
282313
284382
284673
288229
291572
292926
293285
302177
302268
305518
307035
307763
311836
328110
329513
331145
331404
339357
340689
341320
345036
349458
352926
358707
359222
360191
360566
370443
373392
377705
380143
380663
383337
383703
386438
387089
389258
396089
396837
400887
403815
406799
411495
424925
426098
449903
453625
458916
464076
468096
476778
477959
482234
492803
498081
507387
515545
516822
518887
519034
525174
530059
532054
535566
547603
547942
548242
551259
551852
552119
552884
553803
553844
555527
556170
556853
557117
560343
560781
564092
564256
565576
581099
581753
582180
583659
590373
594288
610560
614068
619246
619738
629909
631235
631681
636213
640116
640509
641185
642051
646125
646632
656995
660584
662966
663868
665767
668166
670645
676205
676318
686262
690852
714873
718048
722311
725272
726938
727943
730460
732753
733767
734627
736998
737921
743459
746692
748439
750535
758371
758819
766253
772344
783141
785088
786067
790813
794177
798179
807940
808295
813380
820848
835955
837048
839181
844192
845618
848524
853450
855742
855776
862796
865322
867417
881337
883910
886343
901301
903449
904236
904744
908821
909678
912788
920270
926013
926862
931358
952236
956365
959026
960120
960163
963046
973899
984059
985338
986430
992451
995017
996357
1004275
1006606
1009156
1021729
1027253
1028813
1028947
1035287
1042555
1047417
1047593
1058978
1063776
1064117
1070195
1073211
1076733
1076752
1077718
1078408
1089405
1095442
1097234
1100282
1109854
1113255
1113792
1120633
1121427
1137092
1142482
1146740
1149178
1151138
1151585
1152145
1152685
1171378
1176176
1176524
1187340
1188270
1189558
1189782
1190319
1191090
1191515
1193900
1199002
1205315
1207645
1212329
1217941
1218776
1221638
1221948
1223594
1225742
1232005
1234175
1236281
1238075
1239450
1241784
1242785
1243295
1243813
1250176
1255246
1257771
1273515
1279498
1282376
1288069
1289201
1294950
1317395
1325283
1329449
1330094
1339193
1340063
1348431
1350221
1350828
1364484
1364701
1366964
1367995
1372566
1381079
1384657
1386887
1387583
1399592
1401805
1403429
1410092
1413288
1414120
1415003
1418315
1429857
1440520
1440853
1447236
1450038
1452251
1454120
1459527
1463464
1471691
1476761
1479195
1479217
1483033
1483211
1486535
1489355
1491602
1493256
1494478
1500527
1505102
1511473
1511901
1528421
1534099
1535797
1540099
1541157
1545514
1549287
1553484
1563909
1571465
1578066
1582077
1583874
1589509
1593678
1596217
1596800
1605266
1609303
1609674
1612778
1623261
1624904
1625418
1626377
1626592
1628580
1630104
1630339
1630788
1635742
1644677
1645321
1646961
1647992
1648443
1653009
1656905
1661962
1662135
1663041
1663700
1665365
1674021
1680240
1684045
1684081
1684162
1696613
1696710
1707083
1707584
1709916
1713282
1717282
1725924
1734055
1742340
1766005
1773185
1774111
1779291
1779756
1781415
1782535
1788108
1804513
1805411
1806367
1808334
1813532
1817819
1820111
1820500
1822333
1824431
1832539
1834090
1836033
1837891
1838862
1841125
1846571
1848314
1849688
1859154
1859805
1871610
1872615
1873099
1873961
1877873
1880813
1882151
1892719
1894641
1900231
1904220
1906904
1912161
1915365
1916512
1918455
1922479
1926199
1929103
1931414
1940219
1948962
1949474
1959090
1959498
1963206
1963417
1969308
1970255
1971696
1975890
1977939
1982338
1994951
1994990
1997383
1999193
