-1987400
-1984682
-1983921
-1983446
-1981432
-1981181
-1979628
-1978081
-1977244
-1971065
-1970344
-1969874
-1959230
-1953604
-1948491
-1945006
-1944796
-1942341
-1937694
-1934592
-1922572
-1921636
-1912712
-1900350
-1888965
-1888020
-1887246
-1881613
-1878591
-1872551
-1866107
-1863359
-1844367
-1839900
-1833776
-1831887
-1822723
-1814769
-1812140
-1808747
-1800983
-1799562
-1789359
-1787175
-1785674
-1781981
-1777326
-1772281
-1771074
-1767684
-1765726
-1764686
-1761467
-1760543
-1759982
-1759346
-1755147
-1752827
-1752566
-1752392
-1749973
-1749821
-1747291
-1746196
-1741508
-1741132
-1739379
-1738307
-1734120
-1732076
-1726524
-1724760
-1720251
-1717980
-1710303
-1703693
-1701492
-1698993
-1693235
-1691962
-1690022
-1689679
-1678070
-1677372
-1676340
-1666936
-1666004
-1660632
-1659931
-1654818
-1650223
-1647341
-1640960
-1636842
-1635176
-1627246
-1600352
-1598240
-1593114
-1592752
-1590061
-1586415
-1582605
-1580159
-1578279
-1568791
-1565089
-1555861
-1549602
-1549206
-1542696
-1537883
-1537450
-1536886
-1527438
-1525130
-1523972
-1521894
-1514520
-1506841
-1490151
-1489241
-1487637
-1482037
-1481302
-1477197
-1475974
-1474187
-1474118
-1470981
-1459028
-1447927
-1446334
-1440708
-1436867
-1435060
-1430980
-1429425
-1428371
-1427285
-1410362
-1406534
-1406101
-1395822
-1387700
-1387241
-1380479
-1369869
-1369082
-1362192
-1355599
-1354520
-1349570
-1344987
-1341668
-1340276
-1339141
-1338499
-1338167
-1334294
-1327093
-1320379
-1317740
-1316410
-1312322
-1299633
-1298627
-1289630
-1287440
-1285454
-1284540
-1284383
-1284355
-1282588
-1281672
-1273231
-1270058
-1264687
-1256547
-1256126
-1253766
-1252728
-1247481
-1239465
-1238348
-1230440
-1228323
-1215980
-1212549
-1201095
-1193899
-1193755
-1193526
-1190530
-1180255
-1176028
-1173040
-1169627
-1165089
-1162438
-1158062
-1157789
-1151353
-1150173
-1146416
-1141028
-1131592
-1130982
-1130491
-1127329
-1118892
-1117427
-1116382
-1116139
-1116112
-1114486
-1114397
-1113194
-1110717
-1110242
-1108327
-1088047
-1087005
-1082754
-1082525
-1071262
-1065101
-1057195
-1052720
-1028835
-1026814
-1022973
-1011952
-1011151
-1009586
-1008873
-1007883
-1005617
-1004546
-1003098
-988102
-982181
-981045
-980846
-980147
-971281
-964028
-963876
-960258
-955565
-953782
-950308
-941768
-936486
-929174
-927515
-925812
-922901
-922425
-920151
-918551
-917709
-912340
-903465
-901583
-898653
-897465
-889228
-886812
-883025
-881489
-880689
-874545
-874426
-871401
-861003
-853544
-847996
-844035
-839524
-837998
-833974
-833148
-832496
-830365
-830174
-828392
-824443
-817216
-803211
-797343
-776147
-772546
-771515
-771255
-771043
-769145
-767931
-766584
-757963
-757861
-742870
-735284
-730058
-724367
-723735
-721742
-718158
-712558
-705491
-698243
-697156
-695195
-694885
-694689
-688277
-687084
-684173
-678702
-677776
-667312
-666253
-659477
-655116
-649396
-648712
-643314
-641231
-639505
-637289
-633613
-633299
-632312
-630765
-630245
-629023
-628025
-624491
-622806
-621167
-607270
-604452
-597965
-597577
-583367
-581741
-565371
-563298
-562252
-561889
-556458
-555414
-551758
-551034
-550791
-547678
-546872
-535787
-528941
-523820
-519642
-519242
-516550
-516381
-514888
-508731
-505959
-504173
-503953
-503493
-500016
-499185
-493668
-488604
-484572
-484529
-480349
-480082
-477979
-477059
-465694
-461585
-456700
-446296
-446137
-441129
-437927
-435738
-433694
-432408
-427441
-422771
-420536
-417537
-405793
-398313
-392779
-392619
-390594
-389332
-384408
-382712
-380785
-377506
-376273
-375992
-365882
-365869
-365864
-362688
-360624
-353078
-345629
-336659
-334709
-329649
-326641
-325350
-324365
-323965
-323562
-315480
-297173
-288577
-287896
-275711
-267108
-264947
-261123
-259954
-253048
-250202
-249194
-248677
-247728
-247650
-242797
-241973
-227701
-213172
-207601
-206392
-200471
-198680
-188140
-187950
-186442
-184306
-182370
-174371
-172933
-167186
-165762
-165511
-160169
-159981
-157153
-152227
-145459
-144832
-142417
-135537
-134057
-128951
-118960
-116717
-114402
-112706
-107578
-104260
-99259
-94356
-92192
-90496
-86821
-85543
-84142
-82967
-80874
-78571
-74335
-71343
-71340
-69655
-61895
-61304
-60425
-53906
-48442
-47625
-37332
-37248
-32894
-31684
-30262
-28588
-26468
-24964
-24760
-23602
-21562
-20451
-20229
-17882
-10633
-10488
-9823
-4806
-4548
3573
18631
24014
24913
26939
35109
36656
37795
46861
50634
50892
60237
72678
73879
74828
80427
83017
83927
84074
84083
103473
108968
110382
113795
115746
118224
121363
147054
150283
161752
166321
168682
174612
180008
180814
180964
184891
185104
185789
187110
187759
188428
192653
193146
195887
196191
196584
201845
202533
210056
211983
215964
217960
222739
230341
230605
235115
236167
242023
248006
260557
261301
277447
279755
281804
288878
292126
292291
293297
294547
295449
303676
313848
323038
324121
329951
332921
334156
335954
341159
342061
349987
350264
352993
354532
355920
356659
357186
358238
359697
362762
369763
373188
374631
376664
378133
379256
383996
389648
391508
395655
403391
406180
406322
411026
414840
431623
436377
437394
440544
442870
450198
453699
458595
461059
469167
469466
470498
480589
487187
501830
509164
512923
518210
527610
529097
530766
534347
535099
542585
546634
554265
556621
565357
570209
599632
606157
607742
609441
609564
609595
610012
610993
620761
622070
625134
626611
628094
640853
642726
644280
645970
649138
650399
651527
652389
652595
654978
655924
657275
657664
657790
671102
672581
695568
701355
706323
708906
710480
711366
716763
724206
730845
735876
741923
743756
749767
754986
755523
756139
757567
760655
761455
766183
771573
774819
779731
786765
794597
797893
802039
802347
807451
807465
809126
813413
816684
822563
826169
827510
831179
837023
839924
840642
841492
842119
851336
852389
853582
854075
856102
859189
860347
864751
866656
870557
879706
888393
901607
907490
910691
910967
912624
931731
940979
952580
957345
958313
960326
966625
967036
968980
969695
973257
982364
984127
984950
985285
990990
998333
999580
1000677
1004173
1015316
1015576
1021201
1034418
1038107
1042310
1044780
1047602
1047760
1049373
1054087
1058163
1060076
1062349
1063972
1065405
1068216
1073009
1078646
1080396
1088350
1095526
1098644
1100030
1100120
1101284
1108571
1116604
1118245
1118268
1121763
1122693
1124964
1129547
1130893
1137588
1138792
1139583
1146280
1152757
1153438
1164276
1166192
1170232
1171538
1178187
1178240
1179802
1181395
1186482
1193273
1196038
1196422
1200869
1201605
1207752
1216312
1221741
1222040
1222834
1227725
1228681
1231582
1234230
1237801
1247982
1248806
1251542
1262281
1263565
1265835
1266702
1268215
1275667
1278545
1279887
1282285
1286284
1289993
1291961
1294624
1300822
1303493
1303621
1314519
1314575
1328353
1333837
1334698
1336242
1343392
1349323
1349893
1352030
1352742
1355196
1356677
1362867
1363659
1375664
1376340
1376537
1385935
1388393
1396176
1410590
1414276
1416329
1422642
1423456
1427416
1436386
1447652
1453620
1463082
1464756
1469634
1471727
1475409
1476574
1494261
1497071
1498179
1500400
1502187
1510961
1511808
1518361
1532406
1535170
1545752
1546686
1552287
1555035
1561978
1562261
1567921
1584520
1591421
1592960
1593115
1596207
1601969
1602914
1606088
1607295
1610076
1617698
1630204
1637514
1637750
1637765
1640809
1641854
1645581
1657885
1658716
1662040
1666840
1671412
1671787
1674037
1677209
1682354
1685262
1685656
1688547
1688980
1689497
1691861
1693343
1694462
1701582
1704810
1705322
1712270
1712283
1717797
1721274
1723488
1725340
1730200
1742266
1743226
1754499
1763703
1767033
1767169
1767613
1777583
1781946
1783851
1787382
1791669
1794130
1796351
1799899
1803569
1807422
1809031
1817373
1821330
1822037
1824969
1827689
1828580
1830011
1831395
1831404
1838757
1840565
1846620
1847128
1849048
1861590
1862902
1863898
1868183
1869174
1869334
1880230
1880992
1891411
1892849
1893533
1904103
1904857
1911062
1911221
1928554
1929071
1938944
1946759
1958060
1963875
1964091
1968372
1971035
1977861
1979156
1982692
1983783
1988968
1989439
1991731
1993621
1994132
1996373
