-1990369
-1990292
-1985623
-1985082
-1982871
-1979679
-1960423
-1960188
-1959598
-1959262
-1958860
-1956019
-1954832
-1954555
-1941864
-1925763
-1924711
-1924449
-1923537
-1923257
-1921170
-1917884
-1910979
-1909212
-1906987
-1899770
-1893518
-1891818
-1891689
-1887358
-1887142
-1879926
-1877286
-1870241
-1863254
-1860076
-1858070
-1857199
-1849004
-1843519
-1834825
-1829746
-1822954
-1820632
-1819358
-1816786
-1803821
-1798543
-1793090
-1791445
-1789432
-1775981
-1766571
-1765091
-1762707
-1761862
-1760463
-1758106
-1757133
-1756256
-1754970
-1745378
-1737022
-1733777
-1719526
-1714391
-1710101
-1709142
-1706595
-1695433
-1683840
-1680776
-1680653
-1668167
-1664467
-1662074
-1650874
-1646883
-1646068
-1642574
-1627665
-1618540
-1614124
-1613863
-1611635
-1610265
-1608450
-1600507
-1595466
-1594668
-1587181
-1581076
-1577257
-1575320
-1574185
-1566696
-1563858
-1560727
-1553943
-1553926
-1550381
-1544466
-1543948
-1537682
-1528002
-1521086
-1519984
-1518540
-1511089
-1501299
-1500546
-1494938
-1494937
-1489763
-1488861
-1488426
-1487939
-1483669
-1482579
-1478370
-1472370
-1465929
-1463570
-1463095
-1462632
-1460165
-1459382
-1454976
-1451073
-1449660
-1431763
-1425539
-1425404
-1425356
-1417498
-1415434
-1410594
-1410377
-1408616
-1406931
-1406356
-1404438
-1402976
-1395391
-1388281
-1386451
-1383362
-1371360
-1356590
-1354355
-1349067
-1338811
-1335925
-1334786
-1331788
-1330011
-1313580
-1312482
-1310120
-1309741
-1304981
-1304226
-1303482
-1299670
-1297856
-1297031
-1284754
-1280247
-1279857
-1274756
-1273695
-1272955
-1272292
-1271977
-1271790
-1271406
-1270440
-1265356
-1253278
-1252485
-1250997
-1249147
-1241308
-1239703
-1237908
-1232826
-1232700
-1232411
-1231596
-1230944
-1226809
-1219518
-1215373
-1214377
-1210962
-1203158
-1196613
-1190274
-1189648
-1188875
-1176923
-1176634
-1169500
-1161317
-1151574
-1149401
-1144244
-1140683
-1138989
-1138436
-1132597
-1129532
-1126640
-1125801
-1113303
-1107881
-1105999
-1102747
-1097204
-1090876
-1090458
-1089349
-1085432
-1076504
-1070003
-1068990
-1063970
-1063886
-1060425
-1052446
-1049358
-1048449
-1046263
-1042404
-1039694
-1036647
-1034827
-1032063
-1014215
-1012061
-1011691
-1010429
-1008215
-998417
-993110
-987082
-982160
-980328
-979028
-977353
-964190
-956207
-955532
-955213
-951174
-948994
-940724
-938852
-937658
-937430
-924901
-923579
-918948
-918456
-909835
-909589
-903435
-902028
-900302
-899312
-896664
-883341
-882155
-880170
-877234
-867039
-861593
-860137
-847689
-846784
-835508
-830018
-827729
-826574
-824258
-823308
-822321
-816570
-815969
-811648
-804995
-802733
-800346
-797529
-793871
-789992
-789389
-788713
-787916
-774139
-765264
-753712
-748592
-748351
-744890
-740424
-739190
-737983
-735185
-734951
-731992
-727391
-726550
-720809
-713644
-707278
-706528
-705237
-702541
-701772
-701382
-699776
-698404
-695241
-694164
-691538
-683962
-680181
-665147
-663999
-654170
-652561
-651816
-650369
-649386
-648725
-643967
-643623
-642841
-637114
-623597
-621909
-613472
-609932
-607956
-607232
-606146
-600951
-600247
-599622
-595750
-594921
-593196
-591666
-591222
-589807
-589113
-582289
-581440
-571022
-562519
-558385
-546735
-542361
-539285
-533523
-531079
-530960
-528412
-524514
-519146
-515403
-514859
-509854
-508837
-508154
-508028
-503450
-503105
-497247
-496134
-477214
-476485
-474677
-468815
-465772
-465351
-442523
-442404
-440374
-422655
-417893
-414980
-414123
-413878
-413756
-402143
-401395
-399133
-395978
-394035
-393589
-389195
-385416
-377084
-375121
-373943
-372035
-371338
-365338
-361405
-347863
-346686
-345807
-342283
-340745
-335629
-330149
-323241
-312691
-312418
-305693
-305309
-303530
-299066
-296341
-280977
-274031
-272770
-268078
-262312
-255960
-254856
-251688
-244205
-242490
-242443
-235740
-233362
-228779
-226375
-220166
-217534
-212004
-208036
-208026
-206719
-205780
-202222
-202063
-199092
-187387
-179661
-177468
-175862
-173624
-170345
-166816
-159830
-151354
-144343
-142069
-138824
-132544
-129757
-121907
-112737
-108468
-107852
-103969
-102700
-98297
-96323
-96226
-96005
-95823
-93033
-87225
-86228
-78937
-78636
-76594
-72893
-65542
-61159
-60083
-59634
-59205
-48444
-47983
-41737
-25624
-24141
-16661
-14683
-11551
-11439
-3093
-2553
1527
7608
9589
20293
25245
42353
49800
62167
64099
66710
72557
76449
92464
95422
98029
116800
121937
123773
129077
142881
145190
163805
172424
175040
178933
182322
182359
194441
196011
211444
212780
213863
214147
214185
217591
220490
222323
226123
229724
229934
235461
237156
246328
253575
254960
255866
256940
264760
267432
267548
267749
269408
271705
286644
286905
289670
295959
298839
300233
302777
303750
307477
308531
312026
315660
318204
319543
323319
327183
332873
342387
361808
362471
362475
363592
386651
394754
400416
401064
409289
409452
412884
421905
425075
425845
433137
435189
441612
446354
446982
448553
448958
454667
469875
476163
477517
478828
489599
490428
499601
506567
510801
511433
512840
514148
515520
516183
520524
521477
525674
534298
534565
537198
538529
541500
541776
545238
549699
551743
557143
557298
561250
567240
580970
583903
595215
595541
599364
599565
599739
612346
617896
618249
619443
622049
625958
627919
628226
633082
646485
647467
647658
647868
648407
651647
653436
654176
654611
656278
656402
657110
658307
658784
663813
666497
670421
678907
680406
684150
686269
691744
691944
694945
695537
696202
697202
698392
698821
700450
701283
702200
724076
739970
741952
748196
750282
753284
769776
775851
779032
779725
783191
785601
791862
800691
809187
815045
820895
822659
824381
830729
834314
836131
837457
839606
842819
843396
843712
844421
845888
847004
852263
866901
869676
870626
879994
882628
895290
896871
905586
911086
912536
912787
920867
923155
928328
930027
930408
948616
963063
965134
968529
979233
982969
983006
984673
986921
994936
1002200
1003981
1012525
1017918
1021561
1024637
1030370
1035159
1054930
1055116
1055353
1055824
1056037
1058508
1060910
1062170
1062755
1069247
1072047
1077414
1078650
1080858
1082695
1083767
1091620
1094282
1100873
1105898
1117357
1118331
1128253
1129873
1131944
1134317
1134808
1138644
1139197
1139388
1142198
1175821
1176785
1178690
1182718
1183761
1188265
1201654
1210906
1225939
1235483
1237276
1242716
1243386
1252569
1257844
1263639
1274797
1281511
1283336
1284047
1286615
1288017
1289125
1289186
1291116
1293046
1297827
1301849
1307459
1312378
1318687
1326034
1331802
1331889
1336229
1336333
1339010
1339986
1341246
1346174
1347928
1350536
1350648
1355590
1357802
1365259
1370500
1376811
1378827
1379806
1381221
1382454
1383431
1390926
1391401
1393572
1393594
1395758
1401015
1405284
1407313
1410078
1418829
1421860
1422576
1425624
1428823
1431316
1436048
1436700
1440564
1441932
1443154
1443259
1450865
1458345
1458472
1470192
1475083
1502949
1504738
1508557
1508571
1509383
1513788
1514376
1516253
1523414
1526810
1532035
1534266
1536081
1539968
1541653
1544412
1553042
1553640
1554145
1554830
1559633
1560702
1562168
1563926
1570213
1579253
1582327
1583529
1585748
1588759
1592529
1592529
1594806
1597736
1599828
1601035
1601885
1609273
1612814
1615635
1623493
1635060
1639092
1639466
1644216
1647436
1649083
1654443
1660707
1661298
1664788
1666062
1666928
1668080
1670241
1674140
1677585
1688385
1691014
1695545
1700525
1702577
1703056
1703619
1703990
1710792
1714035
1715018
1720476
1721618
1723614
1728037
1739040
1739821
1744436
1744455
1744500
1744884
1748052
1749587
1752223
1752416
1757761
1763394
1764487
1769546
1769633
1769949
1773855
1780137
1783988
1789509
1798869
1805258
1806002
1806486
1809548
1813237
1818545
1821216
1821322
1828439
1831063
1835306
1835717
1836522
1837822
1841340
1843057
1843093
1843472
1847908
1855837
1863197
1866893
1873050
1876613
1882670
1894646
1894996
1899702
1901562
1907980
1909006
1914710
1918713
1920022
1923489
1923537
1926096
1929302
1929588
1930977
1933164
1933751
1940373
1941309
1942944
1946372
1947252
1950290
1960727
1966000
1969685
1971376
1972478
1975863
1977430
1979132
1980138
1980158
1986185
1990184
1990837
1992564
