-1990247
-1987162
-1981505
-1977014
-1974121
-1968709
-1968333
-1946182
-1944947
-1943073
-1941075
-1941037
-1939544
-1937997
-1934581
-1931936
-1927938
-1921600
-1919194
-1913719
-1910625
-1908427
-1901202
-1893545
-1883664
-1883555
-1878406
-1877175
-1877064
-1876754
-1876249
-1875440
-1875028
-1864844
-1860342
-1844191
-1842599
-1841524
-1840642
-1839317
-1824666
-1824550
-1824309
-1817226
-1806240
-1802480
-1802478
-1792011
-1778584
-1777265
-1771105
-1767652
-1767116
-1766222
-1765299
-1760281
-1759463
-1758383
-1753189
-1752381
-1750975
-1747000
-1746469
-1743209
-1740778
-1731358
-1730050
-1728099
-1726606
-1725824
-1725741
-1724642
-1720335
-1714573
-1712230
-1710630
-1694769
-1692181
-1677764
-1671712
-1671468
-1666964
-1664178
-1663815
-1662997
-1658618
-1656920
-1655774
-1653200
-1644794
-1644514
-1634672
-1634531
-1627699
-1627106
-1625888
-1622280
-1619311
-1611702
-1608165
-1605739
-1597238
-1591302
-1582908
-1582641
-1579461
-1573707
-1573440
-1572120
-1571745
-1569310
-1561647
-1559945
-1554865
-1552413
-1549917
-1547803
-1547548
-1545895
-1529941
-1519280
-1519211
-1518651
-1514893
-1509702
-1507484
-1499369
-1491541
-1480672
-1477377
-1476626
-1473577
-1472913
-1471559
-1462356
-1458661
-1456669
-1454481
-1450050
-1438566
-1433120
-1426119
-1424895
-1415993
-1407947
-1407900
-1406891
-1406169
-1405392
-1401115
-1400078
-1392161
-1385375
-1382973
-1380373
-1380146
-1377725
-1375979
-1375858
-1375756
-1363833
-1363203
-1363015
-1344484
-1342428
-1337750
-1334471
-1329825
-1325811
-1319613
-1317603
-1315038
-1310358
-1305256
-1300323
-1298803
-1293976
-1288078
-1282929
-1281281
-1271822
-1270454
-1268963
-1264054
-1262123
-1248233
-1239818
-1239266
-1236869
-1231953
-1228340
-1224155
-1218515
-1217876
-1212950
-1201235
-1201116
-1200978
-1199480
-1198233
-1192629
-1188642
-1188086
-1179376
-1175952
-1172655
-1167608
-1161185
-1158629
-1141506
-1135519
-1128313
-1125405
-1121616
-1119169
-1114817
-1108185
-1105776
-1105281
-1104488
-1099691
-1095612
-1089647
-1085404
-1082891
-1078815
-1069615
-1069221
-1064400
-1055073
-1052577
-1043209
-1037219
-1034973
-1032550
-1021477
-1020695
-1018861
-1016372
-1013911
-1013790
-1011826
-1005070
-991407
-986186
-977153
-971281
-967850
-961659
-959075
-952046
-951259
-950326
-949140
-947828
-945426
-931231
-929886
-921145
-919951
-913100
-910337
-905156
-901105
-897256
-886290
-881723
-881709
-881615
-878066
-875212
-873701
-872568
-872140
-870012
-866391
-859236
-855308
-850730
-846728
-842764
-842703
-833264
-830787
-826375
-819204
-818407
-814404
-811153
-808612
-807093
-802031
-783400
-776721
-770843
-769454
-766936
-766124
-757905
-753408
-752208
-750132
-747958
-742402
-741025
-726026
-725864
-718241
-714416
-712576
-711533
-709752
-709668
-706334
-696474
-693564
-691070
-681286
-679693
-678287
-667916
-662624
-660285
-655617
-652228
-651572
-640728
-633965
-633374
-628635
-625215
-625100
-624847
-620601
-620343
-619191
-614160
-613345
-602261
-597210
-596757
-596726
-596407
-592766
-581330
-578189
-575534
-570738
-569647
-568952
-564561
-559639
-551103
-549931
-548896
-548189
-544666
-542765
-537846
-537722
-532741
-524726
-523115
-521237
-519132
-517349
-517106
-516306
-514558
-511155
-503064
-502450
-501048
-491621
-474812
-474051
-472912
-472860
-472784
-472236
-468265
-464653
-463380
-462128
-456164
-450022
-445220
-440269
-437072
-434945
-430174
-428584
-424419
-424191
-420643
-420263
-419141
-417030
-415412
-413034
-411834
-406321
-404465
-403643
-398846
-397676
-397552
-396966
-391649
-382320
-379537
-374880
-365687
-349321
-337780
-335288
-332416
-331551
-331331
-330441
-321384
-311455
-305638
-297572
-297239
-295980
-288659
-284231
-283386
-282724
-280853
-276514
-275672
-267828
-257732
-242984
-241722
-241295
-239555
-238248
-237834
-229824
-224076
-223099
-217012
-214338
-214273
-213794
-211960
-191910
-191187
-188421
-177844
-175517
-169678
-166288
-159774
-148055
-146087
-144916
-144473
-136849
-135502
-131117
-128208
-110639
-109928
-109898
-100819
-96878
-96815
-96235
-94593
-93365
-80372
-77140
-71309
-67112
-54046
-48741
-44130
-42691
-41821
-40972
-32451
-26703
-25480
-24748
-19934
-16477
-15634
-5001
-1521
-1063
390
4250
8218
8391
12426
17968
18350
20448
38304
43032
45874
49804
53582
53996
60885
65578
66859
68849
72179
73560
84664
87421
87519
88114
90311
96141
102894
112012
116247
116408
117613
127341
130759
136586
138256
138698
138784
141393
150876
151633
153611
157158
158303
166494
169432
171620
172429
172508
174229
174263
180645
182053
189994
190777
193099
201309
212473
212626
219621
225050
225386
226620
226949
229467
232476
234754
236563
236785
238472
244751
245157
248320
252856
252962
256582
264896
265982
266565
273620
276291
276841
280516
281446
284074
286833
287447
291486
295204
295890
307945
316445
326094
332440
336628
341228
346205
352050
359501
364130
369257
374803
377528
379684
390231
402840
408842
410405
413436
413495
415111
428373
429360
430330
446495
451649
455746
460312
463889
465604
466049
478157
479861
505316
509564
512209
515367
518616
527807
528579
534140
541767
543991
548571
548814
550065
553965
559670
560491
561616
561740
563699
566824
569814
571737
575972
578987
589286
593343
598432
600390
601859
608770
611879
612027
615150
619618
620042
630178
634479
642828
648459
649302
660586
663642
668555
668837
669689
681032
690933
693416
693735
696326
699429
704282
709834
710282
710670
711168
711895
715378
717967
724366
726072
753487
755073
755791
758725
762621
769616
771501
774338
780572
782086
782598
783133
784721
794923
797968
799727
803013
808724
810884
814371
816242
819043
824277
826341
826810
829735
831347
832593
833840
834789
835778
841661
842860
854669
861717
862032
863167
866573
869193
870410
877058
880903
881767
886127
891131
892345
892785
895873
911167
914144
918075
924144
929077
932393
938626
947141
949642
953412
961178
961794
966703
967646
968774
968898
973439
974648
985130
985573
986217
988070
989362
989735
992332
1000386
1002877
1009803
1010835
1011272
1016162
1022392
1024400
1026519
1028507
1028841
1035227
1038926
1040896
1041552
1041721
1046145
1049156
1056146
1061387
1064942
1071494
1072760
1081154
1084212
1096780
1097100
1099765
1102918
1108447
1108642
1109718
1112115
1119163
1126473
1135923
1146172
1149800
1150368
1154522
1155944
1159488
1160820
1168323
1168571
1169095
1169408
1169650
1173015
1175032
1179790
1192347
1193255
1197342
1198786
1209259
1209328
1209388
1216583
1217041
1227492
1228530
1239185
1243396
1253409
1263195
1264123
1265220
1266053
1268672
1272577
1275983
1283964
1285196
1290465
1292512
1296176
1298003
1309497
1310851
1323649
1328908
1330933
1339433
1341710
1353613
1355661
1358264
1359671
1365684
1373062
1373609
1373968
1376916
1379091
1381236
1384644
1392799
1393219
1400651
1401798
1407021
1415232
1415626
1419757
1423731
1424856
1425892
1428702
1431008
1435013
1449169
1452610
1452853
1454626
1458233
1460938
1462419
1463367
1464730
1465950
1470334
1471853
1484331
1487321
1491150
1501395
1506453
1509431
1516758
1517732
1518969
1522260
1527210
1533794
1534333
1537000
1551673
1551916
1555036
1555607
1557794
1561129
1563953
1572178
1575254
1575274
1585683
1589925
1590071
1598532
1611210
1614447
1615512
1615623
1616263
1616615
1619701
1620926
1624216
1626575
1627665
1635372
1640955
1647449
1649032
1656262
1657139
1670910
1676299
1678985
1687594
1696861
1697944
1706051
1713040
1713666
1715725
1724439
1727123
1731532
1732224
1732572
1735122
1737455
1738564
1743199
1745212
1745850
1748114
1756275
1757326
1757852
1759250
1763518
1764249
1772241
1777103
1786860
1787093
1787711
1793451
1798701
1800077
1806104
1808180
1809018
1810196
1812069
1815929
1816857
1820543
1820672
1825254
1827505
1832476
1849209
1849788
1866277
1871645
1872789
1878786
1880750
1882362
1884804
1904546
1906952
1912374
1918009
1918489
1922272
1925230
1925316
1930440
1932914
1937502
1942951
1949631
1951775
1954691
1963695
1964400
1965556
1969231
1971897
1978648
1979592
1985497
1985614
1991132
