-1998304
-1996473
-1993971
-1992118
-1987250
-1986308
-1983340
-1980028
-1977443
-1976095
-1971404
-1970236
-1964132
-1962383
-1961766
-1958198
-1949566
-1940852
-1938350
-1937827
-1934139
-1927598
-1927495
-1920744
-1914387
-1905036
-1896212
-1894609
-1892084
-1887859
-1881783
-1870489
-1869696
-1865974
-1864884
-1854356
-1850011
-1848096
-1847263
-1846985
-1846464
-1840504
-1838508
-1835453
-1834442
-1833547
-1830712
-1829666
-1827590
-1826841
-1826833
-1821749
-1821688
-1819177
-1815602
-1810662
-1809975
-1803677
-1802575
-1802455
-1801234
-1801157
-1797169
-1794317
-1789690
-1778293
-1775259
-1773685
-1770933
-1764109
-1757790
-1757762
-1756253
-1754773
-1750592
-1750497
-1746304
-1744532
-1740864
-1734099
-1733942
-1728800
-1728097
-1727343
-1725806
-1722665
-1722522
-1714158
-1702703
-1699171
-1698803
-1698329
-1695517
-1692573
-1690461
-1687160
-1683171
-1682630
-1681806
-1664953
-1659818
-1650004
-1649476
-1648608
-1648253
-1641208
-1640035
-1634888
-1632390
-1621397
-1618357
-1613191
-1609659
-1609361
-1608615
-1602411
-1602151
-1599880
-1599532
-1598989
-1590833
-1590384
-1587767
-1583703
-1576247
-1575827
-1572411
-1568420
-1567259
-1566793
-1548158
-1548106
-1540891
-1540427
-1527081
-1526441
-1515127
-1500063
-1497205
-1491588
-1477256
-1473927
-1469479
-1465565
-1457171
-1451812
-1449534
-1433907
-1432381
-1432293
-1429046
-1427467
-1426466
-1426045
-1425974
-1422433
-1422384
-1419292
-1418408
-1414321
-1409533
-1407005
-1405205
-1394825
-1389042
-1383184
-1381642
-1381006
-1379640
-1376765
-1370779
-1369469
-1363158
-1361126
-1356615
-1346679
-1340144
-1336124
-1334161
-1328117
-1327457
-1322814
-1322057
-1313704
-1312398
-1304221
-1290853
-1290244
-1290023
-1283809
-1273078
-1259726
-1256421
-1222159
-1219129
-1215040
-1208428
-1207628
-1207317
-1200359
-1200229
-1199652
-1198061
-1188973
-1172576
-1162418
-1161546
-1159753
-1147273
-1142634
-1141622
-1136205
-1133869
-1130158
-1129799
-1123645
-1116090
-1107517
-1106646
-1104415
-1101692
-1099730
-1087663
-1087314
-1085002
-1082825
-1069170
-1066675
-1060369
-1056183
-1054567
-1051521
-1049373
-1047923
-1040328
-1037941
-1036196
-1035476
-1033646
-1027525
-1023703
-1023589
-1021872
-1020264
-1020091
-1017945
-1016742
-1015269
-1011405
-1010340
-1009003
-995568
-993942
-990520
-990030
-981649
-977937
-973598
-972865
-965350
-957117
-955594
-953507
-952956
-941959
-940470
-935085
-924824
-919330
-919120
-918133
-917067
-913977
-913473
-906074
-905251
-903493
-887421
-871012
-868593
-866112
-864272
-857251
-853482
-852852
-848913
-848071
-845614
-845467
-844384
-820700
-803794
-800026
-796917
-795339
-789894
-786452
-785989
-780399
-775133
-769202
-768731
-767651
-764044
-759756
-758939
-757524
-749151
-733003
-731083
-722833
-718324
-715036
-712648
-709694
-704551
-700505
-691732
-686801
-684205
-683728
-678831
-673539
-673148
-670875
-660684
-645527
-643879
-634459
-624377
-623368
-622356
-618449
-613853
-600979
-599716
-598523
-596516
-592860
-588819
-582479
-574895
-566097
-562112
-553898
-551069
-548300
-547230
-536050
-533804
-529772
-528558
-523910
-514882
-513335
-513172
-510836
-506137
-501115
-499477
-499092
-496773
-493575
-492259
-489584
-486496
-485488
-480790
-477416
-476767
-470630
-469661
-468334
-468267
-466115
-464240
-452997
-450973
-449727
-442477
-442150
-441775
-440613
-427945
-423087
-417647
-414082
-412339
-411080
-407533
-404992
-396616
-388875
-374499
-367423
-355098
-351617
-351074
-346709
-346590
-338756
-333397
-333053
-331172
-327930
-325161
-320109
-310579
-301382
-297318
-293037
-289837
-286362
-284787
-282834
-282429
-276965
-274378
-263425
-262804
-260730
-256000
-249570
-249406
-249187
-243952
-242740
-239025
-232563
-229799
-228252
-211184
-205144
-202373
-201394
-196827
-196789
-193642
-187835
-179702
-178923
-168029
-158901
-156869
-154621
-142448
-139061
-138950
-137629
-130042
-116846
-114472
-110822
-110038
-99422
-99418
-96630
-96252
-95030
-94775
-93908
-87068
-86848
-82003
-80015
-78832
-69506
-66955
-65330
-61540
-53357
-53040
-52220
-50578
-45801
-42740
-41017
-39495
-38914
-37238
-34870
-28069
-25229
-20491
-14870
-13264
-12082
-9616
-7770
-6240
-208
7026
8657
10639
12195
15646
18194
18699
25336
30487
31799
34744
43946
48593
53257
65210
67968
69725
81917
87724
87858
91082
92580
102595
106696
107105
111461
115811
119357
120098
128999
132036
136529
140484
141047
141190
152031
152217
153287
158621
161215
162039
173646
178605
189695
193454
200564
204456
207380
207524
207616
217525
227910
228672
229333
231395
236690
238275
243788
244558
246602
247252
248780
253509
254416
256370
257612
259483
262272
266702
267042
268358
274483
276090
281319
285886
289972
291489
309823
325054
330383
332302
332798
333884
343715
347397
350707
353934
354795
358549
361100
361739
365378
371875
375001
377584
378761
385408
393704
393879
395524
398338
398907
406473
415828
417638
418441
424083
427231
429534
433191
439453
452432
455272
467943
478360
483059
485035
490375
491863
494668
495125
496027
502314
510395
513406
515746
517339
517968
518271
518917
525573
527231
531424
532855
534651
535460
545470
551207
551942
555972
556510
561225
562064
562242
568233
570452
575175
575288
575364
575459
580388
586381
594686
595511
601050
604778
604835
607257
618582
620568
622699
630158
631713
633256
636182
645500
650524
657136
663348
664002
664649
668734
671514
672955
677959
679965
694874
699373
708382
708733
711172
713383
713601
716960
719024
723148
723211
731012
738351
739242
741063
747195
748848
752830
757356
758656
760770
761323
770000
771718
777570
780858
794164
794633
796072
799568
800128
810091
816976
817354
820078
826066
826543
831086
832543
833957
838118
848984
849950
853877
862674
865146
871264
871860
873220
874320
875490
882517
887775
893092
907048
908044
921078
924675
938453
939946
940896
941321
963311
967121
967237
970115
972663
973506
977748
984929
985265
987036
987934
988562
991371
998928
999284
1005016
1006673
1008100
1009495
1010928
1026435
1028560
1036382
1038070
1038183
1041267
1047867
1049686
1049969
1050231
1060601
1060746
1062516
1063269
1065072
1066260
1067153
1070908
1071084
1072309
1073051
1075421
1079642
1083865
1090412
1101772
1103052
1105127
1110443
1117889
1120222
1120526
1123294
1126115
1134597
1147658
1157998
1158838
1159847
1160226
1160322
1160383
1162222
1167657
1169630
1175089
1180197
1187543
1200551
1202092
1210632
1216219
1233614
1233844
1236006
1244282
1247509
1252085
1256020
1257585
1264316
1272164
1276730
1278208
1282272
1285896
1287179
1295955
1297028
1302325
1305640
1305937
1310325
1313278
1316871
1320611
1328959
1328998
1334158
1334853
1339788
1340997
1342070
1342628
1344621
1352451
1353224
1354458
1356403
1357103
1358468
1363454
1364041
1371572
1374149
1375664
1383006
1389660
1390936
1400902
1401600
1402256
1403059
1404399
1405443
1410474
1418257
1427123
1433940
1439625
1445895
1447567
1448126
1451862
1457439
1457652
1459931
1460818
1462119
1462904
1466739
1470700
1483593
1487431
1491349
1497509
1502232
1505707
1506075
1509940
1513322
1513600
1514878
1517080
1519224
1522490
1522545
1523438
1531896
1545073
1551013
1551142
1553296
1564689
1565362
1573278
1577294
1577333
1578778
1580713
1581110
1589872
1590474
1591835
1601436
1604186
1617789
1628617
1631006
1638328
1647367
1648831
1651403
1652812
1658004
1666904
1673209
1681166
1684917
1685821
1692502
1695066
1697529
1705036
1712630
1722187
1728773
1733180
1733606
1734474
1734511
1738218
1740370
1743183
1748590
1753171
1757521
1761323
1765698
1767750
1771295
1773440
1781457
1782004
1783905
1792745
1793800
1796360
1798546
1800957
1803708
1806512
1812293
1815793
1816562
1833008
1833146
1833969
1842370
1853093
1856000
1856388
1859027
1862551
1862969
1865425
1866457
1866561
1869677
1875397
1875450
1878459
1879919
1882348
1883314
1883649
1886627
1891993
1892774
1896000
1915408
1921852
1924829
1925672
1929257
1932333
1934552
1937140
1944666
1946203
1946327
1950929
1955768
1957894
1971266
1974869
1976362
1983094
1983353
1987092
1989646
