-1999951
-1999740
-1989191
-1974910
-1973033
-1972565
-1969770
-1965708
-1958760
-1941843
-1938578
-1930616
-1924755
-1924200
-1922743
-1922112
-1920568
-1914656
-1902724
-1898016
-1888597
-1884100
-1883902
-1883488
-1876132
-1864259
-1857386
-1849925
-1844252
-1827290
-1823114
-1822832
-1818735
-1817301
-1816839
-1809734
-1806548
-1805951
-1802266
-1797185
-1795687
-1794629
-1794034
-1791394
-1789234
-1785970
-1781253
-1779420
-1771476
-1764084
-1754204
-1748312
-1741774
-1736418
-1714471
-1713303
-1711053
-1709757
-1709093
-1704455
-1701063
-1700051
-1691552
-1691168
-1684656
-1678513
-1678283
-1674579
-1667209
-1660811
-1660108
-1659196
-1649628
-1638935
-1637217
-1635860
-1632391
-1629361
-1619502
-1613863
-1612047
-1610340
-1605926
-1599640
-1598269
-1598174
-1596255
-1588047
-1585119
-1583575
-1574739
-1573468
-1571661
-1568543
-1566166
-1564403
-1560673
-1557438
-1553706
-1548025
-1546790
-1536271
-1532320
-1529796
-1528329
-1523332
-1514115
-1507094
-1502966
-1499537
-1497916
-1495235
-1486984
-1483722
-1477360
-1473292
-1473168
-1473101
-1458994
-1458252
-1456117
-1452654
-1450240
-1445891
-1444312
-1438212
-1437339
-1434377
-1434104
-1426768
-1415845
-1408036
-1398749
-1397616
-1396241
-1394003
-1388095
-1377771
-1370578
-1369951
-1363598
-1358673
-1356687
-1355763
-1354789
-1353488
-1351381
-1348774
-1346821
-1329355
-1325946
-1310758
-1309505
-1308253
-1308192
-1305981
-1300904
-1297015
-1296461
-1289511
-1287116
-1286406
-1285921
-1283953
-1283290
-1275733
-1274639
-1274525
-1266773
-1261394
-1260744
-1256467
-1250063
-1245173
-1241746
-1241121
-1238846
-1235322
-1235125
-1223523
-1221714
-1217120
-1210994
-1207065
-1206582
-1204838
-1204082
-1203905
-1201764
-1201118
-1193735
-1188677
-1185839
-1176142
-1176022
-1159548
-1156555
-1156338
-1145853
-1139455
-1137142
-1135538
-1133358
-1132974
-1131914
-1129810
-1122224
-1117195
-1113501
-1112166
-1103868
-1101595
-1101480
-1094036
-1086094
-1084717
-1078838
-1074928
-1072526
-1068608
-1065829
-1042298
-1038399
-1035067
-1030810
-1027086
-1026791
-1026166
-1025831
-1018006
-1015078
-1011229
-1009758
-996041
-995564
-994026
-987271
-987212
-981129
-980180
-964262
-964248
-963431
-960117
-954694
-953066
-952566
-952039
-951043
-948748
-938074
-931614
-925474
-923656
-923482
-922777
-922055
-920951
-919148
-916859
-915519
-902630
-899124
-899058
-898156
-894568
-890314
-884607
-881323
-877970
-869672
-862649
-857671
-851950
-849520
-847950
-847382
-842377
-841277
-840599
-837006
-835395
-833885
-832844
-832197
-827674
-827093
-823822
-822985
-813580
-813235
-811529
-807133
-805673
-803838
-797745
-797344
-796431
-779329
-777865
-775951
-770175
-767248
-759387
-758086
-756104
-755925
-755870
-753927
-745047
-744355
-743556
-742492
-740954
-740891
-739298
-737362
-736628
-734854
-725845
-723895
-719334
-716480
-713359
-711425
-694346
-679456
-676460
-675066
-671823
-671540
-651873
-645688
-645597
-644083
-640829
-640498
-638092
-637995
-635168
-631694
-627664
-624148
-623586
-620603
-620337
-617065
-615680
-610566
-606307
-603304
-602293
-597855
-587927
-581082
-576865
-569859
-566953
-560392
-560366
-551166
-544693
-541822
-541678
-541334
-540022
-528895
-521807
-519754
-519002
-517808
-507194
-504841
-496827
-494903
-488050
-484636
-477584
-476434
-467981
-459992
-458528
-453612
-450497
-442729
-422304
-417438
-414619
-404490
-397132
-392208
-389808
-381029
-378648
-378180
-375956
-374812
-374206
-373021
-370823
-362206
-359599
-353196
-341073
-338396
-334231
-318685
-316968
-312822
-312706
-309212
-306981
-306526
-304822
-302536
-301093
-299306
-298586
-294996
-288777
-287963
-285525
-284422
-282225
-278409
-272681
-271885
-268134
-266177
-263646
-258313
-255227
-253134
-249962
-247595
-245449
-237284
-232717
-230552
-227022
-226095
-224207
-216861
-212126
-202490
-193160
-193031
-192648
-185413
-173758
-154904
-154122
-149868
-146039
-143804
-142133
-136230
-133781
-133256
-131709
-126351
-119607
-117616
-103877
-100068
-96581
-90488
-88031
-85807
-79375
-71910
-70219
-68409
-62689
-57506
-56594
-55468
-53168
-48297
-42772
-41401
-32813
-31502
-31369
-24291
-23040
-15872
-14421
-13484
-10228
2994
3231
7603
8220
9133
9844
15150
21896
29503
34488
35246
44822
51294
61211
61577
63932
64862
66410
67744
70855
72170
74518
75370
84150
88131
89171
93447
94934
96891
99137
99809
103212
114946
116937
119909
121620
122203
128020
130415
130805
144188
148206
161205
162064
163523
165884
167404
184156
188307
189633
196420
200892
202495
211979
215519
224713
224791
224832
226522
244524
247930
248578
251380
257238
258000
258243
261707
262603
264775
270118
275517
279855
283424
283804
286717
287281
288830
289417
290648
290787
292157
292421
296591
312478
313070
314079
321604
322025
349202
349722
353149
363456
389406
389914
390617
390737
395213
395422
406725
407829
409072
409382
411336
412667
414713
416161
418144
418474
420181
426263
429024
431608
436700
444516
444945
445399
446884
448815
453142
454175
456677
459679
463281
463523
463605
469902
472918
473880
474972
476811
480864
483131
486188
486994
487445
488270
492610
519225
522341
524366
525124
529754
530280
535890
536089
553735
555243
555972
556425
563570
566105
568650
571791
572151
575470
576575
579734
581740
583480
583599
594694
601013
601073
601668
607193
608492
616922
618092
618293
619223
631153
633837
641216
643324
647553
649587
654313
663310
664149
668302
675942
676722
678178
680408
680916
681858
684669
693227
701756
703803
705882
707344
713412
716435
727375
730460
750245
750265
752024
753125
762353
766850
771823
778359
780065
782419
785127
796813
799937
803079
808146
815010
825340
825402
832791
835613
835654
835754
841098
842293
842533
848545
854324
854361
857562
858837
869772
874653
874653
875910
881015
882824
883404
887723
888762
889650
894327
894357
899397
904589
910275
912438
914670
915594
920279
926260
932357
937171
937645
938928
940126
960305
962354
963966
964102
964259
965540
973029
977964
979585
982811
986286
994426
1004460
1006847
1007893
1010232
1011848
1013657
1016869
1019707
1021529
1026780
1027937
1033123
1036543
1042686
1043112
1056898
1058472
1063210
1064044
1065044
1070407
1076387
1079806
1080076
1089145
1093981
1095664
1105823
1106287
1106621
1109192
1112607
1117130
1118710
1118991
1120935
1124366
1124555
1132486
1142053
1143027
1149441
1166080
1166758
1169376
1169490
1170300
1173944
1183607
1184700
1185006
1188513
1192396
1192765
1200496
1200651
1211859
1214238
1215418
1219312
1236368
1242301
1244702
1258856
1262689
1264412
1268872
1270809
1272847
1274176
1274494
1279104
1281428
1281548
1282987
1284971
1285246
1291397
1292026
1292942
1293482
1301248
1306584
1308569
1311049
1323491
1324231
1324327
1326708
1328926
1330438
1332652
1336880
1343596
1345916
1349358
1353493
1354086
1355969
1357703
1362459
1364974
1365061
1366735
1370536
1373196
1374961
1378202
1378864
1381498
1386300
1386315
1392920
1394548
1398514
1400698
1401663
1409748
1412853
1421814
1427122
1428164
1432941
1442244
1443152
1448512
1450040
1454903
1461722
1462544
1467783
1468860
1474629
1479085
1481595
1481785
1482648
1491037
1494640
1497887
1500183
1501940
1505907
1512014
1515892
1521783
1523712
1535792
1536653
1539779
1543806
1550654
1554851
1558289
1559417
1560090
1562031
1562312
1562897
1569722
1569857
1570167
1572073
1575205
1577987
1591912
1596051
1598826
1605788
1605936
1611047
1612101
1612589
1627318
1644270
1647266
1652159
1653426
1661666
1664788
1668227
1683315
1692812
1701654
1719160
1728100
1730957
1743011
1745131
1756589
1763182
1763799
1764439
1770756
1772179
1773706
1774137
1780078
1780302
1783683
1784223
1785436
1788056
1795030
1797959
1803470
1803905
1809676
1811175
1812704
1816070
1819646
1830142
1841600
1843993
1854882
1859195
1863154
1868405
1871805
1872238
1876071
1876658
1887055
1892855
1896647
1899914
1904494
1913106
1916390
1916436
1917645
1922305
1934413
1940236
1940335
1943753
1947980
1952275
1952336
1953254
1964020
1970044
1973689
1977239
1979448
1987255
