-1995530
-1993647
-1991714
-1991000
-1989206
-1986375
-1983651
-1978134
-1971590
-1967013
-1966043
-1964400
-1954204
-1951581
-1950734
-1947281
-1946977
-1946949
-1946401
-1945191
-1943403
-1940292
-1932109
-1914428
-1913502
-1913456
-1909576
-1901676
-1899702
-1896378
-1892476
-1890668
-1880582
-1879424
-1878764
-1876934
-1874448
-1872050
-1865767
-1859799
-1856760
-1856625
-1854898
-1851857
-1851542
-1844236
-1839092
-1833666
-1829575
-1826813
-1825154
-1818255
-1810618
-1809579
-1808781
-1805274
-1800260
-1798960
-1798048
-1794936
-1789592
-1775485
-1772449
-1761439
-1756860
-1756068
-1755008
-1753619
-1749058
-1748787
-1741903
-1732454
-1728977
-1726962
-1716834
-1711973
-1704558
-1704156
-1700753
-1699219
-1695346
-1694622
-1694087
-1691573
-1686256
-1680732
-1674106
-1673308
-1670903
-1669545
-1669142
-1668730
-1665295
-1665135
-1664704
-1661380
-1658750
-1655473
-1653913
-1651856
-1651064
-1647412
-1637945
-1633759
-1629711
-1628476
-1627904
-1624227
-1618023
-1616438
-1616112
-1614882
-1613388
-1611988
-1605544
-1602689
-1600193
-1594478
-1586412
-1574972
-1570174
-1568722
-1559044
-1556602
-1549212
-1546148
-1545504
-1544864
-1544482
-1542940
-1539082
-1538034
-1531509
-1528678
-1524464
-1522884
-1514525
-1509638
-1508663
-1504610
-1500057
-1499809
-1487339
-1483555
-1480459
-1468481
-1468102
-1464322
-1460283
-1458710
-1457114
-1447839
-1444534
-1440636
-1439785
-1436144
-1432815
-1423178
-1418508
-1398911
-1398411
-1397369
-1392425
-1389826
-1388203
-1379275
-1376063
-1369341
-1368886
-1365509
-1364821
-1363400
-1361547
-1355188
-1355101
-1352730
-1348039
-1345961
-1343044
-1340539
-1334492
-1334035
-1332075
-1326932
-1324068
-1318560
-1317739
-1316261
-1293437
-1290664
-1288708
-1287609
-1283571
-1283047
-1268073
-1265739
-1257171
-1241391
-1237070
-1237013
-1231274
-1226419
-1221991
-1221732
-1220782
-1214684
-1209160
-1198576
-1198181
-1195608
-1195557
-1193067
-1185973
-1174788
-1173420
-1172706
-1154972
-1154848
-1153814
-1147512
-1145530
-1143929
-1143462
-1141577
-1139295
-1135743
-1126916
-1116889
-1114005
-1108292
-1107507
-1101991
-1101866
-1101801
-1100741
-1097340
-1095658
-1094803
-1074983
-1068611
-1067181
-1058611
-1057056
-1048040
-1045213
-1041794
-1038524
-1034075
-1032509
-1028498
-1025461
-1024595
-1016308
-1012570
-1000113
-996071
-992909
-989106
-988232
-985971
-970618
-968132
-962670
-958548
-955801
-946416
-944419
-937827
-936014
-932741
-918371
-913565
-912953
-908833
-905737
-904812
-903241
-900545
-899411
-894387
-893997
-891359
-890830
-890737
-878187
-876879
-869731
-861688
-861625
-861112
-860561
-857673
-848512
-847859
-847076
-846062
-837839
-837583
-836338
-830966
-826054
-825133
-823087
-810100
-810063
-808300
-795657
-795401
-794845
-791050
-790380
-788215
-786099
-779904
-773679
-773359
-763826
-756896
-752511
-751854
-742297
-741366
-738922
-738716
-722267
-720317
-718146
-715694
-715307
-714065
-712333
-706003
-702653
-692027
-685141
-681371
-679871
-672792
-672243
-667930
-663720
-662551
-660207
-652888
-652698
-646368
-644666
-642768
-641890
-640022
-634696
-632306
-629349
-628682
-620903
-618838
-610837
-599346
-598429
-598181
-598138
-597592
-596237
-591940
-590015
-586326
-584881
-584426
-584172
-583251
-578568
-569766
-568986
-563281
-560279
-557286
-543761
-541828
-540138
-539649
-525619
-525385
-512052
-506026
-502117
-499987
-496809
-495805
-490446
-482370
-480435
-478890
-462825
-461671
-455661
-455618
-428301
-427161
-424670
-421145
-419565
-412320
-406031
-393059
-392488
-390607
-389260
-377023
-373170
-370243
-365635
-363604
-358218
-352187
-349831
-348627
-348115
-329991
-325127
-314517
-313907
-303440
-295859
-289083
-285964
-283580
-278148
-277891
-276226
-272594
-265826
-265672
-263973
-261892
-257084
-256644
-249271
-247878
-247218
-237527
-232425
-231863
-227508
-227360
-227150
-212990
-212643
-211497
-209740
-204800
-202025
-190756
-190156
-179826
-178403
-176743
-173376
-173104
-170368
-158624
-155946
-155098
-152016
-150532
-150222
-147860
-147662
-144079
-141711
-121328
-117298
-110894
-110422
-108685
-106243
-103003
-98761
-90298
-85627
-78667
-76997
-67253
-65567
-61115
-54693
-49718
-49027
-43314
-41773
-39887
-36987
-32188
-30700
-28750
-23402
-21235
-20077
-18274
-13027
-3082
-2216
-1182
854
1045
6166
6953
7546
7861
27357
33223
37680
38428
45272
49342
52948
56488
63095
66758
74869
80487
86615
87658
90787
94249
96642
102531
104943
108659
109188
110045
117110
117622
134990
138087
139838
151996
158309
158429
160441
163495
168337
171798
178258
180992
181116
182798
183405
185271
200840
201487
206391
208848
210976
216787
217990
220965
221029
226732
227389
229952
236543
238356
238705
240135
245143
251066
255682
260933
274201
274772
279933
281627
285510
287234
288586
288589
289925
290274
304506
316667
318313
323128
324084
330464
336695
338531
339246
339670
345629
347610
349112
349951
353516
354358
358344
366887
369690
375166
376805
380050
380755
381327
396471
398495
400293
402888
408745
409453
416763
418401
426950
430966
432922
436001
440497
445716
452194
453615
457113
459244
459619
472507
474145
475666
483377
483858
484072
485915
486190
498187
499278
509913
514270
521270
521559
522833
523044
533305
533953
536384
539370
539487
540095
541343
542853
550345
554684
559326
563055
566993
567894
569363
570782
571116
572129
574329
579518
581639
582898
586061
590061
597253
598571
606968
631190
633881
635559
640785
650621
652099
657094
658284
658678
659652
662902
663012
664760
667094
670436
671512
673225
676809
679420
681343
689321
690324
691015
691586
693447
693506
697399
705845
706193
710471
712063
715901
719676
723097
727380
737933
747395
750904
765820
773576
780411
781903
785970
793356
795190
801077
806068
808829
809392
811544
811749
819289
825441
837907
842182
849745
851849
853699
854847
855006
855337
855526
857182
858742
864939
870101
871286
880754
886300
887716
888581
889785
895159
895718
899506
899893
907455
909973
916907
920209
926375
933178
935510
944086
946259
946764
954965
956150
970035
974873
987125
992419
995420
1011615
1014230
1019966
1022060
1024981
1030017
1036427
1055341
1055430
1064436
1068072
1071392
1074777
1076040
1076684
1078027
1078451
1082698
1088779
1092434
1093245
1094915
1095572
1096946
1097530
1103670
1106131
1109652
1119204
1133304
1141587
1146211
1150527
1151006
1154263
1154589
1161931
1166225
1166674
1171303
1171339
1172515
1174467
1175267
1176904
1186472
1191795
1195887
1197404
1197553
1200748
1203647
1203648
1206048
1211575
1213031
1214861
1215272
1216579
1253124
1254362
1256700
1256872
1262059
1267777
1268266
1271927
1275973
1282396
1285562
1293321
1294455
1295628
1295894
1297668
1301104
1307647
1308023
1310220
1311259
1317716
1318836
1319168
1326997
1334972
1341390
1343264
1347792
1353647
1354675
1360065
1362060
1373164
1382813
1388903
1398992
1406141
1411397
1414469
1420354
1431059
1433395
1433460
1440620
1441860
1443894
1444726
1446184
1447733
1454213
1454315
1454622
1455545
1459536
1460234
1461941
1469843
1470254
1470701
1471721
1473672
1475698
1476649
1479372
1483052
1486257
1490180
1500599
1503093
1509155
1510075
1510842
1512152
1528995
1531003
1539138
1550711
1553916
1563995
1569633
1571636
1571893
1591826
1593996
1596520
1600039
1604624
1608683
1609305
1609762
1613250
1622594
1622619
1624544
1625764
1626916
1633230
1642919
1643255
1654111
1656921
1657765
1657903
1661521
1665899
1666099
1675050
1676594
1678486
1687025
1689479
1689712
1690158
1693013
1699358
1702170
1703803
1704196
1704240
1705885
1710306
1717941
1718046
1718183
1718605
1721509
1724165
1732941
1736007
1737046
1739374
1740291
1751982
1753245
1755417
1756261
1757412
1758831
1777460
1778979
1780380
1787921
1793201
1796077
1797314
1800316
1803967
1804324
1808430
1809801
1812263
1813814
1814477
1821763
1823568
1823652
1834756
1841263
1843497
1844931
1858179
1858729
1864069
1867440
1868115
1869554
1880237
1881198
1894187
1897504
1904896
1933706
1941091
1942907
1947177
1947368
1954131
1968834
1979467
1982033
1985352
1991718
1996725
