-1992170
-1984247
-1971587
-1967229
-1966382
-1963330
-1958693
-1955470
-1949215
-1941533
-1933819
-1928781
-1917290
-1916549
-1909361
-1903463
-1901694
-1899246
-1894922
-1894008
-1889772
-1884906
-1884409
-1883629
-1876043
-1872437
-1867148
-1863669
-1862936
-1858014
-1856278
-1854997
-1845832
-1835734
-1829706
-1815666
-1815608
-1803893
-1803470
-1794514
-1791222
-1786797
-1774055
-1767651
-1763333
-1761006
-1752481
-1750677
-1750147
-1749548
-1743325
-1739660
-1738352
-1736585
-1729057
-1715885
-1712296
-1711025
-1709818
-1707712
-1707084
-1706559
-1705817
-1697552
-1687511
-1686480
-1684786
-1682922
-1680670
-1680280
-1675898
-1670814
-1668686
-1665081
-1661451
-1653873
-1633779
-1632876
-1631997
-1626438
-1619971
-1611667
-1610347
-1608938
-1608585
-1602074
-1601480
-1598687
-1596256
-1594479
-1591045
-1590084
-1589103
-1585638
-1584243
-1575857
-1573927
-1573880
-1572811
-1559379
-1553291
-1552796
-1547359
-1546816
-1528863
-1527405
-1526832
-1523182
-1521848
-1519847
-1516498
-1513275
-1508658
-1505510
-1501104
-1499845
-1495241
-1495194
-1494010
-1490392
-1489014
-1484684
-1484067
-1475856
-1467104
-1464875
-1464319
-1461434
-1439139
-1438006
-1437903
-1434861
-1431875
-1431313
-1431119
-1424898
-1424655
-1423033
-1417239
-1413473
-1411783
-1408380
-1395726
-1395217
-1386991
-1385693
-1383447
-1381279
-1376305
-1364843
-1362119
-1361211
-1355880
-1333549
-1328770
-1328173
-1325942
-1325781
-1325155
-1321343
-1319768
-1310131
-1309575
-1304441
-1290279
-1282006
-1279384
-1269115
-1265703
-1258938
-1252071
-1248032
-1247523
-1243421
-1227271
-1215217
-1214829
-1214666
-1203972
-1195340
-1193617
-1193368
-1192587
-1190383
-1182543
-1181244
-1178552
-1177469
-1168643
-1168028
-1155422
-1153535
-1148249
-1147905
-1132809
-1130190
-1127618
-1123030
-1120234
-1118914
-1118156
-1107884
-1100057
-1098631
-1091910
-1090954
-1087084
-1083583
-1082599
-1069676
-1061937
-1047293
-1040297
-1036683
-1034812
-1034700
-1027492
-1027309
-1025804
-1015758
-1001364
-996795
-996022
-992974
-980252
-975004
-969101
-964310
-963418
-958816
-958321
-957423
-957000
-955027
-949826
-940796
-936140
-935198
-931589
-928278
-926852
-925510
-916501
-915711
-915185
-914320
-912878
-910318
-907820
-906452
-905039
-894804
-891057
-890505
-880626
-875906
-858322
-852262
-843590
-843017
-838597
-822108
-821646
-819701
-808108
-805378
-803649
-794898
-793723
-791343
-790975
-787508
-782157
-777236
-772918
-772162
-769847
-767552
-760980
-758509
-758034
-755407
-753275
-751319
-742994
-734212
-733137
-732467
-721623
-720552
-719905
-712333
-711210
-707771
-698596
-697831
-695562
-688742
-687810
-680502
-671939
-666361
-663325
-662084
-660415
-655192
-653525
-650380
-649982
-637909
-634557
-634084
-627588
-625909
-625880
-620915
-617146
-614871
-609496
-603336
-592753
-586773
-586517
-577864
-576617
-567385
-562414
-561457
-561385
-560599
-554917
-549567
-548289
-545892
-544343
-543236
-542797
-542088
-527008
-524092
-514164
-513707
-512689
-511197
-510362
-509411
-508109
-508002
-504190
-502128
-499944
-499797
-498989
-497726
-491584
-488175
-472182
-465063
-459865
-456854
-451541
-448168
-432649
-426935
-425246
-425137
-423464
-401058
-389520
-380331
-371120
-369553
-363125
-354744
-349855
-348062
-347920
-342813
-338012
-333903
-333074
-332779
-332383
-330767
-328275
-310995
-308720
-302872
-302090
-297020
-293480
-291376
-286411
-283547
-281302
-278437
-278301
-270494
-269489
-268481
-266307
-264816
-260438
-260311
-258845
-258231
-256583
-252430
-250309
-249712
-245592
-245042
-243349
-242354
-242304
-237560
-234727
-229730
-228482
-228149
-222507
-221512
-221105
-219304
-213704
-210655
-208554
-205427
-203322
-197969
-191987
-191810
-191345
-184980
-184923
-178540
-165378
-153217
-148642
-139721
-138627
-136966
-135606
-132612
-127165
-126203
-121540
-121423
-113496
-112975
-110967
-110173
-101100
-101053
-99732
-98281
-97672
-96302
-91704
-90100
-88368
-86632
-86264
-84700
-83532
-74565
-68908
-67979
-66115
-64790
-61097
-60907
-58734
-51858
-45233
-39957
-30703
-26650
-17584
-17074
-16321
-9443
-9148
-6927
-5297
-2623
-1931
8496
9405
11620
17135
17846
29629
35437
45327
47312
49035
50442
51254
54877
59195
60465
62556
79160
80246
85459
95448
96058
96640
102098
113070
113909
114321
115139
134548
139349
139470
146461
148370
150828
154883
156140
157791
168926
169397
174452
178127
187107
193960
197914
198246
199357
204404
205801
215448
219814
219899
220552
224070
225697
226467
226469
227872
230740
232407
240290
240517
242793
248345
253212
261070
266495
272660
276119
279526
280286
282227
289743
290131
295892
296170
302508
312856
315884
316658
321390
322257
322732
323924
330030
333289
336973
342423
348094
353749
355335
359395
378465
380943
381675
382581
390851
392898
417499
420358
422386
426474
434483
434489
438209
447032
454993
455148
455742
456031
459165
461493
469507
475243
477313
482011
482286
483228
483374
491985
500001
510177
512666
514550
525284
527291
528493
535631
543488
546174
547585
554683
557011
557507
557836
558254
559977
563196
564315
567249
568386
576751
578952
581982
585253
589089
591883
602864
615547
622304
624521
624776
625293
628929
631945
636346
646812
649149
650908
651167
658203
661020
665459
665913
673026
673301
675263
676936
677105
679543
682011
683446
684738
688671
691983
696615
697323
707305
707433
712234
715081
722063
728303
734652
735977
742540
743036
743502
749168
749284
756002
760420
762605
768751
776138
781814
786786
787921
791761
802249
809951
812219
812840
813351
816986
817540
819023
825561
826488
827862
829629
830590
833271
835781
838342
839304
845740
846383
849671
850599
851099
859658
867462
868121
870890
874144
885592
890447
898407
900552
902693
915311
917016
924309
924963
925958
933801
936296
938832
942560
948443
949571
968352
969992
970773
973242
974476
976503
976733
980217
981797
985591
989658
989898
990847
991855
997364
998554
999048
999420
1006044
1011446
1013906
1014578
1014963
1023876
1024237
1027686
1033850
1035479
1036404
1039889
1040099
1045097
1046601
1056617
1063405
1072385
1080456
1081680
1084843
1088454
1090716
1094936
1096727
1097180
1115944
1118860
1122401
1131971
1133897
1134252
1134938
1146941
1150540
1156405
1159005
1162154
1163151
1177325
1178234
1179441
1180048
1187684
1189251
1193344
1196638
1197849
1210311
1212132
1214271
1216784
1221438
1225028
1230826
1239971
1241711
1246224
1249656
1256889
1258986
1260552
1262385
1265441
1269867
1289421
1290263
1292066
1293418
1302368
1304133
1304174
1312324
1316546
1320890
1324188
1328854
1329312
1330061
1334003
1338653
1339064
1344525
1347160
1349933
1352846
1357965
1363520
1372732
1385538
1388841
1390147
1397023
1397468
1399255
1407019
1418685
1420124
1421190
1422437
1424424
1428962
1434716
1442014
1445573
1455676
1456556
1465279
1465501
1467055
1468525
1477363
1480628
1482001
1484357
1486162
1487031
1488643
1499373
1499406
1509836
1510906
1521197
1527129
1531733
1533070
1536031
1536089
1546278
1550901
1557320
1563597
1571365
1578052
1580983
1589199
1592282
1592783
1594945
1610517
1616856
1617250
1619982
1622895
1628099
1637416
1652197
1652747
1657393
1658895
1659183
1659442
1668500
1673726
1674067
1676489
1677285
1678337
1679791
1690131
1692704
1692944
1694015
1699626
1700905
1708761
1715521
1723734
1726784
1733836
1735195
1737254
1739293
1740272
1744602
1744943
1751385
1755381
1758874
1759675
1760239
1760268
1763876
1765242
1765443
1770374
1770563
1771013
1774021
1778205
1788635
1790361
1791223
1794090
1795435
1795440
1798118
1801464
1806676
1818345
1821864
1824468
1826143
1826934
1827077
1828354
1835151
1836091
1843166
1843958
1846752
1849478
1851209
1856781
1857354
1859050
1859483
1867589
1869337
1869866
1876255
1888568
1889960
1895219
1898575
1901751
1902533
1902582
1909744
1917883
1919143
1921224
1923094
1923872
1929894
1930966
1935607
1939780
1941485
1943455
1943693
1949972
1955667
1960229
1961694
1964691
1965053
1969538
1971173
1971877
1981687
1985537
1985857
1993125
1996251
