-1999614
-1997901
-1993594
-1992684
-1992630
-1981403
-1978356
-1973843
-1970419
-1967655
-1966922
-1965550
-1959255
-1956681
-1956017
-1955334
-1954179
-1953061
-1951790
-1946593
-1944528
-1942403
-1941442
-1939183
-1938880
-1926891
-1926075
-1923038
-1922387
-1918818
-1915399
-1913933
-1908617
-1906518
-1893724
-1891906
-1887732
-1879778
-1878981
-1871813
-1871709
-1868688
-1860234
-1859385
-1856142
-1842100
-1838484
-1829811
-1827087
-1825525
-1809024
-1806991
-1806892
-1803466
-1803206
-1799248
-1797756
-1797073
-1794611
-1789408
-1778689
-1775487
-1773238
-1768366
-1766149
-1766002
-1765815
-1765548
-1764271
-1761295
-1748819
-1746428
-1736065
-1735515
-1731708
-1720495
-1711903
-1707949
-1707444
-1697140
-1695060
-1693248
-1682555
-1681861
-1674043
-1672708
-1660257
-1656649
-1651758
-1647790
-1637669
-1636574
-1636023
-1630511
-1629690
-1629182
-1628272
-1627931
-1626907
-1621197
-1610814
-1610685
-1601106
-1594874
-1593532
-1590444
-1588738
-1583605
-1581505
-1573691
-1568029
-1566793
-1564166
-1561156
-1557001
-1555315
-1545700
-1543173
-1539630
-1539392
-1538235
-1537925
-1529098
-1522381
-1518688
-1518086
-1516249
-1508210
-1498715
-1494293
-1493856
-1492905
-1491533
-1485378
-1478824
-1475342
-1467236
-1464712
-1460100
-1448683
-1447719
-1444952
-1437330
-1436016
-1435545
-1434292
-1428860
-1426596
-1423773
-1416674
-1416254
-1405359
-1400319
-1399945
-1391733
-1391427
-1375766
-1359301
-1359165
-1353098
-1352773
-1344013
-1340639
-1339940
-1330035
-1315684
-1315158
-1312854
-1298591
-1293232
-1275370
-1275270
-1267737
-1266309
-1263899
-1263638
-1263246
-1256729
-1250012
-1239371
-1227120
-1226535
-1224748
-1223181
-1221220
-1220128
-1219057
-1217927
-1216536
-1214989
-1210935
-1208892
-1208265
-1207735
-1205127
-1205006
-1201403
-1201400
-1197215
-1190383
-1186915
-1180941
-1180052
-1164879
-1164635
-1164043
-1155804
-1153015
-1152104
-1148435
-1142779
-1141640
-1136482
-1136236
-1135414
-1133909
-1132850
-1126460
-1121586
-1114579
-1110448
-1109078
-1105638
-1105464
-1101159
-1098538
-1097366
-1097045
-1088364
-1087332
-1084090
-1082334
-1075074
-1074001
-1071214
-1069393
-1069390
-1064252
-1055974
-1054451
-1052329
-1042187
-1036515
-1031201
-1027134
-1024602
-1019859
-1017369
-1015885
-1010542
-1010189
-1005351
-1002447
-991105
-989337
-986169
-973416
-968133
-963184
-961183
-958508
-955595
-954783
-954240
-947099
-945591
-938299
-934126
-928277
-926885
-925176
-918036
-917218
-910585
-900383
-892541
-892156
-886084
-884825
-879520
-862667
-856547
-854785
-851776
-850017
-849153
-847433
-839693
-836556
-833526
-833312
-830879
-815649
-815415
-808142
-807040
-804749
-796095
-792901
-791270
-773653
-764810
-764245
-758847
-751479
-748370
-740378
-731276
-730582
-729354
-726591
-714729
-703572
-702729
-700475
-699000
-693019
-690285
-685192
-683931
-681118
-679521
-679333
-678806
-678393
-674595
-668247
-665249
-664958
-658460
-657895
-651761
-651259
-648789
-647475
-647313
-642663
-639438
-637606
-636827
-634109
-634028
-623409
-617285
-615604
-609522
-604601
-601492
-594880
-594220
-592567
-588285
-587805
-587401
-576249
-570460
-569041
-562057
-553387
-548407
-546157
-541007
-538252
-536141
-514282
-513029
-511464
-510406
-508288
-501727
-499418
-498344
-491232
-490681
-476948
-476196
-466246
-465077
-459735
-459224
-450286
-441814
-438846
-436460
-434904
-434105
-434004
-425357
-423378
-420964
-418353
-415300
-413707
-413667
-413314
-398782
-393437
-388371
-387848
-387331
-376973
-376055
-374015
-369133
-367350
-364815
-361795
-360062
-356294
-352215
-341319
-334341
-332133
-313278
-299437
-293386
-290281
-283886
-282397
-278658
-270319
-267303
-261332
-260851
-255517
-254335
-240157
-240042
-237601
-234766
-228223
-227218
-225870
-219674
-211079
-206448
-206133
-204051
-201365
-199542
-198872
-193409
-187471
-187285
-186100
-183499
-181791
-181137
-179696
-176714
-176388
-173609
-168351
-166266
-161722
-157928
-153981
-153185
-151838
-143126
-134592
-131484
-129284
-128934
-124600
-121898
-120218
-119487
-114804
-113732
-110472
-107326
-101889
-99452
-95981
-85709
-80469
-78223
-76005
-73355
-72016
-70976
-62506
-58417
-56831
-54218
-53403
-50312
-48334
-46001
-42564
-34991
-27759
-22191
-19230
-8908
-1983
2577
14992
20502
27969
32147
35764
51117
54600
58070
59198
63338
70364
72454
78226
84451
99531
100006
103134
105933
113166
116427
117512
122270
126480
126931
127639
131082
134709
135987
140349
140646
142352
145265
147741
150258
152704
166944
174440
177233
178742
180988
184254
185212
187395
194168
196050
197651
207573
210979
228218
238571
239123
243036
244811
248801
250311
252197
258384
258960
261862
264319
264750
266804
268098
269896
270046
277349
277590
278764
279681
282247
282986
283493
285276
287335
288029
300532
308858
314860
317406
322185
346605
348589
349905
350634
352801
354873
356384
360524
362335
376053
381420
394298
397914
418004
419009
425422
425702
427883
432399
432765
434153
436620
446534
446640
454145
462769
465544
479511
480784
482894
484651
489288
489828
493816
495047
501664
505390
507539
519473
520123
520821
526830
530262
542256
545815
546645
546981
549025
552211
552279
557151
560002
563333
569414
571389
573719
576855
578228
581185
581628
588212
589206
592158
597202
598848
622267
624813
625013
637378
638008
638660
643854
647401
651524
655836
661440
667596
669173
672490
672689
675712
679529
680699
684170
684337
694029
696910
700381
701996
702439
704451
707323
709406
714091
720751
721543
722288
724967
735627
736343
739063
740294
745874
748334
748686
751898
752465
752480
757147
765266
766700
775851
776809
776985
777858
780250
783261
787584
789939
793372
796046
800658
811216
813088
817619
817676
817784
821309
833539
834623
836648
842357
844676
845706
849434
849869
871995
873130
874812
880542
882643
885233
885877
886515
898241
898357
910187
912528
917084
920945
926141
926439
926530
935820
942399
943700
943715
944325
944534
947813
950185
950345
950939
955575
961683
961690
962625
967331
967386
977065
978564
983183
987869
1004535
1014613
1024020
1034099
1038973
1044577
1045196
1055902
1056589
1063111
1082994
1091689
1094784
1095201
1095770
1100665
1103281
1106476
1108083
1108356
1114980
1119672
1121305
1125125
1133650
1135089
1136057
1136236
1136375
1140010
1140467
1144569
1145240
1150740
1151065
1156098
1156978
1158865
1160368
1168731
1179948
1181991
1183142
1183401
1185320
1186421
1187832
1188194
1189710
1193003
1200155
1209590
1214536
1215422
1216392
1217553
1219604
1219795
1223954
1229437
1230458
1231287
1231849
1236671
1239059
1240817
1248867
1251406
1251554
1261832
1267311
1276047
1277852
1278604
1283553
1291336
1296081
1297398
1298205
1300538
1313183
1317068
1319147
1321025
1321200
1325432
1331248
1338118
1338361
1343896
1348363
1358881
1358972
1361474
1370627
1374320
1374839
1375286
1381043
1385166
1387032
1389027
1393239
1397686
1410122
1412697
1413208
1414806
1414984
1419399
1425673
1427736
1430996
1433922
1441140
1446001
1449082
1451532
1453452
1453828
1459239
1461805
1463044
1471659
1474429
1477464
1477490
1478463
1478866
1483478
1503330
1504723
1509509
1510638
1510717
1511299
1514506
1518795
1525878
1525981
1540103
1547844
1551036
1551796
1581667
1592352
1592747
1593393
1595976
1601239
1603634
1606588
1607127
1607593
1610091
1610249
1614096
1616812
1621220
1621417
1627523
1630750
1631522
1634466
1634700
1636720
1643023
1643230
1646241
1651195
1653568
1654036
1658759
1661660
1665548
1667376
1676162
1678353
1684539
1686770
1691217
1692350
1694654
1695378
1696004
1698571
1700035
1701507
1709150
1716926
1721713
1723883
1725803
1726993
1727980
1730088
1730730
1734837
1750469
1756371
1767388
1769544
1784422
1792383
1804603
1808461
1809407
1820310
1822628
1833705
1834323
1842128
1845644
1846787
1849407
1858158
1864912
1865258
1866420
1870204
1877597
1883300
1904101
1907974
1908454
1911727
1913977
1914043
1920770
1926530
1927513
1932286
1938266
1944538
1946817
1948324
1949752
1952226
1956805
1967546
1968660
1972364
1973428
1979475
1981933
1988533
1991279
1996485
1998127
