-1999561
-1998658
-1994096
-1991783
-1984808
-1973746
-1968523
-1957275
-1954490
-1952258
-1948763
-1948152
-1947338
-1946785
-1944675
-1943039
-1939818
-1938548
-1938225
-1937897
-1936531
-1934370
-1931860
-1921188
-1920866
-1917849
-1911141
-1908074
-1896432
-1890478
-1884468
-1883242
-1883143
-1882894
-1876319
-1876020
-1875846
-1875258
-1867550
-1857347
-1853678
-1849929
-1848516
-1846301
-1845029
-1837809
-1833992
-1833325
-1833216
-1832197
-1830838
-1822532
-1822428
-1820300
-1817329
-1810599
-1804500
-1801089
-1796458
-1795293
-1794749
-1792517
-1791874
-1783667
-1780847
-1780271
-1769142
-1768741
-1768535
-1761134
-1760928
-1760710
-1759406
-1756721
-1742063
-1741515
-1740394
-1735308
-1733663
-1729857
-1727629
-1721601
-1721196
-1707349
-1704662
-1701879
-1698949
-1693588
-1692217
-1687442
-1683977
-1683776
-1677264
-1673549
-1668494
-1667194
-1665002
-1664503
-1658803
-1641587
-1639176
-1622420
-1619801
-1618456
-1592655
-1590334
-1577328
-1576751
-1576354
-1576072
-1573743
-1570109
-1569394
-1566882
-1561896
-1561126
-1558021
-1547508
-1541552
-1541193
-1536071
-1531876
-1531115
-1530720
-1520745
-1520497
-1514589
-1513658
-1511581
-1509815
-1509512
-1508230
-1505665
-1499079
-1495398
-1492505
-1484190
-1482563
-1480328
-1479394
-1465706
-1463712
-1444235
-1437313
-1428108
-1424427
-1419212
-1419091
-1417400
-1416081
-1411037
-1407018
-1406820
-1406304
-1400792
-1395099
-1392344
-1386652
-1386462
-1383601
-1382410
-1379724
-1377146
-1372260
-1368740
-1352069
-1348702
-1346503
-1341835
-1334796
-1333656
-1327804
-1322514
-1320030
-1318836
-1317045
-1312077
-1311353
-1304992
-1300964
-1288398
-1287515
-1287003
-1282781
-1272577
-1272537
-1268417
-1267465
-1266450
-1261389
-1261177
-1260617
-1259325
-1247465
-1237743
-1234470
-1229474
-1226921
-1216184
-1215206
-1204550
-1202822
-1196454
-1193265
-1186594
-1184312
-1173736
-1168094
-1166917
-1164568
-1152390
-1145068
-1142646
-1135322
-1132210
-1117900
-1113521
-1113138
-1108190
-1107813
-1106589
-1103687
-1103173
-1103050
-1102833
-1096482
-1094054
-1088144
-1087626
-1081663
-1074985
-1069499
-1054951
-1052212
-1047703
-1044526
-1044206
-1043590
-1039228
-1028106
-1023213
-1023189
-1021576
-1015670
-1006529
-1001262
-990687
-986041
-985856
-974639
-972353
-970474
-970376
-969788
-961517
-959088
-955486
-953817
-946672
-944548
-943903
-943812
-943116
-938766
-936146
-932920
-932092
-930863
-929572
-923625
-915506
-906127
-903081
-900810
-898809
-897306
-884198
-881139
-878994
-875743
-872409
-870185
-863460
-857189
-855698
-852683
-844227
-842985
-841564
-830454
-829914
-828504
-824156
-821896
-819161
-814589
-804505
-802387
-802383
-797680
-796663
-796545
-793996
-792140
-790498
-789878
-779517
-778266
-776829
-774478
-771179
-762748
-758481
-730137
-725422
-715921
-712970
-701388
-698624
-696690
-694535
-693870
-687884
-683770
-683449
-680996
-678568
-676644
-675300
-674550
-668319
-665949
-665056
-661242
-660106
-653433
-648331
-648182
-638973
-630856
-629349
-629332
-628492
-625635
-624846
-623211
-620419
-618878
-609154
-607785
-605073
-602897
-600259
-589294
-586273
-585480
-583123
-578762
-575977
-574314
-573598
-565801
-563052
-558747
-549665
-541636
-534665
-529139
-527685
-526354
-525303
-523774
-520248
-517062
-511257
-497467
-490928
-488020
-485440
-483652
-482347
-481689
-480437
-478669
-477785
-474114
-473030
-462197
-458575
-449209
-441717
-435997
-428108
-427852
-426081
-424558
-424375
-424025
-421168
-419209
-413530
-405300
-400238
-399160
-396232
-386986
-381522
-379941
-379228
-375855
-374551
-366015
-361745
-359812
-355983
-354079
-353574
-348272
-343389
-341336
-335830
-333610
-333472
-324014
-320914
-312546
-312546
-311336
-306970
-294988
-288269
-284414
-284400
-278489
-278358
-270449
-269795
-259410
-255087
-244597
-239700
-239422
-232054
-218441
-211804
-209333
-209249
-206251
-206226
-199484
-194073
-193126
-191408
-189228
-177270
-175285
-172848
-172772
-168841
-168569
-164062
-163972
-158547
-156404
-152115
-150165
-143801
-140591
-140154
-133755
-132364
-130637
-129670
-127013
-125952
-122732
-113580
-106363
-102271
-102027
-100612
-93751
-90640
-82955
-78666
-76489
-65287
-63428
-63002
-62590
-61384
-59433
-57590
-49323
-46221
-44888
-32370
-26273
-8790
-8310
-7454
-4119
8386
11123
11759
18978
27728
28919
32331
32718
33032
34630
35717
44682
46719
51004
53433
55636
58095
62660
64358
65393
66589
76594
79808
83848
85542
93918
95885
99148
109749
120252
120701
124783
126179
126237
128624
128629
131484
134083
140744
143107
145998
151260
152163
158403
160516
165560
172466
183635
184763
195397
196679
206181
207579
211082
212970
216949
227873
231496
237325
240146
242929
250781
252656
253215
258888
259829
260193
271365
282373
282830
283111
289729
292480
292815
296344
299245
301259
303469
310843
312024
317711
318966
319704
319858
322730
322783
325947
329552
332875
334275
335429
335943
339690
340944
343326
345225
345437
352161
353845
357368
358357
358733
366930
367800
369240
370392
371970
373550
373639
382620
394534
395047
396533
406427
413106
415505
415804
419365
423297
426681
448549
450407
463261
468241
468257
468910
469710
477439
478734
482522
489955
492513
492605
495983
498426
500639
505536
509511
513422
513518
517605
517959
521685
536722
540813
554076
555100
565790
569222
575164
582471
583820
597765
601004
603165
606031
608988
614374
621887
626324
629672
635046
635903
640204
646747
647756
648738
649739
651992
655131
657568
663315
668150
670209
673094
676888
683662
687782
698887
699430
700868
701030
705665
709725
709802
739124
739533
742207
744448
746509
750101
752211
752390
763742
772815
782809
783871
783945
800865
801397
805890
807610
808984
809042
810574
814059
814569
816290
819902
823763
828260
831940
836665
845650
849924
849931
851143
851495
853231
860949
861003
866920
867133
870842
904783
906307
908877
909222
909994
913056
913114
918634
920612
922671
923793
932337
934441
934754
938945
942260
944817
951715
956267
968780
972933
974019
974590
983217
987504
988053
1000479
1002467
1003438
1003852
1006212
1008737
1008843
1017783
1020904
1036087
1040875
1042120
1043800
1048051
1057748
1059842
1060769
1062929
1068607
1077890
1078459
1083391
1086507
1092954
1094791
1096892
1097801
1100013
1102733
1104027
1109174
1109537
1109719
1110061
1111391
1129524
1131982
1143010
1143398
1144116
1153678
1154791
1163587
1164861
1166696
1167844
1170185
1174342
1177590
1178409
1179304
1183532
1183700
1184556
1186292
1190577
1192178
1199641
1200749
1200902
1207408
1214677
1215799
1216909
1226864
1236403
1241152
1243468
1250504
1251987
1252458
1253019
1253529
1260928
1264651
1264822
1270412
1272435
1290671
1294894
1305446
1305593
1306897
1308599
1308953
1309972
1311498
1319812
1323279
1327384
1344279
1354716
1356685
1360483
1361044
1368891
1371908
1372803
1375693
1386211
1386566
1388896
1399897
1400257
1405423
1409126
1411269
1418230
1425241
1427430
1430605
1437722
1442740
1448110
1451498
1452156
1455552
1465038
1469731
1470038
1470882
1473099
1487558
1495705
1499113
1502934
1505711
1511616
1531564
1532825
1535380
1538041
1539440
1541469
1545027
1553397
1555156
1556705
1556874
1559354
1562504
1563602
1563752
1563995
1570244
1571122
1575447
1576368
1579721
1588592
1593394
1593894
1597629
1602082
1603885
1605329
1613879
1619703
1628787
1629361
1635013
1635417
1635761
1638237
1648107
1652096
1653991
1656870
1663317
1663797
1665846
1670138
1670214
1671191
1677341
1679259
1681838
1682507
1685334
1685959
1686803
1688431
1688467
1697526
1704709
1710648
1715077
1723858
1726173
1733283
1734847
1737055
1746578
1760628
1767763
1769736
1772507
1774925
1792267
1797470
1803511
1806394
1807754
1809410
1812680
1821965
1823787
1826496
1826911
1831722
1832608
1846801
1858004
1867447
1868529
1874406
1875392
1876143
1876619
1887287
1889837
1891217
1891910
1892761
1900313
1913530
1916320
1918144
1925218
1926248
1929453
1933051
1934856
1936909
1936961
1939264
1942347
1944524
1945744
1948340
1950333
1955604
1968016
1971623
1971762
1987157
1987247
1999814
