-1997830
-1994701
-1990540
-1979858
-1974083
-1973165
-1971462
-1968771
-1967862
-1959613
-1958629
-1954635
-1950786
-1942482
-1942441
-1941426
-1938470
-1937403
-1934482
-1930376
-1930067
-1927739
-1926974
-1922041
-1921177
-1920266
-1912926
-1912041
-1908811
-1908505
-1906480
-1904846
-1901185
-1898276
-1897314
-1893944
-1892706
-1892319
-1891347
-1884089
-1883572
-1882511
-1866345
-1850599
-1847326
-1846983
-1846819
-1844391
-1840795
-1838397
-1837234
-1830617
-1829941
-1826134
-1825074
-1822591
-1821999
-1811817
-1811661
-1810488
-1805749
-1801262
-1793754
-1793100
-1791813
-1790145
-1782327
-1775699
-1772916
-1769896
-1759854
-1758382
-1751999
-1746897
-1746811
-1745596
-1745042
-1744526
-1736808
-1735554
-1732559
-1727729
-1727393
-1724234
-1721639
-1719900
-1716633
-1715419
-1705183
-1704909
-1695146
-1694139
-1691884
-1681655
-1679472
-1668726
-1665511
-1658017
-1657022
-1655430
-1653393
-1650781
-1650227
-1635283
-1631030
-1619133
-1609402
-1607932
-1601008
-1594247
-1589789
-1587972
-1585229
-1584569
-1583162
-1582912
-1581344
-1576262
-1573477
-1568913
-1568324
-1567278
-1566843
-1566341
-1563776
-1555180
-1546965
-1542645
-1537057
-1536416
-1532081
-1531085
-1530655
-1529540
-1524981
-1524294
-1515654
-1508165
-1505529
-1487222
-1482732
-1477945
-1469284
-1453596
-1446684
-1446231
-1439680
-1437604
-1434324
-1427746
-1427341
-1425677
-1424482
-1419764
-1418769
-1410669
-1409019
-1403442
-1402620
-1399383
-1394691
-1394053
-1387872
-1385484
-1379072
-1377142
-1371712
-1356121
-1344668
-1341269
-1331999
-1317019
-1314028
-1308631
-1306355
-1302126
-1301125
-1288939
-1286597
-1281491
-1276497
-1270883
-1270385
-1262744
-1261778
-1252352
-1252200
-1248856
-1248307
-1242215
-1240110
-1236916
-1236765
-1232865
-1232544
-1230895
-1229003
-1221516
-1216676
-1214204
-1212949
-1210247
-1194946
-1193010
-1185684
-1175623
-1153093
-1142564
-1135727
-1134430
-1132041
-1131375
-1128222
-1127138
-1115693
-1114747
-1107685
-1101737
-1100566
-1091514
-1090425
-1089084
-1086668
-1078496
-1077505
-1076381
-1066674
-1065585
-1064466
-1057902
-1057778
-1056734
-1050069
-1041622
-1039282
-1038631
-1033629
-1033572
-1032399
-1030000
-1025974
-1024322
-1022878
-1022587
-1018750
-1014104
-1012803
-1008903
-999043
-997432
-988897
-985157
-984842
-984628
-983842
-977864
-974166
-972069
-971309
-963964
-960929
-958934
-956272
-945697
-943892
-943305
-939637
-933691
-924576
-924475
-921257
-915979
-913474
-903986
-899280
-891120
-887383
-886368
-882464
-877822
-877320
-874000
-871075
-859746
-858526
-856734
-855021
-853844
-852003
-843253
-832905
-831486
-831477
-830345
-828812
-815542
-812918
-812223
-812184
-805109
-802972
-802471
-791572
-785003
-779205
-778450
-777906
-777088
-776603
-770738
-761889
-761406
-759743
-758858
-754356
-752574
-752506
-752012
-750265
-749074
-743634
-742157
-741506
-737087
-736666
-728557
-727829
-727716
-723330
-718133
-709674
-705221
-703753
-695639
-685657
-680775
-679026
-672705
-669319
-665324
-665125
-661262
-655360
-644394
-640171
-638803
-621855
-615177
-601633
-594725
-593914
-590486
-585885
-585249
-580212
-574525
-574263
-572627
-570931
-570611
-565818
-562123
-553639
-543006
-532184
-523877
-520864
-520519
-519960
-515029
-514435
-513103
-505190
-503795
-498138
-490222
-487053
-484794
-481353
-478876
-456594
-447352
-434963
-429858
-428369
-425409
-423678
-418723
-415509
-414773
-409900
-408918
-405118
-404774
-403754
-392420
-389325
-364725
-357426
-354229
-345959
-333439
-330717
-329229
-316191
-311503
-304819
-296659
-292525
-288663
-280884
-273146
-260996
-255971
-254664
-243759
-240958
-237628
-237541
-233018
-232680
-232619
-227418
-226044
-218671
-213824
-198819
-185507
-178815
-178444
-169962
-166510
-166210
-164378
-161170
-159937
-156134
-155116
-151619
-145538
-144001
-136508
-134359
-132917
-132254
-130714
-129735
-122824
-119674
-113733
-109586
-106614
-105484
-103701
-102994
-100463
-95159
-89194
-87685
-87455
-72811
-63294
-61612
-59021
-46003
-44318
-34186
-24856
-21343
-21002
-20470
-18170
-16605
-16220
-11968
-11447
-10408
1882
3592
4095
13060
22203
30446
31614
35035
35246
37739
40138
40608
43422
46472
69172
69997
79293
81248
85313
87536
101489
105137
106794
107448
110540
112614
112701
114058
115348
136278
143493
144108
144701
154048
155174
155868
168479
169106
171315
173239
174266
175912
175976
185769
187827
190806
194825
197760
200448
209551
212436
215306
220080
227509
233318
242566
244543
245101
246474
246785
252658
254288
258152
265260
279873
282615
284837
287465
289147
291624
292664
296952
301853
306235
306434
307994
310261
316709
322235
323619
324881
331899
332533
333330
334636
336613
336998
346538
368976
370395
371761
376857
379231
381806
385706
386366
387087
387449
388671
390600
396243
401075
414614
419134
419529
419669
427663
430445
435360
436293
436897
443432
453170
453882
455522
459945
468285
477461
487843
492226
493144
496090
496536
497313
500522
501296
506287
507563
518093
519041
521182
525419
538499
541062
544530
547055
548973
555257
558416
558846
562691
563982
564402
565053
566218
567536
570536
570934
571709
573702
576519
577910
588367
591946
592491
594620
601851
601985
604270
606320
609120
610085
614221
616663
620193
621455
623913
624951
634713
649140
659510
665198
665626
669803
670389
671224
673055
673485
676064
684577
689479
691972
694955
696634
697298
698531
698674
699226
713329
721311
733083
733963
740733
740766
742231
742925
746618
749212
755827
758042
761790
763784
774298
777057
785180
787317
795461
796152
796740
806684
812980
821211
824572
826424
830825
834739
852018
852225
856025
859465
859731
861146
862833
867233
867731
875657
875724
875999
877982
886681
887366
890884
891760
910264
910480
915089
916629
921117
924448
926123
931686
941098
945515
950657
959781
961700
962628
963714
975783
977982
981273
993944
994074
995497
995993
997707
999276
999343
999715
1008870
1016675
1016736
1021117
1024236
1025366
1026783
1029501
1031462
1031872
1033055
1035524
1042238
1049182
1053099
1055025
1055618
1057475
1060495
1063179
1065494
1072141
1074569
1074848
1076045
1079266
1083285
1084192
1086381
1091229
1092155
1093977
1095707
1100476
1101696
1103148
1106640
1108410
1112533
1115113
1118381
1119142
1127002
1131021
1131455
1133938
1134785
1135510
1136153
1137527
1137814
1140998
1155110
1156390
1159197
1159531
1160588
1163739
1164238
1165996
1167003
1170643
1174266
1174833
1177284
1181447
1184694
1189364
1196837
1197876
1205245
1207544
1208038
1208401
1208766
1225597
1227213
1237897
1239529
1244654
1249160
1251363
1252666
1252926
1255009
1258151
1261294
1264301
1275162
1278023
1293878
1296371
1307493
1307927
1312649
1313363
1316276
1324463
1326318
1331422
1333469
1334524
1334667
1336780
1339594
1353979
1357441
1365329
1376923
1378329
1380990
1398275
1405013
1408760
1414038
1414604
1414739
1414843
1419857
1423269
1428614
1431783
1432235
1447239
1452847
1457004
1459635
1462341
1469880
1473227
1473915
1474609
1476990
1480013
1485176
1487319
1493827
1502369
1502721
1504597
1520543
1526033
1529464
1531655
1533409
1535107
1535725
1536735
1537904
1538759
1542104
1545406
1545682
1549024
1554257
1564306
1567624
1568965
1569005
1569334
1570195
1571180
1588672
1589571
1593751
1602347
1607289
1607339
1608730
1617083
1619178
1621035
1627560
1634516
1636614
1645159
1655731
1657234
1665861
1668471
1675203
1675431
1681399
1682210
1684721
1698437
1707229
1712592
1717439
1724214
1725474
1726881
1727478
1740559
1743925
1749943
1750105
1750624
1751399
1752416
1754892
1759756
1763987
1766287
1767247
1777725
1778164
1781309
1783594
1784478
1805450
1806201
1808761
1815743
1819869
1822187
1824750
1829372
1831365
1833502
1840749
1840968
1843959
1848747
1855546
1859124
1862257
1866171
1868556
1869239
1873650
1874282
1880121
1881933
1882641
1887751
1890720
1891686
1892065
1892647
1895019
1902158
1903772
1905562
1913012
1913933
1914492
1922787
1928322
1936411
1938280
1942433
1948994
1951877
1952500
1960345
1973278
1977890
1985057
1986936
1987176
1992386
1994970
1998655
