-1998765
-1993714
-1986351
-1982561
-1981556
-1979258
-1978295
-1977464
-1970774
-1970277
-1969406
-1967063
-1959122
-1956849
-1955876
-1955827
-1950406
-1941770
-1938147
-1932260
-1920668
-1914487
-1904045
-1903146
-1899511
-1894864
-1894810
-1894457
-1891009
-1890144
-1888855
-1879102
-1876572
-1865855
-1864717
-1848532
-1844891
-1844352
-1843777
-1830280
-1826500
-1825117
-1824263
-1820300
-1817699
-1816753
-1810274
-1807812
-1805826
-1800149
-1794174
-1793590
-1791751
-1791452
-1790246
-1776816
-1773942
-1773917
-1766923
-1764694
-1764611
-1763770
-1755483
-1741035
-1736451
-1736364
-1733180
-1728168
-1722872
-1722159
-1720866
-1710753
-1707372
-1699506
-1691252
-1688445
-1686734
-1685327
-1684354
-1682358
-1674291
-1663249
-1661250
-1656950
-1656465
-1649286
-1646622
-1644383
-1641409
-1637985
-1637485
-1631760
-1631512
-1629547
-1629546
-1626876
-1620070
-1609018
-1606988
-1603894
-1600468
-1599547
-1592861
-1580124
-1579453
-1578349
-1568266
-1566301
-1565963
-1561795
-1561401
-1559868
-1550584
-1550553
-1549764
-1549670
-1545757
-1534027
-1533249
-1531931
-1529944
-1518037
-1516288
-1513107
-1512686
-1512106
-1507326
-1504175
-1500984
-1497823
-1495706
-1492695
-1485610
-1478445
-1475320
-1468977
-1466877
-1462225
-1461678
-1452076
-1449889
-1440387
-1434906
-1433109
-1430602
-1430216
-1430002
-1426829
-1423549
-1413740
-1406985
-1405710
-1394384
-1386733
-1376431
-1365986
-1358682
-1353127
-1349050
-1339952
-1336729
-1333933
-1328783
-1327493
-1321732
-1318396
-1317306
-1313001
-1312425
-1311359
-1302326
-1302302
-1295952
-1294582
-1292401
-1290691
-1281430
-1279122
-1279043
-1275627
-1273762
-1269552
-1267253
-1261034
-1257567
-1249253
-1246414
-1245722
-1243797
-1238458
-1236688
-1236257
-1229664
-1226051
-1218351
-1215921
-1211775
-1211491
-1201125
-1198260
-1196137
-1191255
-1191039
-1190056
-1189227
-1188034
-1185077
-1182210
-1181986
-1179340
-1169906
-1160654
-1156201
-1155896
-1155304
-1152700
-1146570
-1139474
-1137581
-1127119
-1120880
-1116010
-1115218
-1085465
-1084875
-1084835
-1077455
-1073061
-1064499
-1058988
-1058096
-1052869
-1051055
-1049886
-1046591
-1039302
-1031352
-1025161
-1023166
-1021162
-1017051
-1014149
-1010941
-1008788
-1002453
-1001689
-990536
-989206
-983952
-983505
-979108
-974741
-973191
-971340
-970368
-965645
-962723
-962071
-958221
-949465
-946688
-946023
-944232
-939718
-938541
-931788
-927703
-923864
-921260
-920306
-919135
-916345
-915529
-899956
-897441
-895334
-873605
-867997
-866765
-863148
-862951
-859800
-858105
-858083
-846791
-838306
-837451
-837366
-833866
-823917
-822131
-799837
-793694
-792474
-791350
-788971
-784151
-780235
-778527
-777755
-774003
-769342
-766345
-759952
-755847
-749940
-745877
-744694
-743442
-742517
-740901
-740413
-736462
-734342
-732521
-731289
-725106
-719956
-719570
-718278
-716804
-714498
-713966
-710668
-700149
-699021
-698033
-689243
-687261
-686498
-686066
-676320
-666830
-664538
-662127
-656321
-655888
-652805
-645701
-625490
-624133
-608848
-607450
-603741
-596137
-595474
-590595
-590544
-587705
-584120
-579243
-575521
-573952
-572720
-566995
-564451
-562944
-558319
-550080
-549470
-548129
-546310
-544398
-537579
-531874
-531540
-529064
-528776
-527809
-525525
-519363
-515597
-511968
-507948
-507430
-504988
-503259
-500232
-496798
-493783
-488952
-485730
-483401
-483358
-473099
-469885
-462702
-461486
-454706
-451170
-448151
-446853
-444601
-440635
-433403
-430006
-429897
-427353
-423004
-422406
-421317
-420957
-404198
-404023
-397653
-395884
-388326
-379867
-379507
-379474
-379101
-378134
-376882
-376679
-361464
-360351
-350929
-347454
-343141
-342877
-336338
-333629
-327445
-321817
-321722
-321035
-318744
-312691
-306155
-304477
-304331
-301405
-299627
-296051
-287631
-286454
-285727
-279140
-278568
-270472
-268842
-268781
-264581
-263808
-260770
-258806
-255471
-254241
-250480
-243259
-234378
-226001
-225681
-223593
-223508
-223174
-221430
-211993
-196986
-195379
-191867
-183021
-182866
-181535
-176342
-169893
-167042
-166756
-159719
-159433
-154203
-150147
-144298
-133212
-126010
-124382
-122364
-119902
-116199
-114586
-109624
-107407
-101069
-99844
-99508
-96821
-91857
-83037
-82046
-69134
-58102
-56083
-55281
-54628
-47946
-42706
-34832
-31471
-23562
-22115
-19554
-18179
-11815
-5159
-3595
1741
3090
7535
7845
8664
9021
10238
12753
16883
18667
25705
30925
39313
39600
43859
46338
49388
51147
51498
52525
52715
53389
54214
58899
59547
59981
61162
66301
76226
81144
87481
94227
106648
116336
117226
121148
130327
131022
149429
152345
154648
163694
165197
167464
172628
182511
184024
194430
198981
199532
201211
204790
208424
210805
212319
213190
213888
217759
219156
227325
232619
234581
241547
244946
250424
250715
251360
257347
268336
268441
274290
285862
287023
292250
299742
301169
302236
311733
314192
318592
324744
326086
326933
330555
333850
354127
355943
357488
358205
364527
365411
365456
366928
367269
371828
373700
375443
380746
384964
387119
394656
395593
398123
405658
419150
420104
422543
435779
441812
454637
458857
460215
461729
479817
491010
492836
493615
495081
497146
504665
505317
512567
513035
521743
528784
529766
535336
542300
546653
553345
553415
558378
562684
563403
569458
591345
593007
594230
594425
601262
601550
606891
610445
615470
623551
626229
630400
636079
637087
642150
642786
653011
656268
669533
671486
681076
687381
687794
690916
693408
696635
698288
700532
703421
711203
716860
716988
718848
724986
726148
736350
744898
747758
756667
758050
761585
765792
766754
768581
768783
773424
774789
774984
780382
783086
783282
784853
787214
789993
794143
799354
806631
810571
812496
814227
816949
823889
825263
828081
832969
834751
837509
837740
837807
840721
842220
842705
845439
846812
849747
852836
857210
857689
858737
862952
866219
871703
875346
877313
879870
888110
888354
888569
889597
894668
903943
904736
907763
909896
912511
920923
923198
927955
930160
932159
940651
942601
948268
951685
951727
953286
955100
963606
964740
965728
969085
975493
979057
979554
981770
987735
988587
991926
1001599
1003011
1004243
1010429
1013062
1014662
1016461
1021739
1024096
1024660
1025384
1029177
1040606
1046514
1047071
1052406
1055309
1059535
1060359
1061290
1068715
1069539
1077168
1078502
1088498
1113735
1118883
1123396
1123922
1124526
1125395
1127088
1130249
1149040
1158633
1176316
1186009
1188141
1189062
1189606
1190862
1201744
1203912
1216608
1221668
1222390
1226161
1226656
1226860
1227020
1236916
1242031
1244645
1246584
1248804
1249492
1255148
1255395
1261284
1272601
1279873
1280545
1287848
1287989
1290095
1295395
1295442
1296111
1298265
1299963
1303314
1305226
1315499
1316779
1328450
1331302
1333838
1334600
1346194
1349811
1353702
1360601
1363487
1381475
1390341
1394381
1397000
1400561
1401809
1405176
1405429
1410967
1411719
1417547
1420796
1422743
1423754
1424202
1424550
1434128
1439168
1443020
1444083
1454557
1464465
1469033
1487141
1506669
1508246
1511532
1513625
1521860
1527319
1531610
1541381
1543224
1543369
1547227
1547673
1561529
1561779
1562464
1568426
1572385
1572695
1574899
1576497
1576683
1579007
1582682
1587234
1591092
1592022
1596223
1597873
1606164
1609535
1611336
1613611
1616093
1618855
1621123
1622874
1624159
1625411
1627613
1630506
1632167
1634654
1636370
1637185
1638114
1642707
1649715
1650470
1651316
1654978
1655213
1655929
1660618
1664391
1665628
1665637
1672554
1685716
1689541
1695107
1695622
1697486
1715772
1717099
1730619
1732668
1739107
1741894
1743110
1745707
1752897
1762009
1762369
1766835
1767936
1776475
1777013
1777741
1779631
1783114
1784145
1786250
1787242
1789394
1790633
1792044
1793845
1795684
1799095
1804464
1817280
1823639
1825282
1829232
1833038
1841517
1841568
1844565
1846580
1847060
1848350
1849280
1849936
1852370
1853785
1858143
1859423
1871067
1873231
1878663
1897052
1898133
1899665
1901625
1903947
1904627
1905540
1908492
1909817
1925538
1940648
1945702
1946425
1947284
1948416
1950024
1951856
1954714
1957092
1967075
1973490
1974129
1979489
1996778
1999793
