-1999335
-1997356
-1978519
-1976689
-1976261
-1971460
-1961216
-1958399
-1953862
-1950851
-1947615
-1942076
-1941458
-1940934
-1937123
-1936372
-1935461
-1926712
-1925885
-1925301
-1920351
-1920313
-1918020
-1915736
-1915265
-1913450
-1910178
-1910046
-1902964
-1898671
-1884318
-1877510
-1875864
-1875630
-1874977
-1870581
-1855586
-1844843
-1844481
-1844426
-1842314
-1842027
-1838897
-1835569
-1831498
-1830279
-1828242
-1827355
-1826188
-1824494
-1823357
-1816641
-1813010
-1812384
-1807437
-1796662
-1795743
-1785597
-1784968
-1779445
-1778478
-1777336
-1775619
-1772151
-1770382
-1770377
-1755848
-1747691
-1746781
-1742304
-1741053
-1740484
-1735220
-1728675
-1727098
-1726651
-1717372
-1715262
-1712813
-1709417
-1704196
-1692970
-1685703
-1679396
-1677600
-1677544
-1666312
-1655058
-1649203
-1643899
-1629678
-1626662
-1624314
-1620318
-1617945
-1612266
-1603874
-1603212
-1599596
-1599246
-1597660
-1595365
-1593005
-1590295
-1589344
-1587583
-1586889
-1582023
-1580526
-1573963
-1566336
-1565449
-1565004
-1564518
-1551221
-1548756
-1546167
-1545245
-1543602
-1536099
-1534993
-1532659
-1531096
-1527994
-1525397
-1522986
-1519891
-1517617
-1508003
-1502503
-1497937
-1496257
-1496125
-1494270
-1487672
-1486490
-1486329
-1484934
-1484760
-1469764
-1466629
-1465969
-1461203
-1459439
-1453960
-1450369
-1450139
-1449593
-1447412
-1444711
-1444470
-1443930
-1443595
-1443425
-1440198
-1435246
-1434867
-1421658
-1421055
-1414585
-1414564
-1412088
-1404418
-1395343
-1390516
-1382530
-1381546
-1380000
-1375530
-1374994
-1366457
-1362187
-1355171
-1353901
-1352379
-1348121
-1347943
-1340007
-1336527
-1333162
-1320769
-1319846
-1316623
-1292145
-1288658
-1288333
-1286783
-1281894
-1276167
-1272807
-1268047
-1262336
-1256596
-1256149
-1255531
-1254948
-1250437
-1247006
-1240699
-1240068
-1226212
-1211264
-1208994
-1206024
-1203980
-1199678
-1199039
-1194037
-1187124
-1176431
-1167283
-1166096
-1156731
-1156012
-1148116
-1144420
-1143187
-1130049
-1129053
-1108902
-1107603
-1097956
-1092373
-1090924
-1088616
-1086513
-1084681
-1083954
-1081770
-1075027
-1075025
-1068656
-1064239
-1056051
-1054437
-1051083
-1049883
-1048681
-1044173
-1043865
-1042757
-1038279
-1036354
-1034133
-1027839
-1023062
-1020735
-1020531
-1016229
-1012563
-1007651
-1006746
-1002747
-1001301
-998809
-997056
-995243
-992834
-991370
-985408
-977755
-972414
-971612
-970602
-969084
-969050
-966698
-964332
-963718
-959716
-957472
-954767
-947894
-945664
-936196
-934835
-932215
-930949
-929528
-924089
-917838
-911915
-894255
-892480
-890776
-889932
-884427
-883981
-882408
-880126
-876661
-876002
-872352
-872164
-867572
-858937
-839190
-834070
-826735
-826516
-814183
-806441
-804334
-794245
-793231
-790625
-788178
-775465
-775248
-771065
-765416
-761971
-757148
-754917
-749117
-748384
-747077
-746091
-745836
-736202
-735321
-729362
-722742
-721989
-721918
-718894
-714151
-713598
-707783
-704966
-700920
-693860
-693837
-682600
-673592
-669210
-666538
-657687
-657682
-655548
-645691
-644170
-641753
-640208
-638655
-637712
-637513
-635019
-633798
-633124
-624318
-617208
-610949
-606902
-605818
-605545
-602428
-601694
-599376
-599000
-595395
-595069
-590277
-588232
-585605
-585565
-581274
-579821
-567584
-567577
-566834
-555229
-554397
-553935
-552754
-551514
-550178
-542600
-518146
-515471
-512784
-508943
-508489
-501976
-498753
-498458
-490043
-483638
-480349
-472716
-469410
-465609
-463635
-449806
-446673
-444841
-436905
-436851
-432531
-424365
-421737
-415981
-414738
-413747
-407141
-403361
-403099
-402411
-400002
-399660
-395574
-394085
-390608
-384582
-378554
-375927
-366001
-361529
-357681
-353307
-347740
-346025
-340991
-339933
-336041
-335158
-333364
-332940
-329163
-324439
-323950
-319369
-312676
-312554
-305098
-304649
-295844
-292850
-274949
-274859
-266766
-264087
-262655
-254432
-250035
-250033
-246759
-232461
-228400
-227680
-227038
-225406
-224653
-221872
-219202
-208793
-204680
-184471
-178280
-174919
-173008
-172612
-172418
-169240
-165855
-156061
-151188
-146779
-132522
-130605
-127442
-127280
-120846
-115683
-114785
-98223
-95900
-95456
-93964
-93530
-91842
-83458
-75538
-67225
-66203
-65811
-65344
-62341
-58775
-58369
-54727
-49930
-45909
-45249
-40430
-34375
-33459
-32566
-31468
-16335
-14939
-3600
3176
4857
5450
7403
7444
10001
10111
14762
14940
24545
32490
35278
45033
46191
49543
52067
52301
57722
62069
65752
67421
76582
77203
89036
93554
112866
112902
125293
126420
133267
133700
133738
144336
147216
147732
149754
156404
161328
161753
183102
183414
184534
187844
200248
202864
208503
208846
214615
215559
216376
224858
234099
241911
245797
250678
252635
253762
267592
271722
276012
277414
280746
292439
292821
300157
308509
324597
327900
336522
337738
339778
347933
352203
358802
363143
363578
364075
378553
380006
383127
385448
392111
393634
398172
404634
406680
414648
422256
423487
425549
425653
432846
440436
450387
454939
468037
469993
473398
475139
478517
482570
484607
493040
493594
493908
496547
507956
510470
516777
517781
518468
518703
521889
522491
524490
526274
526777
529996
533089
534563
536590
542345
543899
545346
547503
547569
548284
550151
556674
560024
560094
560125
562723
564296
564622
570807
574975
578619
578816
578867
590534
593612
603489
606439
610731
611486
613364
618068
626520
635353
635383
637915
640226
655698
672922
673432
674698
675244
682368
683974
686729
696222
697614
698352
701929
704099
708001
710906
717198
718630
718911
731122
736524
737010
737488
741784
743440
745689
755576
758232
758339
761967
767556
773930
776983
777117
778375
781049
781103
785399
788563
794352
798437
801176
807532
813883
816337
818442
821269
822648
824910
826300
833448
835688
839376
842118
843339
849884
851953
867473
869811
871042
871813
872326
872896
877767
878549
881683
882577
884577
887594
889600
893415
896225
897050
903248
905211
907878
914293
916182
917762
918180
919536
920466
922959
928575
935075
935823
937302
943363
944320
944735
944744
946777
947302
952121
959480
963172
965317
966044
970101
975490
978366
985423
993605
995623
1000107
1003990
1006198
1016394
1016550
1019239
1019891
1024395
1026014
1026487
1029924
1033387
1050307
1050897
1052470
1053336
1056090
1059067
1062537
1073079
1081221
1089072
1091416
1095126
1095603
1105326
1106024
1106809
1113308
1114417
1120942
1123961
1126152
1128193
1132552
1137821
1139575
1143018
1144095
1147254
1157739
1164861
1165072
1170760
1172021
1172668
1179143
1182077
1184718
1189903
1190671
1198627
1198941
1200066
1208555
1217873
1234490
1235432
1245638
1247390
1251454
1252145
1252253
1258908
1260195
1272984
1278842
1281231
1284890
1286308
1287671
1294053
1302417
1316886
1328267
1339625
1342529
1342704
1345891
1357371
1357939
1359285
1359987
1364509
1365900
1369031
1369630
1373860
1374741
1383552
1400314
1400488
1407670
1413742
1416722
1419373
1423281
1423445
1434346
1434625
1434709
1437316
1439884
1448420
1456248
1457933
1459562
1461315
1461470
1464010
1467215
1469068
1469983
1473583
1486654
1487474
1488728
1490846
1491019
1495770
1497415
1509126
1510456
1518811
1534328
1535167
1541967
1542512
1547319
1549652
1551149
1551501
1558203
1558512
1565041
1565398
1567068
1568363
1571553
1578995
1585771
1586555
1589568
1597005
1597645
1600623
1611977
1624264
1626395
1632067
1635441
1635680
1641371
1647501
1651510
1655864
1665198
1671308
1674651
1676057
1685449
1687839
1692940
1703833
1708975
1713567
1721997
1724145
1730109
1732060
1734952
1735496
1749650
1750762
1754871
1755880
1759291
1762400
1763080
1763833
1764323
1769484
1770158
1774919
1775046
1788213
1788923
1789706
1792230
1796057
1797090
1798209
1799080
1801583
1806165
1812440
1813839
1821470
1831173
1836391
1839075
1840600
1840897
1843008
1843237
1848430
1849001
1853655
1858197
1866242
1873534
1884619
1885443
1887310
1891561
1897498
1897546
1897565
1900824
1906954
1911346
1912143
1913706
1920287
1921308
1925773
1928609
1933452
1934396
1938330
1939604
1940076
1944696
1952098
1960034
1967919
1968585
1971170
1975524
1979734
1984456
1996218
