-1995902
-1994242
-1988524
-1980703
-1976509
-1974737
-1969552
-1968858
-1963684
-1958997
-1957633
-1951304
-1944237
-1943037
-1934266
-1933935
-1929975
-1926632
-1924715
-1923662
-1919513
-1918999
-1913496
-1908789
-1906898
-1890745
-1890481
-1882446
-1878517
-1876414
-1871406
-1871207
-1870603
-1865859
-1857265
-1856846
-1856664
-1854929
-1848184
-1848000
-1844367
-1832535
-1826371
-1826352
-1825588
-1821270
-1817401
-1813904
-1813197
-1810141
-1805648
-1799020
-1797604
-1797297
-1796701
-1795919
-1794314
-1792477
-1766109
-1755980
-1753036
-1742249
-1736645
-1736483
-1734458
-1733316
-1732665
-1725851
-1724797
-1716967
-1716440
-1711885
-1710145
-1695766
-1682879
-1681878
-1676968
-1676283
-1669686
-1663800
-1663129
-1661753
-1657922
-1646693
-1641010
-1629045
-1626437
-1622697
-1622492
-1608120
-1605158
-1594871
-1594807
-1583064
-1579361
-1573733
-1572813
-1569721
-1568105
-1564612
-1556443
-1553704
-1552604
-1540592
-1536602
-1535595
-1531308
-1530420
-1529480
-1529250
-1527086
-1524639
-1522840
-1517875
-1503508
-1503310
-1502634
-1495480
-1494779
-1489605
-1486034
-1484339
-1477355
-1475551
-1469114
-1467392
-1466383
-1464455
-1458920
-1438661
-1433634
-1427660
-1418024
-1407768
-1406512
-1405838
-1403546
-1397132
-1384918
-1384711
-1381697
-1375993
-1373529
-1367931
-1367619
-1367231
-1365628
-1362543
-1358441
-1352821
-1349883
-1349101
-1348159
-1342344
-1340255
-1325404
-1319838
-1317867
-1317564
-1317348
-1312772
-1299625
-1292582
-1284996
-1284786
-1284716
-1283295
-1282524
-1276042
-1275537
-1275319
-1272593
-1268908
-1268364
-1267261
-1263717
-1255328
-1249417
-1239090
-1237763
-1233544
-1231338
-1229638
-1223507
-1221896
-1218921
-1216298
-1209872
-1202827
-1195040
-1194551
-1191947
-1188595
-1177365
-1175029
-1172294
-1171775
-1169747
-1169082
-1168936
-1168048
-1159477
-1158615
-1153753
-1153256
-1152375
-1152286
-1144653
-1142837
-1139228
-1131098
-1129939
-1128409
-1126248
-1118025
-1113045
-1111586
-1110177
-1109955
-1105283
-1102937
-1102106
-1098602
-1095941
-1095041
-1094415
-1093838
-1070234
-1062432
-1061312
-1060788
-1058268
-1057950
-1054970
-1051732
-1043689
-1043402
-1037481
-1031525
-1027363
-1026875
-1024398
-1022960
-1020839
-1012623
-1010025
-1008639
-1005133
-1000336
-998161
-989704
-978173
-976314
-966006
-965053
-962125
-956108
-954106
-952308
-943779
-938978
-937701
-936799
-932277
-929903
-929355
-920490
-914329
-906734
-905930
-899459
-895607
-890959
-890308
-889349
-884221
-878510
-872959
-868427
-861708
-859951
-853009
-852000
-841132
-835098
-824570
-819868
-817436
-809011
-803659
-798929
-798215
-792770
-791477
-790924
-782534
-779674
-778723
-776934
-775399
-765321
-765126
-761474
-755182
-754094
-748105
-747867
-746977
-745938
-743637
-739874
-733322
-729404
-723333
-720624
-714839
-713258
-710904
-709955
-708644
-703815
-700940
-697551
-697085
-696556
-695453
-692696
-689543
-688169
-680235
-677962
-669328
-666822
-663299
-643116
-641953
-638733
-634638
-633781
-625387
-614242
-611213
-609693
-608624
-607950
-603583
-591015
-588986
-583419
-582581
-582511
-578509
-574998
-571620
-557790
-556210
-554497
-553609
-547998
-539464
-538698
-536014
-525532
-523108
-521711
-519209
-514506
-510945
-506051
-503796
-502695
-502113
-496776
-492850
-492627
-491447
-487805
-487651
-478669
-470423
-467847
-464951
-456538
-456382
-453092
-451130
-450391
-448757
-445205
-444122
-441757
-433785
-431744
-427060
-423301
-413502
-411662
-409520
-408343
-395047
-387915
-380384
-380308
-377386
-375822
-362460
-359536
-358745
-357648
-349664
-347082
-345184
-337303
-336747
-327095
-317043
-315207
-314062
-309048
-306724
-305848
-304129
-298346
-296836
-296458
-292151
-292036
-289039
-285016
-284621
-281307
-280833
-269503
-263440
-251834
-244305
-241004
-239236
-235541
-230491
-230144
-224103
-223263
-221833
-216817
-215809
-200669
-194862
-181039
-180086
-174926
-170810
-170436
-167920
-145367
-141686
-136526
-132071
-117904
-108876
-105844
-102090
-98405
-94349
-88435
-84844
-73319
-65839
-59667
-59521
-57593
-56525
-54906
-54344
-49016
-48338
-47410
-46378
-45383
-41878
-41414
-29248
-28770
-22344
-21321
-13904
-3875
-2567
-1137
11998
25960
26877
28347
29461
30452
37487
38651
40069
45142
48304
51590
52703
53427
60658
60696
63252
67390
70570
72971
79907
86307
86747
87165
87334
90465
91335
93635
93721
101702
105966
111003
111777
115366
122595
128779
132479
133744
140059
140200
142521
143827
145533
145777
146324
152683
152698
158027
159946
160889
166640
167008
177144
183425
184151
185549
195148
195580
196308
198145
200581
205161
206927
209852
228653
231368
233274
236089
236307
241070
247052
249853
270539
286010
302036
302549
310388
313132
313266
313679
313981
319326
326703
328933
330267
332784
333198
335299
348723
350945
351645
353832
359262
360049
362752
364365
366601
376440
383208
389152
389563
393365
397607
404546
414454
420748
423032
425103
425399
425726
426349
434896
436671
439566
442326
454684
457670
463398
463573
477903
482370
482485
489567
489787
492001
494113
498038
498974
499293
505619
507413
507730
513398
518333
527516
528023
532122
535545
541028
541218
551407
551752
564443
566979
576762
578192
580051
585523
585712
589780
591579
593845
595490
596253
599643
600384
603475
612498
614937
619818
632632
640208
647746
648391
658738
661354
665854
671110
675097
683256
685708
687957
693072
695339
709375
710052
714263
722986
724331
725720
731267
734792
737791
738237
745086
753806
753967
756832
756836
776679
778326
800372
803324
812405
813838
819095
824731
825811
827726
828332
836062
836140
842421
845856
848539
852921
856710
861109
862297
867967
870995
874998
883542
883851
890498
890697
896271
916266
925660
926808
930700
931378
932435
951488
957384
971433
971598
973596
975887
976410
977473
978921
981374
984115
985338
988548
989437
991484
993702
993814
995700
996968
997984
999320
999977
1003876
1010730
1013385
1019560
1022874
1029015
1029064
1034672
1036332
1038070
1038905
1048862
1051428
1062184
1067031
1069005
1079114
1079858
1084278
1085883
1086988
1093753
1101474
1105813
1107817
1112474
1113466
1114787
1117759
1125341
1126068
1136255
1145242
1147046
1164897
1169015
1170511
1173672
1175168
1178727
1181301
1181340
1188376
1189869
1190192
1191524
1192734
1196131
1199373
1210781
1213158
1225925
1229445
1232132
1235474
1238672
1243081
1248296
1253936
1254851
1256270
1259835
1266254
1272177
1276162
1278848
1280204
1281449
1283252
1284418
1288521
1294314
1295574
1298158
1300233
1301246
1305190
1309960
1323800
1328448
1329779
1330256
1331921
1332308
1333060
1334700
1339756
1339936
1340169
1341365
1346403
1349619
1353471
1353499
1356387
1361795
1364279
1367556
1368056
1370043
1371046
1390165
1390929
1393603
1398721
1405375
1418918
1432659
1434394
1446895
1448331
1452363
1464624
1467249
1472203
1478241
1487034
1489321
1503099
1505991
1507909
1507999
1517272
1517317
1523641
1524403
1525549
1532000
1538354
1545097
1547473
1548232
1550241
1550995
1551611
1552366
1554641
1557958
1563295
1563745
1573184
1576068
1582358
1587754
1589491
1592734
1595433
1595466
1598851
1599667
1601650
1605845
1607890
1614380
1618052
1628212
1635573
1637421
1637973
1638488
1641361
1643131
1654187
1654858
1657656
1669184
1669867
1669908
1675051
1675256
1676206
1677229
1686988
1688719
1690801
1695521
1695943
1699801
1700470
1702438
1711071
1714797
1716912
1718537
1719904
1722699
1737797
1741774
1745935
1749550
1751719
1761171
1761882
1762248
1765755
1766816
1767421
1772449
1775378
1775717
1778317
1779402
1780614
1781574
1788303
1796043
1797677
1797919
1801906
1811003
1813174
1817981
1834488
1839004
1841437
1841548
1842570
1846090
1846268
1846500
1848831
1850071
1850710
1864365
1867739
1874953
1875003
1877653
1879525
1881523
1887527
1890858
1895188
1895565
1899794
1910335
1910422
1916467
1917780
1921004
1921165
1921317
1924060
1933599
1939074
1942153
1946489
1949258
1951285
1951727
1951949
1956074
1958809
1959620
1960275
1964339
1975620
1977094
1981047
1987857
1992648
1993037
1994145
1994701
1995310
1996386
