-1997234
-1993521
-1985508
-1983901
-1983320
-1982195
-1976300
-1976069
-1972538
-1972411
-1967427
-1964335
-1957235
-1955962
-1955253
-1949914
-1946139
-1944605
-1943264
-1943120
-1936405
-1930202
-1929852
-1929235
-1924885
-1924800
-1915968
-1915914
-1912426
-1912404
-1908714
-1900749
-1895470
-1891778
-1869981
-1868698
-1864333
-1856020
-1852346
-1852274
-1846926
-1839051
-1836379
-1833538
-1814539
-1812225
-1809376
-1807421
-1806799
-1806545
-1803773
-1803723
-1802995
-1800639
-1795837
-1793511
-1780246
-1775492
-1773795
-1773095
-1770107
-1765882
-1757924
-1756880
-1750551
-1745208
-1744784
-1741551
-1738598
-1736338
-1735296
-1734591
-1727600
-1727407
-1722951
-1720506
-1720021
-1719186
-1718771
-1704148
-1702348
-1701814
-1695721
-1694482
-1693027
-1691994
-1691784
-1685837
-1675713
-1674503
-1672263
-1662672
-1662113
-1660716
-1649540
-1647925
-1647540
-1643026
-1641216
-1636876
-1633598
-1632004
-1626960
-1622285
-1619763
-1618748
-1617155
-1614040
-1604134
-1602394
-1599919
-1598549
-1598384
-1595384
-1594115
-1586645
-1584712
-1581163
-1573466
-1573190
-1566216
-1564986
-1561442
-1561011
-1558811
-1547375
-1547320
-1546188
-1545451
-1536691
-1533728
-1529730
-1522661
-1520835
-1515448
-1506118
-1505840
-1504662
-1483032
-1482154
-1480986
-1476451
-1471120
-1469613
-1462071
-1456952
-1456109
-1452361
-1450095
-1441036
-1440609
-1440152
-1439323
-1435460
-1430451
-1428590
-1428563
-1426928
-1425728
-1422312
-1419859
-1413777
-1399920
-1399851
-1397237
-1397174
-1394618
-1389201
-1385305
-1383436
-1383277
-1382112
-1380192
-1370131
-1369750
-1366708
-1365787
-1361556
-1361109
-1359036
-1358732
-1349370
-1348764
-1347370
-1345409
-1341268
-1336692
-1329004
-1322023
-1315956
-1313543
-1311703
-1305650
-1303175
-1302553
-1300229
-1297110
-1293340
-1275981
-1266997
-1263831
-1257722
-1253621
-1250057
-1247573
-1238927
-1237717
-1236822
-1204203
-1199020
-1186552
-1183564
-1183150
-1174268
-1170526
-1170446
-1160297
-1156942
-1154165
-1143935
-1143233
-1133881
-1122779
-1112521
-1106127
-1106049
-1100125
-1092045
-1089665
-1083190
-1082865
-1080889
-1080458
-1079470
-1075295
-1068829
-1067885
-1059190
-1058306
-1057382
-1056325
-1050060
-1038361
-1038323
-1034661
-1014136
-1008873
-1003248
-1001912
-992680
-991885
-988615
-980928
-964191
-960946
-959088
-958579
-956120
-945870
-943973
-932624
-931845
-924277
-922420
-920835
-915937
-908765
-896168
-891467
-889774
-888053
-886054
-880085
-878210
-869448
-858614
-845799
-838565
-826939
-822374
-820595
-819539
-808816
-798007
-794366
-790199
-781631
-778298
-775221
-775121
-774853
-774723
-761323
-760837
-758187
-748225
-744385
-744090
-737536
-736357
-729282
-714935
-713734
-712345
-709616
-704402
-699864
-696642
-696266
-693363
-690301
-689384
-684145
-682189
-671753
-670231
-664448
-655514
-654611
-654503
-645873
-643494
-640073
-630719
-630422
-627218
-622623
-622327
-620416
-619942
-619820
-614404
-614203
-612931
-607561
-602039
-601478
-598204
-594002
-593862
-584311
-582385
-579412
-577569
-571240
-566512
-564947
-563394
-562715
-562123
-560082
-554926
-552663
-547560
-543378
-539762
-520413
-513941
-501104
-496476
-491065
-488262
-474419
-474234
-474081
-469156
-468634
-467381
-466660
-466206
-464702
-457219
-447554
-444335
-443952
-442174
-440358
-439766
-438931
-438865
-435698
-429783
-422318
-418692
-416292
-414518
-410889
-407510
-399636
-395338
-382127
-382058
-381274
-380917
-370485
-363715
-350021
-349912
-349578
-346375
-343305
-342022
-338216
-336125
-330477
-326026
-322507
-314875
-307855
-302822
-302453
-301052
-298358
-291472
-282988
-282910
-278235
-273489
-269041
-267445
-261616
-257012
-247637
-246762
-244987
-243085
-236434
-233773
-213178
-208434
-202230
-199406
-199152
-195499
-194379
-193716
-192429
-189410
-184824
-183631
-180186
-176610
-168017
-163922
-163301
-159333
-148191
-143945
-139157
-136659
-127477
-124685
-122702
-111441
-110105
-104231
-101547
-97180
-91257
-89100
-88912
-86917
-82182
-80247
-77481
-70904
-70523
-69609
-68307
-67568
-67140
-62609
-57703
-54786
-54730
-53622
-50021
-47569
-43736
-27453
-18896
-16686
-14702
-13663
-8247
-6946
-1980
4166
9889
29527
33337
39700
41436
45068
47422
51719
55464
56801
61063
68038
69426
72622
74038
78232
83396
84827
85755
95752
97467
100970
112333
112640
115512
118114
118858
121074
121813
129094
136997
139376
140426
141368
145578
148242
149477
152614
157811
158185
160868
161196
174586
176907
178336
180465
182738
189376
198285
211644
211861
212977
235975
242729
243537
257077
257599
258152
264534
274712
276873
281542
282333
289770
293666
294355
297697
298694
298906
305169
326662
329007
334099
334599
343504
344946
346316
349969
351959
366316
369595
369782
374844
381896
386482
389836
389844
392825
394890
396625
405206
405520
406202
410109
415351
416099
431878
432745
443423
444126
446393
448654
449262
450790
455740
456502
461880
462090
463013
465470
467783
468667
469453
481825
488420
505757
510960
517304
523484
527590
532677
537353
537431
544734
553480
564040
566037
567440
570554
573552
575710
581803
584815
585744
588232
589886
591396
595603
595829
600112
601469
605517
607399
617992
628473
632828
636157
636885
644930
646733
646823
650934
655110
664509
668101
675755
679779
688594
689917
691791
692452
694830
702834
704677
709914
715406
719562
719683
721618
731667
737252
743129
743484
745023
746076
748548
751182
753526
756151
766784
766939
782563
783030
784944
793145
796335
797863
806086
807119
807213
814750
815682
822368
823062
823797
824168
824947
828198
829447
832292
837183
838720
839336
840644
840699
843663
844444
846246
850718
851327
854127
856136
856550
858591
865175
868319
868638
871831
875899
877131
880701
881410
884467
884888
885333
889798
899562
906088
919919
921960
922221
923443
923487
932481
933204
933494
935637
937654
939338
944775
945235
947049
949223
949366
958471
959110
959463
960993
967297
970854
975163
976245
977708
984167
988996
994611
1001311
1007508
1008006
1010963
1016416
1017188
1019610
1024365
1030107
1031482
1032652
1034714
1045353
1049411
1068719
1068721
1069779
1075577
1076381
1076970
1078592
1092396
1097999
1098049
1115404
1122963
1123877
1124318
1127883
1128231
1131765
1147433
1154409
1158846
1159190
1161965
1173601
1176629
1187747
1190337
1191624
1198817
1203191
1204587
1207336
1209203
1217622
1218159
1219337
1224434
1233524
1233871
1236781
1243153
1247068
1251502
1251828
1264363
1265860
1266318
1271608
1271865
1277712
1288154
1292149
1293282
1294382
1299290
1299695
1300858
1314414
1314985
1328198
1335707
1335958
1340186
1340918
1344778
1349198
1349843
1356111
1358915
1363110
1365306
1366530
1376834
1378633
1384233
1384740
1390475
1393880
1396299
1401394
1406773
1407255
1408785
1408952
1414361
1419163
1419555
1423593
1425128
1429226
1432060
1439341
1441069
1441326
1448145
1450679
1451268
1457537
1461233
1468036
1468871
1471891
1473095
1480550
1486640
1487553
1490881
1493448
1495384
1496795
1501731
1506529
1509174
1513282
1528117
1529974
1533503
1536037
1538035
1538402
1539935
1540470
1541713
1551931
1552797
1555613
1562159
1564264
1565472
1570103
1577462
1579857
1581939
1585663
1586169
1586595
1586698
1588827
1598453
1600239
1603651
1609469
1614134
1614375
1621954
1622050
1624593
1632633
1633988
1641231
1642929
1644589
1648412
1654992
1659082
1661103
1665162
1671066
1675829
1680769
1688075
1693045
1695883
1699949
1710034
1711779
1726440
1731604
1735982
1750571
1750945
1751483
1760763
1763163
1763912
1769994
1773009
1774259
1775432
1776490
1777447
1786451
1788834
1790704
1795035
1808670
1809276
1813904
1814188
1814641
1815091
1815965
1817273
1822779
1827001
1828694
1834920
1835210
1837006
1843404
1849892
1853068
1858811
1860016
1864093
1865728
1869210
1872092
1875558
1880324
1880565
1880663
1886668
1886949
1889164
1891245
1891492
1893641
1896261
1896803
1897648
1909103
1915302
1925486
1928024
1929389
1934671
1934867
1936929
1939408
1942661
1943516
1945845
1956553
1959847
1962776
1963069
1967598
1971188
1973999
1976250
1993190
1993520
