-1997974
-1996708
-1993348
-1983831
-1983506
-1972131
-1970484
-1958881
-1957880
-1954288
-1952931
-1951268
-1948709
-1947044
-1945769
-1939012
-1936790
-1922486
-1922377
-1915463
-1914148
-1903331
-1896162
-1895150
-1893247
-1889541
-1888395
-1885268
-1883576
-1883317
-1868099
-1862018
-1858144
-1853474
-1852985
-1837899
-1833520
-1826802
-1821340
-1815754
-1814112
-1813365
-1808866
-1808177
-1805740
-1799631
-1797769
-1793659
-1793206
-1788606
-1781782
-1781207
-1772113
-1770400
-1769946
-1767290
-1765327
-1759778
-1756387
-1752154
-1750139
-1749159
-1741523
-1740407
-1739994
-1735585
-1735098
-1729611
-1715170
-1705009
-1693976
-1685909
-1680768
-1660437
-1658292
-1658051
-1650027
-1649531
-1648835
-1646007
-1643538
-1643151
-1638511
-1634154
-1632260
-1631985
-1629742
-1623920
-1617283
-1616133
-1610884
-1603747
-1602800
-1599856
-1599586
-1596361
-1586858
-1584479
-1578504
-1573908
-1572792
-1570489
-1569068
-1554052
-1552514
-1544336
-1544290
-1542178
-1539346
-1534411
-1531292
-1529089
-1518714
-1518132
-1513076
-1509164
-1496431
-1496054
-1495845
-1489615
-1488606
-1486918
-1482024
-1481191
-1480167
-1478861
-1472015
-1467297
-1466947
-1460377
-1456902
-1455368
-1453931
-1453470
-1452028
-1449049
-1444670
-1443184
-1440489
-1438172
-1435698
-1433369
-1430385
-1426044
-1424098
-1419882
-1416096
-1415210
-1412528
-1405791
-1398902
-1397506
-1390620
-1389378
-1387257
-1377785
-1371042
-1367535
-1364713
-1361122
-1360640
-1360630
-1358348
-1356446
-1347419
-1345372
-1344008
-1341099
-1336556
-1335384
-1333771
-1331511
-1331477
-1329027
-1326692
-1325740
-1322869
-1313666
-1312399
-1300361
-1296152
-1295501
-1279049
-1273098
-1264021
-1260312
-1258886
-1248480
-1247646
-1245604
-1241748
-1237499
-1235232
-1227842
-1227838
-1227538
-1220829
-1219369
-1198796
-1194944
-1194616
-1193340
-1192354
-1176841
-1176295
-1164038
-1160565
-1151939
-1147223
-1147113
-1143783
-1142458
-1139602
-1135942
-1135193
-1135146
-1126072
-1119223
-1115030
-1112307
-1104017
-1102014
-1100494
-1099545
-1096370
-1094895
-1091966
-1081149
-1077772
-1077278
-1070774
-1067468
-1066536
-1057688
-1056345
-1053517
-1051406
-1048474
-1046163
-1044173
-1037835
-1026665
-1026126
-1015478
-1012958
-1011133
-1008375
-1003915
-1003323
-1001095
-1001047
-999881
-988949
-988639
-987235
-983668
-980599
-975030
-974816
-970869
-965093
-963118
-960990
-958412
-956162
-955548
-943513
-937765
-937351
-932607
-927675
-923999
-923074
-916620
-912187
-892361
-889432
-887639
-887545
-885739
-884385
-883661
-882530
-881359
-878103
-874752
-871903
-871783
-867821
-866022
-864832
-863049
-842457
-840810
-840714
-835266
-831574
-817256
-816273
-812031
-811535
-809737
-809612
-809316
-804672
-803644
-800979
-800518
-788315
-784752
-778656
-776108
-775664
-775150
-775048
-773837
-760858
-750083
-743774
-737510
-730489
-729421
-720137
-714858
-714524
-712304
-707392
-703311
-699582
-697542
-697368
-696560
-694689
-692803
-691917
-689255
-683391
-677530
-661764
-648918
-648195
-645962
-643360
-636988
-636491
-635076
-632437
-627232
-623380
-622866
-614687
-608150
-604542
-601286
-594793
-591098
-590272
-590231
-579500
-576187
-575235
-570913
-566400
-563047
-562607
-561040
-556937
-546053
-544322
-544152
-540395
-537501
-527088
-526271
-525876
-522190
-522104
-517629
-510645
-507521
-501838
-499895
-498603
-487648
-487537
-485074
-479620
-474478
-462235
-458812
-454369
-452513
-448208
-447383
-445773
-445112
-434850
-429284
-429254
-429004
-428644
-426117
-423670
-423041
-421330
-418381
-415666
-409926
-408667
-403741
-403376
-392312
-391093
-390077
-384462
-383401
-377856
-377519
-376852
-372920
-372837
-363624
-357398
-353295
-352446
-350587
-343582
-341016
-326717
-323833
-318763
-315970
-315158
-311022
-303373
-300006
-295222
-295112
-290855
-279533
-274747
-269761
-266659
-265926
-265563
-264385
-258264
-254383
-251996
-250540
-246795
-244286
-243664
-242171
-240878
-235025
-230959
-229840
-229535
-223531
-221982
-221264
-216618
-215446
-215064
-209573
-208946
-204662
-198981
-197666
-197562
-197463
-197412
-176168
-175440
-165622
-160698
-152821
-152721
-146872
-144474
-138549
-137716
-129663
-127046
-126883
-122082
-118903
-116650
-115837
-115274
-111521
-107909
-98225
-89367
-88947
-71951
-66936
-66136
-64281
-62778
-56232
-48542
-47277
-32606
-26184
-25142
-23142
-17372
-14707
-10279
-8339
-4331
1340
1762
6339
7175
12194
15988
16666
22578
30198
30362
38380
39137
40038
43101
45436
50785
53954
59306
68322
80240
80261
83761
84407
87593
93234
95936
100404
111554
112335
112842
116111
117905
118655
120277
120924
124174
124774
126460
129054
134787
135970
142621
143243
143968
145902
147344
156335
160041
160374
163555
164499
169159
174847
179478
180878
188020
192993
194353
198925
199093
203251
203976
204391
205458
208745
219643
229179
233215
239560
239707
240875
243295
254583
257030
261337
262791
274576
278031
280528
280809
286218
288907
290510
298983
299248
301360
308220
314441
316477
318496
323722
324459
332635
332786
344447
345051
346309
346448
350080
351699
352799
356902
359891
361353
364616
365273
370615
370819
372450
375292
376973
378638
382450
389021
392629
392864
407700
411380
414424
415827
427099
430510
431559
435398
439539
439969
441547
453756
456255
457252
462037
466222
467043
481268
488572
491260
492096
493240
493476
506345
513371
516997
522158
523981
527950
533121
538039
554212
561446
566180
575696
577440
581122
582545
585071
591639
593103
596558
600704
604788
604852
611035
612463
613295
617486
619779
626428
634050
634052
640988
642782
648301
653202
666572
669982
671734
675212
678450
684592
692083
692350
693983
694052
695767
696111
700215
706511
707842
709201
717424
721945
723074
728469
730155
731372
734909
738379
751827
756410
756695
767642
769087
777309
778682
790891
792615
793061
795842
796953
803174
804067
812596
827645
829422
854684
855710
869246
872266
887563
895756
905126
905436
910949
911635
913311
914025
919317
927341
929209
932609
934420
938208
948341
949024
955189
957376
974841
977520
979562
981096
986359
987381
988708
989723
995550
997293
997556
999706
1003767
1009443
1014912
1016581
1022552
1037226
1050632
1050912
1064996
1068215
1069794
1082306
1086026
1089756
1093262
1093495
1094896
1098526
1098927
1102047
1104097
1106997
1108028
1111753
1125407
1130394
1132233
1148351
1150432
1151215
1156979
1164145
1178808
1182648
1182987
1184910
1186096
1186316
1194901
1200149
1216351
1217426
1223035
1223559
1229838
1231155
1231662
1233843
1237001
1248632
1248644
1249352
1250395
1250967
1268610
1273844
1274189
1278525
1279266
1303831
1305517
1309068
1311356
1324642
1340081
1355548
1360996
1363916
1365469
1368971
1373139
1379181
1383708
1386060
1386603
1392036
1394702
1402617
1405319
1412131
1417882
1419296
1421749
1425964
1427064
1433341
1436072
1436355
1441976
1442788
1447090
1448584
1454065
1456212
1458166
1461488
1461580
1464113
1466096
1471247
1484818
1489982
1491648
1492153
1493379
1494038
1497444
1504936
1514570
1519045
1523313
1525045
1529713
1530296
1538976
1541114
1541708
1542544
1543442
1551138
1551627
1555259
1557815
1558309
1559508
1561119
1563653
1565325
1569149
1574385
1574839
1577500
1582269
1585161
1586672
1591958
1592494
1607915
1609437
1615186
1622989
1627485
1628694
1630372
1631407
1643194
1643998
1644342
1646531
1647384
1647973
1657549
1658591
1663454
1665175
1670853
1671834
1675270
1679399
1681981
1693132
1696209
1697127
1698037
1698820
1700583
1700833
1702743
1708507
1712686
1713483
1727358
1727402
1740380
1741842
1744047
1746237
1752229
1754163
1765167
1767181
1768011
1769115
1785674
1786385
1790776
1799243
1803607
1804565
1805697
1807738
1809521
1812858
1824151
1829683
1830028
1830255
1837211
1838699
1841366
1842804
1849082
1859399
1866596
1869542
1870569
1872007
1875426
1875817
1878997
1879531
1880124
1880405
1883699
1885052
1885643
1890383
1890844
1895718
1899692
1902337
1913782
1914182
1917501
1927343
1938861
1942242
1949572
1952346
1952540
1952905
1953194
1957676
1972233
1973060
1973953
1977324
1979702
1988234
