-1998115
-1996613
-1993760
-1992725
-1991691
-1990482
-1987476
-1978914
-1969217
-1960242
-1945455
-1944260
-1944244
-1942794
-1936094
-1928914
-1928631
-1927334
-1923171
-1921828
-1921267
-1918626
-1908365
-1901720
-1897612
-1896362
-1895050
-1877020
-1875079
-1874051
-1869332
-1866330
-1849653
-1838619
-1835833
-1835242
-1833505
-1831366
-1829497
-1827858
-1822461
-1816368
-1814068
-1811723
-1798999
-1794497
-1791562
-1777827
-1767896
-1766832
-1757338
-1750746
-1750531
-1747555
-1744103
-1742104
-1741768
-1741327
-1739403
-1739102
-1737805
-1730077
-1724335
-1701841
-1680951
-1678020
-1672249
-1667238
-1664013
-1661867
-1653074
-1652435
-1646554
-1643292
-1642412
-1639731
-1637772
-1628885
-1628690
-1625643
-1624973
-1616772
-1615883
-1604160
-1593178
-1588521
-1586875
-1583430
-1582502
-1578227
-1576944
-1575586
-1574375
-1569267
-1567943
-1564014
-1562158
-1556631
-1543773
-1540348
-1540291
-1539493
-1539025
-1528520
-1504113
-1498022
-1496273
-1494196
-1487496
-1485363
-1478604
-1464721
-1458506
-1446350
-1444768
-1443215
-1434694
-1434438
-1430140
-1423927
-1423127
-1422732
-1421802
-1420503
-1419866
-1419562
-1410801
-1408663
-1408396
-1407494
-1406720
-1403893
-1403730
-1402814
-1400241
-1398603
-1391299
-1382359
-1378856
-1376777
-1373772
-1372137
-1370887
-1370086
-1365557
-1362216
-1361441
-1355476
-1349935
-1347817
-1342077
-1339460
-1338315
-1329663
-1328264
-1322916
-1319576
-1311382
-1310753
-1310027
-1295980
-1293199
-1291095
-1287552
-1287216
-1284522
-1272934
-1270922
-1268657
-1265498
-1257133
-1256668
-1248731
-1236358
-1234611
-1219559
-1213752
-1212962
-1196431
-1188341
-1186713
-1186629
-1186250
-1184745
-1183771
-1183378
-1174829
-1174073
-1168193
-1163547
-1156512
-1156334
-1155310
-1146734
-1144550
-1144304
-1140302
-1132254
-1132027
-1129185
-1128012
-1127907
-1113412
-1111364
-1104170
-1104034
-1103812
-1099852
-1098166
-1096701
-1094793
-1090831
-1088352
-1084481
-1084142
-1083781
-1074184
-1067154
-1055931
-1046601
-1043855
-1043002
-1039831
-1036557
-1034665
-1028595
-1024825
-1023053
-1021344
-1014650
-1012575
-1012270
-1007308
-996185
-990355
-989973
-987803
-984255
-982997
-982098
-972211
-969342
-966008
-962591
-962240
-957396
-954639
-949880
-949476
-943054
-940262
-937168
-933698
-931238
-923985
-916955
-912647
-907505
-906118
-905760
-905215
-904687
-901451
-899718
-898330
-897515
-881780
-881293
-880813
-878315
-870761
-869580
-864234
-862259
-857481
-850792
-848336
-837240
-837071
-833093
-830241
-822530
-821662
-820942
-818989
-811355
-806362
-805044
-803221
-802556
-783685
-781620
-780424
-771421
-771246
-767785
-767314
-767282
-765817
-757983
-755434
-752090
-741556
-740890
-739820
-739701
-738629
-729818
-724788
-712005
-710155
-700915
-698189
-695543
-693126
-692466
-689699
-683603
-680532
-676075
-675008
-668244
-667597
-664594
-663581
-662959
-655397
-654859
-653895
-651223
-635720
-614585
-614438
-605079
-605035
-602735
-599145
-593968
-593679
-591632
-590290
-588316
-587195
-586286
-586050
-584739
-579486
-573601
-566090
-563296
-561616
-554033
-549468
-546174
-546111
-545615
-544739
-542884
-540000
-539454
-529141
-515575
-509411
-500575
-497443
-496591
-493780
-485243
-485101
-483965
-481515
-479650
-478288
-476358
-475510
-473943
-472223
-472221
-470984
-466824
-464380
-462586
-456069
-454426
-453909
-448416
-444828
-444078
-438972
-438651
-430584
-419408
-415755
-409461
-398503
-397555
-395474
-393436
-381765
-381570
-378047
-376897
-370914
-370473
-357518
-355225
-352597
-348376
-342250
-338222
-335917
-328887
-327632
-309243
-307552
-306765
-306575
-302772
-299129
-298096
-295083
-293267
-292878
-291033
-290392
-283993
-282606
-277335
-275518
-273028
-272203
-271321
-266943
-254620
-250907
-247260
-246956
-239791
-233575
-232514
-232414
-230377
-222288
-220734
-217688
-207404
-204331
-201829
-199565
-197951
-195287
-193804
-190894
-180701
-156677
-156201
-154228
-152826
-147917
-147168
-146330
-142879
-142443
-138032
-135344
-131441
-131350
-126074
-125081
-119426
-118179
-115586
-115004
-110233
-108959
-106019
-104001
-101823
-101759
-100862
-92418
-87413
-77604
-75342
-75138
-74363
-72876
-65277
-62348
-62297
-61297
-61232
-60217
-57490
-55625
-54087
-53194
-49094
-41516
-38488
-32972
-23501
-21422
-21418
-21008
-6308
-5280
-3782
21065
23484
25521
28622
34633
36279
37928
50932
60971
61454
74641
86503
87510
95487
98526
99580
107526
111330
116673
119111
127927
139774
141599
142860
144553
158599
159011
164165
165519
169006
170718
172712
173944
177610
179927
180300
180428
193229
193232
194190
216023
220325
220582
225871
226689
228626
235867
238859
240851
243050
247085
262909
264581
269091
269189
272871
276080
293437
305840
306850
318001
327463
328040
328983
330215
333890
334959
335186
338937
340856
341107
347334
351127
358268
364821
366396
366449
367742
383064
384345
387439
395886
396353
405656
411567
411769
414421
415176
421137
422595
423685
435890
436187
437200
439935
446011
448297
448901
455602
455627
456483
459512
474099
482866
488818
494131
499450
499858
500167
500719
503512
507236
509527
511826
533045
535829
536158
537440
539415
540017
542668
543666
545808
558091
559463
565167
566882
568637
569229
571669
572250
577707
578852
580612
583299
587201
591561
593420
600026
600196
601139
603417
606058
609095
614993
615526
619032
621083
624087
625880
629724
643495
646303
653316
654188
656461
658109
659647
661389
666741
669917
670963
671853
673011
673151
675963
676394
677450
677743
680528
683677
684153
705597
706006
709128
710296
712301
714898
717520
725032
725077
733156
738145
738713
738951
746624
748146
760856
760956
763520
767211
768097
769431
781088
784548
794831
795492
799009
809199
812460
812767
814438
815643
819094
819678
824236
828700
828762
833318
836457
841904
844099
845342
850319
851937
854694
860045
864692
868540
873652
876270
881835
884076
891057
895341
899198
905952
907810
916621
930100
934188
946063
946460
948701
948850
952790
954480
960896
964338
968061
971220
977764
979394
983542
984376
988264
990475
992165
1006568
1009397
1019043
1028908
1036106
1038047
1039320
1041499
1044643
1048022
1048023
1048696
1049547
1073764
1074201
1081894
1081998
1086818
1095163
1101474
1111577
1113487
1119107
1121289
1122158
1126593
1130551
1136777
1138986
1140640
1153964
1157755
1158453
1159110
1160720
1166277
1167324
1168918
1171096
1171354
1178563
1183841
1184571
1184572
1186366
1197168
1203713
1207991
1209231
1214554
1220327
1221480
1222173
1222516
1226859
1226934
1228609
1230150
1231610
1236058
1242518
1245877
1253873
1255688
1260438
1261147
1264474
1274915
1275215
1279779
1289233
1290553
1292252
1296750
1303457
1308289
1309942
1311790
1315113
1329447
1330729
1332894
1333282
1336923
1345489
1346523
1354526
1354803
1360453
1377200
1380722
1388533
1390629
1393843
1397217
1397546
1409235
1410662
1412063
1412352
1414953
1418101
1419202
1421277
1426913
1437445
1438341
1445157
1456056
1456836
1458715
1463656
1470984
1477989
1483028
1489686
1492595
1497137
1505983
1509640
1514228
1515502
1518959
1521961
1535160
1539061
1547813
1549794
1558937
1563898
1576182
1577087
1581717
1586978
1593510
1602769
1607201
1609741
1613630
1615536
1616040
1618704
1620199
1620551
1621737
1621740
1624919
1630078
1630424
1636935
1642426
1643001
1643839
1648155
1649040
1662387
1663560
1664466
1681152
1683402
1685060
1685734
1687930
1689516
1690039
1701704
1702608
1702819
1706891
1708824
1709975
1710921
1716510
1718115
1719965
1720837
1726622
1728428
1729053
1732958
1733196
1738360
1739540
1740366
1742785
1743222
1757983
1774521
1781645
1782812
1786407
1790115
1790954
1798561
1799352
1802545
1807560
1811193
1817243
1819316
1820731
1820754
1826005
1829008
1830885
1835226
1837433
1840295
1840591
1841613
1847553
1847808
1868327
1875611
1886232
1892287
1898697
1900538
1901342
1904524
1907135
1908749
1910122
1912091
1923281
1924705
1925147
1925815
1929221
1935250
1936415
1961059
1964091
1964997
1971475
1971845
1977165
1980811
1982226
1984075
1990012
1991344
1994018
1995758
