-1997284
-1995516
-1994830
-1994289
-1988272
-1985881
-1985625
-1980406
-1978470
-1977893
-1975556
-1972781
-1964766
-1956303
-1955274
-1947862
-1937971
-1933423
-1929907
-1922781
-1921928
-1921529
-1919852
-1915587
-1909978
-1904803
-1902163
-1894803
-1889049
-1884459
-1882944
-1880538
-1869248
-1865483
-1863758
-1858774
-1856518
-1855997
-1855704
-1852994
-1846811
-1846684
-1844907
-1837269
-1833064
-1829842
-1827037
-1816333
-1810437
-1803836
-1786570
-1780936
-1780168
-1774082
-1762491
-1760026
-1760022
-1758360
-1746894
-1744323
-1743896
-1733980
-1727939
-1723293
-1723109
-1718536
-1717279
-1714359
-1707663
-1702129
-1700656
-1700136
-1681472
-1679482
-1677436
-1676053
-1675179
-1664380
-1661986
-1661082
-1658486
-1652407
-1651209
-1648288
-1646918
-1644274
-1642686
-1641780
-1629294
-1628837
-1624342
-1612003
-1611446
-1608334
-1597063
-1596199
-1595217
-1588921
-1585982
-1582522
-1576550
-1574093
-1573933
-1573215
-1569352
-1563242
-1549115
-1547604
-1541140
-1541111
-1540624
-1535866
-1534293
-1533808
-1527128
-1524036
-1521500
-1521360
-1521286
-1521194
-1518696
-1512541
-1510541
-1509826
-1509543
-1505792
-1491067
-1489919
-1484202
-1479141
-1468738
-1450499
-1445610
-1443445
-1442620
-1442267
-1439200
-1436644
-1410141
-1410095
-1403190
-1400046
-1396979
-1386831
-1386006
-1382869
-1371892
-1369924
-1367855
-1364179
-1357015
-1344300
-1335748
-1333786
-1329722
-1325887
-1321148
-1319590
-1316905
-1315886
-1300965
-1298226
-1296482
-1295461
-1295158
-1294287
-1285523
-1275420
-1268035
-1265928
-1258978
-1250967
-1249330
-1247211
-1246626
-1246087
-1245090
-1242384
-1236078
-1234734
-1224082
-1211992
-1211403
-1211003
-1207696
-1199704
-1198471
-1191730
-1191301
-1183442
-1151816
-1149540
-1146976
-1142383
-1139870
-1139240
-1128994
-1128119
-1123558
-1118791
-1116505
-1112760
-1112255
-1109715
-1105085
-1102921
-1098166
-1080991
-1078034
-1071378
-1070169
-1067530
-1059643
-1054139
-1046358
-1039153
-1038496
-1037112
-1034208
-1031223
-1025137
-1022131
-1013184
-1012762
-1010720
-1008936
-1007434
-1005920
-1003846
-1000034
-999213
-998995
-996950
-995543
-986762
-981267
-971813
-962396
-946422
-941101
-938604
-938397
-938274
-936804
-933386
-931286
-924258
-918850
-913944
-911755
-911088
-909213
-908818
-900078
-890327
-888075
-883296
-882917
-879739
-877598
-873877
-867184
-865639
-852724
-852113
-851570
-844265
-844084
-836981
-824940
-820154
-811496
-808568
-808021
-806478
-798140
-797126
-791003
-790632
-786057
-785291
-782675
-779229
-776925
-774881
-771556
-762562
-759250
-758908
-753945
-749603
-748930
-744938
-744109
-743005
-742354
-735701
-734388
-731312
-728509
-725019
-720769
-710825
-707410
-704667
-698229
-687182
-670561
-669853
-662729
-659317
-656794
-642200
-640737
-638011
-636446
-633528
-631998
-620625
-617219
-613204
-613187
-613182
-611272
-607287
-604270
-589442
-584904
-583784
-568900
-552937
-549852
-539971
-529839
-527060
-520785
-519871
-519457
-508090
-504341
-503464
-503259
-502714
-494723
-492473
-485973
-483917
-482744
-481064
-479019
-477607
-466042
-462679
-459111
-456143
-445587
-443053
-442919
-439189
-436826
-434311
-430165
-428034
-423644
-422685
-406153
-404659
-399056
-396637
-395761
-394398
-386113
-381108
-370208
-368030
-365807
-361002
-346486
-344526
-342440
-327220
-323700
-323449
-320529
-317810
-311687
-308457
-305528
-298713
-296729
-292203
-289525
-289488
-282526
-277725
-264065
-262513
-262439
-257646
-256141
-255618
-255106
-249769
-249247
-242793
-239896
-230717
-226120
-220624
-219629
-204888
-196047
-195463
-192880
-186135
-182323
-181620
-181376
-177578
-171911
-165505
-162903
-160909
-160180
-159562
-156389
-153096
-149641
-149464
-144683
-143562
-138074
-135925
-135619
-134036
-131017
-130593
-130264
-130052
-129327
-128684
-126873
-123112
-117959
-109531
-109083
-107079
-106678
-100836
-91981
-85252
-83482
-78749
-71860
-70377
-66753
-64614
-61567
-52573
-32842
-26976
-20652
-19956
-19860
-12442
-11581
-4403
-3229
-2367
2170
5427
8410
15620
16462
19706
20143
20615
23528
29344
33003
35828
43524
45388
47316
50373
50737
57008
65037
65414
71061
74422
75297
75784
82953
87610
91343
97358
105027
105315
107859
110544
111519
113987
131327
132449
135706
138551
138885
145455
150964
152276
156605
157778
159008
159166
169056
169775
172800
174557
175043
175775
177621
178109
181191
182730
183528
183619
188109
191619
194929
198028
199904
202095
204451
209519
219055
219162
219425
228210
229441
243106
243993
248768
249264
253482
255391
256930
259578
263209
264340
264835
272803
273763
274928
275099
278069
288518
291710
294980
302328
305865
306196
306610
307147
316452
318516
326427
335737
339258
340291
353487
353680
356431
356716
356810
357389
361736
370890
372460
386252
386565
386592
387157
389319
395474
407728
410680
411181
413178
414511
415323
421485
430975
433712
434132
434382
441527
441716
442496
444577
445655
446775
447328
461081
466196
477051
483948
495107
500192
508217
513540
522844
523976
523989
527570
529317
530937
534809
541871
552677
553731
554757
563933
570601
574870
585783
603363
604462
608156
611455
613671
620571
624860
624981
631798
632707
636582
638179
638961
640075
641946
643153
644773
645611
647314
648051
650173
659054
660016
663954
667866
669827
671462
676365
677990
682953
684777
684868
691985
692084
692701
694047
710951
712364
713571
716509
720373
727936
729941
732922
739211
746941
747800
751652
754013
756065
756438
757513
763739
763780
763990
765995
768315
769639
773286
773959
779064
785693
789067
796417
800622
802580
811145
811550
840095
845307
848039
848546
860345
861798
862933
863149
869975
876864
877062
878938
879145
881181
891064
894352
899249
901280
903040
903779
912038
912242
912343
918802
920807
923187
924193
924410
929328
929434
930421
932656
933994
939805
947153
949060
951225
952355
952594
956110
958700
959781
964342
970954
971485
979520
982142
983296
984029
986436
990904
994928
1005849
1012776
1014870
1016484
1025919
1027370
1032808
1044072
1052308
1055770
1056362
1064352
1071826
1072570
1077128
1078793
1082696
1089692
1096619
1109313
1110531
1112062
1116239
1119978
1128069
1128590
1133536
1134769
1138447
1140148
1144011
1148489
1148639
1152623
1162964
1164218
1167242
1168005
1173176
1173483
1177215
1180589
1180686
1181643
1182963
1186155
1190135
1201230
1203334
1205439
1217682
1226847
1229646
1235801
1237660
1239558
1242870
1246202
1247879
1249182
1260607
1263152
1263792
1286282
1292116
1298674
1304457
1304837
1306090
1307401
1318784
1319275
1320874
1324116
1324663
1324946
1327406
1328400
1331833
1334698
1352837
1356323
1358459
1361077
1366291
1371161
1377051
1380363
1382696
1383355
1385000
1387425
1393771
1393863
1394582
1397762
1406223
1411524
1421546
1422038
1425864
1432329
1438057
1444342
1449300
1449630
1451678
1452458
1455561
1455601
1456808
1463714
1474816
1476600
1478522
1483776
1484976
1491571
1492232
1500666
1501049
1509639
1510641
1517601
1519219
1527505
1528672
1528996
1530706
1530996
1534835
1537548
1541592
1544249
1544789
1547642
1549717
1572552
1576648
1578926
1584267
1584679
1585576
1590581
1591433
1595022
1597621
1597866
1598109
1601587
1603126
1604342
1604905
1618314
1622117
1622646
1627951
1629443
1634376
1636432
1654820
1655797
1657771
1660925
1674386
1679056
1681380
1689059
1689155
1704442
1712817
1712991
1716023
1717071
1717401
1721689
1721725
1722856
1727663
1729631
1733828
1734293
1741986
1744177
1744383
1748490
1752287
1756247
1761281
1765205
1768889
1772617
1773081
1781088
1782382
1783038
1784517
1785734
1787205
1789437
1793723
1795106
1800316
1803806
1804247
1809319
1810786
1812224
1814396
1816748
1822508
1831126
1834161
1841241
1851367
1863404
1871227
1877704
1885451
1886653
1890506
1893876
1894914
1895585
1898158
1900080
1904151
1908697
1910679
1913624
1914995
1919743
1924000
1924384
1935590
1937908
1947751
1951493
1951618
1952608
1956276
1964871
1964982
1965974
1966443
1968806
1973054
1982438
1987495
1987591
1989288
1991241
1995973
1996362
