-1999205
-1997591
-1997554
-1994113
-1993263
-1989343
-1987245
-1982372
-1979715
-1972975
-1970485
-1969137
-1966476
-1959061
-1956529
-1953083
-1947074
-1937056
-1929490
-1928266
-1921405
-1920167
-1894823
-1883963
-1879134
-1878590
-1877356
-1875017
-1870826
-1870755
-1867499
-1862796
-1861419
-1858253
-1857927
-1855210
-1850287
-1845475
-1840215
-1833402
-1824244
-1820976
-1819997
-1818496
-1817594
-1808914
-1804137
-1799032
-1797919
-1791798
-1790574
-1787429
-1785956
-1781542
-1781263
-1779837
-1775352
-1775344
-1772190
-1771572
-1770393
-1768732
-1767716
-1749785
-1749139
-1749090
-1734081
-1731260
-1728521
-1720946
-1719981
-1717797
-1713907
-1704992
-1703585
-1703391
-1701520
-1701327
-1697559
-1690886
-1687397
-1680341
-1680268
-1675772
-1669008
-1667216
-1661310
-1656953
-1656058
-1651501
-1648730
-1643163
-1626842
-1613488
-1600131
-1586202
-1585133
-1582335
-1580524
-1580289
-1577105
-1573211
-1569871
-1567429
-1563144
-1562112
-1549506
-1548228
-1548212
-1544394
-1544245
-1543937
-1538469
-1536357
-1530838
-1528701
-1528449
-1521550
-1516137
-1515161
-1503100
-1497167
-1494037
-1489618
-1479792
-1477963
-1460306
-1459904
-1455699
-1455649
-1443688
-1442424
-1441250
-1438813
-1433512
-1428869
-1423391
-1421525
-1393814
-1386294
-1383952
-1383353
-1382144
-1378014
-1377437
-1374784
-1369641
-1365853
-1365742
-1356260
-1354157
-1335338
-1333311
-1319084
-1315995
-1312462
-1306932
-1306117
-1303218
-1294630
-1293243
-1288325
-1285868
-1285074
-1281243
-1281049
-1280704
-1276949
-1273891
-1259546
-1259001
-1257431
-1257277
-1257068
-1255966
-1252025
-1247896
-1245997
-1245788
-1243392
-1237785
-1235047
-1232614
-1232226
-1229718
-1223520
-1223192
-1222726
-1222632
-1222134
-1219916
-1218145
-1211442
-1211338
-1206008
-1201765
-1198565
-1196745
-1196570
-1194314
-1192136
-1190346
-1184720
-1183965
-1181658
-1172021
-1169341
-1168104
-1168065
-1167770
-1165137
-1162965
-1161139
-1157247
-1156726
-1150111
-1149283
-1146182
-1145022
-1138389
-1129988
-1122250
-1121865
-1121023
-1116200
-1115492
-1114696
-1112102
-1111088
-1110948
-1104219
-1097809
-1095458
-1093403
-1093123
-1089775
-1089100
-1079721
-1076556
-1076532
-1073258
-1068506
-1068307
-1066339
-1064253
-1061239
-1055309
-1051414
-1049747
-1048925
-1046915
-1043584
-1030413
-1015262
-1014567
-1005083
-1002263
-1001892
-994510
-994175
-989237
-981540
-979912
-972890
-972302
-971241
-970722
-952373
-945510
-943326
-933584
-927967
-910774
-909684
-906314
-904424
-899409
-899176
-896293
-880014
-879967
-879881
-861065
-857545
-856778
-854724
-852621
-844443
-839171
-834898
-833863
-833260
-829681
-827777
-824208
-822684
-818782
-813513
-810739
-810103
-804599
-800988
-800940
-796286
-781797
-780033
-779912
-775921
-774433
-764243
-763018
-758926
-756937
-752067
-747541
-741096
-738408
-735732
-735431
-732778
-731531
-730205
-709108
-704183
-701840
-700948
-699019
-690528
-688775
-688318
-687504
-686858
-685235
-660695
-659836
-659475
-658879
-656500
-653187
-652352
-646594
-644770
-644201
-641130
-640445
-637175
-626948
-625836
-624321
-624021
-612323
-605278
-603811
-585932
-582624
-580805
-566797
-554806
-551503
-551145
-549188
-547020
-537573
-529857
-529408
-528183
-527149
-525368
-524788
-523568
-519866
-519601
-517774
-502567
-501994
-501158
-498635
-496155
-485855
-482603
-480953
-480411
-474904
-464425
-464076
-460812
-458913
-453205
-451293
-445698
-443945
-435205
-423243
-405872
-401254
-397199
-392610
-391605
-382512
-381790
-374739
-369113
-367223
-363092
-361898
-361624
-357431
-353180
-351594
-348949
-347475
-347056
-345438
-338709
-336699
-335940
-312258
-311973
-311068
-301117
-295531
-295106
-293337
-290810
-287025
-282146
-280211
-278292
-278192
-276162
-267517
-261749
-254298
-253345
-246234
-243120
-239741
-237565
-236843
-235713
-230811
-230746
-227686
-226022
-222863
-222810
-218810
-217514
-214542
-209290
-206460
-199801
-199745
-189279
-186900
-183196
-177489
-177039
-166968
-163098
-162361
-161024
-158448
-157156
-147302
-146359
-144422
-141613
-136306
-120069
-118446
-115812
-115548
-114243
-112951
-105469
-102952
-99393
-94722
-93574
-93148
-91500
-90476
-89710
-88434
-87590
-83046
-80610
-78771
-76269
-75507
-72009
-69041
-64492
-63220
-55064
-50340
-45253
-44604
-31749
-29399
-29144
-15067
-14539
-13203
-12671
-3905
-1956
2948
3663
5964
9960
13528
16057
16205
21614
24314
28284
32763
40083
41267
50967
53087
67309
72586
75885
80572
93349
94706
95144
97482
111139
115242
121510
122074
123497
126805
128348
129612
132854
135375
137688
137846
139947
143961
145677
147309
151132
156342
158345
161071
162496
169423
169754
181375
181690
184547
187654
196281
199071
199992
203489
204478
204928
208974
212923
252917
262045
264967
266887
268428
271743
273595
278542
280223
283874
284879
291351
294042
296229
299567
308667
308690
318563
320981
322602
339667
343445
352082
353426
354969
359078
364912
376664
382319
384296
386986
387130
390015
392431
392618
400126
402733
403227
407169
416547
422479
429281
430302
431955
437453
440375
442195
444838
445704
445808
447849
453156
454207
459379
459505
468721
469891
470499
471258
474112
486228
491018
491530
499095
500683
502230
506927
513021
515054
515212
532690
533770
534356
538233
540291
540497
542186
558063
559351
564621
566037
566240
567823
570435
574024
582579
607473
616430
617609
620042
622211
626947
637215
639246
640270
640316
650906
652591
655017
655066
658375
658452
665354
668800
671009
677953
682570
687732
690104
695965
696778
700559
700991
701364
706182
716812
729766
734783
747586
759775
759890
764005
766934
771393
773857
780850
782077
782904
784270
787248
788452
789578
798189
798702
803950
807111
813697
816166
833969
835820
842223
844927
847834
853022
854805
860959
863052
867374
874002
878164
881988
883730
899679
905705
912062
923774
926842
928554
931341
932699
934859
935674
937864
945898
946362
952000
954578
966266
968270
968884
976552
988039
989904
993645
994091
994838
997612
1000078
1003493
1010162
1013785
1015568
1016124
1020408
1023071
1023509
1023892
1038073
1040061
1048398
1049211
1050648
1054035
1055478
1062434
1067607
1078617
1088238
1088682
1090914
1092209
1092729
1095561
1096463
1104058
1106624
1107825
1113077
1113113
1118123
1120348
1124731
1131895
1133792
1134579
1138742
1142270
1149790
1158984
1161690
1163459
1165777
1170659
1171938
1172282
1173360
1179743
1181834
1185064
1187259
1204754
1213504
1217340
1221804
1224290
1227699
1228068
1232694
1237248
1240419
1246870
1252379
1252800
1254180
1255601
1256389
1257719
1260621
1264158
1267710
1272325
1272760
1273362
1280791
1282920
1285672
1286957
1287549
1289285
1290540
1291936
1300711
1310394
1313183
1315776
1316145
1323010
1330186
1334167
1334676
1338649
1345647
1348644
1356320
1363389
1363794
1364385
1368212
1373387
1375408
1376302
1377152
1377233
1377322
1378157
1380503
1389501
1392660
1397113
1399748
1402168
1410974
1414023
1415741
1416193
1427510
1434733
1436408
1439850
1446512
1450288
1455524
1457412
1459926
1465067
1467272
1473188
1477509
1492400
1495881
1497398
1500097
1500363
1500449
1512188
1512922
1514836
1517558
1525445
1531844
1533960
1535256
1539601
1540613
1542829
1544169
1551107
1551670
1555240
1555317
1558100
1561077
1566582
1567987
1570647
1574273
1576690
1578354
1580926
1584211
1593432
1597793
1599131
1600687
1600731
1606875
1614949
1619292
1628114
1635951
1636432
1653764
1656970
1657848
1658204
1663826
1671137
1672958
1678477
1684812
1689542
1693271
1697253
1697704
1699733
1700589
1707281
1708752
1713382
1714137
1720780
1724261
1725387
1725868
1727366
1733752
1734089
1741252
1745488
1746607
1747788
1752718
1758338
1760339
1762988
1763403
1765741
1765774
1769225
1777833
1779559
1795744
1800634
1815032
1818604
1828884
1842879
1843866
1854746
1858458
1859332
1864880
1875331
1877277
1880823
1887376
1888981
1896250
1896516
1899314
1903326
1907693
1908077
1911292
1912836
1915639
1919136
1923613
1937099
1945697
1952186
1954185
1956281
1963083
1963426
1964327
1966906
1969662
1969686
1981260
1982142
1988299
1994058
1995656
