-1997883
-1991845
-1988654
-1985948
-1981941
-1980733
-1972233
-1971171
-1969898
-1969595
-1967494
-1965765
-1963534
-1959037
-1954828
-1954478
-1952233
-1946789
-1934893
-1933086
-1929358
-1929342
-1927822
-1924059
-1923537
-1917687
-1910431
-1906862
-1905792
-1905642
-1905104
-1903214
-1901661
-1896120
-1894281
-1890087
-1886865
-1881262
-1879754
-1870426
-1866004
-1865667
-1865184
-1861107
-1859474
-1856549
-1853915
-1853729
-1853045
-1836832
-1832365
-1821287
-1816043
-1813513
-1813260
-1794352
-1793055
-1777005
-1773834
-1771695
-1770372
-1766842
-1765491
-1762410
-1761373
-1759969
-1758485
-1743009
-1736304
-1734686
-1721103
-1719114
-1717420
-1715969
-1714007
-1703803
-1702954
-1701156
-1699891
-1688018
-1686984
-1686339
-1667347
-1665962
-1665100
-1662948
-1659818
-1659754
-1640709
-1639530
-1637200
-1630730
-1623195
-1621467
-1615872
-1608183
-1605040
-1602783
-1598830
-1596769
-1596004
-1583387
-1579129
-1572351
-1572030
-1569380
-1568936
-1568152
-1559215
-1557046
-1552870
-1549516
-1540873
-1539147
-1534048
-1533811
-1520109
-1517835
-1508039
-1507888
-1504122
-1503911
-1503729
-1490312
-1485382
-1483230
-1481911
-1476007
-1474520
-1461438
-1460687
-1459732
-1455797
-1452617
-1445357
-1441433
-1437078
-1433151
-1420884
-1413948
-1413653
-1413576
-1412900
-1409888
-1408564
-1404364
-1397457
-1394915
-1394331
-1393034
-1392765
-1391769
-1391271
-1387336
-1384219
-1383139
-1381708
-1368948
-1360612
-1348034
-1338953
-1337712
-1325283
-1324266
-1319153
-1317509
-1312063
-1311300
-1307714
-1306498
-1305782
-1301263
-1301116
-1300531
-1293071
-1291159
-1288989
-1287723
-1285720
-1282228
-1281297
-1281288
-1270243
-1267668
-1266858
-1264962
-1258235
-1258120
-1256959
-1254074
-1247949
-1246276
-1242907
-1242186
-1236164
-1234323
-1233778
-1233056
-1232229
-1225829
-1222344
-1221973
-1219706
-1214754
-1211724
-1210285
-1209617
-1203997
-1202455
-1194074
-1185271
-1183321
-1181112
-1179067
-1173137
-1171751
-1166365
-1158526
-1153189
-1151304
-1150455
-1149455
-1137828
-1136906
-1136034
-1135556
-1135168
-1133438
-1130951
-1127445
-1119913
-1119136
-1115617
-1114783
-1105265
-1104082
-1101102
-1100633
-1098912
-1096814
-1093712
-1088577
-1085694
-1082736
-1069217
-1048331
-1045518
-1042990
-1038650
-1037655
-1036324
-1026560
-1023301
-1018964
-1018409
-1016163
-1007921
-1007665
-1007296
-1003107
-998667
-992911
-991288
-989156
-985886
-983323
-979555
-970949
-970720
-961158
-941233
-939108
-937034
-927619
-922256
-921147
-920174
-919308
-911339
-910255
-898639
-890183
-889294
-886813
-881329
-878341
-864287
-863820
-863240
-862925
-861130
-861083
-852901
-848954
-847786
-846652
-842961
-835229
-832816
-832613
-828944
-823660
-823058
-821691
-819031
-817227
-817123
-813632
-801239
-799375
-797477
-794893
-785376
-785179
-779153
-779093
-777707
-770174
-753314
-753301
-749225
-731842
-729792
-724992
-708428
-703832
-698698
-697509
-695189
-691142
-690952
-688963
-687773
-685440
-684405
-679797
-677053
-669920
-665149
-664466
-653946
-642945
-638757
-638456
-636525
-627015
-626632
-625144
-615781
-615394
-609818
-606773
-596960
-595266
-594446
-593862
-580594
-579241
-578331
-574534
-574312
-564293
-560281
-558493
-554493
-551678
-550390
-542739
-532943
-528380
-518858
-514817
-514535
-503999
-483058
-481538
-478804
-478245
-472022
-462733
-455690
-447588
-447580
-441255
-440841
-440624
-433330
-433063
-426598
-424114
-422200
-421576
-405824
-397864
-379414
-376678
-372619
-371953
-369362
-363671
-362410
-359559
-358159
-353721
-348030
-347824
-346694
-338942
-337843
-337346
-333298
-330734
-326341
-323821
-317724
-301157
-299199
-289442
-288872
-282348
-278558
-276854
-274240
-268398
-263718
-262646
-260986
-258544
-255948
-251153
-249484
-248484
-247078
-244232
-236448
-233850
-227546
-223359
-220707
-219854
-217098
-215237
-213636
-209908
-204204
-196009
-189873
-177256
-168025
-166960
-166769
-163559
-157751
-145163
-143894
-142792
-140952
-138642
-138329
-134739
-128285
-126116
-124998
-122851
-117041
-116579
-115358
-109486
-106744
-106324
-104457
-103159
-100122
-94108
-77629
-70667
-54386
-53522
-52786
-46216
-40817
-37797
-29820
-24913
-12764
-12375
-4458
-2831
-190
2779
3354
10669
14325
14621
15306
16791
17881
22648
27383
31870
48128
48985
72908
76936
80698
81128
82366
82822
87702
89128
90105
96762
97179
99292
104186
106750
106853
110104
112828
113889
113967
119831
120127
124393
124621
125602
128041
130563
133611
139472
140196
141070
141581
144856
148440
151124
151686
154152
154511
156713
160070
161123
163151
167234
170037
172929
174074
176608
183788
191117
191634
191999
193990
193990
196828
199581
200912
217155
217711
221921
232103
232715
233302
235863
241458
245301
248517
252520
254712
270733
271785
276248
276495
278870
289604
295889
302125
305602
305893
314547
323908
326975
330870
331972
332085
335445
343344
346210
346723
348608
348644
369384
373880
375372
384093
389728
390548
400823
401355
402048
402593
407556
410006
414544
417967
425279
426989
427088
427326
435377
447498
452704
453870
453961
459018
462143
463408
468052
471609
471717
472422
474208
475289
475916
477639
484490
493423
496321
503867
514226
515972
521581
524162
524191
529183
532816
533420
536160
538032
544481
547936
549367
552193
553646
564563
566276
580509
581256
585202
601484
602019
607402
620539
621547
622170
622300
640830
643341
643609
649207
650079
653096
656286
657912
659716
669612
674092
674109
679019
681515
692693
695365
695453
696641
699490
708966
711944
712352
712544
719470
728317
730276
737621
739716
742490
744045
747393
749922
755718
757738
759371
762176
774355
777654
777762
780310
785736
794472
795280
797140
812216
812617
813615
819906
821197
822041
824668
827115
829098
833182
835432
837755
842999
849368
849655
852927
861652
864628
871898
872374
873269
874059
877835
881927
886509
889668
896882
904168
904783
910038
921540
924158
924517
926536
927041
927239
928352
929068
943485
959308
959503
963534
964774
964951
970165
973885
975434
985746
991100
993245
995076
1002058
1002712
1012133
1015262
1017127
1025932
1027052
1031988
1032139
1032162
1033905
1037650
1039206
1039326
1041878
1044252
1046576
1047201
1056135
1061476
1062467
1063740
1063789
1071441
1072310
1072865
1074319
1075427
1084360
1089535
1093612
1095527
1097311
1099164
1101311
1102686
1107366
1108672
1118020
1119725
1120248
1122146
1122219
1125078
1138058
1140952
1141412
1142111
1145502
1167005
1169584
1173185
1173713
1177217
1178426
1178848
1184027
1189538
1190498
1192314
1206213
1207581
1209905
1210689
1210753
1214768
1214929
1223548
1224386
1225297
1229824
1235439
1236580
1242513
1250175
1251970
1252742
1255596
1257920
1259900
1261629
1269281
1278175
1281185
1288190
1289746
1291919
1294193
1294765
1303353
1306685
1311006
1325417
1326518
1331966
1332131
1345501
1345820
1346236
1346999
1349549
1370545
1371498
1381545
1382546
1390599
1393354
1394579
1409452
1410090
1414119
1414619
1416132
1421415
1422185
1423953
1428681
1428916
1436933
1440744
1444273
1447172
1448036
1451625
1471908
1472257
1477551
1480730
1486629
1488060
1496335
1497951
1502374
1503220
1505550
1509871
1509999
1512260
1513835
1515714
1524611
1527249
1532591
1533864
1534331
1542023
1544587
1545285
1547031
1548443
1552213
1554356
1558210
1559911
1566556
1570497
1571605
1575842
1580092
1580640
1582840
1593250
1593334
1606143
1617555
1623787
1625193
1626185
1626271
1634086
1649255
1659649
1670137
1673942
1680172
1693256
1707180
1713270
1713943
1728713
1738328
1738450
1742911
1744953
1747792
1747814
1749315
1754404
1757922
1773496
1773591
1774719
1781586
1783570
1785921
1786729
1786787
1787142
1787980
1788672
1794976
1796108
1801220
1804048
1805804
1807508
1808135
1810248
1810303
1815223
1819197
1829664
1836072
1849752
1849883
1859140
1861304
1861571
1862465
1871672
1888614
1897712
1901951
1903137
1906614
1906905
1917158
1931811
1933003
1937456
1941201
1950465
1950924
1952798
1955042
1957407
1970351
1970788
1972588
1974527
1978881
1979833
1984782
1985057
1989500
1991370
1994148
1994678
1999273
