-1990810
-1990725
-1989285
-1987877
-1984900
-1984585
-1982914
-1974369
-1972114
-1970625
-1954060
-1944555
-1941344
-1922577
-1919586
-1918539
-1917934
-1914460
-1913519
-1910058
-1904975
-1899830
-1898584
-1897734
-1895956
-1894618
-1890684
-1887938
-1884361
-1883032
-1882205
-1875968
-1865690
-1863949
-1863813
-1858894
-1857581
-1852823
-1851669
-1848513
-1828607
-1823657
-1822746
-1820658
-1818191
-1818165
-1814396
-1813471
-1812597
-1810931
-1806851
-1804743
-1803527
-1798082
-1797222
-1794716
-1794023
-1791128
-1786175
-1776206
-1775999
-1774943
-1772118
-1771322
-1766942
-1762257
-1751961
-1746523
-1745195
-1741793
-1735922
-1734644
-1733329
-1732203
-1726738
-1722119
-1720074
-1719249
-1717811
-1716036
-1712304
-1706299
-1705507
-1704618
-1698174
-1696142
-1693325
-1681727
-1680830
-1679601
-1679121
-1672253
-1669412
-1668994
-1664573
-1662453
-1661566
-1661259
-1657933
-1654054
-1644668
-1641645
-1641180
-1640789
-1636888
-1631713
-1611488
-1609488
-1608215
-1592580
-1591549
-1585154
-1584597
-1583788
-1583276
-1581926
-1570902
-1570022
-1568977
-1564179
-1554480
-1548188
-1547072
-1536184
-1532157
-1523914
-1523524
-1520395
-1518380
-1517413
-1511832
-1508447
-1502550
-1501870
-1501571
-1501169
-1499169
-1498911
-1491255
-1484213
-1477748
-1473862
-1456466
-1456098
-1453212
-1449454
-1445756
-1430507
-1429887
-1420613
-1413878
-1412972
-1410695
-1405689
-1403379
-1401945
-1401473
-1396755
-1395513
-1393315
-1378396
-1377440
-1376754
-1376385
-1375082
-1373950
-1365401
-1363735
-1362699
-1357445
-1355739
-1354618
-1350777
-1349805
-1349584
-1348185
-1347647
-1346568
-1345540
-1343892
-1343511
-1341590
-1336428
-1334754
-1333876
-1324671
-1318254
-1316186
-1315529
-1311837
-1306154
-1303872
-1293474
-1283848
-1276056
-1269767
-1269363
-1266380
-1257904
-1257475
-1256220
-1252265
-1250705
-1242679
-1241465
-1240865
-1240017
-1227231
-1220799
-1219575
-1219469
-1206536
-1201605
-1195572
-1188400
-1188283
-1188096
-1184098
-1183788
-1179346
-1175575
-1162486
-1159918
-1150346
-1149064
-1147762
-1146132
-1141726
-1136974
-1130512
-1130242
-1127903
-1126452
-1124764
-1119269
-1118700
-1115510
-1114332
-1113680
-1112382
-1109647
-1107533
-1103627
-1098511
-1094284
-1091440
-1090901
-1089011
-1088971
-1081850
-1078560
-1076943
-1075728
-1070856
-1067448
-1065781
-1064271
-1060530
-1059915
-1059821
-1055266
-1041107
-1036635
-1036582
-1034207
-1030355
-1028702
-1023572
-1014778
-1012491
-1010234
-1004438
-1004292
-1004150
-994002
-988563
-988562
-981298
-979979
-972563
-971461
-970023
-968880
-957535
-955567
-954829
-951538
-941720
-939260
-937333
-936575
-929582
-927729
-913554
-910393
-904522
-899111
-892151
-890383
-888440
-887588
-887078
-886300
-884395
-877469
-874773
-873332
-867619
-864110
-862158
-858631
-858594
-852572
-850836
-846315
-846277
-843989
-843270
-842536
-841820
-839537
-836412
-835598
-832462
-832206
-828333
-827334
-820673
-808544
-807950
-804901
-801658
-797754
-788604
-784891
-783770
-783381
-776833
-766966
-761646
-761419
-760853
-753770
-749543
-744343
-743332
-742886
-737595
-735247
-734997
-727746
-727281
-719147
-717883
-705769
-704829
-699931
-699743
-697879
-688748
-684661
-683810
-680030
-675112
-671782
-656026
-651946
-643510
-642257
-636162
-633796
-633000
-629434
-628065
-622952
-621826
-621501
-619510
-615482
-613915
-613778
-613345
-610576
-605580
-604012
-601278
-598655
-594416
-587093
-580318
-578269
-578145
-573863
-566972
-562125
-541506
-539773
-538842
-519858
-519146
-516207
-515593
-514384
-511075
-510791
-506713
-505476
-498261
-488191
-483595
-481465
-479788
-474638
-474456
-463630
-459926
-448535
-446932
-445903
-443152
-442299
-440666
-440219
-437599
-423718
-415848
-406965
-404248
-400495
-393042
-382779
-376515
-374908
-373444
-361625
-360353
-359643
-358515
-353375
-344439
-343163
-339596
-336390
-318910
-312517
-310978
-306361
-306085
-290357
-290037
-288488
-288360
-286737
-277064
-270176
-265097
-261941
-252259
-247807
-247235
-240723
-240410
-238710
-238361
-229284
-225817
-219010
-214347
-212061
-212018
-211173
-207614
-203093
-186591
-184720
-183329
-178979
-172018
-169428
-169105
-159849
-157015
-153799
-153449
-150902
-135702
-135089
-134867
-133440
-129340
-126687
-126647
-126235
-123982
-122963
-110317
-100635
-94471
-92377
-90087
-87536
-86454
-86410
-82823
-81018
-80865
-79042
-74859
-74524
-71100
-56614
-52206
-50355
-38015
-35748
-31429
-30175
-25615
-15094
-10573
-6969
3295
18346
21065
21925
24025
24709
26662
26775
29952
54654
54764
56283
60781
65183
66218
69126
82071
88591
89906
92940
96060
98418
98843
100609
102292
112912
115255
118715
125815
126362
126969
129741
152677
152697
162194
181916
183167
187196
188787
191797
192784
195036
199023
199903
208959
225648
226073
227841
235400
237361
248444
248453
248562
248687
256324
260394
262942
265633
268163
269492
274530
279669
282449
285736
287412
296451
297123
306386
310347
315616
319228
319247
326007
331604
340734
347282
355836
359686
361754
365562
366898
374240
376014
379598
381286
384282
393126
401852
404366
405438
410709
412249
414007
415770
418235
420393
428497
431182
432286
442988
443547
447635
451299
451895
457829
460748
463190
463196
463625
467872
477546
477905
486129
491168
491912
495989
499512
499945
501895
504935
507760
515783
518029
518405
518844
521883
527211
530097
553692
555911
563228
565150
565904
567830
570089
571371
571827
578843
580782
584192
585353
593382
607531
614205
614345
615381
622760
624035
633694
635675
639783
651332
651927
653532
654975
667851
670499
671258
682731
684338
695157
695548
698904
717474
719433
729299
730123
737907
738852
741455
752193
766823
767886
769276
778815
779542
781164
782690
783701
785530
794189
804226
811005
811553
813430
825139
830762
831961
836634
844504
851267
856714
857581
859897
860013
862288
862547
870148
870294
870350
871426
872098
880619
882252
882673
882695
882775
887443
894111
899012
899797
902927
908110
929053
931617
938866
945368
947713
947928
961288
965534
972435
973426
976267
979074
995060
995610
997507
999295
1010676
1012731
1015778
1020060
1023286
1037180
1038209
1054435
1056245
1061697
1063953
1066185
1070009
1070877
1071774
1071982
1075231
1079886
1084540
1098931
1099414
1103140
1103274
1106805
1110794
1114341
1115784
1121817
1122008
1122345
1127636
1135696
1136671
1137116
1138547
1141686
1143259
1145905
1147326
1150929
1161110
1163491
1165571
1169756
1170985
1176152
1180853
1185073
1185540
1185883
1187140
1190126
1191995
1199314
1209239
1209646
1210871
1216790
1230204
1232580
1232871
1239226
1253027
1265123
1266028
1268840
1269367
1271294
1285261
1287113
1289823
1290299
1292465
1302945
1305860
1307101
1308266
1308496
1310017
1315172
1316442
1318957
1332478
1344627
1346433
1347469
1351799
1352830
1354418
1359423
1361262
1361386
1362122
1365624
1376105
1384177
1384837
1390768
1393031
1394834
1394895
1395154
1396005
1399602
1403998
1419071
1422227
1422553
1422568
1425644
1427210
1435132
1441597
1450744
1462484
1464385
1465687
1465981
1474156
1475186
1477600
1479832
1483678
1493802
1496757
1498897
1502947
1511370
1514054
1515627
1519228
1523670
1528269
1528779
1533905
1534807
1536619
1536801
1537125
1551586
1552727
1561936
1562866
1567902
1569087
1578954
1581657
1605183
1607830
1610592
1610736
1620992
1621953
1624178
1625468
1628784
1629799
1632538
1644773
1649807
1652681
1653969
1659595
1663990
1664522
1673565
1674737
1677586
1679966
1680796
1684351
1684401
1704906
1709008
1729468
1732862
1740932
1740937
1744677
1745518
1747354
1749808
1752913
1753980
1754407
1756940
1773624
1776196
1779025
1784772
1784949
1789978
1792475
1792515
1797806
1798602
1798711
1805292
1806318
1806526
1822093
1828488
1829547
1829777
1832081
1833752
1835941
1836361
1847668
1849216
1850248
1856056
1857940
1862374
1868577
1868988
1878642
1885807
1891527
1903972
1904280
1906460
1906881
1908567
1909371
1911438
1922477
1926136
1931351
1934670
1935349
1935570
1936146
1943560
1944766
1945590
1953648
1954329
1958003
1961618
1961871
1962413
1971511
1973531
1974712
1989493
1990940
1992250
1993165
1996240
