-1998720
-1995534
-1994654
-1987316
-1981890
-1977741
-1977336
-1974123
-1971249
-1965300
-1964121
-1963219
-1948846
-1946923
-1945872
-1945541
-1943346
-1936846
-1928662
-1928292
-1921453
-1915054
-1905561
-1901236
-1901133
-1900357
-1895708
-1888557
-1881056
-1879470
-1875709
-1875196
-1870999
-1870316
-1869715
-1869336
-1868832
-1864736
-1859984
-1856708
-1856399
-1855162
-1851929
-1848499
-1841191
-1838154
-1825774
-1816815
-1813023
-1810529
-1810143
-1808836
-1808536
-1801827
-1792042
-1789472
-1789344
-1787314
-1786058
-1785724
-1785350
-1780506
-1778771
-1775062
-1774000
-1763595
-1759570
-1753853
-1750438
-1746760
-1739005
-1735220
-1734575
-1721964
-1719935
-1711625
-1710803
-1701476
-1699068
-1688487
-1678368
-1671388
-1665631
-1665088
-1658935
-1654894
-1654115
-1642932
-1630944
-1624972
-1618389
-1616644
-1615532
-1613160
-1605888
-1599182
-1592823
-1590557
-1584249
-1583993
-1570007
-1569287
-1563857
-1563469
-1558987
-1558596
-1558275
-1557383
-1555452
-1554363
-1549120
-1548684
-1545939
-1544105
-1543238
-1539118
-1538314
-1536561
-1535209
-1534673
-1524103
-1517462
-1513165
-1503655
-1494508
-1489287
-1486563
-1474213
-1472611
-1470254
-1469796
-1466442
-1460713
-1454549
-1429269
-1429269
-1427404
-1426620
-1423858
-1418561
-1402082
-1401986
-1400757
-1398920
-1392564
-1379945
-1379020
-1373093
-1372873
-1372776
-1371948
-1367999
-1360404
-1355716
-1353299
-1352862
-1342401
-1338269
-1336232
-1335772
-1333579
-1332034
-1327396
-1317180
-1312603
-1308949
-1307598
-1305933
-1289991
-1284320
-1284086
-1281000
-1276606
-1274127
-1273207
-1272878
-1266362
-1259529
-1256917
-1252549
-1243668
-1243408
-1241276
-1236150
-1232849
-1231169
-1230703
-1229525
-1224082
-1222140
-1216673
-1210818
-1207459
-1202985
-1201963
-1191190
-1182807
-1180293
-1174593
-1165086
-1161361
-1157466
-1155835
-1150372
-1149674
-1149559
-1145076
-1144682
-1143555
-1143322
-1142126
-1137965
-1137894
-1126521
-1123732
-1119912
-1119664
-1119620
-1119261
-1115022
-1111937
-1104475
-1103172
-1102306
-1100830
-1099667
-1093345
-1091169
-1091078
-1084438
-1070784
-1065891
-1064788
-1062510
-1061713
-1056924
-1055030
-1042842
-1039997
-1039715
-1038429
-1036843
-1035285
-1033700
-1032765
-1026319
-1024918
-1024664
-1018117
-1010285
-1005573
-1001478
-998208
-994793
-992916
-992749
-990015
-988633
-984230
-981720
-980171
-977751
-976073
-975737
-975237
-971216
-970414
-969320
-955109
-947688
-942217
-937777
-936027
-931388
-928053
-926886
-925726
-921466
-917400
-910830
-905277
-904526
-901956
-898790
-898720
-896070
-876464
-876442
-874763
-870392
-861798
-861222
-854640
-842334
-831432
-826839
-826179
-825965
-822924
-820230
-819393
-817893
-816507
-813891
-810555
-810540
-809584
-809579
-806466
-801768
-799838
-799493
-789023
-784217
-771823
-759937
-759241
-753825
-743708
-741008
-730307
-729050
-727840
-722493
-722297
-716699
-716049
-713290
-705901
-700147
-697662
-697595
-696048
-685712
-680020
-677221
-674769
-672497
-665882
-665485
-661323
-655749
-655300
-655092
-652397
-639842
-637202
-633237
-624534
-621034
-616369
-611670
-606208
-601668
-588581
-586248
-571367
-570648
-569420
-559919
-558694
-555915
-551024
-550305
-546174
-533184
-527295
-526209
-524954
-516837
-515923
-515126
-511379
-510385
-508366
-505995
-503881
-503362
-498465
-490257
-490190
-484367
-472882
-466363
-465053
-463249
-452244
-450356
-449857
-447694
-446488
-445745
-438640
-431329
-429518
-428536
-428191
-425698
-425659
-417011
-416647
-416074
-409917
-402232
-401089
-392228
-390134
-387193
-386660
-385901
-384503
-378558
-377807
-375949
-375281
-372465
-363819
-361965
-353891
-348476
-346860
-341720
-334775
-333283
-331679
-328167
-320589
-318572
-315578
-313190
-310934
-306692
-303157
-295154
-293571
-285020
-284647
-277818
-272549
-257990
-257743
-253672
-252123
-249306
-246616
-245735
-243265
-239527
-234683
-227151
-225142
-225137
-224717
-217291
-209497
-208160
-196092
-195021
-190072
-188961
-188264
-185909
-179774
-177191
-174297
-173374
-173069
-171320
-163489
-159916
-152920
-147470
-134778
-132054
-128420
-127194
-125621
-121318
-119186
-110399
-103614
-102653
-102080
-101510
-99069
-98622
-89074
-85883
-85839
-84894
-79851
-79449
-76414
-72983
-70355
-67503
-63962
-60643
-56257
-54730
-49344
-47101
-46182
-39415
-38872
-34634
-32978
-32258
-30449
-15684
-14404
-6896
-3375
674
1242
6680
6732
9213
12729
23383
25629
41053
45785
58009
62431
67339
68410
69685
69740
73536
83977
84541
92126
92757
93531
102003
107479
108538
108812
110319
110995
113211
113327
114884
117645
118284
118973
122021
132853
137039
137409
138622
149550
150498
150508
152149
157098
160570
169396
172960
173836
179991
183976
185602
190800
198977
203404
206723
211517
227615
227619
236129
237292
240034
245277
248063
252150
256234
259055
259307
261929
264143
272425
284487
287597
292262
292568
293074
297136
298638
311680
312622
313077
320936
321935
326677
327539
330711
331273
335990
336728
339342
340292
347760
350935
353113
353590
354889
357388
358335
370126
381505
382239
382848
386779
387014
401779
408139
415314
420859
421891
422335
424815
431708
444657
445551
447075
457322
459735
460306
461201
468642
471333
475096
481302
484516
486226
491125
502640
507358
515069
518633
524326
529812
532167
535510
535657
538926
541578
541852
544826
545539
545913
548175
549968
559107
561077
567315
567595
569666
570008
572760
572960
575671
579625
582190
587589
591548
592311
600254
608389
614561
617591
617603
618308
618676
620283
623483
627445
630919
633278
633500
634423
635486
649524
650837
654887
663749
664037
670940
671953
673533
678029
678430
681269
689575
693224
699169
722674
732559
735344
735554
738441
740855
743310
743378
748068
758629
770951
775212
775844
777380
779157
781477
783327
785025
789797
790368
795563
803399
809765
810033
820506
822634
834541
844367
846871
847279
854075
854797
860279
863953
867122
870241
880669
884309
885416
886823
887061
888709
888958
890080
901264
904734
906414
919613
920986
923214
923224
925753
927395
927772
940550
948970
951894
953828
958133
962438
964024
966844
977092
979424
980941
985686
987562
989044
992814
996260
1001539
1002360
1005953
1010115
1012897
1016014
1021807
1045329
1047507
1050349
1054322
1059322
1059862
1074429
1075198
1090182
1105013
1108689
1116568
1117291
1121080
1121223
1121403
1131212
1133227
1136345
1136846
1146198
1153612
1166713
1168748
1171733
1174869
1175401
1175682
1176257
1178520
1181594
1186621
1188316
1188335
1191735
1198514
1200596
1204679
1213190
1214312
1223565
1227638
1230852
1231085
1238110
1243116
1243406
1252503
1255723
1262078
1263566
1266911
1268568
1272711
1273581
1275257
1280071
1281169
1284245
1285952
1292873
1293405
1296146
1299108
1304851
1309010
1312812
1319799
1320701
1323694
1323756
1333748
1334139
1344649
1344799
1361772
1363421
1366339
1368797
1368949
1378407
1380962
1384894
1385090
1385966
1393601
1402945
1404146
1406494
1406891
1412489
1413195
1416097
1417073
1421030
1424030
1429913
1449675
1456019
1459316
1461221
1471297
1472078
1477284
1477951
1480473
1487469
1488225
1499033
1501539
1504979
1507173
1512300
1522122
1522898
1523128
1527354
1529027
1533762
1535292
1538828
1541263
1544678
1544701
1553090
1555189
1571470
1573025
1574883
1578881
1578886
1582969
1584587
1590040
1594853
1610518
1624216
1637447
1638753
1641790
1648223
1652465
1668176
1671223
1673365
1673794
1679879
1683238
1684636
1685046
1685366
1687934
1700893
1701944
1709444
1714612
1716791
1717088
1718015
1722594
1723686
1730594
1746958
1749978
1762033
1762447
1769363
1774099
1778216
1786088
1786452
1799394
1799772
1805860
1810318
1815051
1820041
1826759
1827061
1830910
1835657
1841912
1846727
1851181
1860408
1860614
1860823
1862124
1878717
1880082
1880405
1881617
1887524
1892480
1901683
1902190
1906778
1909062
1909567
1911814
1912447
1917274
1918148
1929611
1936140
1939332
1942324
1944589
1946876
1947898
1949051
1950781
1952209
1954316
1956014
1959931
1966919
1970842
1976077
1977197
1981240
1986449
1989121
1992496
1993785
