-1999392
-1996886
-1994912
-1988931
-1973388
-1972541
-1971695
-1971266
-1964478
-1961888
-1958538
-1958433
-1955874
-1950920
-1943994
-1943878
-1942632
-1941937
-1940899
-1939636
-1932933
-1931996
-1930304
-1928644
-1925254
-1920716
-1910756
-1910422
-1909313
-1901556
-1899561
-1895389
-1869961
-1869396
-1862978
-1862747
-1853625
-1850749
-1846424
-1844358
-1841162
-1837871
-1837151
-1836336
-1834845
-1829522
-1821318
-1819572
-1814866
-1813143
-1810743
-1809729
-1809721
-1801587
-1799196
-1799089
-1796503
-1793035
-1791008
-1786109
-1785926
-1783915
-1777383
-1770979
-1767203
-1754338
-1747795
-1737288
-1736435
-1732794
-1732519
-1731949
-1730049
-1723699
-1711970
-1704130
-1703792
-1700271
-1697048
-1696450
-1695503
-1694718
-1691145
-1689325
-1688090
-1687388
-1687121
-1685444
-1680573
-1671861
-1656066
-1649638
-1646155
-1642399
-1636914
-1635344
-1633829
-1632102
-1602991
-1601959
-1599196
-1598094
-1596845
-1595273
-1594990
-1592047
-1589885
-1589491
-1583892
-1580925
-1575494
-1574426
-1565618
-1557521
-1556594
-1533088
-1527093
-1526730
-1522339
-1518639
-1515556
-1513391
-1506455
-1505398
-1505235
-1501063
-1500246
-1499575
-1497185
-1494942
-1490159
-1485799
-1482222
-1468932
-1460632
-1459671
-1453544
-1445501
-1443388
-1440024
-1437565
-1433632
-1432027
-1429077
-1428641
-1419742
-1418034
-1417458
-1416965
-1416723
-1416072
-1406550
-1398801
-1398546
-1398426
-1396394
-1395521
-1391052
-1390873
-1387654
-1386313
-1382179
-1375892
-1375390
-1373995
-1371654
-1366668
-1364878
-1363132
-1362829
-1358243
-1354485
-1353524
-1340246
-1335181
-1330164
-1324046
-1319557
-1314638
-1313280
-1307774
-1301185
-1299793
-1295249
-1294192
-1293144
-1288440
-1286686
-1279376
-1270786
-1270110
-1257401
-1255079
-1252462
-1249494
-1241429
-1225484
-1224448
-1223629
-1223573
-1217124
-1215374
-1214043
-1212311
-1208684
-1202922
-1200396
-1198616
-1198341
-1191133
-1189835
-1180412
-1179741
-1179101
-1176939
-1163360
-1157746
-1156852
-1151149
-1143244
-1141155
-1134281
-1133560
-1129537
-1127073
-1125854
-1121807
-1120013
-1112626
-1112358
-1110900
-1109528
-1108109
-1101767
-1098025
-1094607
-1093723
-1092684
-1076997
-1063372
-1048813
-1048224
-1037512
-1036941
-1035611
-1034306
-1034153
-1030165
-1024468
-1019234
-1017693
-1014221
-1011843
-1010560
-1006439
-998696
-994074
-990886
-989511
-984902
-980767
-974250
-971052
-970646
-968333
-966796
-954960
-953750
-948585
-943296
-941185
-938688
-937310
-935114
-929454
-929206
-925501
-919458
-918523
-918018
-914912
-909480
-900234
-899645
-895989
-894031
-892064
-890921
-884831
-880077
-873617
-868760
-856785
-848552
-847198
-831314
-830500
-829239
-827066
-808506
-804199
-797781
-796779
-796556
-792522
-790576
-788992
-787762
-786120
-783303
-780191
-779623
-773767
-773165
-772267
-752349
-751625
-750323
-747659
-744407
-729485
-725061
-721813
-718438
-713441
-708725
-697609
-690457
-673805
-664864
-664459
-663495
-662041
-657181
-656139
-654629
-650601
-648436
-645198
-641559
-640051
-638565
-638126
-635465
-635227
-628712
-628635
-628218
-614226
-611710
-610560
-602059
-601075
-600662
-598638
-592747
-585184
-583221
-582469
-579497
-575322
-566207
-558554
-555706
-554405
-551537
-546560
-545977
-544880
-536178
-530771
-530714
-526064
-522035
-521368
-514778
-508440
-506399
-503043
-502294
-492853
-486403
-485705
-482695
-482464
-481025
-475564
-472340
-471252
-468301
-463444
-462694
-462219
-460337
-448642
-445412
-444312
-444260
-443025
-442384
-438406
-429307
-427243
-425768
-417516
-416615
-413165
-412524
-410670
-401517
-399009
-397324
-397311
-396570
-392042
-388399
-387554
-384430
-383683
-366625
-365713
-365197
-355150
-351734
-351147
-346116
-337706
-337385
-333352
-331730
-330027
-328421
-326368
-324442
-311337
-308636
-304791
-293426
-288115
-280674
-276786
-268330
-261688
-255939
-246024
-244234
-239707
-231569
-229977
-229472
-225780
-222576
-217477
-211644
-201940
-201537
-201028
-189109
-182494
-174534
-174456
-170836
-170162
-168308
-160663
-157086
-156741
-156388
-154822
-148743
-148133
-137150
-134974
-126837
-123864
-122952
-121600
-113058
-112075
-111913
-108431
-106603
-105864
-100193
-99733
-82876
-78177
-77894
-74769
-71307
-66210
-62175
-54616
-50372
-45405
-44993
-44507
-42160
-39550
-35592
-35489
-35270
-34461
-32490
-32451
-11804
-9033
-3998
-2820
-1588
4729
7026
7508
14846
18855
19970
21114
21453
26082
31128
38777
40768
46751
48068
51177
62620
62868
67856
72769
84176
89088
90397
97359
98375
106355
112039
112245
115521
120192
126833
130288
136043
136418
146292
147665
152250
155004
158411
159198
161814
163394
164917
166575
166586
174341
183119
190750
192329
192941
196111
209385
214086
222471
225455
230286
238030
242991
243532
243654
245514
246574
249824
260424
260541
264291
267765
268108
276204
279773
281047
281559
282010
289835
306606
313276
316412
321352
323177
325639
329881
330069
334116
334192
335705
337530
338622
344446
344541
345030
347452
350139
352854
355295
355746
365488
372528
373555
375161
382010
383192
384492
386298
392327
404580
410472
410721
418543
420532
420809
420875
427933
431107
431781
431842
434676
434993
438167
445542
446424
460623
466257
468191
469446
476934
477456
501202
501768
509108
513899
514273
524908
530772
533842
538190
541434
544506
550763
556508
565356
570456
570731
571395
578155
580750
581600
591830
598668
602720
604266
604873
607837
608467
611792
633939
634938
652245
652489
661288
671274
677881
695435
698606
702543
715093
717726
725722
730451
731471
733217
736992
738592
742319
744167
746728
753881
754975
754979
758881
764693
766196
769956
779862
784360
795536
797142
799398
800341
802694
807149
810408
811669
811763
812630
816096
817647
818462
823633
823798
833349
833977
834882
841124
843746
880947
881650
893601
898565
900683
908686
912464
917991
920172
920381
921706
923150
930584
930897
931189
931363
934045
934190
941592
946339
952355
955007
962062
966203
974955
977814
980497
982335
986076
990374
991039
993453
1001603
1001918
1009485
1020151
1021572
1021580
1022075
1024258
1025824
1027949
1028088
1031309
1036435
1045495
1047533
1065940
1073092
1075882
1076440
1081138
1090203
1091927
1095674
1103897
1108901
1109667
1110325
1111485
1115330
1116818
1117549
1117553
1121281
1123579
1125122
1125184
1126103
1128088
1141732
1142404
1145262
1148542
1149453
1157195
1159136
1170854
1171953
1172136
1181300
1182624
1192418
1193031
1194084
1195356
1197665
1199010
1200137
1200727
1203492
1203950
1207463
1210083
1211370
1212842
1213583
1226747
1232968
1236796
1238896
1252483
1254052
1254239
1259234
1261421
1265005
1266283
1269707
1272221
1276283
1277644
1291112
1292715
1295770
1298203
1298614
1301637
1310702
1314920
1327991
1329457
1331521
1338056
1341105
1342012
1343382
1348019
1351044
1356676
1360549
1364118
1368517
1369010
1371204
1374977
1376703
1383391
1386847
1405268
1410190
1417093
1426494
1430446
1441987
1443269
1444139
1444489
1445091
1449087
1453755
1456272
1458869
1463900
1469334
1470307
1472272
1489254
1493701
1496106
1504404
1506182
1509485
1513904
1522774
1530495
1532857
1537920
1538253
1545448
1550683
1554197
1562272
1562577
1566424
1569978
1570870
1572599
1577912
1581352
1589830
1595116
1596103
1599426
1604800
1604852
1613758
1622660
1623162
1623593
1627680
1631765
1633755
1637570
1640825
1642302
1646328
1664493
1671016
1671877
1674155
1679289
1679426
1685942
1691490
1694033
1699383
1701950
1712790
1713631
1713810
1726696
1726740
1727141
1728155
1743775
1762879
1765532
1771747
1771965
1776999
1784825
1789648
1790255
1791520
1794035
1800637
1804576
1804797
1807431
1807512
1817916
1818324
1820021
1821382
1822721
1824406
1836191
1837653
1840660
1841412
1851893
1855851
1864325
1870879
1872080
1874091
1875571
1877886
1879743
1882006
1882853
1883882
1886209
1895557
1897391
1898011
1903605
1906730
1920081
1930029
1931032
1932534
1939663
1942486
1943754
1944146
1944709
1945098
1949623
1952810
1956615
1964604
1965183
1965689
1967268
1979049
1979091
1979396
1980875
1983318
1986385
1989518
1993855
1994181
1996020
1997172
