-1998488
-1997002
-1991791
-1990924
-1981174
-1981030
-1978680
-1976230
-1970507
-1969934
-1966193
-1962151
-1959202
-1957259
-1951598
-1945696
-1944698
-1939776
-1937882
-1935972
-1935894
-1932554
-1931346
-1930323
-1925589
-1919021
-1908373
-1908044
-1905384
-1904867
-1904143
-1902084
-1895125
-1892864
-1892828
-1889203
-1879393
-1874401
-1868717
-1867707
-1866627
-1859997
-1856504
-1853152
-1850125
-1849397
-1848743
-1831645
-1829720
-1825807
-1822535
-1820046
-1819073
-1814061
-1813739
-1812241
-1810202
-1808801
-1807061
-1805891
-1800473
-1796305
-1792808
-1788985
-1784834
-1771157
-1766131
-1759495
-1750270
-1749346
-1743435
-1735085
-1730207
-1728719
-1718339
-1718236
-1714150
-1705944
-1705571
-1704893
-1703975
-1699092
-1697672
-1692410
-1692177
-1690334
-1688779
-1688321
-1675719
-1673134
-1669822
-1660391
-1651923
-1651228
-1650294
-1649353
-1646862
-1645116
-1641364
-1639144
-1638608
-1636806
-1633615
-1633409
-1632572
-1629102
-1628220
-1620313
-1620146
-1617302
-1612412
-1609514
-1605930
-1594848
-1589676
-1589280
-1583141
-1582394
-1577748
-1570996
-1560977
-1552302
-1552176
-1551713
-1545846
-1545242
-1536036
-1533467
-1532423
-1528329
-1524715
-1521786
-1512419
-1508615
-1508186
-1501108
-1498955
-1497827
-1493787
-1491635
-1490243
-1489481
-1476674
-1475842
-1472771
-1472704
-1471088
-1461464
-1461394
-1459454
-1457463
-1454708
-1447995
-1444656
-1441812
-1440642
-1437585
-1425352
-1409911
-1406453
-1405039
-1402584
-1399179
-1398688
-1398383
-1397046
-1385418
-1384424
-1384179
-1380399
-1379541
-1376334
-1375006
-1371534
-1367809
-1363195
-1344755
-1344522
-1324290
-1323132
-1319223
-1311774
-1310753
-1310011
-1308980
-1307837
-1305657
-1304730
-1294493
-1292009
-1289945
-1279421
-1277460
-1275702
-1268835
-1265288
-1262961
-1262682
-1262252
-1259044
-1258275
-1258069
-1256911
-1256523
-1249981
-1240581
-1238063
-1228901
-1226630
-1218065
-1213430
-1213177
-1201062
-1200035
-1197537
-1191095
-1188981
-1187917
-1187379
-1183598
-1183003
-1180600
-1180181
-1175063
-1174951
-1171540
-1166012
-1158098
-1155418
-1154515
-1149844
-1144240
-1135029
-1126281
-1118027
-1117642
-1112771
-1108485
-1104276
-1103732
-1099880
-1094251
-1081735
-1079620
-1076988
-1072089
-1070398
-1066592
-1066062
-1065843
-1054903
-1051062
-1050000
-1049972
-1045184
-1043097
-1035584
-1019325
-1014100
-1008654
-1004780
-995589
-991620
-984875
-984528
-984016
-978462
-973950
-971710
-966049
-961963
-960604
-955746
-945568
-935815
-934072
-920585
-912525
-910963
-910379
-904321
-900127
-899672
-899527
-898824
-891336
-889907
-884887
-867960
-865685
-861780
-855688
-854965
-851869
-850606
-847980
-845690
-839822
-836929
-831115
-828032
-822919
-816833
-813585
-808562
-791987
-783283
-782033
-781470
-780299
-779811
-778767
-775133
-771140
-771078
-767144
-762039
-752159
-751570
-751196
-744011
-736970
-736928
-731804
-730220
-718607
-716989
-713252
-712049
-705250
-699958
-697566
-697506
-696499
-693013
-692368
-692125
-689801
-687802
-686489
-683332
-682135
-681165
-680526
-680322
-669124
-660031
-657150
-655897
-653579
-641793
-637500
-637383
-637335
-635264
-634903
-633624
-630301
-628991
-620430
-610023
-608187
-602365
-601389
-599887
-596616
-595726
-595136
-594952
-591818
-579246
-575550
-567157
-557074
-552473
-541639
-539965
-530635
-529526
-525936
-523621
-517090
-513021
-503894
-500910
-498113
-496780
-494209
-493416
-489767
-482571
-475219
-474332
-469731
-468914
-466019
-456749
-452522
-445211
-441894
-433258
-429216
-428488
-426901
-423461
-423166
-415371
-402069
-397339
-395828
-392160
-390802
-388283
-386850
-376942
-374210
-374061
-368628
-363433
-363293
-358668
-357969
-357236
-354344
-348520
-340382
-338730
-331433
-325632
-319522
-308903
-306863
-305955
-303747
-300394
-295524
-294286
-289420
-287895
-285533
-285005
-284478
-273942
-265264
-264951
-261894
-259014
-251579
-248753
-247632
-246194
-246143
-245832
-245652
-245458
-245441
-241888
-241208
-239527
-231196
-223613
-221665
-208348
-196792
-191444
-186220
-172032
-159666
-153937
-152941
-151845
-150647
-145687
-145517
-145308
-144895
-141485
-137687
-129245
-124688
-123716
-117127
-111145
-103175
-95920
-84214
-82285
-69984
-68472
-60711
-52779
-50986
-48283
-46547
-43210
-41080
-37172
-36854
-32668
-31275
-26349
-23925
-18575
-18204
-9860
-8325
-4627
-4384
-2694
1617
5112
12046
14726
18162
20629
20645
22951
26479
27726
30689
32999
36696
40374
49670
56201
59766
75258
78554
78681
79163
87888
88522
89840
91579
107878
123718
124901
135620
138587
139193
141346
142136
142239
142947
149014
151123
151655
153571
153942
154670
164823
168684
171729
176032
177229
185322
186421
190592
200625
205583
212784
232922
241206
242344
244155
246996
275751
278973
279593
288161
291067
292108
294240
296992
308435
318958
327129
329090
334803
341264
341777
345783
346621
349130
352353
353904
358450
369612
378182
380772
382671
384651
387376
388807
389207
393254
396336
400330
402175
409662
409719
416794
416836
423470
425672
427417
430365
431738
432602
436415
445518
446522
451325
468209
471193
473300
474214
474468
489094
491827
500503
506006
511887
514001
514330
519981
520294
523752
526404
544107
551023
558446
560437
565849
566183
568364
572745
576159
585421
590635
594059
597122
597442
598658
604267
605680
606498
611769
614770
615706
618895
624005
627801
628027
629517
633593
635976
636523
638132
641808
663642
671561
672432
675222
681691
682406
686980
694067
697433
704956
711059
711330
711934
715655
721797
731182
733772
736279
737496
739300
741933
751695
757760
758636
759311
760651
762060
762380
763134
764601
765190
768619
770209
772636
778863
791197
799509
801964
805737
806741
807325
816031
840481
841092
854920
857581
863282
864830
866715
870723
874489
878694
879886
885120
894105
898778
899613
899732
900839
901274
902251
915786
916281
924188
925954
948103
952087
954446
955278
963419
965608
968238
970748
976964
980048
993026
997470
1003573
1004603
1006641
1011337
1014500
1017151
1020976
1029061
1029361
1030419
1031995
1034198
1036524
1037379
1040209
1041292
1042141
1049132
1049867
1060514
1062037
1066960
1077481
1078489
1081560
1083232
1088215
1089828
1091787
1092075
1094530
1098920
1101259
1102406
1103519
1106003
1107061
1111968
1113030
1123977
1127003
1129130
1129499
1129641
1131789
1137029
1137445
1141153
1149543
1150811
1151840
1152190
1152988
1155131
1158607
1159051
1160068
1163886
1169406
1174133
1175099
1178525
1178580
1178876
1186114
1200701
1206783
1220910
1223912
1234662
1251308
1252866
1253595
1255025
1256507
1258719
1261160
1264314
1268875
1271240
1275239
1276501
1280485
1284195
1284259
1293150
1293680
1296436
1298024
1298398
1306134
1308875
1310126
1311087
1311393
1317655
1319870
1321152
1326070
1330121
1332363
1337986
1338652
1341698
1350210
1351328
1353066
1355406
1363481
1368373
1369316
1369457
1369626
1378324
1380500
1381388
1382497
1391836
1403362
1405114
1409583
1413755
1417453
1421278
1421597
1423699
1439378
1441315
1444008
1452420
1453154
1456381
1458558
1465946
1466520
1472128
1473004
1484593
1490289
1492129
1493650
1494476
1497611
1500436
1509178
1511823
1516368
1520846
1530267
1530688
1541730
1544248
1547000
1549135
1554850
1555181
1556865
1557015
1558102
1558259
1558649
1564278
1566299
1570586
1581301
1583138
1588483
1590600
1591544
1597641
1609359
1611254
1624769
1640576
1645807
1647136
1650409
1657279
1658441
1659064
1663526
1664155
1666005
1671949
1673558
1674163
1684955
1692053
1694924
1695903
1699365
1709388
1710771
1710845
1714709
1724465
1725591
1736379
1740020
1740661
1754727
1756892
1760470
1761924
1769043
1770459
1773185
1778701
1779406
1779793
1782049
1785007
1786077
1790975
1794989
1796429
1802696
1805702
1807162
1807888
1808260
1810199
1813898
1826489
1828338
1828423
1836432
1837395
1843681
1847988
1848346
1855546
1856784
1862862
1863169
1867340
1870129
1871549
1876266
1881140
1886712
1887473
1888907
1905406
1910238
1927504
1930472
1931808
1932915
1941960
1951640
1952969
1953136
1954310
1974892
1975664
1978280
1981877
1985953
1986424
1987691
1989433
1999819
