-1999592
-1995320
-1988890
-1985611
-1984172
-1981515
-1979816
-1979417
-1979340
-1973202
-1972725
-1963345
-1954109
-1948031
-1942236
-1935061
-1929383
-1928205
-1925295
-1925020
-1924009
-1918153
-1914823
-1912657
-1909501
-1905424
-1903596
-1898645
-1892726
-1892281
-1891023
-1888284
-1878994
-1863575
-1861100
-1858063
-1845009
-1842745
-1842160
-1834606
-1832302
-1831274
-1829300
-1820483
-1817310
-1815675
-1814439
-1813107
-1812604
-1811597
-1809162
-1808769
-1806533
-1801918
-1795293
-1793549
-1791841
-1791021
-1790472
-1781052
-1769475
-1764240
-1763819
-1760895
-1758110
-1753236
-1752542
-1751937
-1746106
-1745531
-1742274
-1739802
-1726421
-1725693
-1725361
-1720463
-1717848
-1712543
-1712298
-1708683
-1705956
-1704980
-1703947
-1703915
-1699494
-1692776
-1692635
-1684071
-1678697
-1676878
-1673736
-1673230
-1666591
-1652834
-1640554
-1619704
-1617303
-1610165
-1608386
-1604103
-1590746
-1577843
-1577449
-1577126
-1574643
-1572093
-1569476
-1569041
-1558383
-1557470
-1533151
-1532704
-1523837
-1521887
-1520014
-1519484
-1515699
-1515446
-1513930
-1513459
-1509093
-1508104
-1506806
-1503550
-1496624
-1493604
-1491813
-1487808
-1486189
-1479154
-1475689
-1473240
-1473006
-1472475
-1470482
-1462756
-1461015
-1457918
-1457253
-1451534
-1444898
-1444494
-1436985
-1430895
-1425640
-1425195
-1423367
-1417782
-1412058
-1410598
-1408997
-1408309
-1403767
-1401464
-1391944
-1391744
-1386121
-1384855
-1372877
-1363791
-1360875
-1359278
-1358982
-1358398
-1357373
-1346843
-1339128
-1335895
-1335180
-1331868
-1329200
-1327505
-1325029
-1303016
-1292513
-1289337
-1285788
-1280444
-1277959
-1271969
-1270798
-1260667
-1260324
-1248158
-1246721
-1245780
-1243023
-1239877
-1232765
-1221073
-1216077
-1210501
-1204542
-1196557
-1191152
-1189643
-1186569
-1180138
-1177171
-1169332
-1169324
-1160972
-1149276
-1143940
-1143524
-1129010
-1128466
-1128051
-1114532
-1112105
-1109116
-1108729
-1107325
-1101539
-1099102
-1097044
-1092653
-1090706
-1088852
-1087051
-1085978
-1084803
-1083940
-1083585
-1077809
-1077594
-1077502
-1076048
-1071244
-1068845
-1068280
-1064576
-1064128
-1063079
-1054905
-1054399
-1050233
-1048801
-1044149
-1039899
-1035001
-1033136
-1031704
-1031015
-1029324
-1023387
-1021429
-1007591
-1003650
-998512
-991050
-983967
-983678
-983338
-981594
-977217
-969461
-969122
-968526
-967895
-964780
-963837
-963267
-962888
-958388
-955041
-952778
-947156
-946957
-946154
-945710
-945020
-943496
-935718
-931793
-927962
-926362
-925380
-924522
-923042
-914639
-911607
-908051
-905040
-904183
-898601
-892631
-890242
-889262
-887498
-881963
-859958
-854224
-854105
-852443
-850797
-849278
-848893
-848625
-848389
-841408
-831802
-824904
-821950
-820077
-816214
-815905
-814154
-809330
-808913
-799171
-793287
-788673
-787993
-786025
-784247
-782381
-776432
-774711
-772057
-771950
-765815
-762445
-762103
-759013
-756766
-754572
-754012
-751293
-751180
-749240
-746397
-743104
-737602
-735872
-732700
-725317
-703572
-694914
-692164
-691885
-689887
-682058
-679424
-677578
-675752
-673821
-673348
-672415
-671273
-668971
-668196
-663534
-652640
-646394
-641035
-640812
-627793
-623350
-622867
-617198
-616031
-615768
-613586
-610636
-604774
-600031
-591826
-589272
-585313
-584808
-582996
-559222
-557540
-556319
-551527
-548527
-547330
-545342
-545189
-540017
-537338
-537024
-536231
-524536
-519394
-518323
-517940
-517853
-513963
-502586
-493103
-487680
-486617
-479829
-477013
-473621
-471151
-455472
-442135
-441810
-441261
-440213
-438994
-421731
-412600
-408293
-399279
-399169
-395098
-394783
-394162
-392994
-379839
-377169
-376944
-375615
-375458
-373525
-368870
-365140
-364486
-359166
-352300
-341053
-332147
-330029
-303512
-302899
-297060
-290188
-290063
-269906
-264387
-261884
-257687
-241841
-239723
-237837
-233269
-230954
-227809
-222597
-220166
-219046
-218309
-212666
-211238
-209936
-206147
-201381
-201015
-200493
-200247
-197782
-196455
-193685
-188797
-187120
-177098
-168552
-168329
-166796
-165500
-164035
-161176
-152948
-151449
-151334
-147360
-146229
-145965
-145073
-143946
-141593
-127190
-124961
-113134
-111365
-110729
-106710
-99826
-94733
-86216
-85468
-83542
-83204
-80604
-76474
-75321
-70686
-70445
-68243
-54544
-48342
-45436
-44623
-35729
-32169
-29301
-26139
13749
14499
19390
21242
22407
26153
27259
28543
28720
30554
31371
33695
35531
40781
44338
44346
45091
55496
60124
64734
68372
68864
74342
75156
79321
81032
81273
91186
92225
95152
103999
111197
115987
116046
129294
133734
134610
142019
143535
147980
148349
149222
158651
160668
164914
192892
197834
205499
213661
213999
220540
225337
229119
261980
266640
267964
268913
270013
272746
273413
274660
275953
290023
291601
298430
303013
313243
316198
321543
328197
341193
341942
347209
348569
348744
355085
355352
358900
361805
372944
373704
374106
374950
383330
384787
385633
385950
388994
394802
397808
397815
401947
407506
409975
418964
420360
427004
427852
428436
429383
434942
435017
438722
441543
443284
458563
458760
460116
463023
465296
465341
468502
468520
470628
470662
480017
484711
486063
489729
492149
505233
514285
515136
515392
519049
519571
522073
525718
533981
534597
537159
541107
545376
549914
553290
553328
553441
560927
563798
564634
568073
569393
569813
572908
575854
582204
582882
590121
590457
591242
593231
594995
596445
599181
602197
602647
603846
608896
610047
619571
629258
630846
636962
647785
649298
651940
656345
657842
660044
668365
669807
670625
672591
673328
674177
675193
684513
684785
685381
692913
694763
695894
700746
702720
710653
723663
725086
726934
728809
728911
729793
732282
733112
745674
750159
751431
751992
754806
765007
770339
770374
775370
777027
779323
779351
787416
788987
794894
798987
809418
813558
818374
820476
822302
847039
858803
867262
867356
870370
889566
896690
898954
900738
908032
912625
914427
915490
920755
920885
921675
929055
930126
930905
935102
937947
940050
942838
952668
954871
958922
963548
963762
966462
970569
971941
978144
980369
980413
985363
986315
989992
1001341
1003470
1014477
1014865
1022998
1024125
1025963
1031431
1031449
1034595
1034600
1035947
1037803
1040268
1041550
1043259
1044508
1051391
1056383
1060083
1072929
1077742
1084889
1085953
1091225
1094756
1094923
1104116
1104213
1109950
1122086
1127284
1130358
1131794
1150643
1152011
1153226
1173253
1176106
1179460
1179677
1181950
1182325
1187425
1189424
1191848
1192230
1200122
1201494
1203647
1209178
1209871
1215571
1221890
1223459
1229853
1235587
1237042
1240942
1254759
1257022
1264885
1266831
1279520
1283357
1283605
1286173
1294299
1294666
1298647
1304165
1305194
1306808
1314667
1317567
1319398
1320842
1325611
1328688
1330876
1335188
1338460
1339986
1345287
1346784
1346839
1352547
1361506
1366507
1369980
1374199
1379855
1380271
1384741
1387905
1391542
1399025
1399495
1401182
1403291
1405773
1407483
1409979
1411540
1412451
1420805
1424596
1425269
1427347
1429065
1432540
1436136
1442335
1442588
1443355
1443704
1448036
1449776
1452067
1459178
1462794
1482067
1495575
1495768
1508098
1511208
1512267
1512606
1517120
1517419
1522596
1522614
1525561
1529471
1530426
1532324
1536963
1538010
1539794
1545290
1553340
1562051
1571707
1573689
1577696
1578634
1583399
1585492
1585678
1587622
1588924
1592526
1594235
1594243
1598351
1599889
1600667
1603426
1611143
1617712
1618443
1623258
1626270
1629440
1630869
1650688
1658995
1659784
1659925
1661953
1663609
1663610
1667908
1670925
1674984
1676020
1681762
1683725
1690690
1693840
1696727
1709519
1711444
1714231
1741399
1745246
1746565
1757767
1759614
1776535
1779055
1787128
1798545
1801958
1812076
1815320
1816711
1817094
1821601
1833729
1834887
1841294
1845056
1846306
1847395
1851504
1852506
1859429
1859838
1862333
1863702
1864475
1871964
1874545
1875810
1875843
1891088
1898161
1899049
1904552
1908726
1909899
1910681
1927728
1930041
1933550
1936489
1943895
1945797
1946075
1949300
1949558
1952724
1952796
1953879
1954070
1961933
1965083
1967887
1971261
1976130
1976189
1977317
1982029
1982037
1983585
1983930
1991239
