-1997970
-1997284
-1996565
-1992997
-1992855
-1990290
-1990115
-1983026
-1979939
-1976408
-1976380
-1974590
-1973954
-1967888
-1962461
-1962002
-1961245
-1960736
-1958847
-1957714
-1955161
-1952600
-1938647
-1934352
-1919316
-1911008
-1899365
-1892014
-1891312
-1890141
-1889791
-1889787
-1887454
-1883743
-1879849
-1875102
-1874952
-1870492
-1869779
-1862070
-1859356
-1857834
-1855486
-1851381
-1848176
-1846115
-1845606
-1839707
-1839609
-1834608
-1831631
-1829102
-1822331
-1820605
-1811983
-1805852
-1805108
-1798470
-1795379
-1788434
-1786826
-1765420
-1761556
-1743122
-1736784
-1733582
-1728379
-1727358
-1726210
-1725271
-1721373
-1711871
-1707009
-1706737
-1691434
-1676526
-1673822
-1671374
-1659379
-1659200
-1658384
-1658119
-1656871
-1655940
-1646794
-1643134
-1642671
-1634067
-1625420
-1623683
-1621669
-1620894
-1617959
-1616834
-1599037
-1598635
-1594534
-1593294
-1591732
-1589623
-1589253
-1588515
-1587828
-1575558
-1573772
-1572606
-1568627
-1565928
-1563882
-1562046
-1555978
-1553649
-1552525
-1547061
-1542452
-1539055
-1531535
-1520534
-1508134
-1507487
-1506948
-1493372
-1490066
-1485570
-1485133
-1484903
-1478620
-1478121
-1476467
-1474902
-1470371
-1459412
-1448921
-1446568
-1446048
-1445266
-1441693
-1434821
-1430395
-1421381
-1415199
-1414788
-1411199
-1409322
-1408366
-1408042
-1407959
-1407206
-1402614
-1390967
-1387769
-1383379
-1382645
-1377970
-1364941
-1362955
-1361047
-1351730
-1345605
-1340373
-1338757
-1336079
-1335278
-1328419
-1326017
-1323501
-1320207
-1307987
-1304833
-1301447
-1297832
-1294543
-1283609
-1282448
-1280167
-1273930
-1273064
-1266250
-1260719
-1257770
-1255456
-1255392
-1255022
-1254909
-1251884
-1251487
-1249042
-1248926
-1245214
-1243648
-1240693
-1240511
-1239734
-1239021
-1230831
-1230444
-1224327
-1223931
-1221821
-1217511
-1214602
-1209973
-1209077
-1205358
-1203870
-1199530
-1193910
-1188832
-1186071
-1186041
-1182300
-1175855
-1166286
-1162666
-1158851
-1152861
-1149199
-1139526
-1136499
-1135880
-1130090
-1129540
-1129385
-1129152
-1126086
-1125925
-1111939
-1108259
-1106443
-1100467
-1099231
-1095735
-1094335
-1089420
-1087376
-1086844
-1082918
-1080886
-1074087
-1073478
-1070266
-1065172
-1056807
-1053481
-1035566
-1029350
-1026283
-1014566
-1014336
-1013674
-1013372
-1006641
-1005991
-1005258
-1004465
-1000793
-999570
-998766
-998322
-995021
-992157
-984944
-979833
-976359
-964470
-954810
-949521
-944549
-944466
-940245
-938229
-933393
-932697
-932418
-927493
-926584
-924279
-916426
-910615
-908574
-907874
-905429
-904642
-900931
-900100
-894926
-894539
-894474
-891595
-881412
-879160
-878705
-875123
-870250
-869726
-867637
-866552
-866246
-863852
-862466
-861681
-855032
-853305
-849812
-849057
-848898
-847940
-847326
-846765
-842323
-841905
-837590
-836962
-835196
-832174
-831196
-826581
-824906
-818030
-810216
-809808
-803229
-797426
-794620
-787776
-785963
-784421
-782635
-782116
-778519
-773174
-767859
-753499
-751837
-750978
-744549
-739810
-738349
-737289
-735464
-732371
-729733
-728409
-722972
-719601
-709997
-706679
-706595
-697428
-690401
-688486
-686686
-675873
-674603
-673734
-673511
-670765
-669516
-668174
-667598
-664173
-661002
-655361
-652666
-648614
-643102
-631530
-631096
-626650
-621740
-617117
-614875
-614041
-607200
-604068
-597317
-593764
-591880
-591603
-589060
-582660
-581030
-571911
-567444
-566267
-558677
-551479
-550826
-548882
-542351
-539280
-536032
-535953
-534944
-533394
-521268
-516279
-511200
-505820
-502885
-498423
-497970
-495561
-492753
-492400
-491299
-470453
-468541
-465113
-462967
-453928
-450559
-447458
-443676
-435300
-434127
-432884
-431655
-430227
-424292
-416168
-396506
-394255
-392051
-390701
-386913
-386037
-385893
-378681
-371131
-370273
-370149
-369042
-364307
-363395
-356059
-355933
-349210
-347293
-345750
-344240
-336927
-332103
-331482
-324801
-316848
-314395
-312934
-311413
-303420
-302960
-302718
-302242
-297802
-292115
-283284
-281427
-278283
-267245
-266249
-262103
-255238
-246604
-242121
-236750
-234087
-230290
-228900
-222502
-222320
-211977
-208753
-203896
-182332
-173128
-172843
-172803
-166865
-166373
-166342
-165178
-160111
-159040
-158077
-152641
-149735
-146904
-134142
-126406
-121710
-119257
-109042
-109037
-104573
-103886
-103494
-101730
-99717
-86006
-85389
-82696
-80579
-78277
-73963
-69657
-68803
-65949
-58147
-54931
-46961
-39815
-35441
-12461
-9811
5057
6006
12272
13242
15297
18353
25142
30258
31432
36876
38212
38220
48032
51578
58263
62354
65164
75707
76020
79140
85758
89706
102873
103053
110446
115575
122530
122742
123197
125411
126153
127625
130379
132357
139284
151371
159948
161089
164572
170289
171758
172663
172892
180268
188928
189798
190074
200384
205509
206825
211787
217202
217287
217459
218716
222991
223998
225763
226037
228229
230287
234221
240195
243425
246058
246753
249267
253386
256928
257812
261120
262454
267046
272040
273655
273818
274004
278301
281495
283740
299200
300893
306958
311844
313362
317094
317950
319472
329111
329418
332092
332329
333131
345152
350507
350925
360947
362951
363764
365696
368079
374996
379961
380649
385598
385772
386195
387315
390286
396155
403693
412510
413583
421001
435192
435212
439776
442576
448490
457575
459810
459885
460674
467651
473925
474122
481543
491903
491924
496302
505955
507944
508245
511434
512248
513781
528176
531802
540569
541392
542320
544868
550052
550097
555496
556045
564711
573020
575735
585069
590547
592622
593830
599954
606944
613974
616918
620765
626081
629218
637572
638105
638219
645025
646986
648114
648579
650477
651590
652782
670747
676648
676793
677540
677724
679906
694137
698249
711584
717467
721458
726222
733260
733671
737432
741640
743540
744827
745367
750095
755236
755345
768177
770037
787451
788309
795252
795258
796745
796754
797251
806281
812527
820800
821413
831326
834552
839514
839975
869461
874623
878424
878521
885188
885890
886343
888348
897631
898485
900493
903207
905796
906904
909444
913064
918622
921780
922345
922601
923595
923888
925919
935343
936557
937543
938420
946780
947331
952260
952862
953152
954114
958997
959374
961938
963948
968071
970919
971399
971966
973798
977212
982495
989832
995535
996021
1000853
1007136
1011901
1016404
1019164
1019328
1020488
1022674
1022918
1027308
1028748
1029172
1029995
1030285
1035396
1040152
1042967
1043323
1053829
1055707
1058544
1062819
1065120
1078239
1081051
1082436
1088420
1094165
1096458
1099537
1100548
1104984
1114344
1116265
1116387
1119762
1122081
1126515
1130866
1144373
1147967
1153321
1153521
1164410
1169899
1171593
1173639
1182376
1191592
1194490
1194632
1196609
1201895
1205424
1209127
1216802
1222854
1237593
1240031
1242398
1246181
1263423
1269936
1271722
1272258
1279276
1285548
1303148
1319794
1321258
1321623
1321727
1326654
1329110
1338155
1348860
1364663
1365615
1367038
1367235
1390364
1403829
1409605
1419252
1421941
1431194
1439562
1441508
1444719
1451414
1451960
1452923
1456853
1457544
1461103
1466366
1474625
1476683
1478668
1488868
1489189
1490991
1491539
1494119
1495216
1496766
1514120
1519726
1526385
1528570
1529231
1533118
1534666
1546589
1548394
1549210
1559949
1562754
1563673
1566145
1576684
1580187
1581367
1591798
1605412
1606859
1609298
1611047
1611203
1611453
1614875
1615978
1618200
1620490
1622016
1624219
1627676
1631622
1633714
1636752
1637084
1644754
1650659
1655397
1655911
1665326
1665990
1666875
1667032
1673323
1679108
1686130
1690491
1697855
1698829
1699089
1703941
1706385
1712189
1715772
1717373
1719942
1720717
1723324
1729443
1733538
1733752
1735139
1736789
1740797
1742279
1750752
1756564
1759544
1780129
1791738
1793756
1796250
1796635
1799367
1799453
1800099
1803340
1826078
1827399
1828491
1830694
1831006
1832529
1833038
1837292
1845061
1848187
1852914
1855641
1863162
1863203
1864637
1866271
1875120
1875682
1876088
1879716
1883341
1884123
1884181
1898441
1901739
1907654
1924221
1925901
1929858
1932347
1932618
1941004
1946067
1949021
1958592
1964027
1964686
1972185
1974324
1978331
1983465
1988230
1993468
1994508
1995521
1995739
1997416
