-1997820
-1989337
-1984761
-1976604
-1976322
-1974599
-1966312
-1966160
-1964704
-1963051
-1957827
-1956741
-1951026
-1949562
-1939571
-1932544
-1932105
-1919962
-1918412
-1916764
-1895602
-1883053
-1880598
-1879816
-1878423
-1872232
-1864890
-1863052
-1862241
-1853626
-1851385
-1847433
-1843822
-1841342
-1826604
-1825819
-1825599
-1820833
-1818399
-1817542
-1815716
-1813800
-1809883
-1806175
-1805772
-1803315
-1800232
-1799978
-1798276
-1794896
-1787642
-1784564
-1780608
-1779792
-1778322
-1773003
-1771900
-1769085
-1765699
-1763754
-1761471
-1759056
-1749329
-1735365
-1731732
-1727789
-1727459
-1720359
-1716556
-1712708
-1709869
-1706481
-1700538
-1699676
-1689495
-1683838
-1672013
-1667891
-1667837
-1666410
-1664179
-1662632
-1661140
-1661063
-1650274
-1649585
-1648657
-1647106
-1642968
-1641415
-1640528
-1639924
-1638935
-1636961
-1634081
-1621767
-1621686
-1608472
-1607322
-1607212
-1606867
-1606219
-1603430
-1603119
-1595119
-1594154
-1586165
-1579261
-1575722
-1570382
-1564075
-1562026
-1561476
-1552881
-1544099
-1542712
-1542371
-1541873
-1535194
-1527255
-1519745
-1518474
-1515855
-1513758
-1510631
-1503327
-1501972
-1494322
-1492117
-1486003
-1484777
-1475744
-1475698
-1472707
-1472404
-1468139
-1466336
-1465373
-1463881
-1461752
-1457109
-1452578
-1450070
-1441244
-1440989
-1438182
-1437003
-1436987
-1436861
-1435777
-1430904
-1429719
-1426795
-1423356
-1418385
-1411247
-1410518
-1410365
-1408359
-1391350
-1390532
-1381499
-1374405
-1356267
-1353988
-1353933
-1353851
-1352822
-1348653
-1346991
-1342844
-1341377
-1339939
-1336189
-1328626
-1325810
-1324378
-1323717
-1320308
-1312190
-1299152
-1297543
-1294888
-1292171
-1291186
-1287450
-1280835
-1277595
-1268642
-1267381
-1265737
-1263341
-1255073
-1254131
-1251650
-1250051
-1245947
-1239613
-1238799
-1237116
-1235306
-1234822
-1233937
-1232159
-1221244
-1217121
-1205689
-1205565
-1201107
-1182793
-1161555
-1160314
-1160294
-1159443
-1151124
-1148199
-1141754
-1138466
-1136675
-1131537
-1129152
-1123590
-1119679
-1113618
-1113526
-1109768
-1104089
-1098907
-1095876
-1066521
-1062787
-1062131
-1061883
-1048092
-1043633
-1036405
-1035860
-1034584
-1025422
-1020830
-1014324
-1013185
-1011851
-997540
-992735
-991762
-980072
-967823
-967783
-961060
-957446
-956527
-949258
-949199
-942027
-941145
-940045
-937943
-935509
-935015
-930826
-929292
-928436
-923000
-918039
-915031
-912390
-910580
-909883
-908261
-907283
-903691
-899597
-898817
-895485
-895234
-895131
-894514
-889306
-887085
-885885
-883973
-872414
-870579
-868207
-863123
-858938
-853571
-849606
-843456
-842570
-829893
-829563
-825744
-824694
-818923
-811864
-810483
-793464
-792146
-789846
-788088
-785345
-783534
-780710
-777547
-773926
-765423
-765204
-765144
-761299
-759798
-755707
-755373
-753442
-751143
-749683
-745348
-736203
-735131
-730229
-726459
-718395
-717698
-712785
-705566
-698729
-694194
-693436
-690091
-684305
-676063
-673013
-664674
-661487
-649444
-644313
-643262
-631335
-630762
-630675
-628456
-625915
-624919
-612001
-609868
-607681
-604501
-602330
-595068
-594566
-594049
-590362
-586780
-574079
-570075
-568980
-565980
-558747
-558628
-555729
-550723
-550014
-549311
-544518
-541658
-536617
-535688
-534303
-528793
-524629
-518443
-515901
-513500
-513450
-504856
-504088
-497647
-491318
-488178
-482709
-481475
-479715
-463466
-462765
-457863
-456543
-446071
-440711
-440455
-440015
-439826
-436942
-426273
-421560
-418885
-411319
-404423
-401586
-400570
-396625
-394574
-388241
-373784
-367431
-351810
-349148
-346937
-345055
-343706
-342111
-339236
-336737
-335177
-335173
-331470
-327538
-325805
-321683
-320058
-320008
-315979
-307512
-305766
-305074
-303680
-293528
-291945
-288745
-287869
-283992
-279272
-276935
-276158
-268271
-264260
-259264
-256933
-256085
-253410
-247120
-238694
-238582
-233093
-226938
-226037
-221341
-218829
-216878
-212660
-209519
-208238
-202182
-201189
-200201
-179217
-171448
-169707
-168609
-167704
-158431
-158315
-156381
-153880
-153243
-151631
-151362
-151013
-148431
-143768
-134296
-132015
-130517
-122024
-113606
-112433
-111931
-111741
-103968
-99648
-90896
-83157
-82383
-81332
-81010
-79596
-77072
-74963
-72202
-68141
-66267
-65746
-65529
-62833
-60066
-50955
-40970
-34220
-33941
-30295
-29734
-28602
-26821
-26728
-14630
-12981
-12540
-10451
-1866
379
9532
9989
10078
12095
12462
15683
19806
26352
27216
27302
28921
33040
36263
48380
48868
49884
50816
60741
61413
73244
81110
106350
109813
110828
117696
140992
148854
153078
160005
161322
169056
177759
187259
195322
196263
211593
221827
224985
230858
236726
242495
247555
248084
251837
251896
255993
258793
261563
264224
265348
266205
274621
283070
284900
286142
291616
296329
298052
304136
307558
312992
316140
324090
328101
328681
328704
329223
332956
334458
335284
342190
344602
351087
357330
358306
362538
363257
364615
368170
373215
378539
378850
379521
379808
380219
383594
384990
388530
399497
410445
423243
425695
429185
436506
443082
443104
445820
445959
458800
473230
473461
482535
482563
482952
484359
485528
489197
491786
492155
494468
500265
500469
506736
508274
514275
517537
519413
519765
524696
526469
532995
533426
543348
545657
549032
570966
572425
582080
584826
590684
594582
595122
598752
607457
614922
615163
619770
620124
630189
632382
637825
641055
641386
648815
649079
650953
656834
659090
660987
662183
666452
666493
676498
680578
692944
693407
695909
696137
701016
706821
717936
721071
731733
735709
737133
737770
739105
739912
742460
747677
750206
752982
754408
754551
755243
760505
770850
771203
771946
777082
780245
788923
789815
797272
798938
804060
808744
809388
812946
813274
819444
819554
827248
834382
835877
846217
850256
850738
863618
864272
865220
872212
875711
878133
880559
882993
891145
899615
905730
909422
909989
916560
920190
930641
940983
946582
948094
948194
952172
954567
957090
958538
959556
960233
962274
969971
989000
991391
997223
998848
1001817
1003305
1003786
1006792
1007321
1008592
1028351
1033091
1035378
1048403
1051708
1055602
1061707
1061715
1062398
1066632
1067072
1082822
1086065
1087601
1088337
1088672
1098163
1102094
1104167
1104692
1105131
1106118
1107946
1113833
1116909
1117074
1120178
1121881
1122303
1132497
1134250
1137440
1143914
1144036
1144960
1149751
1149826
1153867
1154061
1160829
1163124
1170583
1176454
1178506
1185979
1188901
1191222
1193958
1203985
1211174
1217021
1220528
1235824
1238771
1240743
1245147
1251158
1252237
1258197
1263741
1265115
1271070
1276204
1283139
1285099
1294035
1294481
1296210
1298864
1301593
1304979
1305896
1305971
1310243
1315404
1323262
1331816
1333377
1340210
1342256
1343722
1343879
1344658
1347997
1348454
1349409
1350339
1362506
1363598
1363766
1365245
1365961
1366298
1372203
1380776
1384103
1384997
1388647
1390927
1391018
1392324
1394124
1396266
1405049
1411160
1420542
1421224
1422225
1424350
1436802
1446320
1447526
1449002
1452154
1456825
1460310
1462325
1480616
1486623
1486776
1494356
1497318
1499226
1505042
1507617
1509587
1526919
1536574
1539376
1542546
1543859
1552679
1555150
1559004
1563618
1567175
1569012
1571156
1573224
1584368
1595641
1599451
1614144
1614621
1620856
1623249
1623605
1625383
1629656
1631784
1632266
1636791
1640192
1648905
1659264
1670817
1672562
1674530
1675472
1676710
1677267
1679598
1681119
1683029
1687087
1691527
1697722
1708797
1713876
1722994
1724843
1726725
1737106
1741843
1742720
1743614
1745542
1754579
1758485
1760575
1762299
1768350
1772985
1773697
1780068
1780488
1789197
1794340
1794370
1797776
1810546
1811468
1812717
1813357
1813599
1815953
1824128
1831065
1832691
1833541
1835460
1841523
1848226
1849838
1853574
1858063
1864344
1865655
1866926
1877154
1885107
1887271
1892213
1892700
1893367
1897192
1899942
1902971
1905295
1908685
1914253
1914469
1916352
1917253
1918266
1918577
1918604
1918883
1925868
1929829
1938258
1939178
1939873
1942404
1942777
1947053
1954160
1959060
1959627
1960083
1961656
1964562
1965397
1965552
1967559
1969388
1975699
1980774
1980996
1981235
1981396
1986742
1995289
1995683
