-1994555
-1993563
-1977210
-1973353
-1968887
-1968778
-1967715
-1954878
-1943720
-1940622
-1938942
-1934563
-1934221
-1932910
-1932157
-1925963
-1924868
-1919731
-1911203
-1910404
-1907571
-1906051
-1904677
-1901695
-1898563
-1889156
-1888295
-1886530
-1883470
-1879839
-1867116
-1863869
-1849562
-1848513
-1836741
-1834602
-1825106
-1819132
-1817918
-1809151
-1805908
-1803240
-1801865
-1800229
-1792535
-1778831
-1778304
-1774866
-1770987
-1770689
-1768874
-1767500
-1765320
-1762816
-1762335
-1755642
-1751766
-1750123
-1738621
-1737708
-1736375
-1736232
-1734547
-1726068
-1724766
-1722503
-1719100
-1716333
-1716272
-1715003
-1714220
-1711989
-1709507
-1708303
-1701941
-1691748
-1691377
-1682362
-1680984
-1677087
-1673618
-1671234
-1663894
-1659071
-1658062
-1651853
-1648308
-1644294
-1642504
-1641380
-1640249
-1635588
-1629944
-1621215
-1616999
-1616718
-1616694
-1612792
-1607497
-1607311
-1598374
-1593447
-1588544
-1588057
-1586280
-1584906
-1576073
-1570313
-1565409
-1559394
-1557256
-1556291
-1556209
-1549605
-1549550
-1547895
-1544781
-1533159
-1530335
-1529751
-1529147
-1524024
-1519831
-1509294
-1508892
-1506263
-1505166
-1504957
-1504750
-1501798
-1498839
-1494276
-1490960
-1490494
-1488774
-1488228
-1484590
-1481175
-1480278
-1478362
-1474104
-1471297
-1467589
-1466892
-1459323
-1459111
-1451717
-1447354
-1443307
-1437317
-1436016
-1432793
-1420801
-1419319
-1407888
-1403111
-1402710
-1383378
-1379550
-1379145
-1365141
-1360748
-1356625
-1354416
-1352909
-1352739
-1345059
-1341661
-1337872
-1336670
-1335775
-1330315
-1325460
-1319003
-1316471
-1313752
-1312685
-1305363
-1303104
-1294038
-1279403
-1267896
-1264801
-1259933
-1258266
-1257280
-1251215
-1231396
-1230443
-1230286
-1226810
-1215418
-1209571
-1207948
-1205591
-1205086
-1203000
-1197822
-1192610
-1192127
-1191036
-1184745
-1182271
-1177939
-1177097
-1176841
-1176764
-1173183
-1172465
-1170701
-1166359
-1153869
-1151091
-1147572
-1142208
-1141247
-1139773
-1132109
-1130415
-1127428
-1121532
-1118220
-1104477
-1104423
-1098805
-1089406
-1088756
-1084583
-1081257
-1080378
-1079355
-1074780
-1064873
-1062625
-1061913
-1057787
-1053070
-1052282
-1050237
-1047259
-1046961
-1046475
-1043808
-1037712
-1036827
-1035117
-1033062
-1028326
-1022967
-1021642
-1020868
-1007446
-1006819
-1001121
-1000908
-997502
-996424
-994581
-988710
-986496
-985117
-983257
-971608
-956797
-956643
-946829
-935582
-928646
-923528
-923329
-917360
-914142
-911011
-908538
-908248
-907656
-904962
-904283
-895610
-892054
-888718
-887856
-879253
-876908
-872499
-872145
-869244
-863498
-859918
-856082
-854880
-851566
-839345
-836816
-833058
-832626
-832412
-832167
-830977
-826354
-808397
-798757
-797725
-796235
-793188
-791918
-788096
-784650
-782216
-778554
-778242
-759383
-756755
-755075
-753301
-748308
-746890
-743906
-742480
-740485
-740329
-737496
-720603
-711562
-710687
-708997
-708069
-707922
-700135
-699277
-696910
-695876
-689377
-685225
-682972
-679478
-668350
-667895
-664123
-652181
-638227
-637482
-633595
-631461
-628622
-626177
-624040
-617549
-615598
-611327
-610545
-608851
-608373
-584374
-582959
-577298
-576357
-559190
-554351
-554217
-552365
-545601
-537175
-526500
-522640
-522592
-521982
-520284
-519464
-509164
-507614
-504122
-502633
-498341
-495898
-494366
-486631
-481724
-476075
-474205
-472784
-467878
-467678
-463165
-461021
-459072
-456953
-443774
-441420
-440469
-438528
-436895
-429131
-428869
-426498
-425527
-421855
-420564
-412211
-409901
-409065
-409031
-407166
-406060
-399412
-388422
-387431
-384910
-377908
-376970
-369379
-367669
-361340
-358426
-353533
-353352
-352223
-352198
-351216
-350753
-350026
-345017
-342789
-341067
-336980
-336720
-326206
-320863
-320236
-314763
-314252
-310402
-306246
-302895
-301064
-300833
-287650
-282237
-280850
-268658
-265463
-263228
-262786
-261961
-250047
-246450
-246135
-245145
-243980
-241567
-233810
-233176
-227335
-226264
-212588
-206961
-205375
-194121
-188901
-186422
-184193
-183042
-177972
-174728
-171293
-167631
-157655
-156576
-152887
-145283
-142544
-140852
-134586
-132445
-126508
-123560
-123063
-120319
-114775
-107050
-94846
-91718
-83037
-79093
-73617
-70015
-64195
-59024
-45967
-44986
-39172
-34274
-33844
-32921
-29916
-27028
-26365
-12038
-9676
-8565
-5664
-3266
-1418
692
5472
6346
6775
17927
19135
20592
27195
27337
28527
31579
38520
39817
41712
50105
52162
60539
69549
76326
80544
83427
87736
90352
93785
94104
98149
99761
105372
111572
126960
132559
150448
152527
153463
154743
156748
156979
161322
168898
170845
173255
186724
187848
188020
192597
193110
202437
206173
206691
214025
227316
237498
243989
246291
247632
257466
268837
273354
276610
277609
279541
287870
288163
289348
290492
299018
301541
301967
312477
312541
316587
316834
317047
320164
320619
327194
331141
341363
343422
343563
344046
348164
349159
349760
372199
373213
378109
381169
383584
387805
388676
389719
390619
390854
395293
398291
400255
401162
401705
402896
404865
406884
408602
417025
417053
420969
425409
435126
447371
452742
453532
457976
470471
473567
480539
480685
486381
488517
492818
493976
496406
499348
499788
500102
502813
507443
508869
518548
530483
531040
535453
542029
545871
550305
551657
555505
555883
559357
561815
561936
568414
574105
574478
575915
594399
595157
596738
597625
599320
600385
600961
604310
614063
620474
622410
636604
639555
655826
660538
676090
676214
676928
678447
680535
685134
687632
690272
691365
692990
697369
701207
701687
704316
705186
707212
711276
713563
713732
714860
716366
722128
724522
724973
729169
729469
732226
732332
736616
738602
743655
744909
748102
751133
751139
761798
768256
778287
779577
780974
790804
797843
802241
805546
808261
813052
823604
824280
826654
839706
846797
853217
853472
854832
862741
864306
864897
869090
876842
885273
887777
891777
901391
901638
904070
904314
914702
917664
920421
923475
926577
931831
932039
937267
940130
941105
944617
945005
950713
954938
958365
958693
961114
978479
994812
995278
996209
1001536
1001614
1005557
1005987
1008489
1017420
1027202
1035074
1037182
1040503
1045010
1047123
1050527
1060777
1065857
1069621
1078099
1081732
1087930
1089257
1095872
1099216
1103215
1111391
1111450
1111569
1142221
1144984
1145246
1153962
1157137
1159867
1170585
1172185
1173688
1177659
1179216
1179769
1190249
1192665
1192908
1195504
1208439
1213184
1215910
1219801
1220313
1223799
1224497
1226993
1227087
1227591
1228143
1229343
1232071
1237771
1251661
1253102
1256204
1256475
1260685
1263010
1263805
1272367
1274554
1275330
1276190
1280329
1281108
1284852
1289143
1291390
1294811
1295570
1297194
1297448
1298840
1301243
1302948
1305755
1306210
1306703
1310931
1317560
1320632
1323236
1339920
1340058
1342033
1345787
1346600
1346788
1360073
1360752
1365532
1370620
1373489
1374769
1375430
1376816
1378233
1378380
1379712
1384684
1398531
1402899
1413178
1415020
1429038
1429798
1433879
1441576
1441912
1444226
1444436
1450997
1469600
1474112
1474730
1477199
1477840
1482505
1491322
1499052
1499717
1501719
1502964
1506279
1507168
1507859
1511988
1518615
1523389
1533723
1540342
1546203
1546456
1559472
1562905
1565453
1567708
1568071
1580540
1580915
1584586
1600811
1605389
1609345
1610595
1618508
1622070
1624678
1626436
1627802
1631306
1635281
1641982
1644820
1651218
1651755
1651809
1653528
1653774
1655281
1655588
1657435
1669871
1672868
1678378
1678625
1680070
1682450
1683009
1690207
1697332
1703211
1703738
1712963
1714430
1715081
1718570
1723936
1724700
1728553
1735153
1736308
1740392
1743985
1745402
1749134
1749906
1749946
1753719
1756568
1767609
1772017
1776310
1785145
1796845
1796958
1797696
1798871
1800007
1801130
1807175
1815034
1827367
1832873
1833380
1835023
1840838
1845884
1852697
1853955
1854444
1859289
1860866
1873584
1875390
1876735
1883427
1891703
1891934
1893505
1897465
1901784
1904969
1905550
1905631
1911544
1914147
1920257
1922662
1924500
1925080
1926012
1929496
1931574
1933539
1934723
1944308
1950275
1955176
1964837
1973047
1974044
1981319
1982363
1985120
1996185
1997647
