-1999577
-1992024
-1985036
-1983684
-1982940
-1977006
-1975752
-1972211
-1962792
-1959651
-1951703
-1941147
-1931235
-1930291
-1921834
-1920791
-1920476
-1918431
-1916160
-1907256
-1907146
-1903032
-1902717
-1902585
-1901703
-1901563
-1891029
-1889120
-1882595
-1881192
-1860707
-1857258
-1852915
-1852531
-1850899
-1848698
-1845797
-1839962
-1836041
-1833682
-1830605
-1830219
-1828998
-1828754
-1827293
-1819863
-1818968
-1818412
-1811468
-1805092
-1799987
-1799035
-1794625
-1790677
-1784792
-1782407
-1780461
-1779874
-1775700
-1773483
-1770802
-1767637
-1762301
-1761303
-1760193
-1759365
-1755525
-1753998
-1752050
-1747541
-1747177
-1746330
-1744580
-1732387
-1731131
-1715812
-1713111
-1711745
-1708659
-1707185
-1702167
-1699353
-1688771
-1688481
-1687456
-1685199
-1685009
-1684929
-1674349
-1673269
-1671553
-1669840
-1667865
-1665258
-1662576
-1662342
-1655905
-1651532
-1650009
-1638151
-1635044
-1630928
-1629597
-1620471
-1619138
-1616110
-1614247
-1612589
-1608747
-1606667
-1603145
-1592790
-1587019
-1581121
-1576961
-1561585
-1551348
-1549133
-1534806
-1534130
-1525477
-1521205
-1519730
-1506232
-1502196
-1499195
-1488267
-1486403
-1476543
-1472770
-1472380
-1468825
-1461394
-1459705
-1458706
-1457042
-1450689
-1432287
-1426748
-1425264
-1420090
-1417408
-1409938
-1409376
-1405429
-1401072
-1390299
-1382631
-1368252
-1365864
-1364487
-1363623
-1363511
-1361719
-1358126
-1356198
-1352981
-1348598
-1348576
-1344835
-1343015
-1338623
-1333322
-1331980
-1328958
-1327232
-1321857
-1312918
-1311496
-1311384
-1311211
-1308777
-1307571
-1305449
-1299282
-1298837
-1293679
-1289915
-1289341
-1284727
-1277495
-1275980
-1262658
-1258731
-1257230
-1255233
-1243116
-1241063
-1236934
-1236329
-1228848
-1227560
-1217209
-1205914
-1205322
-1204984
-1203854
-1199786
-1198415
-1198243
-1196853
-1196161
-1191517
-1187006
-1185246
-1184767
-1183020
-1153597
-1138507
-1138401
-1138021
-1137606
-1135183
-1134664
-1133240
-1130989
-1130910
-1128138
-1127777
-1127196
-1123323
-1122954
-1121354
-1119484
-1118124
-1115602
-1113892
-1110694
-1110362
-1109502
-1106503
-1100867
-1099439
-1098529
-1097462
-1097192
-1093373
-1093111
-1089745
-1088078
-1081335
-1075439
-1070420
-1068081
-1063737
-1062344
-1060256
-1056726
-1046981
-1016842
-1014118
-1006644
-1006285
-1005996
-998724
-990456
-985138
-984475
-983776
-981956
-980321
-980294
-979725
-972975
-970588
-970412
-965713
-960684
-959026
-948541
-948284
-947842
-947640
-945377
-939446
-935586
-932970
-930690
-923377
-922769
-920750
-911459
-909610
-907785
-887938
-883128
-882695
-877397
-876813
-874763
-870233
-858406
-856731
-851785
-847686
-845985
-843705
-843669
-841417
-840740
-840483
-838078
-837653
-834543
-831615
-828982
-828191
-823561
-817419
-807269
-806906
-803036
-802743
-799436
-797500
-795480
-784561
-783700
-772109
-770164
-767211
-762717
-762530
-762087
-755929
-748943
-742479
-739483
-734781
-733438
-728724
-726486
-726193
-717446
-712192
-711051
-708963
-702807
-693964
-691866
-691714
-690792
-689374
-681652
-676881
-676681
-675373
-672793
-662466
-662458
-652196
-650548
-650074
-636286
-633640
-622475
-616717
-615151
-607188
-605464
-595232
-589305
-586071
-581775
-579488
-578996
-578851
-575409
-572605
-568906
-568075
-568072
-567532
-566268
-565955
-564483
-563852
-557856
-554896
-546855
-546331
-545160
-519748
-516714
-511289
-510570
-504274
-499675
-490924
-486356
-486139
-477261
-467235
-466973
-464894
-462788
-462100
-459728
-454635
-453857
-446489
-444791
-443421
-441716
-440505
-439723
-438005
-437385
-435316
-433392
-422566
-420415
-416510
-414219
-409836
-400417
-399289
-398277
-394477
-389101
-374578
-369905
-369206
-369142
-367448
-362202
-362175
-358136
-355835
-350265
-343892
-341447
-338957
-334158
-328511
-327595
-326621
-319842
-318695
-309726
-302116
-300733
-285271
-283918
-282945
-276457
-266264
-254139
-251977
-248389
-246138
-243990
-243399
-228701
-226135
-225268
-222451
-220863
-214683
-211874
-209123
-198924
-194547
-193855
-192900
-192264
-189472
-185503
-169940
-169508
-163975
-161282
-159568
-157864
-157676
-156186
-146693
-141215
-141163
-140929
-139900
-138389
-137414
-135035
-131799
-120663
-119187
-119005
-116627
-114974
-110577
-109216
-104179
-102693
-102459
-101694
-97150
-94548
-93647
-85504
-83712
-82379
-69281
-68638
-62991
-62340
-61709
-56774
-53211
-52174
-34840
-25268
-24436
-22798
-18696
-18489
-17951
-3844
4932
6048
26732
29425
31306
33626
35841
38741
41602
42738
45195
58493
61295
63146
65665
65905
71906
72005
72415
73637
88760
93438
100934
108108
109743
112455
112947
115236
123303
131490
132568
134160
137516
137719
140330
148083
149987
156176
156619
161297
161698
167377
169426
174556
187858
190219
191273
192372
195964
196344
197914
201063
202205
206135
212704
217422
219111
220470
222980
226172
226348
229034
233410
238702
239015
242621
243951
246977
247503
250734
253060
253086
255355
268657
276344
285291
292575
294339
295946
303297
305376
307988
310229
312032
315749
316439
317284
319146
335697
336539
338817
340396
340604
348355
352615
370157
373134
375199
380665
380890
381699
397618
398526
399309
402391
403772
405502
412673
414077
419593
422855
428026
437614
447811
456120
457680
460672
463355
469206
475441
475705
477176
478402
488635
496570
497972
521803
522081
522452
522892
531014
532757
537477
539219
543125
546611
554245
556080
562839
564153
565209
565429
565698
566317
569379
570716
572731
575999
576901
582052
591218
591740
592047
597219
598128
600865
602696
602727
605092
611938
612145
615673
619080
627081
632948
638710
663249
664504
665058
668621
670176
676407
678525
678763
681883
687837
689627
692364
693424
699902
702644
711560
715799
719169
720794
721743
722384
727609
733943
742641
750831
751880
754327
758861
759225
759701
775173
780239
781101
792506
799839
807416
810175
817454
826736
828238
838019
839386
842007
843932
850704
852156
862888
863620
866885
868249
869743
873740
874042
875743
876744
893590
893952
901861
902906
904077
904296
906669
909345
909919
912196
923231
930777
931396
931488
933860
934000
936190
937707
942703
943451
944145
944635
951261
953552
966720
983592
995570
1000875
1008659
1013439
1015636
1029517
1033516
1034042
1040112
1051192
1053129
1057283
1060477
1070803
1073780
1079320
1079420
1083250
1102731
1119727
1123779
1124419
1127501
1128037
1131967
1134502
1135153
1140686
1143007
1143799
1150554
1161700
1162339
1162690
1163071
1174167
1175059
1181655
1183901
1184811
1185754
1193631
1202405
1209823
1215114
1216907
1223319
1224738
1227968
1232192
1232586
1238942
1243581
1256603
1257318
1259136
1264834
1265156
1266295
1266644
1268080
1268483
1272097
1273165
1277639
1278559
1280380
1282322
1283554
1288418
1288618
1289809
1297131
1314085
1337516
1346542
1350757
1356012
1357967
1359226
1364154
1374347
1378484
1378830
1380703
1383401
1385896
1390009
1391353
1391470
1397863
1402066
1403481
1407599
1410615
1420682
1421530
1423972
1424682
1425200
1427838
1450489
1463778
1465475
1469789
1471781
1482809
1484893
1485483
1487215
1498123
1502705
1509119
1510172
1511039
1511138
1514537
1514607
1524566
1525163
1528026
1533491
1534311
1538416
1538429
1538920
1540604
1541577
1548027
1549752
1550360
1561051
1569216
1570117
1581275
1585768
1586521
1598674
1600592
1602731
1607271
1608181
1613369
1623099
1625102
1627090
1636487
1638825
1651398
1661620
1672500
1673392
1682483
1683539
1685669
1689684
1703625
1708080
1708378
1712537
1714104
1717204
1721424
1731497
1734280
1735581
1741438
1742868
1749520
1751473
1755549
1757849
1759912
1760597
1761177
1761476
1762697
1766822
1770666
1772459
1774139
1797249
1799559
1799732
1800552
1807481
1811488
1818061
1818076
1829221
1837861
1838184
1838368
1840212
1843821
1846444
1849642
1854542
1857136
1860075
1874658
1880714
1882900
1894852
1899145
1905044
1916599
1916710
1917878
1921755
1924955
1926864
1929601
1930564
1933498
1951002
1953007
1961786
1964708
1965260
1966875
1966936
1976098
1976516
1981613
1982014
1982568
1982746
1983789
1987626
1991642
1992451
1993875
1997245
1998515
