-1996978
-1992448
-1983218
-1981233
-1976818
-1967907
-1961061
-1959558
-1945463
-1943589
-1942738
-1938115
-1938067
-1920137
-1917420
-1915519
-1891776
-1891443
-1880658
-1872174
-1869587
-1866048
-1860202
-1857065
-1855002
-1852544
-1846967
-1837670
-1832711
-1828358
-1824718
-1819406
-1815145
-1807048
-1795831
-1793479
-1783048
-1782505
-1782099
-1781611
-1778383
-1775267
-1774225
-1771558
-1770099
-1761346
-1760002
-1756567
-1751089
-1744701
-1743667
-1742973
-1735598
-1734603
-1732501
-1728333
-1720366
-1719403
-1717602
-1717263
-1714267
-1709817
-1709655
-1699536
-1699110
-1694481
-1690699
-1688815
-1685320
-1673176
-1669663
-1666601
-1663268
-1662468
-1661520
-1654958
-1643716
-1641454
-1640887
-1636173
-1635150
-1630852
-1625269
-1622460
-1622190
-1621320
-1615944
-1610305
-1606580
-1593225
-1590962
-1590221
-1586530
-1581515
-1581437
-1581161
-1580688
-1574764
-1573632
-1564812
-1560227
-1558578
-1555508
-1551215
-1550097
-1533551
-1524523
-1509233
-1509054
-1504212
-1502490
-1494969
-1485585
-1481457
-1480754
-1479841
-1475640
-1467860
-1458216
-1456957
-1452264
-1440388
-1438452
-1431857
-1423975
-1418833
-1417639
-1416125
-1408634
-1407480
-1402029
-1398932
-1397778
-1395503
-1392018
-1384332
-1384190
-1382014
-1375495
-1375297
-1365523
-1361711
-1359632
-1358723
-1353733
-1352524
-1350199
-1340548
-1338640
-1337088
-1333845
-1328436
-1324323
-1319791
-1318536
-1312306
-1309292
-1306832
-1304704
-1304690
-1301356
-1298059
-1294948
-1293274
-1292572
-1291468
-1286150
-1284639
-1283852
-1273591
-1261074
-1257397
-1248575
-1239094
-1238233
-1228928
-1222607
-1212253
-1206327
-1203685
-1202257
-1196629
-1196100
-1194649
-1192917
-1192747
-1190918
-1186338
-1184224
-1171353
-1167262
-1165636
-1156779
-1155052
-1154377
-1151016
-1146595
-1146122
-1142532
-1139412
-1138880
-1138239
-1130824
-1120116
-1119723
-1117420
-1112337
-1103497
-1098470
-1096019
-1093190
-1090183
-1083715
-1080478
-1077890
-1077363
-1076112
-1073372
-1070516
-1069764
-1056289
-1054802
-1049634
-1045957
-1045825
-1043207
-1042078
-1039877
-1038715
-1038701
-1034894
-1032481
-1028594
-1027849
-1023142
-1020740
-1010086
-1009729
-1005836
-996989
-994024
-992456
-992208
-986321
-980663
-974003
-972856
-967753
-960551
-948740
-947977
-946565
-944808
-944354
-943041
-925279
-925084
-918286
-912966
-909227
-908254
-908034
-906901
-905549
-904828
-899411
-899317
-896216
-893843
-888992
-886686
-884930
-883990
-882086
-881981
-874700
-873711
-872990
-870048
-861619
-860676
-856378
-853568
-852467
-851523
-839241
-832853
-830150
-828800
-825733
-823253
-817207
-815367
-815178
-812917
-811616
-808532
-802793
-798690
-795957
-792303
-789816
-786380
-785548
-781389
-773332
-773049
-772772
-769040
-768974
-763020
-757595
-757542
-753560
-747870
-740820
-736044
-717480
-712054
-711709
-710958
-705389
-699486
-691812
-686084
-685538
-654040
-649310
-602210
-597792
-594597
-592535
-589546
-588140
-584917
-581516
-576454
-569536
-566341
-563222
-551574
-546008
-543280
-540771
-537974
-532341
-530809
-527469
-526124
-523447
-511901
-511167
-509103
-498188
-487549
-485977
-484442
-478873
-476422
-475906
-471214
-455233
-450438
-450405
-448529
-436693
-432296
-430739
-429232
-413163
-412444
-410265
-409813
-402916
-396003
-388350
-385699
-379629
-378318
-374731
-368476
-367939
-362739
-352270
-348727
-345937
-343949
-342858
-342592
-339917
-333242
-332854
-332729
-332407
-327512
-321668
-321150
-315552
-314055
-312572
-312489
-310190
-308772
-302910
-299978
-297694
-297271
-296048
-293971
-292727
-291142
-283833
-283088
-282350
-276735
-273491
-266523
-264551
-264217
-260892
-253994
-252692
-242922
-240049
-236359
-235128
-231264
-227703
-213135
-207713
-207575
-206204
-204932
-203835
-195354
-191404
-185556
-183678
-177109
-168478
-167848
-167355
-157737
-156747
-156069
-142633
-141295
-138879
-137486
-134945
-134039
-133511
-125208
-111539
-109460
-109077
-108043
-103848
-95294
-93688
-90599
-89402
-87786
-87204
-82310
-80400
-79413
-76144
-68672
-61576
-59248
-54473
-52716
-50854
-48326
-39822
-37063
-35867
-34842
-26514
-24503
-23962
-9702
-6892
3434
4855
14441
18749
32057
34100
39333
44525
46658
55231
57330
62742
65227
66890
67140
81279
81787
84203
92711
97724
99775
105051
109513
112064
115524
116210
118826
121596
123563
127218
133672
133704
138606
145433
149778
154027
154537
161718
162321
165875
168208
169274
169911
179637
179694
185619
187555
187866
188120
192548
193620
194436
196739
201190
201300
202520
204650
214207
226190
228974
229149
232163
234006
236719
239576
242671
243668
246639
250855
259514
267920
268173
269051
269348
270868
271085
271304
282425
282700
284330
289328
290068
290387
290536
291763
307864
313260
319132
326125
327634
331000
335145
335699
335848
342185
347118
349800
350193
352618
361177
367923
372388
377901
377970
381072
389893
392143
394188
399286
407781
408793
409355
411106
413342
419534
424725
430507
434622
435868
441289
449545
451904
452200
453664
455609
460645
460815
461060
470743
476824
492391
498223
498336
499075
499235
499342
504333
507824
515452
516585
518138
522051
523704
527617
527650
529015
530873
536786
542248
543937
550130
553657
554917
556468
560992
561106
574909
588704
592409
592749
594601
595799
599399
610626
619029
620296
621883
621951
625132
628523
633501
635596
639330
641521
645845
649345
651788
652225
653281
654677
657728
660789
662006
664123
666796
667682
667720
668984
669561
670944
680333
680342
683200
688256
693731
694370
694543
713658
714005
714510
721964
724821
730857
734229
738311
741537
746335
755340
759927
765643
768864
769418
769646
780175
783668
792383
794331
808858
811519
812812
814730
821084
831155
842132
844120
844330
848718
851542
856693
857655
861984
865229
865405
865537
873963
881375
883078
889186
889226
890770
897699
903955
909700
914689
921556
923303
927367
934144
935078
935260
950739
956626
964416
972187
972225
973234
977240
982620
985434
992060
997785
998559
1002725
1009110
1011354
1014009
1020881
1022877
1024308
1025498
1045992
1047076
1047321
1049600
1057951
1058214
1058277
1058970
1069330
1073817
1097051
1102169
1104298
1107482
1108643
1112380
1114175
1123030
1125599
1131092
1132097
1134045
1135738
1136869
1139439
1139834
1140267
1140808
1145430
1148038
1148740
1154933
1155473
1156044
1160391
1162669
1163818
1169469
1172866
1173175
1176416
1180535
1180782
1184336
1187311
1194708
1197986
1198174
1207519
1208675
1221133
1222550
1224708
1232134
1234172
1234902
1236609
1241849
1242172
1259108
1259725
1268122
1276213
1278003
1282920
1283250
1284648
1291879
1292214
1296046
1307461
1311878
1314589
1314717
1316759
1318461
1326141
1326518
1328256
1328493
1336242
1342878
1343731
1346830
1351933
1362906
1365950
1377564
1378016
1378175
1387806
1391312
1393473
1393533
1393754
1400160
1402103
1404793
1405718
1407924
1409295
1410883
1414669
1415171
1417438
1421659
1421922
1423527
1426082
1432746
1435387
1437566
1438494
1438659
1441399
1444413
1446424
1449358
1449954
1450460
1454498
1454551
1458229
1461164
1462638
1473409
1490265
1493282
1510732
1513296
1519998
1522688
1528725
1531273
1532304
1533186
1535122
1535743
1536888
1538083
1554667
1562971
1563151
1573133
1573996
1577786
1582615
1583115
1583406
1585603
1586775
1592196
1603422
1619814
1620803
1625865
1630513
1631420
1632690
1634011
1640482
1644985
1645882
1647786
1648511
1649820
1654880
1658281
1663748
1664376
1668410
1669136
1681301
1683885
1691376
1696975
1697099
1703615
1704930
1716654
1726482
1732436
1742342
1749504
1750365
1751851
1759775
1761569
1765167
1773954
1775634
1775704
1775812
1782571
1784008
1784760
1788053
1791508
1798484
1803369
1805277
1809832
1825409
1829150
1836125
1837623
1838764
1840104
1842215
1857191
1861127
1867448
1868717
1869628
1872117
1873323
1875263
1877653
1883804
1886583
1888689
1891291
1893377
1894139
1894548
1908635
1912792
1917287
1920450
1923962
1924658
1926533
1933400
1933973
1936001
1945371
1947814
1949099
1958498
1958741
1964458
1970407
1973292
1975961
1978063
1979794
