-1997691
-1997100
-1994864
-1994317
-1993218
-1987954
-1983900
-1979821
-1975214
-1974946
-1973347
-1966245
-1961846
-1960233
-1942111
-1939569
-1936448
-1934909
-1933511
-1932263
-1925211
-1923490
-1918987
-1915627
-1907684
-1904083
-1894047
-1893288
-1891147
-1885852
-1883659
-1880006
-1875212
-1874856
-1874436
-1873831
-1870095
-1864786
-1860784
-1858683
-1848912
-1846696
-1846672
-1840466
-1795861
-1794649
-1791033
-1789572
-1788885
-1788615
-1787622
-1785617
-1779905
-1770907
-1769151
-1762987
-1760552
-1758416
-1757450
-1756658
-1755698
-1752450
-1747340
-1741997
-1736645
-1734405
-1732086
-1727855
-1726686
-1717162
-1713695
-1712652
-1706642
-1701605
-1694476
-1694362
-1691089
-1690029
-1685106
-1681118
-1677017
-1676455
-1674460
-1673666
-1670528
-1670225
-1669474
-1665153
-1663334
-1648698
-1647118
-1641957
-1639418
-1634227
-1626569
-1622042
-1619809
-1619022
-1611870
-1611121
-1598451
-1593901
-1593856
-1586112
-1584234
-1582376
-1581024
-1580424
-1577504
-1576463
-1571434
-1567822
-1555410
-1551370
-1551039
-1549953
-1549635
-1546696
-1544259
-1541370
-1539307
-1529871
-1521812
-1516451
-1509310
-1508161
-1507193
-1505083
-1504463
-1504425
-1503217
-1496830
-1494368
-1490711
-1481549
-1475855
-1475828
-1470708
-1462121
-1459760
-1459296
-1457573
-1456669
-1452779
-1446873
-1446443
-1438429
-1437034
-1430725
-1428327
-1425299
-1420583
-1417627
-1417127
-1413272
-1407608
-1405553
-1404452
-1403549
-1398981
-1397648
-1397492
-1395895
-1394961
-1390873
-1387075
-1382470
-1380349
-1379512
-1374272
-1358521
-1344069
-1338906
-1336744
-1328660
-1309635
-1298014
-1293247
-1291128
-1288585
-1286422
-1284425
-1283389
-1281788
-1278872
-1278759
-1278531
-1275940
-1271738
-1270479
-1270267
-1263560
-1256936
-1255334
-1252245
-1251471
-1245443
-1235568
-1234361
-1226843
-1221280
-1217550
-1217497
-1214097
-1213503
-1210181
-1195487
-1192978
-1192030
-1185047
-1181269
-1164060
-1146801
-1140385
-1131610
-1130033
-1121868
-1111481
-1107525
-1102458
-1098090
-1097859
-1090643
-1084556
-1069186
-1067247
-1064858
-1056933
-1055093
-1050030
-1029137
-1026207
-1023755
-1016513
-1012206
-1011006
-1005262
-1005187
-1003812
-999400
-998258
-987229
-985063
-982967
-982754
-973464
-973080
-958954
-955819
-931530
-925321
-916025
-907552
-901803
-899147
-897671
-890774
-886067
-880727
-872442
-872208
-867434
-862337
-860576
-856769
-853768
-853567
-849658
-846587
-845661
-843934
-835648
-828919
-824183
-820024
-801169
-797305
-795146
-780103
-777600
-773829
-769636
-768939
-758096
-752763
-749623
-749295
-748338
-745915
-745490
-740609
-732437
-728999
-727418
-726603
-723351
-722220
-718173
-715208
-709413
-703424
-700275
-698013
-693238
-686190
-680345
-678535
-670105
-668566
-665727
-665700
-655364
-653863
-646205
-645656
-644589
-638302
-633070
-618227
-609407
-598879
-597168
-594365
-591341
-589066
-582367
-578649
-577745
-575351
-570289
-562387
-554441
-542090
-541942
-541334
-539500
-537665
-537346
-534231
-532011
-527786
-515229
-515093
-503005
-500170
-497646
-495229
-494701
-493094
-476443
-476328
-473700
-464973
-463212
-458602
-458544
-457150
-456210
-454119
-450690
-436834
-431065
-427923
-426054
-423215
-423048
-419954
-416011
-413610
-409864
-407850
-405846
-401963
-394203
-392846
-392392
-382899
-379671
-379655
-379151
-367055
-363298
-362494
-355390
-354789
-345247
-345246
-342797
-339747
-334996
-328161
-326508
-324696
-323757
-320206
-315046
-313859
-313519
-312869
-312554
-305894
-292674
-279070
-273152
-272508
-271668
-264907
-261302
-255269
-247267
-246031
-242248
-234249
-225834
-219713
-217482
-216485
-216330
-215769
-212189
-198878
-196252
-193622
-192188
-185499
-184962
-175698
-170213
-157394
-152471
-148563
-142912
-140667
-136815
-136120
-133885
-128812
-121518
-118896
-118574
-109971
-106393
-106120
-105907
-104212
-98228
-78595
-76446
-70094
-66364
-62782
-53863
-44962
-43334
-40498
-33394
-29032
-28164
-25616
-23524
-22225
-16021
-15748
-14633
-12907
-7276
-5443
-1917
446
1539
8871
13062
18742
26001
33363
33609
33849
37565
48264
48719
51727
52851
58741
65992
72172
75789
77250
78242
78314
85720
86806
87117
89975
90778
91753
95349
98991
100029
100366
114468
115330
115374
121417
126111
127059
130125
130371
130696
132327
132841
136461
136505
142883
146903
154583
161611
164763
165517
171567
184075
206139
219978
245610
258407
261775
263812
267038
287845
294435
296603
298419
301494
302825
304307
306037
308140
309173
314772
314985
322030
326257
328146
334658
335524
335580
337363
338205
339777
340748
342025
344304
345861
367781
371249
374572
375152
375839
376926
379212
398904
402687
402781
404443
417165
418612
423506
428339
434895
435390
435478
439456
440433
444563
448770
461356
463374
468190
471672
472752
477400
477928
482662
482935
484926
485743
488163
491045
494887
495385
502108
502394
502924
508106
509158
509312
515657
524725
527352
534321
542260
551689
554270
556160
560974
566129
568447
577498
582930
587281
593466
595398
612264
616985
617814
618756
624361
627965
631429
632430
636582
643141
657615
668900
674491
675009
679774
680273
680995
685763
685882
686650
699549
712952
712956
715924
723933
728210
728652
731695
731853
733242
738472
750545
759182
759369
763524
763917
768720
769035
772159
786646
788489
795702
795874
797545
798523
800661
801329
804923
809722
810193
817637
819008
825262
827221
827961
832509
833182
837310
839133
849386
856097
865197
865865
866577
870403
872209
873566
881246
888131
899801
906110
906956
911066
911463
915472
916457
917449
923890
931429
934128
935435
939878
941449
942642
944221
944387
945609
948885
955067
956376
964203
966359
977084
979791
995626
997728
1003246
1003793
1006365
1012137
1023396
1027843
1028203
1031391
1036669
1038815
1041297
1045509
1048326
1054727
1056250
1058604
1061804
1072446
1072896
1085842
1088957
1090501
1092517
1092971
1094465
1095474
1099115
1102450
1114657
1115412
1115994
1121537
1133054
1140573
1142671
1145032
1146287
1148193
1155092
1155332
1155334
1163230
1171581
1173897
1177120
1177976
1179918
1182948
1184575
1189719
1193737
1194367
1195590
1195949
1197328
1197640
1205864
1206033
1207028
1207274
1207380
1218458
1221304
1222671
1222828
1240428
1242212
1250553
1251197
1251585
1251793
1257581
1262756
1263289
1267649
1273355
1273941
1274085
1277984
1281308
1285918
1291510
1291833
1297506
1300908
1303548
1305835
1309803
1313193
1320745
1324568
1332627
1335645
1335659
1336374
1344463
1350195
1361811
1364619
1364972
1366044
1367459
1372147
1375444
1377013
1378265
1379171
1380105
1387757
1388942
1390198
1391410
1393216
1393697
1402961
1418727
1421678
1422047
1428757
1429902
1434788
1440043
1455487
1458926
1460605
1465198
1466825
1483061
1491079
1493849
1495499
1496876
1498345
1498358
1507182
1511224
1511621
1521919
1522458
1524564
1526942
1527113
1528007
1529247
1534549
1537480
1539429
1541937
1543861
1543961
1546235
1546873
1551330
1558226
1558901
1559523
1561454
1565997
1572308
1577392
1578136
1578389
1578512
1583428
1588180
1589669
1593837
1599322
1601755
1603722
1616117
1623184
1632057
1632419
1642143
1642181
1642185
1646865
1647316
1647511
1652767
1658920
1659815
1660388
1660830
1664591
1666085
1672865
1676887
1681405
1695794
1703357
1704537
1705569
1706689
1712406
1713113
1720192
1726539
1729253
1731576
1734476
1734739
1739002
1740899
1742870
1744256
1745703
1748257
1750979
1752815
1755578
1762775
1765102
1767164
1770027
1773896
1775154
1775253
1775278
1782095
1783819
1785603
1786131
1792683
1793778
1798942
1801949
1802977
1804494
1806401
1807170
1809728
1810422
1811668
1819081
1821370
1828143
1828297
1830481
1832038
1835876
1836785
1840000
1840762
1848838
1850323
1855412
1861492
1862016
1863598
1865828
1869918
1871263
1874753
1879363
1883631
1886125
1892838
1893694
1896822
1900991
1905499
1910005
1911722
1911776
1914042
1914309
1915774
1918847
1923922
1924036
1926173
1926856
1927457
1936195
1937327
1937516
1939292
1943564
1950165
1956765
1957577
1965053
1965742
1966756
1968986
1973828
1976940
1978180
1978673
1986881
1995396
