-1998259
-1987404
-1984259
-1981882
-1981152
-1970631
-1967047
-1956987
-1955262
-1954726
-1947650
-1946610
-1944335
-1942051
-1932559
-1931638
-1930565
-1930107
-1925638
-1919680
-1917800
-1917777
-1915542
-1915449
-1912361
-1911768
-1900644
-1900525
-1899136
-1890221
-1889305
-1887990
-1884236
-1883445
-1882202
-1881433
-1879735
-1877278
-1877038
-1873413
-1869437
-1867434
-1866660
-1861156
-1859039
-1858953
-1853328
-1852526
-1852102
-1849864
-1842998
-1839556
-1836916
-1816258
-1809240
-1807693
-1805507
-1804298
-1803369
-1794468
-1789055
-1780620
-1779608
-1770168
-1762248
-1761953
-1761542
-1759828
-1759142
-1757632
-1749973
-1747139
-1745579
-1742759
-1742523
-1739586
-1738466
-1737001
-1736316
-1729208
-1726458
-1724573
-1722070
-1720928
-1720498
-1712806
-1712512
-1710465
-1709241
-1699773
-1697989
-1696029
-1695742
-1688153
-1685123
-1683571
-1680302
-1677755
-1670936
-1666097
-1665658
-1665052
-1661947
-1661026
-1659919
-1658322
-1656112
-1647665
-1634524
-1629333
-1625250
-1623649
-1616044
-1608380
-1604734
-1603535
-1602612
-1601529
-1601313
-1599688
-1579414
-1575816
-1565704
-1563133
-1557867
-1557843
-1548732
-1543773
-1526340
-1525694
-1525632
-1511562
-1511448
-1508388
-1506677
-1503064
-1501860
-1494847
-1494108
-1492655
-1484126
-1484107
-1483954
-1476244
-1468802
-1466972
-1448344
-1447960
-1441089
-1432526
-1424240
-1421644
-1421027
-1416017
-1413333
-1411478
-1410133
-1409444
-1403506
-1402683
-1402618
-1397052
-1394627
-1389605
-1389279
-1386580
-1375415
-1375330
-1372242
-1372103
-1371692
-1369605
-1368289
-1362622
-1360450
-1358740
-1354309
-1353395
-1351669
-1350461
-1343459
-1342745
-1342201
-1338117
-1331598
-1327762
-1327449
-1313223
-1311329
-1309964
-1305846
-1304666
-1303664
-1300617
-1291496
-1280069
-1278146
-1263204
-1258416
-1256881
-1252905
-1239152
-1238631
-1213991
-1207197
-1206665
-1204146
-1203137
-1200498
-1197540
-1196420
-1195442
-1191120
-1190525
-1190226
-1189705
-1188928
-1184124
-1183022
-1179974
-1172019
-1155905
-1155258
-1153179
-1144288
-1138654
-1137553
-1136597
-1135904
-1132906
-1130909
-1130556
-1129944
-1129202
-1126297
-1126275
-1121735
-1120953
-1120223
-1119946
-1117002
-1113902
-1111649
-1104027
-1100955
-1098792
-1092098
-1091631
-1089644
-1081449
-1080742
-1071391
-1065968
-1064469
-1058557
-1058334
-1057693
-1050472
-1049626
-1038343
-1036294
-1030792
-1025160
-1021929
-1012004
-1011974
-1005154
-1003415
-999581
-985909
-978626
-975158
-968714
-965888
-962338
-959670
-957869
-954466
-953116
-951021
-950498
-947453
-944512
-943133
-940594
-934589
-933435
-931065
-930740
-928560
-925607
-925378
-924327
-905738
-895019
-894355
-894126
-889006
-887280
-883387
-873192
-870229
-867298
-866645
-862280
-861955
-859866
-852093
-847855
-846914
-846244
-839244
-837115
-834759
-833041
-829360
-829308
-828030
-823012
-822883
-820587
-817647
-816690
-810522
-810139
-805665
-804323
-802031
-793390
-792340
-785181
-782639
-782550
-776912
-774170
-769806
-769302
-767308
-766110
-759991
-758496
-757787
-756162
-754046
-753666
-753661
-752597
-747910
-736508
-733587
-725713
-724720
-715072
-711576
-710649
-709389
-702638
-701723
-696979
-691826
-681264
-665590
-664575
-663813
-659337
-656066
-652429
-648657
-646477
-639556
-639407
-638715
-629976
-627210
-626038
-609587
-605053
-602712
-595296
-592567
-587973
-584021
-572690
-570282
-562526
-562127
-558286
-557500
-555693
-551079
-550497
-545855
-531057
-527417
-520810
-519289
-517393
-515380
-514387
-513845
-512965
-512807
-510040
-504279
-503711
-503363
-489476
-489074
-486200
-480192
-479607
-479280
-460259
-448136
-442900
-442692
-430464
-428420
-426986
-420255
-419355
-416096
-415919
-412366
-405943
-400644
-395271
-385296
-383058
-365191
-364380
-362788
-361419
-353587
-345696
-345275
-342812
-328844
-324388
-315883
-313078
-309042
-294884
-289011
-284203
-280470
-279939
-273211
-272402
-270592
-268124
-264985
-264723
-259865
-258208
-256076
-253545
-248142
-245212
-240411
-238813
-234768
-234209
-222567
-221940
-219637
-210603
-205661
-204140
-194396
-183895
-180327
-175803
-170313
-169298
-166150
-165753
-165503
-162198
-155939
-155130
-153890
-150627
-149301
-146396
-135179
-132579
-131640
-128681
-127767
-127705
-126828
-125458
-119927
-117238
-107248
-105312
-101385
-99730
-97214
-93742
-88889
-87709
-86195
-79306
-74462
-72789
-70053
-68702
-67205
-65163
-61145
-60395
-58456
-56674
-53602
-52357
-40128
-36050
-33926
-33858
-33378
-31297
-20090
-16139
-13120
-7233
-2689
2303
2880
3519
6310
8616
21777
22042
22986
24788
27499
34792
43777
46738
49239
50519
51247
55409
55799
56652
58471
59229
63074
65396
66396
74551
78237
81197
87713
104778
108217
109897
110690
112540
116904
123925
138813
140143
143816
147342
158108
161849
165033
167166
173740
184821
186516
190234
191398
197471
199289
209597
210591
210852
212776
218335
228433
234960
236430
239245
240524
246134
251779
253401
253816
260196
269248
278388
283416
284886
286439
286462
290107
290804
295368
296635
296991
303859
312695
313886
322415
327586
331923
334784
338844
342482
345390
346247
348949
354491
359979
362169
369398
375701
376104
386387
394913
396046
397892
399119
407111
407150
409126
409919
410680
416407
416738
423281
426717
430706
434570
442478
445047
446776
450896
460107
461612
464075
466511
468559
469168
477466
478617
485860
489566
491064
501360
502385
503940
507914
511318
528920
535279
540070
540191
542690
544580
548589
554143
558424
562740
565088
566836
567122
567360
569345
569907
587942
595552
603823
604980
631240
639472
650845
655945
658655
663065
667549
670701
674217
676587
681140
686121
695644
697945
699176
700319
700345
702561
702738
708802
709610
711704
712872
722103
725179
726835
733027
740338
747855
748197
750849
751774
756767
762762
764579
767191
773182
779264
781687
781910
782403
788543
788652
795613
796548
797975
799772
804524
805813
814888
815486
821159
821337
827013
829815
834049
838328
839494
839650
849057
859479
865884
870988
871112
876151
879040
887008
897039
900767
903794
908235
908473
919702
919836
922163
927730
928764
931972
934078
941462
944853
950531
951758
958768
962757
965442
966077
967985
971572
974197
992968
996653
1013141
1013527
1013546
1021445
1021494
1021631
1022956
1024949
1035953
1037079
1037562
1037641
1038405
1043837
1050075
1050668
1056261
1064444
1065797
1073027
1073214
1087712
1097889
1102589
1106640
1107002
1113813
1115181
1128838
1133402
1139364
1141573
1145420
1148008
1155411
1159060
1160575
1167163
1179534
1180701
1181549
1188833
1190145
1192347
1193483
1200041
1200750
1202322
1212043
1214726
1231373
1241949
1249236
1250379
1251160
1265709
1270643
1274002
1275487
1278149
1288380
1290154
1297525
1304590
1306517
1306911
1307679
1315080
1315618
1317463
1318312
1324370
1340099
1353101
1354004
1355207
1366514
1366801
1367556
1370852
1390351
1391274
1434256
1435874
1436457
1437389
1446391
1447509
1451265
1458751
1460047
1462784
1462829
1471561
1478272
1490098
1492106
1503586
1505682
1508742
1508978
1515446
1519768
1519980
1521567
1522982
1524486
1526974
1531666
1532418
1540524
1545868
1547998
1551199
1551682
1553370
1554409
1558999
1559361
1562529
1569933
1583621
1587584
1590655
1594978
1597420
1600812
1601487
1601645
1606350
1608201
1608539
1611766
1612013
1612258
1615344
1617861
1620525
1622009
1627532
1627683
1627977
1628556
1643052
1644257
1644839
1648129
1654286
1658839
1666554
1666594
1666915
1669710
1670604
1694365
1695309
1698301
1699415
1704346
1712662
1713685
1715226
1717765
1719102
1721002
1722718
1722732
1730531
1734016
1736508
1737840
1750466
1751778
1773049
1773328
1773599
1774627
1775772
1784641
1789477
1793672
1803723
1812983
1818871
1822918
1837682
1838185
1839320
1841175
1845679
1848975
1850952
1853499
1856219
1862965
1865718
1877043
1882211
1884523
1891053
1903250
1906543
1909245
1909520
1910663
1911162
1913413
1918211
1923973
1930476
1936806
1938238
1938675
1941626
1943802
1944337
1950390
1964231
1972595
1979030
1980383
1985977
1987447
1988151
1988295
1988807
1988856
1992600
1992732
1997033
