-1995725
-1995510
-1988556
-1981751
-1977824
-1975941
-1975712
-1970873
-1970682
-1968202
-1959093
-1958458
-1957228
-1951411
-1948490
-1946426
-1942662
-1937322
-1933133
-1932687
-1930373
-1924115
-1921839
-1921221
-1916108
-1901556
-1888990
-1871563
-1870691
-1869310
-1869079
-1865601
-1862975
-1861449
-1859595
-1858456
-1857759
-1854816
-1852174
-1851025
-1849208
-1829301
-1826986
-1825981
-1815783
-1811219
-1801532
-1790803
-1790308
-1786708
-1783927
-1776946
-1770232
-1767636
-1766776
-1766488
-1756672
-1755910
-1754780
-1751645
-1745975
-1745884
-1745512
-1744885
-1739226
-1738747
-1737418
-1737086
-1736176
-1735167
-1732662
-1716485
-1713555
-1712532
-1711337
-1706310
-1703267
-1700418
-1699570
-1688759
-1684517
-1676821
-1675036
-1674849
-1674176
-1672139
-1667031
-1665680
-1659267
-1655426
-1654625
-1651346
-1644043
-1643396
-1643022
-1641401
-1640560
-1639719
-1631128
-1630551
-1629223
-1617494
-1616213
-1615302
-1609380
-1608779
-1608595
-1607732
-1601395
-1597473
-1596711
-1596210
-1591860
-1589665
-1584907
-1584719
-1584474
-1583559
-1575786
-1571746
-1566594
-1566454
-1562421
-1558402
-1556441
-1554442
-1553398
-1550699
-1549578
-1543301
-1537897
-1534825
-1533197
-1528511
-1508037
-1507309
-1501484
-1497953
-1494962
-1493963
-1488333
-1487879
-1482758
-1477761
-1477297
-1474949
-1473811
-1466060
-1455307
-1448913
-1448406
-1444469
-1441149
-1433770
-1433156
-1432213
-1427662
-1426137
-1419418
-1412482
-1409760
-1408708
-1406443
-1403724
-1399914
-1395711
-1385440
-1383259
-1379070
-1369321
-1368395
-1366011
-1365782
-1361126
-1359776
-1356159
-1352600
-1346786
-1345794
-1345284
-1336149
-1334402
-1331550
-1327984
-1327690
-1317203
-1315392
-1306631
-1302782
-1302698
-1298494
-1290446
-1287755
-1287028
-1284426
-1281122
-1279751
-1279586
-1276703
-1274696
-1267614
-1260353
-1251651
-1248100
-1245103
-1244558
-1240606
-1232310
-1229588
-1226225
-1226196
-1222805
-1222006
-1220185
-1214151
-1210503
-1205328
-1203023
-1195010
-1185886
-1182564
-1181029
-1178564
-1174498
-1172208
-1164037
-1157040
-1156647
-1154385
-1150634
-1148119
-1142446
-1141299
-1140190
-1140078
-1135122
-1133879
-1132321
-1126612
-1119492
-1098457
-1094605
-1094339
-1086874
-1085814
-1084466
-1077457
-1072732
-1070537
-1070437
-1070181
-1069071
-1068619
-1065626
-1058785
-1049623
-1045670
-1045524
-1043194
-1040504
-1031971
-1029960
-1028251
-1027119
-1026777
-1024439
-1024035
-1021517
-1018322
-1018236
-1016500
-1013218
-1008797
-1007534
-1003222
-1002186
-1001971
-996852
-993811
-988441
-985576
-984723
-982250
-982053
-980802
-980800
-980499
-975958
-969308
-966103
-963412
-958537
-952227
-950770
-943498
-935372
-926530
-919561
-918905
-913685
-908660
-908222
-905057
-902478
-899270
-898248
-897375
-896745
-896122
-895740
-894544
-891290
-889840
-880063
-877757
-870455
-868885
-865694
-863736
-862142
-861397
-848235
-847114
-846768
-824934
-809659
-807521
-806077
-784117
-783363
-783148
-772492
-758806
-749927
-723358
-715745
-715371
-712401
-707825
-706567
-701135
-697737
-693258
-693002
-683566
-673584
-668808
-664847
-664122
-659225
-652327
-646595
-642626
-639430
-628463
-628237
-625601
-621298
-619481
-613984
-612916
-611954
-609053
-607621
-600995
-595542
-592727
-592248
-591776
-590014
-586953
-585923
-584606
-580654
-577925
-576334
-572422
-570940
-568715
-565639
-564417
-560234
-556571
-553408
-549637
-549010
-548685
-544125
-542832
-541157
-535521
-532095
-529811
-526086
-521889
-518564
-512126
-507396
-498832
-495967
-476770
-473050
-472940
-459966
-452641
-449198
-447178
-444894
-439776
-438857
-433904
-427505
-418393
-415755
-406617
-404665
-398470
-398030
-391241
-384615
-379487
-378551
-377215
-376753
-369931
-369469
-367346
-366163
-355537
-342208
-341201
-337027
-334388
-325124
-321832
-314744
-313863
-309981
-306785
-292699
-292111
-277813
-274592
-273412
-268258
-268206
-268006
-264565
-264489
-259390
-253568
-251329
-242657
-235844
-235477
-230812
-222289
-215570
-214654
-206790
-203118
-190709
-189666
-184942
-183160
-169056
-167709
-167252
-165411
-163870
-163308
-158013
-155647
-151931
-146455
-142290
-141067
-138979
-130855
-130537
-128234
-121753
-119120
-114556
-113770
-104834
-90880
-87038
-84929
-84139
-79752
-73424
-73120
-57707
-55078
-51918
-45198
-42806
-38784
-35161
-34408
-32328
-27330
-26497
-12767
-11417
-10658
-2359
2346
7112
10040
13572
16131
21406
25656
31702
34669
39833
52559
58757
60103
64301
68340
71195
72226
73854
74277
74757
76011
78463
82322
83516
91098
102106
106442
106955
107470
110028
113436
114243
115158
128768
129078
129862
136198
136751
145544
147195
151420
154959
166145
169324
169764
176569
177828
185289
191113
211426
217296
217603
231434
231542
235468
244937
246753
248186
248252
252078
260517
263200
267890
271516
273733
277652
278268
280220
281228
289981
301132
305357
313278
314005
315598
316873
318681
319275
320446
320829
322207
322980
327018
328734
336393
337908
346438
352767
360791
370981
373691
378520
384169
391114
391884
394157
408164
418910
421735
421841
425683
427511
437502
443921
443922
447055
448997
451825
453083
460130
463972
465186
472200
472634
473966
475566
480470
481293
485377
485674
486252
502481
514655
516160
519631
530058
530270
531857
534248
535302
535974
539424
540702
542769
542938
542962
547063
550288
553832
554298
560501
572091
577336
579168
585570
587155
587238
588815
590225
593723
594427
595300
598410
600818
606069
607695
607924
611745
614674
618921
620426
623938
629372
631331
636621
639843
648568
649365
656944
657910
658516
673811
676382
679734
683289
687278
692762
695606
696037
704275
706685
707070
707874
712029
713300
717946
729121
735546
736023
740700
745393
748643
765487
766534
769139
769220
772535
780811
787036
787266
790166
796773
802527
805772
808769
811072
812158
812376
819776
829618
834063
834175
837127
842897
848180
851791
863791
867642
870199
874843
877854
878066
879243
896554
903097
903140
909879
910892
913749
915294
917824
923596
923858
930152
938632
951726
952189
962302
962407
963594
966800
972042
975070
978390
979540
981876
983400
1008364
1009822
1011693
1012625
1015729
1018330
1024802
1029181
1034268
1036143
1037190
1042363
1045212
1047918
1052182
1054561
1055050
1058580
1059694
1060532
1061527
1086563
1094175
1097744
1100327
1106008
1108327
1108333
1121815
1124168
1125234
1125259
1127911
1131121
1136587
1137207
1137649
1144281
1150540
1150698
1152115
1159203
1180851
1184451
1191717
1194391
1199770
1199971
1203589
1203792
1204618
1205256
1205564
1210805
1214055
1222463
1222863
1225512
1225807
1233053
1235352
1243426
1247021
1248032
1249182
1252545
1258736
1260788
1263685
1264429
1270356
1272009
1276700
1277229
1281844
1284230
1287370
1303682
1304052
1306528
1308542
1311558
1313329
1315728
1318933
1321179
1332210
1334192
1342124
1345117
1345342
1350659
1358673
1365716
1368338
1378160
1378860
1380692
1386463
1387335
1389310
1390024
1402638
1406591
1409276
1410108
1416519
1425745
1426977
1433467
1437561
1442537
1450039
1451390
1460442
1461706
1466083
1470442
1479721
1487490
1489945
1494849
1500568
1501690
1502978
1503907
1504528
1506251
1510481
1513240
1513336
1514107
1522496
1523355
1529744
1543233
1562913
1563648
1579640
1581412
1584851
1596694
1600821
1600902
1601261
1602767
1604081
1621935
1631817
1634310
1647157
1648496
1651701
1653193
1658095
1658550
1660566
1666425
1668117
1670794
1672935
1677631
1682624
1684533
1686038
1694579
1695112
1700157
1705781
1714763
1715109
1717929
1719618
1725305
1727254
1735230
1736143
1738975
1743984
1746625
1760958
1763975
1764277
1766163
1766460
1768814
1770771
1778029
1778315
1783580
1794597
1800595
1803420
1804688
1806745
1807728
1812596
1814859
1815969
1819208
1819478
1821587
1822586
1823639
1831551
1832031
1836249
1844490
1846726
1849523
1854077
1856161
1857559
1858428
1860130
1860198
1863866
1863989
1866905
1868197
1883252
1887569
1892654
1900178
1904779
1908006
1915289
1916017
1920200
1922576
1937366
1940843
1946910
1947891
1949114
1956662
1959398
1961003
1966554
1966969
1979794
1980403
1981409
1983155
1989302
