-1999784
-1999449
-1997428
-1991620
-1991291
-1990480
-1978912
-1977383
-1974488
-1973701
-1970740
-1970076
-1959832
-1959205
-1958368
-1945857
-1933079
-1928818
-1928289
-1928235
-1928231
-1923244
-1913145
-1912633
-1911525
-1902086
-1901311
-1898596
-1893208
-1887682
-1887576
-1884606
-1884167
-1880085
-1875490
-1865702
-1863877
-1838059
-1837464
-1836345
-1833832
-1830228
-1829036
-1820169
-1817565
-1816470
-1810788
-1808464
-1806809
-1804974
-1804626
-1803048
-1803024
-1802678
-1796955
-1796719
-1793389
-1792251
-1791585
-1791147
-1777146
-1771921
-1765789
-1762297
-1759682
-1756812
-1756422
-1753575
-1749895
-1749806
-1748946
-1747816
-1738022
-1734757
-1727008
-1724027
-1721110
-1719655
-1719243
-1711304
-1710150
-1707863
-1705856
-1704178
-1703027
-1701671
-1696133
-1695431
-1694201
-1688028
-1687963
-1683027
-1681394
-1676990
-1671814
-1668120
-1663082
-1660816
-1660397
-1660371
-1651400
-1647353
-1643482
-1642511
-1639943
-1636303
-1635582
-1632759
-1608527
-1608135
-1606085
-1594488
-1585619
-1585533
-1584979
-1583019
-1582390
-1580475
-1579747
-1578986
-1572186
-1571339
-1569991
-1567607
-1565519
-1564999
-1564760
-1563534
-1562215
-1561355
-1553769
-1549447
-1546009
-1543626
-1531030
-1529857
-1529270
-1523393
-1519012
-1518334
-1512164
-1511582
-1507744
-1501271
-1489856
-1488142
-1485512
-1484111
-1482109
-1481941
-1477954
-1474440
-1473462
-1473356
-1472867
-1469576
-1463982
-1446763
-1439015
-1434838
-1434810
-1430897
-1427711
-1421591
-1413862
-1409771
-1405899
-1404834
-1399928
-1388444
-1387625
-1384439
-1370570
-1365571
-1360354
-1360238
-1359645
-1356007
-1353947
-1350338
-1345986
-1345043
-1342837
-1336366
-1335525
-1327865
-1327705
-1316735
-1305331
-1302529
-1299323
-1297797
-1297110
-1296976
-1291097
-1290516
-1287914
-1287704
-1285790
-1279119
-1277742
-1266319
-1262264
-1258014
-1255011
-1247415
-1242393
-1241988
-1230706
-1230429
-1220949
-1217533
-1210924
-1207923
-1207112
-1204672
-1203733
-1202143
-1199905
-1196851
-1195998
-1194479
-1190096
-1183572
-1174080
-1173811
-1171001
-1160500
-1157238
-1154167
-1149505
-1148980
-1148642
-1143099
-1138231
-1137357
-1137258
-1132890
-1132812
-1132075
-1131615
-1126234
-1123161
-1123098
-1122874
-1122036
-1121784
-1120593
-1114096
-1108728
-1107514
-1106244
-1105325
-1094388
-1090694
-1082387
-1064280
-1063067
-1060871
-1058429
-1048165
-1045258
-1036559
-1027815
-1024254
-1021057
-1005407
-1004256
-1001911
-998393
-993382
-992178
-990208
-987534
-985833
-984417
-969717
-965669
-957983
-955438
-951657
-951494
-950773
-950424
-946439
-942287
-937318
-933504
-929939
-927968
-920335
-918817
-918433
-906825
-903786
-901248
-897180
-885924
-884459
-884078
-880787
-877297
-875546
-874324
-862892
-861108
-857958
-854538
-852081
-835807
-834783
-832720
-825276
-823903
-822907
-822291
-813199
-810495
-808166
-807547
-798003
-796075
-785823
-782053
-778447
-769745
-769488
-763623
-760749
-758344
-748720
-725534
-721861
-716745
-715274
-710606
-710269
-702435
-702067
-692155
-690179
-688169
-686724
-682925
-678847
-671132
-658214
-656211
-655913
-652262
-650601
-650305
-649550
-647098
-643390
-641853
-638225
-635952
-622522
-617917
-616901
-615200
-614290
-610779
-607971
-607382
-597843
-589578
-588882
-583433
-583397
-568945
-567750
-567440
-564739
-559065
-552742
-551237
-548167
-548097
-540631
-531883
-531304
-528629
-521081
-520364
-519647
-514696
-514653
-505468
-505083
-504671
-504029
-500545
-491858
-478290
-466226
-465914
-465683
-459653
-452041
-448617
-448487
-447688
-444110
-440504
-435215
-432867
-428129
-412158
-405761
-403046
-398312
-395527
-395101
-392592
-389904
-388753
-385366
-383315
-382187
-380786
-380601
-376671
-374327
-373398
-364505
-364344
-351202
-346910
-346021
-344916
-341344
-337513
-333326
-330480
-321676
-319574
-317505
-313818
-313075
-306764
-306155
-303293
-300441
-286463
-281494
-277694
-271138
-256827
-251138
-248390
-244806
-240859
-234362
-228770
-228686
-222035
-218448
-206702
-203676
-195237
-193702
-184887
-180299
-179344
-175045
-166703
-164789
-155710
-155007
-154465
-152319
-139271
-134006
-132444
-130295
-128839
-124767
-124193
-121763
-117097
-108274
-104498
-97028
-91937
-84496
-78179
-72552
-64996
-52173
-49373
-43839
-32239
-31639
-26889
-25795
-21553
-13170
-10899
-6021
4066
4651
5313
5916
9107
12008
12446
21318
21999
24974
30007
32935
32942
43378
50354
56430
58055
59319
63367
64096
70899
71895
74451
74479
75349
77765
82524
89932
96030
98459
113582
118230
123232
124722
128711
129444
129573
131204
140656
142214
149191
149860
151268
161182
162409
169389
171221
171413
175356
179742
180840
187133
191616
193064
201027
204554
211533
217338
230815
231532
231674
233628
235150
242159
242697
247624
251303
252579
255319
258449
272577
278639
279861
283178
285052
286347
287546
288850
300268
308396
315528
322125
326392
329560
336397
343476
352040
352092
355500
355886
357795
359071
360738
362297
366439
367924
371893
372128
373970
379560
381639
383300
383787
385259
387149
392235
403326
406555
409066
413286
439359
442087
446329
451412
452813
457948
477720
485227
490068
491133
498415
514014
515332
520137
524602
526016
526044
529052
529328
529862
530186
538198
539987
543636
546761
550473
550669
556133
558475
561638
562273
565993
570319
573445
574175
579966
580754
583515
587006
587166
592211
598689
603992
609303
610097
610371
613730
617732
625404
629659
632021
632661
634661
638757
645289
645305
647280
649259
649497
651152
652741
652935
653285
654856
655330
655442
655676
657210
660123
660512
661269
673308
673737
674295
686853
688616
691641
699198
699656
715208
715397
720365
722544
722933
723036
732344
734150
735562
748305
749905
751774
758863
763683
768435
776163
782881
785962
794022
794637
796400
800156
805916
818661
819960
821872
824283
826648
830873
831725
843481
845069
847947
853007
855039
859350
859446
863112
864740
872715
873641
880627
880926
887258
892174
894302
905305
912582
912699
916906
917835
920947
921268
931055
957927
962483
962742
967327
971066
977115
980543
984211
985925
987631
990239
992551
995402
1007249
1007428
1009613
1028125
1030301
1033173
1036905
1036934
1037022
1048864
1049625
1055021
1060155
1063794
1064536
1073155
1074090
1088080
1088296
1092397
1093717
1099777
1103707
1107747
1108386
1110394
1114570
1120165
1122486
1127741
1130109
1132880
1146924
1149320
1157268
1169150
1171375
1172103
1173194
1173758
1187430
1187635
1201450
1214635
1216491
1218267
1221546
1227046
1228015
1230279
1234544
1235542
1235726
1237932
1240893
1246389
1247272
1247364
1249732
1251140
1258193
1265169
1273406
1282611
1284975
1284987
1290136
1291116
1294375
1300987
1311455
1314791
1316607
1317197
1321128
1327966
1329225
1329678
1335406
1338552
1342800
1343278
1352898
1353456
1354108
1362858
1376993
1377385
1379556
1381024
1382407
1382804
1388241
1389662
1391697
1391923
1393022
1402489
1404734
1411599
1414838
1416657
1423216
1425827
1426866
1429815
1430778
1434159
1439914
1442269
1454067
1454212
1455587
1458815
1459647
1462831
1468472
1469148
1469339
1472700
1474741
1474997
1477333
1479626
1489641
1489656
1494582
1504816
1515043
1518774
1542262
1563067
1563775
1579859
1583087
1587834
1590400
1591330
1594045
1610923
1611964
1614564
1618699
1618839
1622124
1624473
1625032
1641755
1643477
1647306
1653816
1655756
1658088
1660058
1664439
1672548
1678731
1688980
1690486
1695260
1695338
1697125
1698941
1702345
1706792
1712825
1714498
1716571
1717825
1719287
1724698
1732730
1741116
1745660
1746442
1753452
1756576
1756652
1762372
1765096
1766160
1773017
1773177
1774060
1775225
1778713
1779087
1783526
1789928
1790188
1791407
1794597
1800364
1804620
1813718
1822043
1826745
1831496
1833311
1839841
1840283
1841011
1843383
1844791
1848932
1852915
1857787
1863014
1864135
1867663
1871661
1874444
1878482
1886773
1893460
1894945
1900459
1902985
1906247
1913964
1915443
1920320
1920444
1923327
1928726
1935811
1940172
1942031
1948521
1951062
1953455
1957749
1959741
1960642
1965838
1976047
1977219
1978699
1979246
1980151
1985129
1985417
1994661
