-1993703
-1988527
-1984135
-1980602
-1979122
-1978270
-1975413
-1970784
-1967209
-1966298
-1962125
-1960243
-1955032
-1953239
-1951357
-1948934
-1941573
-1940423
-1940018
-1925611
-1921399
-1918075
-1915296
-1911206
-1902696
-1901698
-1898580
-1897038
-1894841
-1889327
-1888185
-1886838
-1885850
-1876374
-1859486
-1858854
-1858141
-1855277
-1845930
-1845550
-1844771
-1844585
-1843359
-1841892
-1841611
-1838431
-1832178
-1823560
-1821208
-1816098
-1814874
-1810341
-1809106
-1805857
-1803231
-1803160
-1802489
-1802128
-1802000
-1801873
-1799422
-1792641
-1790223
-1782063
-1781929
-1779634
-1778835
-1775320
-1774882
-1774750
-1767445
-1760736
-1752413
-1745943
-1745766
-1740582
-1739630
-1734988
-1732242
-1724638
-1724487
-1723978
-1722013
-1721189
-1709835
-1707361
-1706991
-1705615
-1698589
-1695975
-1692377
-1690103
-1680147
-1678821
-1666950
-1666672
-1662755
-1655773
-1651621
-1649938
-1648224
-1646001
-1643557
-1642869
-1642723
-1625583
-1623823
-1619893
-1618243
-1613332
-1611730
-1605702
-1602039
-1601875
-1600212
-1599338
-1596696
-1596422
-1593376
-1593107
-1588865
-1582371
-1581915
-1553656
-1542687
-1535637
-1534220
-1529521
-1529102
-1524708
-1523965
-1518695
-1517164
-1516107
-1515766
-1513030
-1511896
-1511676
-1509221
-1507157
-1502363
-1490258
-1487214
-1485318
-1484408
-1484240
-1483674
-1477429
-1474258
-1473834
-1467711
-1466242
-1465027
-1464407
-1457220
-1456991
-1456147
-1444846
-1444525
-1440909
-1434183
-1431606
-1421108
-1419885
-1419643
-1419407
-1418273
-1411301
-1407430
-1398792
-1384924
-1384030
-1380430
-1379222
-1379219
-1377063
-1374043
-1370764
-1370393
-1368899
-1362741
-1362298
-1361639
-1356662
-1356627
-1353426
-1349134
-1348840
-1347158
-1345619
-1340661
-1335754
-1335242
-1334184
-1334139
-1331887
-1328669
-1328432
-1325410
-1323681
-1319532
-1318984
-1316779
-1315119
-1310636
-1296634
-1289983
-1286178
-1283942
-1283416
-1283043
-1276568
-1272032
-1271043
-1268093
-1264287
-1257574
-1255033
-1248914
-1243480
-1233332
-1232055
-1222691
-1221853
-1219221
-1215674
-1205202
-1197415
-1196989
-1196458
-1183019
-1181320
-1165598
-1160586
-1157352
-1154770
-1154320
-1150268
-1150123
-1147046
-1137044
-1133713
-1132908
-1132721
-1132279
-1131597
-1126797
-1126207
-1125815
-1125677
-1125620
-1125113
-1119464
-1106996
-1102596
-1100125
-1097081
-1092275
-1091249
-1087496
-1085946
-1083401
-1081585
-1079612
-1075662
-1071033
-1055547
-1054789
-1053445
-1049848
-1043889
-1032539
-1030321
-1026863
-1023300
-1014015
-1011922
-1009077
-1005823
-996292
-995234
-986940
-986836
-983620
-982390
-977013
-974025
-972014
-968483
-966643
-964886
-963417
-963102
-953035
-942503
-942494
-941776
-929722
-929018
-922207
-911236
-902846
-899624
-885985
-882325
-874223
-872220
-871138
-865897
-861860
-861717
-856150
-855025
-849669
-848192
-844810
-835657
-832483
-827510
-825694
-825611
-825464
-819727
-818011
-815337
-813008
-811544
-800967
-800084
-797181
-796589
-786711
-782852
-780154
-779390
-778552
-760731
-760523
-759492
-757347
-757109
-756501
-747294
-741391
-734410
-733752
-728922
-720319
-706966
-704285
-703967
-703950
-702973
-701817
-701409
-693996
-693664
-693481
-690610
-689040
-663793
-659274
-649666
-647244
-640626
-639686
-638889
-636641
-632116
-632089
-631892
-628239
-613815
-602427
-595179
-593554
-592867
-589584
-585979
-584630
-583596
-581443
-580175
-579196
-577980
-556973
-548798
-547670
-545845
-544176
-535062
-528225
-521927
-520181
-519091
-512080
-509999
-504414
-503745
-502636
-501855
-497564
-491722
-488872
-487949
-486328
-484714
-466418
-465519
-460759
-455631
-453050
-451337
-449831
-447072
-443844
-442115
-441140
-438947
-428352
-427450
-423798
-417981
-412948
-411779
-407327
-403090
-398952
-396507
-392955
-386817
-386124
-381143
-368405
-367114
-365165
-364742
-358224
-353317
-350246
-348542
-335885
-331528
-329290
-328943
-326212
-322385
-320536
-315577
-312958
-309787
-303081
-300232
-298899
-291480
-291227
-287605
-286048
-285096
-284230
-283539
-281084
-280003
-275494
-267326
-265674
-261406
-259752
-259059
-258498
-256205
-249961
-248119
-238049
-225226
-224780
-222085
-222053
-212948
-206795
-203828
-200371
-189546
-181516
-179822
-174666
-167779
-167026
-162802
-162103
-159813
-146974
-140475
-139395
-129818
-129541
-127071
-124385
-121528
-117717
-101146
-97512
-93840
-90452
-88605
-83915
-83150
-77663
-73925
-62228
-51998
-49714
-44789
-40938
-35755
-30702
-25577
-24853
-23197
-12491
-8791
-5002
5648
9805
15837
20017
27936
33528
41926
43022
53781
69767
71881
75346
81588
82087
84287
90186
90394
106950
114558
125383
135769
141817
142332
142573
143651
146480
155240
156320
179837
187045
188690
190010
192120
193678
194529
195350
196366
200159
201366
201524
204617
219381
223035
224346
226218
231388
245690
251874
252965
260898
262321
265648
266444
270770
271595
278349
278407
279475
283427
283666
285581
285621
286133
294033
295604
299732
300267
300576
304654
308802
312264
316358
318520
318590
323961
334440
340489
343182
345420
351803
356426
359640
363288
367777
367971
372303
372553
372742
373023
375345
379256
387836
391645
394294
400276
402389
402900
405204
405812
406190
409843
417489
417548
418179
427223
428722
432703
436890
438662
439038
440375
443252
449294
455104
456453
460322
465631
471194
474751
481744
482581
487381
487383
488738
491359
494387
494805
497379
502986
503595
507026
508268
511554
513684
519328
520136
524703
526796
528840
532604
532791
535408
544906
545404
552380
556918
557402
574706
574839
586916
592274
599520
606595
609298
610743
622015
623024
631858
637823
641126
654820
658499
661523
674498
684483
691296
692072
697222
698474
698806
703048
705562
722087
732003
733402
738006
739940
743112
745087
755646
760807
765777
769078
769773
779969
783529
788866
790925
794563
796446
804367
805266
811879
814629
818672
820241
826238
833837
841701
841895
842782
843502
848658
849916
851904
851994
858020
858743
860391
869814
870415
877167
878823
889585
899006
904470
906329
915086
919672
923405
938156
938926
943927
946357
946759
949059
959607
990670
991919
995117
1009740
1015933
1016043
1017452
1023404
1024223
1036231
1040430
1041828
1042320
1051404
1052020
1052258
1053395
1070237
1072520
1076282
1077566
1078220
1078796
1082697
1085994
1088449
1088899
1093187
1103658
1107616
1108198
1108919
1109767
1116978
1129558
1130621
1136167
1141072
1141547
1152958
1156454
1157678
1158711
1158993
1161087
1161518
1165373
1171149
1175729
1180189
1180616
1183942
1188984
1190477
1191038
1196235
1196675
1197628
1203970
1205597
1209707
1213327
1214067
1222015
1226355
1227067
1233096
1244105
1249377
1252952
1259748
1262571
1268716
1271701
1278765
1289843
1290188
1293442
1313741
1314752
1317608
1318721
1321851
1333674
1341520
1345612
1351491
1351619
1361650
1369341
1377093
1390929
1391335
1393967
1397238
1401424
1405413
1406625
1411009
1411726
1416561
1422339
1429060
1432784
1433683
1444550
1453096
1464722
1464758
1472185
1473940
1483001
1487143
1488620
1492553
1504475
1507302
1507458
1521768
1521991
1522809
1523711
1524774
1528915
1542878
1552502
1553866
1556944
1560147
1562915
1566774
1574851
1582203
1590025
1602282
1606517
1610533
1621173
1625215
1627052
1628460
1628523
1629326
1629416
1631534
1636845
1641620
1644708
1645803
1646922
1658364
1665128
1667410
1669388
1683358
1685763
1686501
1687084
1696718
1697632
1699744
1701578
1702547
1707837
1711380
1714300
1716057
1716334
1719533
1723241
1726628
1727499
1732771
1733737
1734247
1745707
1746099
1750891
1753023
1755666
1757897
1761231
1766439
1766632
1766767
1769443
1774220
1774905
1777097
1777205
1777612
1781181
1794405
1795012
1795166
1798631
1800539
1800795
1803417
1809653
1810645
1811000
1825992
1826155
1831599
1836705
1849473
1850658
1857410
1857575
1863052
1869886
1870149
1872230
1873168
1874894
1875744
1884829
1887105
1890015
1897500
1897627
1897910
1899639
1899992
1912348
1912905
1917492
1919879
1921609
1935445
1941919
1948420
1948544
1954834
1954861
1959368
1959677
1962918
1968597
1969661
1971282
1977095
1980788
1985628
1992431
1992887
1994184
1996599
1998212
1998722
