-1998086
-1992595
-1991867
-1991739
-1988246
-1987918
-1986945
-1979563
-1976800
-1975028
-1973586
-1972779
-1968578
-1967738
-1966839
-1949910
-1949372
-1945249
-1941259
-1931347
-1930374
-1923824
-1923641
-1922826
-1918612
-1903084
-1900729
-1895427
-1890727
-1886460
-1884723
-1881232
-1869372
-1865244
-1865088
-1864653
-1863014
-1860059
-1857590
-1857398
-1852324
-1843391
-1840810
-1840275
-1823390
-1821264
-1813111
-1812899
-1809112
-1808469
-1804643
-1794241
-1793332
-1788938
-1788631
-1788213
-1778763
-1777882
-1777589
-1777334
-1776034
-1774737
-1766990
-1766444
-1762575
-1758370
-1756793
-1752210
-1751285
-1747622
-1747134
-1741745
-1736735
-1735398
-1734343
-1733112
-1732489
-1723435
-1722671
-1720152
-1718581
-1713538
-1705450
-1702217
-1699555
-1698217
-1697050
-1693606
-1691593
-1685456
-1684902
-1678672
-1672356
-1671682
-1665304
-1664003
-1663988
-1663671
-1662026
-1658559
-1654494
-1653342
-1652321
-1649101
-1644552
-1643673
-1642087
-1632423
-1619647
-1617657
-1611371
-1604758
-1604720
-1603431
-1599345
-1596947
-1594200
-1589476
-1580641
-1580058
-1577983
-1576974
-1572714
-1559461
-1558791
-1557498
-1552128
-1538986
-1528940
-1525651
-1512346
-1498925
-1489795
-1482066
-1481610
-1479744
-1474534
-1452652
-1442575
-1438235
-1436900
-1433337
-1429725
-1428280
-1427250
-1427238
-1426273
-1424698
-1416403
-1411863
-1409512
-1406773
-1398838
-1395025
-1388263
-1387986
-1385751
-1381850
-1377738
-1376499
-1365863
-1359508
-1356883
-1347968
-1346240
-1341265
-1339094
-1338507
-1328008
-1324009
-1322667
-1322277
-1321706
-1315434
-1307333
-1298154
-1294428
-1289669
-1275492
-1271225
-1269351
-1268738
-1263425
-1262035
-1257167
-1255715
-1251292
-1249690
-1242189
-1236465
-1232183
-1231343
-1229938
-1222330
-1218025
-1217784
-1205427
-1202544
-1194706
-1187599
-1185658
-1181946
-1177336
-1166012
-1160741
-1158895
-1156870
-1150857
-1145420
-1140337
-1139678
-1132164
-1131905
-1125352
-1124326
-1124141
-1120498
-1120483
-1119380
-1117497
-1115114
-1113518
-1112885
-1107846
-1104675
-1104450
-1103133
-1099352
-1084819
-1084748
-1079221
-1075323
-1075074
-1060373
-1053689
-1052370
-1051626
-1049821
-1041607
-1029396
-1024624
-1023217
-1015498
-1013433
-1011663
-1009928
-1006983
-1003275
-1001147
-1001072
-997770
-992740
-991437
-986220
-977737
-976525
-972781
-969895
-966576
-963635
-963351
-957161
-945929
-933239
-928478
-924391
-914559
-908819
-908233
-905863
-900736
-898468
-897945
-897421
-894782
-891609
-890784
-889175
-886824
-883480
-882612
-877572
-874329
-873252
-873076
-870111
-867366
-852817
-852792
-846313
-846250
-845420
-842727
-840296
-830461
-828272
-823152
-819913
-819043
-818254
-817235
-814134
-813996
-813990
-813370
-804576
-801621
-800203
-799930
-798494
-791112
-788734
-778940
-769655
-760092
-758840
-756785
-755794
-754390
-736697
-734903
-734070
-716703
-715854
-715153
-713164
-711986
-711852
-704686
-699306
-698892
-693055
-683659
-683475
-681404
-669426
-666808
-666597
-664885
-657447
-656006
-653407
-650389
-643091
-638744
-636369
-632291
-628337
-623520
-619796
-619008
-618502
-617539
-617142
-613455
-612212
-611485
-605752
-603318
-600709
-595980
-591446
-589385
-589165
-583589
-575008
-571400
-567366
-563154
-546986
-541290
-538669
-537710
-528842
-522070
-519886
-519201
-513444
-509086
-503203
-502884
-499491
-497436
-490589
-487913
-486533
-483107
-482513
-476266
-474837
-462101
-454802
-453109
-446329
-445499
-437240
-422557
-416640
-415011
-413470
-408663
-402638
-401842
-400298
-395912
-389200
-383664
-379760
-375411
-368409
-368228
-367109
-365320
-357737
-353065
-344129
-343847
-341382
-339388
-330386
-325837
-324733
-320246
-317493
-303819
-301398
-298194
-296366
-291320
-288951
-288629
-287724
-276851
-276201
-275260
-273118
-267445
-257693
-255512
-232413
-231672
-221857
-221689
-218748
-216013
-210439
-204495
-199653
-190979
-188856
-184546
-181193
-180969
-171914
-168620
-167533
-160972
-157656
-153661
-151550
-150430
-149811
-146274
-146264
-141461
-140337
-136719
-136642
-131426
-127881
-115156
-109268
-97774
-96673
-93932
-88350
-85429
-83958
-80599
-70384
-62143
-59221
-55223
-54952
-46475
-34355
-32174
-31126
-28944
-27437
-25993
-19113
-4474
-2070
-1811
2454
10406
13175
16329
21363
28104
29190
34640
36159
42144
43225
47687
57133
61238
62711
69050
69632
71994
76186
77483
79355
92739
102759
108410
110325
111793
113105
114223
119451
122345
124297
129229
132801
133483
133747
140223
141447
144812
145182
148583
150747
161913
164149
167621
168760
190621
195489
201144
201625
203629
203890
213146
215130
217489
217504
222355
222544
231388
234019
244691
254096
254206
255006
263759
270721
280062
280521
282983
286432
292020
293376
294114
302390
303502
313814
314032
316592
317533
320449
321054
322743
331485
338541
340032
340316
346602
346702
356016
364588
371797
375557
377772
381121
386259
393024
394220
394633
396837
400018
407855
411890
416234
421562
421760
421849
452646
456506
459102
464846
467571
468236
477965
485114
490786
491581
495778
499424
513125
518737
518825
536251
536294
537833
537912
541591
548527
549652
551949
563661
563914
565643
566064
570700
571797
575857
579732
583717
590536
601176
601221
606855
609797
614927
617177
618125
624592
628560
631776
633237
635909
636639
639141
640688
646383
650397
675375
675891
679643
683554
686797
687431
689699
691517
695510
695794
696274
696492
701213
703928
704200
710267
716572
726296
728676
732997
736253
736560
741078
743166
747215
748893
752150
752598
755293
756366
758505
759000
761107
770129
776792
780607
786777
789453
789663
792234
794454
795917
800213
802410
806339
818411
825974
826457
833547
839144
842641
844819
850996
851586
852507
863159
865197
865783
870065
880080
883741
885928
887363
891876
899831
905135
906627
910540
917120
918832
929427
931760
932940
934507
934512
937753
938097
944251
946098
956221
960611
964475
965627
968295
969102
970730
972568
973343
987264
988859
1005550
1010238
1013839
1015074
1015114
1015982
1019909
1020278
1020762
1021114
1021558
1026474
1027819
1040487
1046988
1054798
1056505
1062764
1066723
1067604
1068402
1092680
1101906
1104172
1108143
1118825
1133518
1133602
1138053
1138060
1142158
1143190
1143958
1146312
1156031
1157725
1159807
1161971
1163476
1163976
1169254
1169443
1169553
1181775
1182462
1182867
1188713
1190387
1197273
1199419
1201561
1203796
1204635
1206121
1206515
1213785
1214435
1215617
1235952
1240820
1243167
1244555
1277458
1279128
1279830
1286915
1292391
1294260
1300243
1302936
1306972
1308237
1316493
1321126
1323008
1325045
1329818
1331305
1346742
1349623
1352027
1354730
1374412
1378332
1380222
1386970
1392036
1393212
1394882
1396243
1401924
1405282
1408522
1410471
1416166
1418233
1423183
1424289
1424371
1425454
1446315
1447518
1448576
1460345
1463688
1470438
1472540
1472691
1472989
1475763
1478841
1479122
1481086
1484214
1486874
1487690
1488649
1497328
1499401
1506653
1527386
1527391
1527957
1528338
1530184
1537193
1541985
1548546
1549005
1550788
1551770
1561422
1569063
1570841
1574222
1579303
1585936
1587151
1587389
1590447
1591889
1594660
1603504
1604275
1607152
1608386
1610515
1611427
1614990
1616982
1617831
1617974
1628431
1635396
1637095
1640419
1642347
1643171
1646462
1647985
1648218
1650038
1654210
1654563
1656091
1662682
1664130
1665028
1668200
1671026
1671590
1673413
1680972
1682070
1684797
1685507
1694942
1701409
1701673
1710918
1713723
1713843
1720359
1725206
1727103
1735596
1740577
1742964
1743099
1743500
1750041
1753543
1762478
1764898
1765462
1773053
1776529
1776552
1783596
1796713
1803586
1804044
1806931
1815166
1815258
1815794
1816764
1819263
1823588
1828584
1831522
1841451
1843178
1845815
1854419
1857083
1859702
1863756
1868705
1872032
1877755
1882206
1885767
1886113
1891131
1895423
1896078
1900683
1903030
1905594
1913573
1915280
1916516
1919328
1921614
1923317
1928452
1928677
1932899
1935841
1943335
1944653
1949034
1950140
1951455
1958841
1968036
1969929
1973965
1976367
1980590
1980666
1987302
1990471
1993278
1993918
1996995
1997876
1997880
1998754
