-1999593
-1998915
-1998700
-1998407
-1993605
-1988303
-1987342
-1983642
-1980344
-1976309
-1975539
-1973820
-1966094
-1959383
-1954242
-1953102
-1942660
-1934474
-1932356
-1930221
-1923814
-1916909
-1916187
-1915618
-1910272
-1905869
-1903291
-1900924
-1899384
-1898578
-1895617
-1895001
-1892492
-1889857
-1889417
-1884826
-1882455
-1882138
-1881169
-1881018
-1880097
-1879392
-1878291
-1875553
-1872799
-1868631
-1864265
-1862496
-1858203
-1853387
-1850388
-1845676
-1841654
-1837726
-1805581
-1805493
-1801279
-1795503
-1792723
-1790582
-1788832
-1785866
-1784848
-1782520
-1782115
-1781585
-1776666
-1774560
-1774075
-1773203
-1772007
-1770639
-1765673
-1751272
-1745923
-1741089
-1739760
-1729723
-1713913
-1711974
-1700527
-1697019
-1694580
-1694467
-1689829
-1680549
-1678277
-1677853
-1674344
-1667384
-1665888
-1658243
-1653215
-1650362
-1646353
-1645218
-1641929
-1639346
-1638955
-1635066
-1632476
-1628344
-1623127
-1605434
-1604993
-1598030
-1591991
-1590674
-1589361
-1588605
-1583008
-1562122
-1559971
-1559818
-1549026
-1529250
-1521364
-1519962
-1516428
-1510058
-1506946
-1505456
-1497872
-1497164
-1495768
-1493026
-1490471
-1480625
-1478036
-1470512
-1466045
-1464516
-1464160
-1460355
-1460208
-1457814
-1450382
-1444938
-1439649
-1436484
-1435297
-1420298
-1407790
-1403950
-1402079
-1398661
-1390332
-1385265
-1377170
-1376015
-1371526
-1366709
-1363092
-1357748
-1356044
-1354684
-1354168
-1349311
-1349250
-1346971
-1346554
-1344536
-1337353
-1335857
-1331743
-1327263
-1322084
-1315585
-1315112
-1308854
-1306958
-1305051
-1304503
-1302588
-1296280
-1289603
-1287861
-1281424
-1275973
-1272366
-1268679
-1264747
-1263656
-1246504
-1245957
-1245790
-1240029
-1239142
-1236092
-1227784
-1219653
-1219487
-1217095
-1216724
-1215586
-1211263
-1209498
-1203563
-1200349
-1200339
-1199380
-1198958
-1198203
-1197363
-1194375
-1191161
-1188812
-1183540
-1175381
-1173653
-1169348
-1167579
-1163602
-1163107
-1158688
-1156257
-1156252
-1151117
-1148279
-1133013
-1126556
-1121635
-1120372
-1120253
-1111362
-1102113
-1102009
-1096707
-1095741
-1092926
-1088636
-1087115
-1086398
-1083587
-1081348
-1078945
-1061577
-1061399
-1051447
-1047969
-1035915
-1034505
-1024927
-1020424
-1020249
-1012563
-1010154
-1005119
-1004472
-1000765
-999545
-998513
-992905
-990346
-989434
-981837
-974880
-971029
-967263
-965613
-964988
-942247
-924439
-919958
-910876
-910258
-902124
-901420
-899185
-898260
-897383
-895093
-894756
-892663
-882238
-881586
-880918
-879677
-878681
-870245
-868486
-866743
-861125
-860559
-859974
-859711
-857775
-857198
-851793
-851158
-839402
-838610
-831804
-830252
-826346
-826101
-823734
-819583
-816177
-807670
-803178
-802404
-801134
-798724
-793823
-781918
-780328
-779576
-777908
-775367
-770077
-764605
-761508
-760834
-759131
-757789
-750930
-747594
-734036
-733102
-731699
-731373
-721930
-721886
-719899
-704664
-703989
-703364
-700938
-693914
-689419
-683460
-677649
-677470
-651197
-651163
-650036
-641295
-639513
-632298
-627191
-624280
-621422
-615592
-611619
-610720
-608514
-601432
-599567
-595229
-586339
-585272
-581161
-576478
-569646
-563842
-559637
-555535
-554725
-547032
-544554
-530293
-529543
-526920
-520034
-516674
-515303
-513481
-508071
-507171
-506460
-498987
-497524
-496598
-494837
-492136
-489399
-489021
-474770
-468491
-464699
-463269
-458093
-457266
-451355
-443129
-437686
-433465
-431796
-422257
-419380
-417564
-416512
-416259
-408296
-406557
-404315
-392280
-389727
-379331
-377930
-376602
-374757
-368103
-367256
-361012
-360293
-358525
-348601
-344400
-344332
-338838
-331030
-327889
-327736
-326020
-324654
-324213
-321989
-321615
-315417
-308972
-308097
-302511
-300463
-299085
-296751
-295732
-295702
-292359
-284034
-282708
-279194
-267414
-267307
-264954
-261260
-258210
-246418
-244122
-243484
-241898
-231196
-231124
-219392
-216240
-216208
-214540
-212095
-207697
-207474
-196104
-188491
-188013
-185418
-167938
-167403
-165405
-160775
-152539
-148256
-128997
-117873
-111270
-110052
-106928
-106874
-103401
-101586
-92002
-84189
-83890
-78483
-75669
-70676
-63677
-60409
-56344
-52883
-51271
-48568
-41258
-34218
-32340
-31811
-26532
-24200
-15818
-13900
-11952
-11130
-8325
-7510
-6084
-5150
-2334
-1368
1191
3011
3419
4935
7303
9420
10865
12592
13727
17440
25334
28460
29993
35948
37252
38004
39487
47057
49603
64637
65207
67658
68372
75192
75400
75587
78120
79350
80954
83950
92759
92887
98417
99821
100715
116729
118129
121737
124554
126920
129790
135688
141206
145657
146531
149235
152246
165492
171356
185625
200441
204056
208342
209874
211289
214498
216683
216926
221589
225343
228976
229526
229613
231504
231899
231914
238984
240644
242265
242487
244905
261118
267565
275276
275737
276306
277486
287394
288045
300740
302464
312982
314032
315324
319414
320577
321378
327207
335278
338229
348153
350089
350611
351883
355541
357236
357376
358117
361445
362133
368740
369141
373433
374098
377529
379755
389705
392456
397355
400455
402494
403918
406569
409555
415130
418978
437897
438497
441925
447776
449495
451866
459321
460049
464941
472769
477349
482090
482174
491648
495287
495747
496644
500004
503667
509805
511653
514586
516962
523592
526740
529472
538698
544073
545546
546652
551320
556054
557317
559969
562519
565331
573758
580736
584160
585706
587266
589754
607795
611858
614090
614118
617564
618672
625161
626727
630831
635281
635367
637085
639374
641414
643806
644723
647907
659843
660935
666765
683518
701997
709337
723161
724275
741165
743746
744754
745593
752025
752578
753065
755468
759343
770663
772746
775262
776033
780099
784945
786315
787952
794499
797748
797753
801194
803271
806048
811201
836177
838237
845050
848568
848773
854531
859607
860820
866331
877087
883704
888214
895095
896524
908833
911180
911481
912698
916601
921722
922347
922368
924662
925232
927135
944415
945955
950173
952678
954769
955705
957188
961112
962141
962358
966801
973086
974397
974442
977030
985201
990352
999578
1004853
1004983
1016691
1016847
1020552
1021368
1027999
1030643
1031952
1035779
1036183
1045050
1053206
1055783
1056216
1060627
1065443
1077752
1077988
1082247
1085828
1089851
1104065
1105477
1111981
1112466
1123122
1124008
1124857
1126495
1132186
1132210
1138622
1141668
1142754
1143239
1143551
1150110
1159360
1163517
1163666
1166729
1167658
1181080
1184148
1185228
1186558
1187753
1192392
1194204
1196687
1200255
1209035
1211354
1218210
1225923
1227406
1233853
1234968
1237497
1239939
1242907
1242993
1246156
1251227
1252739
1256022
1256403
1271242
1272399
1273981
1275983
1277483
1280073
1287083
1295381
1299594
1301168
1309449
1313191
1313336
1314047
1315280
1317224
1330520
1330697
1336992
1339084
1339222
1340004
1344876
1345636
1348294
1355353
1356624
1360917
1361148
1368713
1369971
1371439
1372529
1373203
1375344
1376507
1382848
1385725
1389851
1390687
1391246
1393917
1394190
1396245
1398886
1401181
1404541
1408480
1408636
1415394
1419583
1421121
1424798
1425462
1431906
1434772
1437106
1440982
1443708
1444460
1456116
1462806
1463262
1473231
1473985
1483074
1483554
1489436
1495211
1496118
1496989
1497415
1498155
1506233
1509498
1510184
1513166
1519448
1528656
1538599
1546201
1552847
1561356
1562915
1567026
1574992
1579702
1582029
1585664
1588580
1593824
1597691
1605875
1609599
1615908
1625594
1626179
1636471
1638581
1656241
1659389
1664134
1670510
1672492
1674183
1676869
1684838
1688239
1688527
1695545
1699282
1701910
1702722
1714737
1720633
1733991
1736626
1740586
1746220
1752654
1757004
1757947
1760288
1761795
1763724
1769294
1769527
1771963
1787825
1799300
1809429
1811161
1822215
1831445
1837372
1852111
1855757
1856446
1856973
1859713
1860052
1868225
1869725
1872986
1876708
1878521
1879007
1879154
1893683
1898342
1899845
1902692
1907370
1909499
1910361
1911656
1919724
1923151
1926702
1935675
1938969
1939698
1945864
1947248
1950657
1951573
1954546
1956935
1958815
1960431
1960963
1962929
1964631
1964945
1967995
1968873
1969983
1979116
1982128
1987254
1987382
1990764
1991004
1991503
1991923
