-1998515
-1995110
-1993357
-1987030
-1985158
-1984762
-1967430
-1965349
-1955190
-1943712
-1939650
-1939615
-1938656
-1934884
-1931896
-1924144
-1912837
-1911728
-1902335
-1899856
-1894737
-1884985
-1884836
-1883261
-1875842
-1864697
-1859828
-1859761
-1847809
-1844256
-1842712
-1838688
-1826121
-1802696
-1801521
-1794046
-1784715
-1776435
-1772224
-1754912
-1752856
-1751161
-1746202
-1733983
-1733015
-1727755
-1718607
-1712680
-1712070
-1711107
-1706961
-1706656
-1705561
-1703823
-1701336
-1695431
-1694485
-1692404
-1690166
-1686371
-1684988
-1683684
-1683314
-1682166
-1677976
-1669995
-1668327
-1665811
-1663946
-1663228
-1654414
-1654406
-1653947
-1637664
-1635059
-1628179
-1627384
-1626005
-1621683
-1610366
-1609727
-1608453
-1608337
-1602806
-1602292
-1602151
-1597511
-1596619
-1594382
-1587927
-1587387
-1586623
-1585540
-1577166
-1571094
-1570712
-1561275
-1558940
-1558524
-1554508
-1552390
-1542100
-1541729
-1540295
-1538717
-1532552
-1531427
-1525660
-1523107
-1516597
-1514135
-1513458
-1512358
-1509737
-1508300
-1502335
-1497826
-1496013
-1494146
-1492900
-1489347
-1473220
-1463311
-1462996
-1460636
-1455201
-1446139
-1444536
-1436752
-1426860
-1417091
-1416575
-1412843
-1406538
-1395744
-1390661
-1383309
-1383119
-1383082
-1382014
-1376603
-1373769
-1370277
-1363619
-1359416
-1355241
-1353584
-1340871
-1336792
-1329049
-1328989
-1312595
-1312084
-1311033
-1301559
-1285211
-1281209
-1278151
-1270829
-1267571
-1266569
-1261469
-1260114
-1254167
-1253726
-1251966
-1251700
-1246885
-1240493
-1230755
-1226535
-1223465
-1220569
-1220514
-1220125
-1219750
-1209613
-1203963
-1203049
-1200082
-1186410
-1186171
-1181504
-1177707
-1176538
-1171154
-1170993
-1166226
-1159806
-1158186
-1155879
-1152468
-1143400
-1142587
-1142210
-1139746
-1137709
-1136738
-1136138
-1135931
-1133844
-1127987
-1120169
-1117161
-1114993
-1114426
-1113283
-1103173
-1097595
-1087831
-1077056
-1074659
-1073616
-1067464
-1065400
-1064978
-1053677
-1051272
-1050850
-1049722
-1048759
-1047518
-1042416
-1037886
-1037006
-1033085
-1028871
-1028798
-1016492
-1007468
-1004664
-1002928
-1000941
-998316
-997650
-995901
-994314
-989961
-989161
-988722
-987989
-984542
-982907
-982708
-974131
-970293
-959933
-958030
-956685
-955052
-955021
-951140
-930067
-928281
-926244
-925886
-923940
-921970
-900807
-897375
-888992
-887141
-882676
-882183
-876878
-872380
-866084
-863291
-862213
-859926
-858264
-855263
-852898
-849130
-847676
-844517
-841575
-834258
-834254
-827132
-825016
-821023
-816431
-815870
-801131
-789785
-779842
-778700
-773281
-769506
-755607
-754114
-753444
-749736
-736324
-728460
-723330
-722854
-720791
-711575
-705735
-705580
-701776
-692246
-691075
-684458
-681203
-677336
-677111
-670434
-667826
-665027
-655501
-647899
-636368
-628969
-625003
-623696
-617968
-607720
-595687
-588879
-588023
-584476
-581358
-577193
-574706
-572245
-568060
-565268
-553553
-550666
-548952
-543627
-532784
-531421
-523254
-519514
-518665
-513679
-506413
-502323
-496557
-481405
-480887
-476083
-471994
-471566
-465073
-456625
-450649
-449449
-445733
-436017
-432806
-431889
-430851
-428549
-426254
-421242
-408189
-406891
-404827
-402072
-399533
-398980
-391787
-387538
-381176
-380354
-380017
-376283
-365717
-364962
-364312
-364174
-361739
-360091
-359222
-355977
-350837
-343481
-339634
-328239
-325487
-320597
-302219
-301647
-299296
-297321
-273713
-272688
-272026
-270912
-269385
-266429
-261592
-258520
-257246
-255172
-254342
-245911
-242520
-236865
-233286
-229996
-229681
-223998
-223709
-221147
-218216
-213537
-213372
-208818
-206374
-199020
-198001
-193866
-183571
-183570
-167569
-166752
-165017
-162366
-156681
-152423
-151408
-146966
-146609
-145222
-141942
-140545
-139767
-139594
-138291
-136273
-131634
-130063
-127116
-124493
-123181
-118785
-106215
-103721
-101213
-100585
-98529
-97614
-91349
-90957
-85474
-82519
-72613
-71409
-70001
-64576
-62789
-61057
-54225
-54123
-45945
-44321
-42226
-41919
-34349
-31915
-24380
-21377
-20964
-19773
-12874
-12421
-1976
8804
13414
17856
23523
24903
27341
27501
32026
37265
52121
54737
55279
62384
63469
66188
66889
68710
70878
72976
73825
78722
78934
84436
88620
90636
98590
103999
106719
108663
109301
115521
125399
130965
134065
138876
153109
156366
160028
162629
165533
166245
167648
172682
175948
180559
184993
188443
192851
199750
202024
209245
215486
216992
217594
218451
222341
226508
232148
234368
236163
243773
246818
249709
254942
261495
268275
268954
270457
274688
274738
277408
281546
283424
295899
297316
299210
307764
317484
318649
320051
324184
331650
334284
348914
349996
364434
366622
369139
377503
389985
392340
393861
395663
402313
404086
404224
404787
407120
407716
413775
417313
419613
420415
422565
432340
434361
438093
440206
442731
444295
449198
449364
452748
454969
455048
464482
476265
477106
477225
479900
484207
484537
486464
487982
489742
490597
494349
494646
502740
502916
504073
506105
524175
533154
541418
546447
554559
559736
561471
576483
578350
582409
588328
590490
591739
594966
602332
606039
606483
613127
616806
626216
633103
633354
636947
639319
646101
657405
659185
659945
661432
666982
671978
677738
679901
682194
683847
686568
689426
692545
692705
700555
705446
709053
712950
714153
714695
716793
717271
718075
720779
727151
728237
732049
732752
732786
734153
734831
736115
737803
739791
749836
751078
756390
758755
760490
761726
769773
772651
780950
783397
788902
789524
792120
794054
795127
800341
801990
808620
811522
815052
820895
824346
826216
829317
835016
836416
842202
843782
846953
847059
852911
857903
859401
859448
867275
879106
880272
883255
886320
886852
887821
904831
904854
905046
906123
910257
916790
927052
932533
935370
942594
950051
950844
961207
964390
964753
977808
979187
983516
987215
987580
987930
988538
989859
999975
1004775
1013598
1014162
1015590
1022214
1024435
1028282
1031786
1032016
1035178
1037855
1038575
1046806
1048719
1049279
1050528
1051040
1052961
1053168
1054781
1055661
1069364
1070578
1070783
1074130
1076959
1078304
1079078
1080934
1081147
1082657
1084239
1085071
1089606
1096337
1104123
1108214
1115178
1116323
1117591
1121483
1123826
1126437
1127103
1127112
1127676
1129912
1130019
1131755
1142611
1144695
1146821
1147612
1149611
1155810
1162178
1171898
1174178
1179388
1182581
1183315
1183831
1185141
1187503
1188029
1191974
1192481
1193639
1199095
1214900
1217810
1228230
1229261
1232543
1234334
1238631
1238964
1243887
1247301
1247865
1247991
1272113
1273344
1273858
1277047
1281044
1284003
1285602
1292092
1300991
1301076
1303263
1304225
1304922
1313281
1320164
1324066
1325429
1326280
1328974
1331208
1332087
1335833
1350131
1354524
1357672
1362381
1367435
1378112
1382125
1387319
1390408
1395044
1396941
1398548
1406870
1408213
1409308
1423065
1425028
1426682
1427468
1434339
1435911
1435954
1449846
1451510
1453361
1455697
1465246
1465603
1465652
1476137
1480732
1501079
1503835
1504389
1506546
1506973
1515654
1517646
1520981
1536075
1538103
1540659
1544230
1546918
1548092
1554475
1567943
1570369
1574550
1575317
1580340
1586494
1586775
1587599
1590465
1590929
1597622
1600916
1601128
1604171
1610456
1621760
1623611
1628341
1641949
1649871
1650153
1654592
1654803
1655929
1662100
1667092
1677762
1680852
1684154
1691048
1706011
1710045
1721640
1726942
1727523
1736596
1736652
1737043
1737253
1737853
1738323
1739083
1740732
1743888
1746733
1750016
1750614
1755975
1756209
1756539
1762501
1763813
1764769
1767055
1772410
1780665
1783624
1802335
1829653
1832467
1835151
1843510
1843601
1846092
1846582
1850397
1850784
1865750
1867429
1869468
1869480
1870931
1872151
1877174
1877588
1880526
1886346
1890357
1901825
1905414
1908581
1910538
1915161
1917705
1925850
1927875
1928592
1932774
1934606
1936217
1936486
1937604
1942409
1944715
1946383
1948899
1949016
1950189
1950961
1951040
1952715
1954116
1961941
1962886
1963230
1963850
1965419
1966390
1967771
1969823
1975342
1976229
1976336
1977420
1978429
1979972
1980366
1985119
1991465
1994810
1997782
1998094
