-1998238
-1997759
-1993277
-1987402
-1985778
-1985758
-1982015
-1976185
-1970100
-1955458
-1950893
-1940154
-1932773
-1932635
-1923536
-1921377
-1918753
-1911690
-1908821
-1906833
-1904633
-1889826
-1885719
-1879608
-1879525
-1876825
-1872083
-1871580
-1867201
-1864089
-1860466
-1858707
-1854437
-1851527
-1850243
-1848433
-1845732
-1832373
-1825565
-1821583
-1815689
-1810752
-1810005
-1808008
-1807573
-1803574
-1798692
-1797425
-1791399
-1789622
-1789254
-1787481
-1781001
-1777533
-1775585
-1767173
-1759315
-1757425
-1754043
-1752798
-1751473
-1751436
-1745146
-1742779
-1738493
-1737174
-1732990
-1729966
-1725651
-1723226
-1723040
-1720818
-1715912
-1710190
-1705629
-1700202
-1699795
-1699139
-1694868
-1693738
-1693478
-1691965
-1683227
-1676374
-1664387
-1647812
-1647358
-1644959
-1644418
-1630443
-1630397
-1629856
-1625067
-1609293
-1601842
-1599998
-1599370
-1594112
-1593895
-1584835
-1580161
-1568885
-1564773
-1564771
-1561451
-1559440
-1559361
-1556929
-1546111
-1543274
-1542625
-1528538
-1526231
-1520038
-1514327
-1513343
-1513004
-1511969
-1511425
-1511397
-1508990
-1495424
-1494090
-1477720
-1470414
-1465467
-1448699
-1448318
-1448048
-1441766
-1433599
-1431879
-1431830
-1429474
-1428610
-1415656
-1414589
-1412092
-1411473
-1407412
-1397296
-1394277
-1391617
-1390326
-1386211
-1385580
-1375667
-1370644
-1369184
-1364379
-1364134
-1363578
-1359685
-1351800
-1351291
-1344639
-1336978
-1328369
-1323560
-1311271
-1310575
-1310280
-1303571
-1298073
-1297245
-1292398
-1291080
-1290522
-1287100
-1283191
-1280927
-1280126
-1278758
-1277813
-1276787
-1275167
-1270636
-1268564
-1268386
-1265528
-1264626
-1259844
-1252062
-1246715
-1246598
-1245783
-1236617
-1236228
-1235105
-1234523
-1231017
-1227461
-1222951
-1222310
-1218552
-1214189
-1213427
-1211454
-1198703
-1195198
-1190345
-1187231
-1173710
-1166190
-1162473
-1161756
-1159546
-1157144
-1155251
-1141096
-1139361
-1139276
-1129670
-1124838
-1122865
-1121845
-1108465
-1107716
-1106455
-1106121
-1105473
-1104052
-1098189
-1096627
-1093003
-1091418
-1085954
-1077592
-1076027
-1067045
-1066812
-1062471
-1059341
-1053971
-1042938
-1041265
-1037793
-1030730
-1027964
-1027274
-1025484
-1019422
-1015384
-1013659
-1011936
-1009528
-1007810
-1006335
-1003540
-998506
-993936
-993242
-988722
-984647
-983941
-978164
-977847
-974669
-972417
-971034
-970235
-967189
-961543
-958024
-951805
-947381
-942304
-940671
-940459
-937265
-936151
-932124
-928078
-926914
-926142
-924144
-923364
-922431
-921975
-921060
-917337
-915080
-914578
-913234
-912416
-909826
-903819
-903133
-899915
-895937
-894475
-889909
-865528
-860584
-855831
-853134
-841372
-840465
-839876
-837409
-828397
-828298
-824826
-824599
-824103
-816409
-810296
-803844
-799399
-796812
-794181
-792986
-787356
-786492
-779864
-779627
-775545
-769985
-767318
-764533
-763812
-763250
-751845
-751412
-744091
-731363
-731240
-727331
-726977
-725200
-725072
-722728
-722239
-707832
-707816
-707631
-707349
-690364
-685622
-679081
-678137
-673658
-668751
-653728
-653437
-653132
-652731
-651105
-649473
-646899
-646524
-645891
-643220
-626418
-617255
-611359
-611168
-607778
-607258
-602518
-602133
-600940
-599102
-597265
-592770
-592628
-586042
-582381
-582124
-580727
-579636
-578388
-578303
-576566
-576414
-569292
-567808
-537710
-534494
-534429
-532286
-529369
-523380
-514137
-500868
-498572
-492054
-491559
-489587
-483592
-480048
-478610
-478285
-475256
-472349
-472315
-456607
-456420
-448180
-445849
-445564
-440353
-439649
-431040
-429822
-423190
-419407
-416092
-410690
-407603
-406940
-404640
-397969
-396945
-389375
-385292
-382052
-380332
-372188
-346368
-345081
-344178
-342098
-341237
-339710
-333927
-333547
-332855
-327183
-326816
-323214
-322640
-317026
-314508
-310100
-308844
-300146
-298681
-295653
-292620
-285682
-283403
-275799
-273431
-269517
-269224
-267215
-266760
-264204
-260369
-244648
-244592
-241026
-238328
-235789
-227095
-210908
-190197
-190051
-185350
-184963
-177013
-176673
-175431
-171359
-170229
-168904
-165573
-159588
-157366
-156941
-155155
-152117
-151725
-149015
-145479
-145004
-143833
-130626
-126059
-119099
-112200
-110563
-110494
-109546
-108895
-105358
-105149
-99615
-98643
-95262
-92427
-90382
-83405
-79359
-72170
-71634
-69913
-68918
-65207
-62342
-60283
-53330
-49809
-47054
-28507
-27252
-26475
-22750
-20542
-6935
-5011
-1836
1723
2402
5548
11133
11609
13217
14897
18265
23381
25992
26843
28900
35833
40131
47466
53670
56263
59823
75445
76363
76954
80997
84223
85802
86218
87480
100022
108253
110420
114571
115986
118400
120385
124263
124423
125773
127738
129530
149180
149222
151018
154587
156451
163116
164083
168624
169751
172695
174581
174901
177109
178708
178871
180870
182443
185707
193671
199727
204522
209307
209393
215072
225167
231808
232146
238455
245497
248341
250472
252096
264393
265284
267492
282594
294886
295584
302275
306317
321556
327699
333945
335861
338984
339596
340436
340989
341661
344410
347320
351254
356425
361996
363625
365395
365620
371690
372377
376734
380135
380499
386094
390230
392583
400206
402564
403946
409537
410700
416976
418426
418511
422661
430159
435800
437735
439418
439668
441637
442696
450464
453488
456021
470680
474767
480004
480280
482504
483917
488418
495608
500398
511200
521590
523646
535701
536245
538656
544634
544817
555710
556594
561727
561809
564571
570012
570152
571047
571170
571775
576400
577399
577640
578199
580310
580598
580954
588208
589709
590305
591947
594020
595489
595991
597968
607166
610872
612142
626614
628177
628606
633324
635172
642965
645241
646688
649753
656215
661639
663564
671063
672979
673867
680048
686977
693091
694612
695146
698537
704493
712900
721914
724009
726010
734187
735845
755084
762648
764905
766105
768072
770648
771582
779277
782842
783738
786112
789441
794262
796013
804858
809938
810055
812285
815149
816582
824384
825235
827258
829496
843225
844806
855631
859656
863284
866747
870295
882443
889319
894051
912341
913125
916844
921731
921813
940217
942155
944040
947425
948909
950213
950245
951403
951727
957427
959978
960152
961414
961877
966228
968652
971274
974708
978511
981138
982093
985625
1003526
1009815
1010776
1012363
1015834
1017109
1018299
1026982
1032634
1036589
1040657
1047313
1047407
1050136
1051555
1053411
1054442
1057936
1058065
1060919
1070165
1072317
1072678
1079585
1081096
1089764
1092594
1094981
1095647
1097088
1098387
1102860
1105245
1116692
1119950
1127667
1129106
1130757
1133609
1134893
1141642
1144667
1151543
1151583
1154800
1166331
1170175
1173719
1177984
1178999
1184051
1193381
1203005
1203242
1203257
1216755
1226975
1233640
1237637
1240543
1242497
1243227
1246932
1247469
1256154
1256478
1257186
1260196
1267740
1269016
1270562
1271686
1272491
1279614
1282397
1290219
1303998
1305323
1305753
1312788
1314988
1315496
1318327
1318988
1324948
1325575
1332761
1336201
1339424
1354428
1368410
1384644
1391045
1391338
1395575
1399968
1417013
1417389
1417896
1418409
1418732
1419193
1419346
1424654
1430412
1430535
1435096
1439969
1440392
1446887
1463828
1468154
1474371
1477769
1479052
1483824
1485526
1489092
1491287
1492993
1498598
1505759
1506002
1508169
1513183
1514898
1515444
1515714
1516389
1518272
1522014
1527294
1528165
1532989
1535081
1543752
1546377
1551362
1551771
1558757
1560530
1564283
1569295
1574780
1575333
1577593
1589259
1593769
1597679
1607834
1608803
1611955
1618957
1619820
1627910
1628879
1632805
1640850
1641303
1644072
1647152
1653336
1655910
1659812
1703528
1703923
1724847
1726805
1732665
1733537
1735527
1736849
1745279
1747943
1748022
1751331
1760303
1765530
1768414
1774734
1777141
1779668
1794554
1795373
1798289
1805884
1814702
1815869
1815894
1819155
1823746
1827520
1827882
1831966
1836737
1840976
1843347
1846231
1846768
1848110
1848648
1866883
1868120
1868130
1869285
1872273
1875750
1876889
1887732
1892010
1895456
1897908
1900837
1901490
1904373
1906520
1908879
1912272
1919237
1934353
1942991
1947428
1952065
1959583
1963303
1974645
1983487
1986430
1992045
1994457
1994857
