-1997015
-1994220
-1984727
-1981767
-1981373
-1973659
-1968103
-1965272
-1964404
-1963410
-1956023
-1949059
-1947032
-1946580
-1945969
-1944580
-1936691
-1935559
-1935260
-1930735
-1921798
-1920246
-1917355
-1913790
-1909677
-1908504
-1905337
-1902136
-1899306
-1897901
-1894810
-1892665
-1890222
-1886238
-1885158
-1881965
-1880621
-1875825
-1870490
-1866858
-1861179
-1861101
-1860998
-1859491
-1858676
-1856706
-1856640
-1853865
-1852863
-1847523
-1845226
-1841048
-1838262
-1836477
-1833955
-1832222
-1831444
-1827958
-1825022
-1823592
-1822622
-1810774
-1797930
-1796496
-1794622
-1793042
-1792929
-1792602
-1785681
-1782056
-1780267
-1778376
-1775291
-1755511
-1752605
-1750984
-1742471
-1726480
-1708559
-1707983
-1706562
-1692483
-1691930
-1681853
-1670323
-1668915
-1666060
-1643907
-1643221
-1642261
-1638714
-1638095
-1637879
-1636044
-1634469
-1632331
-1631078
-1627851
-1614887
-1611248
-1600087
-1595181
-1595061
-1594309
-1590854
-1588039
-1586150
-1576827
-1566661
-1565452
-1563548
-1562263
-1559356
-1542609
-1542556
-1541585
-1540919
-1540864
-1539970
-1534415
-1528438
-1525361
-1523133
-1521950
-1519070
-1514708
-1500384
-1494276
-1492818
-1486804
-1486254
-1484473
-1482457
-1481617
-1475356
-1474102
-1466587
-1466497
-1462319
-1458552
-1455734
-1439732
-1436566
-1436141
-1435289
-1431883
-1429135
-1428392
-1428135
-1424278
-1417421
-1417231
-1396812
-1394158
-1389402
-1370412
-1364155
-1363172
-1361599
-1361390
-1355596
-1355192
-1354591
-1353484
-1351826
-1350697
-1350356
-1349706
-1344862
-1344606
-1341381
-1334379
-1331206
-1329469
-1327897
-1327095
-1325873
-1314354
-1299534
-1297770
-1283874
-1281615
-1268961
-1267553
-1266712
-1266149
-1257672
-1255794
-1249645
-1231944
-1228146
-1227782
-1224091
-1219812
-1215512
-1215287
-1215233
-1214560
-1213097
-1210752
-1204394
-1201819
-1199590
-1196199
-1191300
-1190194
-1177117
-1171917
-1169801
-1164671
-1152095
-1151680
-1149969
-1145498
-1141288
-1139623
-1138184
-1136378
-1135102
-1133854
-1130446
-1122459
-1122347
-1119860
-1104701
-1104393
-1098000
-1095170
-1091542
-1089341
-1084956
-1080775
-1078938
-1077693
-1070683
-1069885
-1063630
-1058087
-1057048
-1049505
-1048720
-1033317
-1033196
-1031894
-1028447
-1020110
-1013013
-1012424
-1008316
-1004040
-1001711
-996550
-987751
-979216
-976972
-975947
-973579
-972926
-972792
-971597
-966507
-963834
-963029
-956908
-954390
-948569
-947790
-947636
-945027
-942334
-938564
-927432
-923381
-919029
-916628
-906397
-900643
-899500
-881235
-880409
-877082
-875894
-872348
-869323
-868855
-865490
-862206
-854567
-850650
-849576
-843793
-841882
-841032
-835967
-832414
-831695
-817828
-814109
-813329
-812369
-807054
-796749
-794110
-790412
-781147
-771434
-768159
-736887
-736631
-736588
-728800
-727740
-726884
-722474
-722432
-721456
-718875
-712953
-712218
-710955
-710146
-703478
-701339
-696334
-686622
-681144
-675459
-674757
-671682
-667063
-664050
-660776
-656488
-647665
-646725
-646576
-645671
-643789
-643152
-637890
-635589
-634216
-632978
-624017
-622159
-621129
-615214
-611929
-607543
-607030
-606882
-602652
-600989
-600163
-594039
-593570
-592010
-580940
-580756
-563464
-562793
-560359
-555299
-544142
-538466
-534439
-530540
-522238
-507469
-506846
-494091
-473781
-468089
-462635
-462503
-462085
-451012
-442533
-438968
-435921
-435238
-431227
-430708
-427446
-424270
-423897
-421556
-418793
-418494
-417404
-410115
-405737
-403653
-393639
-386799
-385978
-384750
-384211
-380251
-373979
-368034
-353444
-351789
-343952
-336196
-326106
-323891
-320111
-302165
-301511
-296513
-294688
-291313
-288570
-274864
-273531
-264306
-262514
-255805
-253129
-244730
-244392
-243719
-236615
-235525
-234347
-232240
-230408
-230254
-222788
-212670
-209546
-199792
-198723
-196239
-184113
-165590
-164954
-163947
-160833
-160311
-158383
-154272
-151808
-149936
-149631
-149171
-133967
-132570
-131676
-129738
-128574
-127307
-126068
-124944
-120701
-116538
-112811
-106994
-103649
-103338
-99851
-97711
-97535
-94014
-93298
-90845
-85501
-83986
-79995
-78983
-78509
-69133
-66793
-59045
-58243
-54802
-50975
-49024
-44831
-42662
-36829
-32470
-29623
-26835
-24384
-22802
-14569
-12505
-10520
-10302
-3517
-326
3824
5335
7428
20982
21688
23684
29340
35676
39395
60912
62950
65694
66623
68024
69622
72553
73973
87010
87967
88313
89331
94931
100620
117901
134590
137529
140907
141377
149190
149839
150956
157826
165645
168150
171805
176476
182574
189087
191961
202116
209877
218052
220619
222709
223933
225631
226540
227741
228985
236897
239962
250063
254329
258170
262305
270965
275871
284240
292207
292460
293532
295905
295909
305809
307878
309660
315937
316347
318182
321515
334905
348229
350659
354646
356212
357132
360498
374386
374881
376636
379802
387106
390522
391665
393334
393847
393918
399566
401390
403265
406553
409581
411731
413798
417128
418957
421916
429336
438829
441450
443664
445231
449083
456953
458489
461983
462513
463854
474368
476993
482258
485640
491347
496916
500255
500610
502790
503750
511468
515455
517555
521228
521332
529922
532573
537190
537291
548922
551718
556430
565371
565887
571294
572802
574795
578241
582439
585541
590205
599238
607662
609838
610947
612627
616563
616754
635249
636788
638509
639046
643653
644334
644354
647926
648462
652392
661828
663612
665897
667511
669397
671431
674146
675652
676783
683818
683909
701492
704619
706454
716748
721435
722494
723568
725988
726064
731221
732715
743193
744444
747146
747280
753875
762835
765944
765974
769504
770179
770345
773386
774006
778654
783053
798945
804925
811479
811984
814751
828622
833229
836955
841503
844929
846993
847043
847599
850752
852381
852992
859279
862328
862720
863960
864808
868680
871809
887670
889756
890097
892368
893211
896236
897233
899582
903901
905386
905641
909779
911376
916773
918013
928795
932704
942674
944630
946801
954691
961819
962860
968753
968974
970852
978876
980148
980869
981335
985594
987292
987969
988112
988765
1000621
1017438
1021733
1022107
1023481
1023497
1025994
1032531
1036514
1050847
1056643
1060435
1062628
1064552
1067764
1072610
1073117
1077403
1078368
1086791
1088618
1093487
1094052
1101077
1101166
1113226
1125125
1129184
1129792
1134944
1136120
1144321
1146355
1150115
1150597
1153446
1159189
1159950
1162835
1164673
1173722
1175309
1188060
1195244
1196299
1196360
1210686
1210959
1211168
1213294
1221534
1224846
1227517
1230398
1252394
1253435
1255586
1256033
1257722
1259280
1272904
1287113
1295096
1298539
1300318
1306615
1311147
1311264
1311488
1315401
1315442
1315545
1316080
1316414
1325472
1326238
1330857
1333637
1336194
1341454
1342430
1343193
1353389
1360119
1361229
1371431
1372072
1372313
1374929
1381715
1389419
1394468
1394732
1398843
1400016
1400429
1400950
1405553
1414188
1415421
1419841
1426390
1436944
1441406
1456989
1465128
1467189
1472004
1473734
1474176
1474968
1475456
1478315
1479933
1480534
1487201
1498013
1498055
1504679
1507258
1507774
1514440
1519214
1521534
1522663
1524473
1528795
1530913
1531354
1538825
1539143
1546500
1548906
1550118
1554982
1555806
1558993
1561222
1567723
1567992
1572018
1577649
1579007
1588476
1589721
1592365
1594007
1595620
1617430
1625470
1626826
1630716
1634780
1636485
1639138
1641953
1646949
1651536
1654471
1656398
1659273
1660880
1664050
1665241
1668006
1671494
1674853
1684327
1686740
1687856
1693309
1702477
1716648
1717168
1723765
1727032
1728702
1731865
1747388
1749139
1752241
1754237
1756280
1761628
1763115
1767724
1773422
1773559
1776046
1776710
1778628
1781260
1787544
1787699
1789546
1789801
1804829
1805298
1808907
1809897
1817771
1819307
1822277
1822904
1823047
1831614
1832296
1832602
1834666
1841988
1847669
1854215
1862268
1879118
1883494
1883639
1894000
1894347
1895326
1899722
1900721
1913131
1913211
1914195
1917251
1919079
1920585
1922864
1924093
1924641
1925694
1935129
1935253
1938793
1941874
1942694
1945621
1946429
1948947
1948970
1950157
1951065
1952166
1957010
1961582
1967085
1967107
1970609
1973494
1973989
1981454
1984532
1986148
1992818
1993672
1996912
