-1995218
-1991017
-1989916
-1988328
-1977116
-1969055
-1967717
-1964775
-1963541
-1962640
-1957478
-1957234
-1956897
-1954895
-1952790
-1950519
-1949956
-1948299
-1936448
-1935996
-1931840
-1927910
-1925059
-1922350
-1920345
-1918307
-1910024
-1905600
-1898044
-1896535
-1893605
-1889241
-1887990
-1887109
-1885702
-1881366
-1879519
-1878538
-1876982
-1873739
-1864477
-1860120
-1851425
-1849187
-1847360
-1835805
-1835043
-1834886
-1828152
-1827180
-1820619
-1819958
-1813765
-1811246
-1805273
-1803931
-1793736
-1793258
-1792048
-1791485
-1789600
-1787177
-1785287
-1784018
-1782718
-1781021
-1780280
-1780223
-1773545
-1765702
-1763943
-1762972
-1752994
-1752805
-1752455
-1751055
-1738260
-1732293
-1730912
-1728233
-1728005
-1720808
-1720247
-1717796
-1717240
-1716475
-1715208
-1714090
-1713094
-1693794
-1688506
-1687807
-1686358
-1684581
-1668526
-1665676
-1664777
-1663116
-1651983
-1646063
-1642576
-1641541
-1638665
-1637165
-1635630
-1628975
-1628700
-1627416
-1619400
-1618393
-1616495
-1616394
-1614187
-1604175
-1604017
-1599730
-1599043
-1593632
-1592012
-1587279
-1583479
-1579517
-1579259
-1575161
-1559914
-1558912
-1557484
-1555493
-1546939
-1543472
-1541870
-1541474
-1539242
-1535912
-1531335
-1530728
-1526851
-1525242
-1522811
-1519105
-1507388
-1506923
-1502547
-1500823
-1496676
-1495277
-1492476
-1484268
-1481068
-1479554
-1478452
-1476485
-1473932
-1471449
-1470497
-1464436
-1461999
-1459750
-1458546
-1449732
-1449067
-1433937
-1433909
-1433168
-1426674
-1426255
-1419056
-1416348
-1413317
-1412704
-1406577
-1405450
-1401815
-1380173
-1379999
-1376491
-1372724
-1368986
-1356453
-1356119
-1353137
-1350220
-1349327
-1347973
-1346824
-1346711
-1332969
-1327708
-1317301
-1316942
-1312573
-1307054
-1305875
-1292411
-1287840
-1286577
-1286071
-1284810
-1277809
-1277554
-1275009
-1271398
-1271182
-1270788
-1268279
-1264754
-1263831
-1263313
-1259465
-1259118
-1250343
-1240718
-1236198
-1228110
-1226207
-1223418
-1217299
-1217130
-1215786
-1210822
-1209304
-1204153
-1197629
-1192338
-1180427
-1178675
-1176327
-1168305
-1168243
-1166723
-1166415
-1161120
-1157324
-1152303
-1150549
-1143039
-1142555
-1141327
-1131196
-1128969
-1128770
-1126637
-1119690
-1114342
-1108844
-1103289
-1101310
-1099695
-1085687
-1083071
-1080708
-1077072
-1076860
-1073189
-1069497
-1045751
-1044997
-1043221
-1042488
-1040568
-1037677
-1037350
-1037053
-1030323
-1030290
-1023808
-1018650
-1015728
-1015147
-1013971
-998191
-995156
-992457
-988720
-980547
-977899
-972533
-972408
-959349
-957920
-957623
-953920
-953549
-949501
-941441
-937383
-935649
-934280
-932651
-931220
-920982
-920635
-917709
-915892
-906984
-903998
-896404
-892929
-890166
-889955
-884246
-883179
-853386
-852925
-849094
-844155
-841785
-837876
-822034
-817541
-812218
-808828
-806175
-799713
-796130
-779875
-779834
-777563
-769307
-769070
-766054
-761609
-752023
-748593
-739547
-737032
-732389
-713725
-712849
-712203
-709826
-702603
-702267
-699111
-697050
-694155
-686502
-685516
-677077
-671015
-666082
-665475
-662866
-655972
-655398
-654217
-651126
-649342
-648131
-646771
-645617
-640808
-639998
-639189
-637280
-619187
-618702
-614940
-614097
-609128
-606510
-585665
-585590
-575697
-570917
-568633
-564082
-562440
-561154
-555984
-553534
-550597
-545793
-535544
-533618
-532456
-532172
-530319
-530041
-519814
-518303
-508206
-506658
-493181
-492559
-487211
-466776
-464535
-456162
-450307
-442817
-439113
-436232
-435645
-435619
-434901
-427634
-427480
-425193
-423622
-418158
-407379
-402800
-399578
-399186
-389237
-381953
-381347
-379938
-374188
-365435
-364453
-352212
-350198
-349684
-342626
-337075
-336660
-335831
-335670
-333741
-321608
-316670
-315887
-312382
-310321
-307772
-301537
-301375
-300627
-297575
-296233
-293265
-276014
-271013
-256690
-250992
-246911
-241986
-237481
-233048
-230801
-229411
-222116
-220571
-218847
-209463
-204437
-201064
-200205
-197154
-189292
-168990
-167491
-146029
-127271
-121194
-115610
-109883
-106266
-100031
-96041
-95611
-95267
-92422
-86778
-84187
-77609
-77267
-76876
-68198
-64436
-60235
-36413
-32658
-31194
-25009
-16650
-14890
-14470
-10518
-10013
-4794
-1143
2225
3089
3873
7853
14757
15808
16745
16782
19330
22203
22728
23518
35521
39243
43819
44206
48420
54467
64138
70158
72307
72426
77977
79351
81540
81608
86135
97174
103143
105088
108963
109597
111506
113795
115133
115433
116213
121531
124415
126347
131473
131665
131797
133342
137729
144222
145008
145212
152428
154547
154720
155403
166837
168540
177445
177505
182626
183468
187253
194938
195922
196340
199944
206420
211387
211812
215016
220911
224363
227562
237973
256528
257909
263824
272198
273696
274534
275980
276689
277093
288137
293251
295695
296511
298255
298298
298956
302357
303071
306699
312971
318601
318947
319617
319755
324064
329681
329966
332285
335389
335445
336009
336975
337786
340546
346492
348952
360311
360778
366080
367322
371899
372238
373668
374443
376428
385361
385373
388521
389150
396666
403711
407677
413083
421252
424762
425748
426293
426722
441472
447700
449246
450708
455115
456926
458487
462541
469207
474229
486939
487155
488437
489777
493152
493408
493611
493663
500758
506282
510481
510670
512882
515036
518226
521963
526431
536405
542269
549821
550361
550425
554650
559397
571026
578872
580709
583637
587708
588452
596917
600614
604459
606367
607312
612815
613250
615782
623765
635294
644401
650867
651109
658907
661909
662992
664027
666096
668451
673014
673552
675429
677498
678994
680986
696671
714747
715708
717612
718437
724062
731706
733313
733431
740733
746468
751059
754052
756548
756664
756917
758660
765463
767610
767902
775841
777315
780580
791774
796381
797163
798993
806221
815472
816335
829419
833819
843903
844388
847660
853496
857794
859834
862104
876377
883135
885224
891984
894982
905245
911727
912387
918486
921512
928759
933572
938369
942324
947043
953716
960545
969059
972018
972129
972680
983279
988018
988672
994688
997364
999719
999990
1003577
1005144
1005568
1006414
1011605
1014518
1027812
1031629
1036376
1050607
1058010
1060738
1066350
1070401
1075135
1076937
1080555
1083312
1086966
1088447
1089935
1090401
1101523
1111469
1115748
1117935
1127286
1128539
1129485
1131286
1141565
1142498
1143119
1149738
1149740
1150741
1150892
1155209
1155291
1155825
1166862
1175559
1180728
1180833
1182718
1184347
1187615
1190964
1191722
1195553
1195889
1198146
1207537
1228264
1231644
1235714
1238333
1248250
1259823
1266387
1268573
1274875
1275888
1285590
1288335
1296872
1297221
1300293
1301080
1301567
1301871
1304763
1307891
1314750
1318291
1320339
1323988
1324733
1326815
1334567
1344400
1345808
1358432
1359350
1361248
1364980
1365648
1368507
1376119
1378946
1381814
1387515
1389087
1391239
1392751
1393526
1393543
1402127
1404948
1411914
1420377
1421120
1422782
1424824
1432972
1437600
1439821
1450620
1454140
1454804
1456684
1459915
1465008
1473862
1476617
1479202
1482727
1486347
1498430
1506549
1514661
1516057
1525916
1533055
1536573
1539075
1544033
1547255
1554386
1559575
1566681
1572264
1580794
1581044
1594609
1598273
1601122
1603550
1610358
1611460
1612293
1615683
1623334
1627086
1629985
1631391
1632622
1638267
1639722
1640322
1648315
1650085
1652963
1655910
1669925
1673103
1674496
1676645
1677183
1680918
1683532
1693121
1694561
1697414
1706393
1707014
1716289
1717445
1723179
1726278
1727427
1727501
1729736
1731746
1734044
1738471
1739188
1740282
1744017
1744086
1751578
1752771
1753358
1755754
1756279
1762434
1770024
1771636
1772224
1776688
1776878
1784572
1786293
1788436
1791423
1791893
1793850
1802739
1806885
1809508
1815714
1826632
1832784
1835641
1842477
1843092
1855945
1864524
1865067
1867531
1869809
1875708
1878454
1880209
1882110
1882653
1886634
1887291
1888470
1888513
1890366
1891668
1895205
1895918
1896021
1902722
1903513
1912366
1912445
1915386
1916175
1917448
1926586
1927966
1931966
1939823
1941688
1941973
1942543
1947360
1948875
1955796
1959292
1967644
1967720
1969614
1970413
1972680
1975291
1980701
1982060
1984708
1993233
1993664
1997646
