-1995595
-1994495
-1992537
-1991163
-1990761
-1988603
-1983119
-1972508
-1968114
-1967373
-1966357
-1962985
-1955806
-1954837
-1943450
-1938971
-1933992
-1923736
-1916079
-1911687
-1909625
-1905926
-1902516
-1902436
-1900695
-1895748
-1895211
-1891014
-1886961
-1883169
-1882447
-1882133
-1877640
-1876823
-1875715
-1874704
-1874265
-1873400
-1869905
-1867933
-1843710
-1843305
-1840624
-1837183
-1834173
-1826966
-1822829
-1820510
-1814756
-1811951
-1801106
-1797399
-1787818
-1786798
-1785223
-1777655
-1773784
-1772538
-1770659
-1764649
-1763969
-1757464
-1755386
-1754287
-1753296
-1746517
-1742481
-1739099
-1737424
-1736137
-1733785
-1723411
-1722275
-1722018
-1721014
-1713241
-1713225
-1711327
-1708377
-1706090
-1705658
-1700531
-1695832
-1695821
-1693340
-1684711
-1684369
-1679305
-1676782
-1674152
-1669981
-1667143
-1641230
-1635569
-1631842
-1629904
-1628669
-1618616
-1617107
-1616907
-1609504
-1603315
-1594457
-1588977
-1588203
-1587985
-1583935
-1582848
-1580334
-1577707
-1571815
-1570162
-1562817
-1561425
-1560364
-1558758
-1552104
-1551146
-1544865
-1544792
-1542643
-1538900
-1529257
-1527235
-1522172
-1521751
-1521197
-1519598
-1517610
-1512401
-1505973
-1505393
-1503303
-1502277
-1491561
-1482771
-1482640
-1482406
-1476423
-1476276
-1463552
-1462984
-1460643
-1459267
-1457291
-1457218
-1447190
-1429284
-1417297
-1407050
-1404641
-1402698
-1391119
-1385982
-1376419
-1370744
-1370469
-1365846
-1364580
-1347078
-1345867
-1341461
-1340391
-1336620
-1327426
-1321467
-1318049
-1312613
-1304618
-1303715
-1303585
-1294309
-1287843
-1284974
-1282282
-1277136
-1268688
-1263110
-1262965
-1243984
-1235785
-1234881
-1234230
-1234054
-1232173
-1230915
-1229941
-1229626
-1219884
-1215848
-1213324
-1206280
-1203551
-1203476
-1203330
-1197196
-1197092
-1194889
-1194312
-1184765
-1183649
-1179474
-1169301
-1158493
-1157489
-1154498
-1144607
-1137139
-1130294
-1117030
-1116121
-1114703
-1114058
-1106710
-1105369
-1102613
-1098204
-1097800
-1096871
-1092192
-1088432
-1087773
-1086355
-1083475
-1078982
-1075540
-1063632
-1062177
-1055518
-1048244
-1045993
-1041800
-1041570
-1041161
-1036011
-1035732
-1031149
-1030712
-1022055
-1018509
-1017346
-1013590
-1001039
-999050
-990706
-990627
-985244
-979451
-975422
-971244
-969511
-967855
-965136
-957285
-956938
-955822
-950387
-946310
-941105
-940752
-935287
-931457
-929085
-926636
-926182
-920411
-917340
-917242
-915344
-914126
-913102
-912568
-909400
-896673
-889969
-886507
-881478
-879085
-878199
-877730
-871540
-862581
-851721
-850237
-846791
-844611
-844415
-841485
-839776
-838462
-834880
-825629
-823920
-822730
-820038
-818792
-813645
-812541
-812116
-809547
-804800
-803446
-802824
-802026
-799336
-799246
-796304
-786862
-782657
-781490
-773314
-763286
-759341
-755339
-752973
-752026
-751045
-750730
-745150
-742696
-742398
-741046
-740040
-739023
-728390
-719911
-718266
-717165
-712820
-708565
-703816
-703453
-703197
-702891
-695945
-687288
-681766
-676049
-675960
-674827
-674474
-666345
-654517
-652896
-646576
-639179
-635926
-629257
-627962
-626268
-626109
-621017
-616791
-610967
-607237
-603147
-602489
-598230
-597307
-590509
-588232
-586923
-581310
-565098
-562262
-558148
-555260
-555051
-549118
-546725
-544108
-543579
-541042
-539681
-538072
-530820
-526700
-521858
-517796
-517350
-516993
-515648
-512469
-512382
-507652
-505318
-500662
-499750
-489162
-486514
-486464
-476034
-469552
-469366
-467471
-464631
-462516
-459894
-459120
-454151
-449755
-440488
-439151
-438323
-433316
-431472
-431196
-430897
-427711
-427142
-422682
-421096
-415483
-404509
-401297
-393819
-392042
-387069
-385041
-383560
-382312
-382074
-379280
-378857
-372598
-371668
-366125
-365361
-364185
-362004
-361190
-357031
-351045
-350779
-341140
-337195
-334948
-325633
-324890
-324273
-323965
-315993
-314564
-309033
-305715
-303653
-296058
-290643
-288358
-284438
-283077
-279456
-278897
-278608
-267413
-264941
-264444
-255076
-246305
-242798
-242580
-239209
-227795
-223798
-214302
-212105
-208952
-202658
-193325
-192089
-190863
-190617
-176339
-174921
-170077
-166928
-165913
-163632
-163097
-159828
-149588
-148130
-132759
-128301
-127136
-126930
-115572
-108562
-103545
-103081
-90047
-84965
-77190
-76101
-75688
-68591
-67870
-58479
-56641
-52535
-44717
-44463
-40518
-38382
-36585
-35395
-33302
-31399
-28634
-26323
-24133
-22313
-19391
-11123
-10083
-7866
-6503
-3911
7112
10553
11499
16731
17164
20931
31608
32668
33419
42607
43697
44016
44342
59680
62264
81572
82685
84819
91583
95221
102022
108267
116263
119594
120271
120621
123368
124044
128138
129522
136303
145428
149022
154468
158760
159474
160320
160599
164120
165906
170673
171527
174272
174707
174796
177040
177958
192673
193722
200938
209551
226837
228940
230132
231416
236254
238924
241804
242041
251720
252431
252778
263551
273492
283714
285260
290789
291922
301036
303703
304067
306367
309236
312220
312593
323782
326663
328841
344141
346006
347856
348751
351255
355944
357853
359545
364697
367833
368757
369474
374140
376116
380502
387175
388790
392451
392593
393309
394704
396002
396945
397299
399592
415656
419184
426740
433344
436642
450056
461698
463706
485562
485649
488380
489003
491283
494062
500046
506676
506964
509373
509761
512829
512931
512962
520678
521919
522361
527520
528045
528657
531969
532427
534433
537808
541403
542259
543039
558418
558667
563594
565403
572681
573054
573219
574962
586209
588006
588749
589767
591871
593499
596400
596757
597511
600312
601307
601783
603209
605574
608130
609118
617969
626727
628801
630096
631881
634097
638223
638309
642202
643650
643651
654065
662451
663919
664389
665687
675571
680636
681380
687378
688109
689613
690119
694017
696748
699456
710445
714762
715163
717465
719455
728283
733610
734205
735465
736491
738327
738730
739743
747543
777317
779930
779945
784281
784882
800064
802522
807137
812078
812869
813769
823511
824719
831794
838722
847281
849757
853391
853583
857236
864601
875048
885085
886627
887134
900019
900215
902100
904388
906940
912579
914125
928602
936821
944559
945079
952847
960721
964403
965343
976977
977712
982189
983036
1008365
1016607
1017538
1018452
1024412
1027350
1031250
1034983
1040436
1042754
1048633
1050413
1051930
1057985
1061517
1068947
1072211
1073778
1074866
1075190
1079181
1083182
1085083
1103161
1106635
1112978
1118593
1130771
1132116
1146173
1150340
1152370
1155024
1155274
1157344
1159247
1169866
1176817
1183432
1202485
1203442
1208328
1211687
1212520
1221479
1224630
1225894
1237576
1244310
1245486
1247088
1247768
1249078
1251709
1255736
1261843
1266664
1266961
1271512
1273681
1277971
1281015
1281764
1282777
1283422
1288276
1295484
1302683
1307915
1315078
1316384
1317194
1319655
1320973
1321997
1325194
1325469
1325617
1326504
1328344
1348777
1350072
1353817
1357780
1382148
1386353
1387377
1392962
1393801
1395864
1399678
1400562
1403196
1403443
1405775
1407404
1411570
1414834
1422827
1424871
1430569
1430595
1431712
1435091
1445699
1448015
1455296
1464076
1467825
1481730
1489884
1490517
1491501
1500931
1501428
1502653
1521926
1529689
1531767
1533520
1535922
1535974
1538746
1549417
1556484
1574428
1577871
1579179
1583635
1591174
1606558
1610775
1610814
1619064
1626845
1631947
1633427
1640883
1642113
1644376
1648397
1650748
1653151
1661001
1661042
1665492
1675529
1677815
1678599
1701693
1709213
1711797
1714917
1719328
1722022
1726274
1728122
1730843
1733505
1734502
1736034
1739250
1741209
1742051
1742243
1742516
1742846
1745179
1745455
1748230
1748234
1748878
1765038
1768187
1771095
1774029
1777410
1778343
1779379
1786532
1791983
1797506
1805935
1807455
1809822
1810035
1814147
1825412
1851765
1860740
1862292
1864267
1867729
1876289
1877152
1879739
1880925
1881492
1881794
1886823
1887080
1891863
1902688
1905581
1905674
1911175
1911936
1912257
1919299
1923818
1925956
1927476
1930901
1933876
1935405
1946417
1947295
1950451
1951582
1960704
1963934
1965585
1967366
1973768
1979198
1980337
1983088
1983248
1984481
1988623
1991760
1992671
1995579
1996160
1998187
1999957
