-1998588
-1996716
-1994446
-1993588
-1988287
-1980896
-1972569
-1971543
-1966552
-1965100
-1963058
-1961589
-1960057
-1956790
-1952930
-1951653
-1944590
-1943369
-1941642
-1938002
-1928867
-1928173
-1927241
-1908451
-1904980
-1903490
-1902315
-1899123
-1898806
-1896379
-1894232
-1893616
-1884619
-1882796
-1878534
-1874967
-1863028
-1861873
-1856644
-1844893
-1835406
-1835150
-1831830
-1830919
-1829530
-1828322
-1828245
-1827573
-1827162
-1816659
-1813595
-1798044
-1797102
-1792600
-1791546
-1786963
-1783646
-1780317
-1775019
-1773456
-1768439
-1767193
-1755125
-1752790
-1751945
-1746401
-1738528
-1734451
-1734189
-1733992
-1726206
-1721259
-1715432
-1715391
-1712762
-1710972
-1704385
-1698351
-1695492
-1694530
-1688159
-1685662
-1681922
-1674179
-1674021
-1671342
-1662533
-1657741
-1655989
-1651879
-1645370
-1642675
-1639800
-1630442
-1627536
-1626190
-1624739
-1611357
-1608076
-1607015
-1602952
-1599568
-1593854
-1591035
-1589540
-1585120
-1575428
-1573298
-1564420
-1558307
-1555201
-1553158
-1550482
-1541736
-1534814
-1529855
-1528254
-1516265
-1513501
-1508564
-1506146
-1489799
-1485868
-1481520
-1474588
-1464367
-1457944
-1452561
-1449259
-1445884
-1443801
-1434313
-1426714
-1413315
-1407874
-1406491
-1402926
-1401256
-1398424
-1397662
-1394158
-1388958
-1386597
-1381920
-1379051
-1378593
-1378318
-1374506
-1368984
-1367465
-1365593
-1363537
-1363457
-1361866
-1360360
-1357422
-1355463
-1348180
-1348071
-1343894
-1338175
-1336152
-1333572
-1332265
-1332050
-1331291
-1328831
-1326027
-1324308
-1321130
-1311507
-1304082
-1298357
-1295767
-1293944
-1290468
-1286652
-1285503
-1281725
-1275773
-1272406
-1272374
-1266850
-1266418
-1262006
-1261397
-1260643
-1258190
-1255625
-1255429
-1254848
-1251224
-1245391
-1240728
-1224401
-1220110
-1214196
-1213193
-1204815
-1203241
-1198157
-1197876
-1197795
-1197300
-1190848
-1190382
-1188652
-1186743
-1186079
-1179556
-1179153
-1178708
-1177389
-1175332
-1160829
-1159430
-1158357
-1152999
-1151307
-1149772
-1147963
-1146359
-1140620
-1136955
-1135662
-1130881
-1130031
-1125306
-1124413
-1115712
-1111714
-1104521
-1101113
-1092144
-1087746
-1087104
-1082726
-1074688
-1074625
-1069438
-1069376
-1066925
-1065932
-1064633
-1058591
-1056016
-1051281
-1045609
-1044172
-1043913
-1038261
-1035964
-1035899
-1032922
-1022275
-1016585
-1007037
-1005874
-998608
-996247
-995971
-995903
-994937
-993156
-992513
-987334
-982427
-977525
-976086
-975829
-966519
-965937
-962901
-962830
-961584
-957586
-955799
-952403
-950259
-946787
-942446
-929199
-924849
-918490
-914863
-910534
-899179
-889675
-881655
-868903
-868694
-867471
-863992
-863548
-861917
-860273
-856203
-853044
-850787
-848261
-832809
-803989
-802360
-799451
-796105
-795762
-792404
-789512
-786958
-781625
-780275
-776959
-775937
-763018
-761227
-760576
-758149
-752497
-748817
-746506
-746103
-745435
-745075
-739482
-737659
-737441
-737090
-725289
-723220
-703035
-692760
-692123
-686858
-679955
-674362
-673671
-671136
-666129
-665872
-665134
-664972
-663564
-662541
-657893
-654930
-653073
-652690
-652206
-648367
-645729
-643696
-640200
-638370
-636599
-635832
-635275
-635195
-633788
-631985
-628857
-628271
-627034
-625517
-625167
-624055
-623943
-617632
-610102
-609766
-609477
-606735
-606361
-604119
-601369
-597098
-589121
-586260
-578300
-571411
-570108
-561863
-558884
-554364
-543980
-543272
-543143
-538817
-531737
-529407
-527137
-524607
-524132
-508575
-508054
-507883
-502590
-494795
-488252
-487792
-487289
-484770
-480617
-473697
-464450
-456710
-452706
-452238
-449439
-446105
-440388
-433025
-432115
-427130
-414275
-414181
-402111
-397099
-392086
-390197
-389079
-385379
-382314
-374655
-373855
-372579
-371612
-366715
-365423
-356292
-356118
-353055
-350848
-349005
-342423
-335358
-335270
-333512
-327912
-326298
-324227
-313910
-297803
-297593
-297333
-293273
-280023
-278590
-277588
-276568
-271615
-271088
-269730
-265896
-256867
-256576
-254545
-250845
-244789
-242890
-241704
-237023
-236636
-229915
-224402
-220470
-216154
-214594
-202280
-199087
-199006
-195824
-189824
-181106
-176227
-174594
-169774
-164181
-154880
-153727
-152615
-146471
-139799
-137558
-135924
-126326
-119315
-117330
-114197
-112452
-111780
-91340
-90741
-83515
-71387
-64502
-56204
-55367
-52696
-52545
-33292
-27277
-20144
-19359
-19114
-18651
-13749
-5147
6297
6652
6745
14438
19712
19805
21776
26043
27049
32351
41255
53538
55219
55994
59450
60771
61451
65097
66295
70438
72565
80651
86499
86787
94523
94990
97343
101042
105183
116600
124126
124145
125491
126985
127411
135889
137870
140542
146913
147520
152569
166264
166455
169762
171392
173166
177665
178994
180781
181985
191637
204934
213411
213898
215759
218141
224458
237790
238155
238319
239171
239511
240796
243130
248793
252615
254610
259491
262399
266462
267242
277744
278087
282427
284161
285277
285765
285790
293938
294160
294170
295232
296884
297630
299036
303413
307027
308643
315625
322551
330056
332808
334145
342101
343363
345687
349402
358080
359722
361299
362164
363346
364103
366211
370419
375837
377138
381722
383442
386378
387753
388145
392950
402315
406871
419109
440105
440381
445836
448838
453342
457792
468250
469263
469529
472497
473295
475907
477988
478122
494030
504249
506560
510990
513094
513502
516364
516784
530402
531329
531429
534807
540054
542047
542498
542874
549525
553775
553857
560808
570985
572474
582239
585559
588025
588356
591639
599106
600876
640295
653868
657393
657532
659532
663513
664892
671247
671923
676063
681090
682651
684956
685376
686071
688779
694567
696102
697305
705726
713491
730059
736622
737147
739012
749485
752981
755470
767314
770067
781820
783810
784287
787496
787505
798439
800661
802173
804446
806542
807920
808506
812800
814473
818481
819861
820512
822593
825594
830832
834870
834903
848117
850688
851843
854042
867812
877138
878137
881195
881416
886328
889205
891341
894573
894740
909262
914239
914331
915097
920289
927105
931958
934389
939623
948889
949957
953299
961284
983273
1004772
1005098
1006824
1007220
1013405
1013423
1014001
1019520
1026246
1027946
1028727
1034743
1037641
1038932
1040833
1043718
1048052
1048897
1049513
1053199
1061523
1062170
1062358
1068350
1072054
1085830
1088139
1093254
1093541
1093914
1096617
1103274
1104198
1104627
1105472
1109443
1117879
1119629
1121683
1125371
1125606
1127556
1133142
1133677
1144397
1149483
1149596
1155292
1155844
1157691
1163811
1165546
1174713
1179018
1182087
1184294
1194755
1206743
1208602
1213928
1214930
1219030
1220584
1223026
1226999
1228879
1236582
1237001
1237403
1239884
1255470
1261373
1261481
1263168
1265183
1268295
1275729
1276074
1279678
1284266
1286575
1291003
1292248
1296830
1298764
1302847
1305230
1305733
1310092
1310600
1311045
1313291
1314644
1315797
1319260
1320603
1331271
1331423
1331600
1331898
1333762
1336643
1341091
1342201
1345662
1350936
1353906
1354116
1355390
1358091
1358847
1361443
1362720
1364356
1365052
1365285
1372383
1373302
1374277
1382795
1382844
1389052
1390742
1405909
1410746
1416350
1417679
1433144
1435523
1442262
1447700
1449075
1454745
1455940
1463824
1465725
1468458
1469957
1470036
1474064
1474351
1479054
1481711
1489919
1490784
1496795
1506608
1510004
1514163
1520564
1521598
1523609
1524224
1527235
1527994
1533163
1540017
1543403
1543630
1544870
1550262
1551529
1559416
1563552
1567787
1568086
1572070
1578476
1583148
1589009
1592129
1597950
1599889
1606589
1617233
1624967
1637074
1637554
1642832
1649677
1654150
1665456
1672995
1673961
1678242
1684852
1690232
1694657
1697666
1700178
1705739
1706670
1709943
1714846
1716214
1722192
1722449
1729640
1736589
1745382
1746354
1751164
1753110
1756377
1760304
1778999
1782892
1784299
1791546
1812211
1816878
1821199
1827067
1833143
1844531
1864583
1873393
1873431
1874409
1877688
1877947
1883888
1884921
1885664
1887784
1889141
1892193
1893961
1895713
1896661
1898502
1910080
1911813
1914843
1919092
1920716
1927250
1944603
1945740
1945828
1951916
1961289
1962461
1965481
1967614
1969592
1970462
1976976
1977614
1981365
1982083
1984952
1991732
1998417
