-1994531
-1971983
-1969343
-1964895
-1963025
-1961545
-1958628
-1958280
-1955532
-1947509
-1941679
-1940501
-1938068
-1936176
-1934950
-1933233
-1929915
-1919486
-1909355
-1907001
-1906389
-1898582
-1892865
-1892783
-1884227
-1876125
-1872737
-1870465
-1865371
-1864470
-1861176
-1858612
-1856171
-1841544
-1837444
-1835580
-1831948
-1826641
-1820208
-1817818
-1817257
-1812616
-1811535
-1808578
-1807760
-1804202
-1789750
-1784884
-1782439
-1781861
-1781633
-1773256
-1772522
-1759544
-1755112
-1753238
-1749593
-1749026
-1747719
-1746566
-1737130
-1728279
-1727068
-1725480
-1710075
-1705112
-1701827
-1700572
-1693521
-1688136
-1686320
-1683578
-1673699
-1670311
-1667767
-1666338
-1661376
-1655585
-1654671
-1649736
-1649015
-1647532
-1642400
-1641078
-1637140
-1636066
-1634094
-1634017
-1633330
-1631823
-1628916
-1628432
-1625667
-1616601
-1613675
-1612254
-1611883
-1609244
-1609155
-1607277
-1606534
-1605280
-1603582
-1597247
-1596714
-1595465
-1585204
-1583777
-1583520
-1574948
-1559837
-1559534
-1557287
-1555015
-1551891
-1551710
-1548640
-1543164
-1540191
-1536265
-1528861
-1525340
-1523162
-1519704
-1514581
-1504957
-1497849
-1494811
-1494120
-1492282
-1489769
-1488528
-1483649
-1460181
-1455057
-1453195
-1444824
-1442753
-1437952
-1436123
-1434388
-1430862
-1427731
-1421662
-1414357
-1413981
-1410779
-1410321
-1409576
-1405256
-1402745
-1395068
-1394013
-1393338
-1392944
-1390757
-1390571
-1383600
-1381180
-1379568
-1377329
-1370669
-1359446
-1355456
-1347739
-1344079
-1343606
-1342573
-1341898
-1337929
-1335078
-1335000
-1332471
-1332208
-1329760
-1329221
-1327684
-1326425
-1326039
-1322192
-1312013
-1310337
-1304621
-1302367
-1301474
-1297532
-1296940
-1296270
-1285894
-1285780
-1284962
-1280174
-1276658
-1275584
-1272164
-1269985
-1267092
-1267070
-1261372
-1252791
-1249814
-1243070
-1226724
-1226134
-1218313
-1216017
-1186174
-1184867
-1180347
-1180072
-1178953
-1178198
-1174805
-1174340
-1170984
-1170501
-1170123
-1164617
-1164031
-1159436
-1158553
-1151660
-1140724
-1138722
-1138325
-1136645
-1136323
-1122239
-1115887
-1114538
-1108095
-1103605
-1102743
-1102300
-1100316
-1098142
-1094751
-1094418
-1094395
-1077579
-1074744
-1070701
-1063108
-1062818
-1060119
-1055924
-1055003
-1040732
-1036657
-1036313
-1035779
-1033059
-1030096
-1026420
-1025588
-1019838
-1019118
-1014873
-1009978
-1005954
-1001692
-999365
-998240
-996814
-996319
-986708
-986159
-982882
-976511
-961202
-956068
-955182
-944946
-943837
-943131
-941977
-937982
-936809
-933829
-927884
-922603
-915957
-901990
-880411
-877313
-874999
-873868
-871163
-863671
-856758
-849713
-848270
-845038
-840716
-840506
-840011
-837941
-835444
-831607
-829032
-827512
-822977
-819075
-818613
-815547
-811363
-809165
-805933
-801564
-801326
-801144
-799626
-799326
-794393
-794165
-791972
-791207
-791037
-788507
-785196
-781517
-773999
-767300
-765037
-762136
-761394
-759605
-738524
-737033
-735099
-732388
-725321
-713597
-709953
-705122
-701580
-696849
-696627
-696396
-696075
-692113
-690012
-685381
-683218
-682064
-680057
-678994
-678445
-668461
-667376
-661163
-656422
-653434
-652158
-651387
-647304
-645342
-643902
-627306
-623802
-616736
-609929
-606116
-593100
-592822
-588292
-571261
-563935
-559144
-556690
-549937
-548958
-536929
-534991
-528416
-523321
-517228
-516692
-514336
-510606
-509606
-507030
-503976
-500368
-499853
-497657
-495390
-490884
-485341
-481949
-477835
-474294
-471559
-466950
-464646
-459478
-453579
-452490
-431702
-431188
-424439
-416390
-411652
-411317
-409992
-397773
-396368
-393920
-386510
-384920
-378508
-378295
-376870
-371294
-369031
-368372
-363134
-361751
-360021
-356744
-350662
-350249
-349599
-346463
-341293
-330278
-328733
-326920
-325569
-322382
-319740
-318587
-309584
-302851
-294993
-293015
-290027
-287413
-285449
-282281
-273833
-271288
-270970
-265089
-255469
-253113
-251544
-244116
-232847
-221227
-220326
-219236
-218690
-217857
-216655
-215301
-199143
-196962
-190237
-188588
-186104
-183871
-175907
-174495
-172077
-164539
-162911
-160898
-155963
-154540
-148327
-145429
-142503
-141592
-136377
-134998
-132974
-132935
-131784
-131631
-127657
-126827
-125244
-119771
-119619
-116622
-108071
-107504
-101544
-97782
-97651
-89140
-89083
-75673
-72168
-71210
-66361
-63795
-62394
-51506
-39136
-36129
-33730
-32382
-24983
-22751
-15791
-14230
-10871
-7540
-4646
-4114
111
3515
8953
10126
10501
15330
15581
15786
17929
18736
20590
21280
22424
27023
32216
34841
37672
38445
40116
46791
47612
49488
49957
50590
52683
52702
56201
62309
63988
66754
78291
78786
95366
101931
106436
119208
119695
126309
126678
127481
135342
143475
159539
159961
173850
174900
190689
194010
198305
207010
219315
221623
236846
241757
241801
243157
248057
249051
252020
259768
260693
266032
268590
269590
273707
279339
280333
280951
282680
284905
294057
304589
305980
313877
314647
318655
318972
323439
332676
332970
345170
346998
349081
349386
356629
359510
362567
364954
379467
382085
382878
384138
385512
389166
389546
391885
397661
402529
403711
404926
406081
408679
411831
423920
431289
432755
440411
445049
458015
458472
459966
462643
463440
465515
468955
471974
472339
474623
486933
487595
489076
489527
492224
493366
495414
497464
498838
499259
504284
505130
507769
516538
516720
521572
522471
528129
530221
532554
546425
548379
550489
554760
554885
556789
562750
563265
574521
585384
585720
585779
587952
590455
592865
594036
595211
599850
602253
603735
614504
616549
622297
626264
628803
632414
633644
642143
648620
656828
665943
668334
673286
677245
685916
690105
691869
692695
695807
697454
699068
703182
713867
719128
723050
729631
744751
746252
749194
750758
767502
768802
772799
773820
778423
780518
782297
782816
792938
794342
795746
815308
819524
822443
822540
825736
828125
828785
831698
840369
847353
850723
854102
854957
856856
861735
862598
876026
879650
880146
881068
885084
891943
893625
899900
906202
910839
911793
917128
919777
935918
937821
942605
945706
947779
950750
955774
959613
969556
970225
971180
972706
973538
975954
980805
989572
999137
1000507
1005771
1009097
1016129
1020434
1021701
1025160
1027061
1027425
1040857
1048945
1049375
1053811
1057330
1066255
1070925
1071428
1076715
1079620
1086885
1089316
1089575
1091654
1091928
1092687
1097190
1098126
1099743
1114672
1118008
1120057
1126666
1132440
1143636
1151565
1156638
1157498
1171030
1179164
1192662
1203154
1203529
1207920
1208339
1210710
1223394
1224015
1227369
1227510
1228540
1239121
1244316
1247126
1254448
1264504
1265458
1272546
1273205
1280798
1282124
1292976
1297010
1298631
1299519
1311882
1312871
1317308
1318280
1318386
1323828
1324429
1331665
1337087
1337451
1339333
1340144
1343394
1346487
1347796
1348041
1350191
1350863
1360336
1365197
1368775
1370254
1376113
1380989
1382525
1386059
1392136
1392496
1394417
1394588
1396099
1398222
1406464
1407293
1408035
1413387
1428856
1434184
1436901
1447031
1450341
1450889
1452380
1454532
1459145
1460024
1461500
1462867
1465306
1470643
1472907
1479209
1485544
1501410
1509795
1510457
1512190
1518215
1521664
1525913
1530251
1532129
1535116
1540069
1543728
1545089
1545960
1546300
1550546
1551759
1552246
1552348
1561192
1561331
1564329
1566902
1589267
1589913
1591532
1594094
1599396
1602841
1603217
1607993
1608560
1625317
1629068
1631048
1632139
1636380
1646406
1646634
1647413
1648495
1655450
1658434
1659216
1662409
1664214
1666984
1679195
1682397
1684184
1692702
1695746
1696127
1698081
1698085
1702325
1704319
1712661
1724810
1726279
1726699
1731870
1747913
1755098
1755245
1756549
1761173
1765123
1766947
1768163
1770993
1771849
1773322
1773331
1774607
1787842
1788202
1797104
1801248
1807136
1807656
1807721
1807845
1815324
1817572
1819522
1821823
1826770
1827469
1827979
1832323
1839256
1848315
1854632
1859812
1864330
1866786
1868767
1882355
1884660
1884695
1889601
1892259
1892513
1894287
1901322
1908868
1917092
1921626
1931477
1936443
1937351
1942550
1943382
1943426
1949680
1952700
1955235
1963576
1970604
1976402
1990858
1993358
1995178
1995794
1995820
