-1997323
-1994775
-1992786
-1990635
-1984284
-1980696
-1980268
-1974548
-1974133
-1964662
-1959293
-1949163
-1944519
-1944256
-1938207
-1934357
-1933243
-1930196
-1923360
-1922256
-1914324
-1912258
-1909567
-1904465
-1901625
-1901547
-1901509
-1900858
-1898297
-1889259
-1885452
-1881590
-1881045
-1879674
-1879098
-1877585
-1876391
-1874775
-1870275
-1866540
-1861920
-1861656
-1859664
-1858973
-1855570
-1854742
-1847611
-1845594
-1845105
-1837485
-1833729
-1827631
-1827389
-1824935
-1824194
-1821309
-1820437
-1807033
-1805177
-1799980
-1797023
-1795461
-1789771
-1780589
-1772765
-1772747
-1771893
-1769346
-1764860
-1763935
-1757077
-1728778
-1725932
-1714474
-1708076
-1701780
-1701711
-1701034
-1696284
-1694880
-1693975
-1693444
-1693164
-1686847
-1683100
-1682321
-1679370
-1678472
-1667621
-1663453
-1659677
-1656651
-1655462
-1652657
-1645524
-1644093
-1643888
-1643684
-1640458
-1639836
-1637920
-1637019
-1633239
-1627558
-1624533
-1613223
-1610679
-1609641
-1603647
-1600916
-1590024
-1580795
-1571460
-1570806
-1565965
-1564035
-1563593
-1562771
-1548469
-1548446
-1546612
-1541239
-1534305
-1530584
-1530038
-1524522
-1524323
-1522121
-1519647
-1516464
-1514838
-1512800
-1506102
-1500613
-1500285
-1499528
-1496093
-1495337
-1494572
-1494346
-1490533
-1484583
-1482334
-1471906
-1470950
-1470840
-1467068
-1462496
-1457098
-1455281
-1454782
-1434109
-1431633
-1431164
-1427034
-1426010
-1423729
-1420588
-1401363
-1396298
-1394987
-1392011
-1386692
-1385948
-1382663
-1374780
-1372030
-1365679
-1362289
-1361571
-1347445
-1346323
-1345754
-1342202
-1341814
-1340683
-1339355
-1335618
-1334579
-1327397
-1326994
-1325877
-1322016
-1321918
-1320606
-1319306
-1318060
-1310525
-1304104
-1299990
-1296654
-1291511
-1276930
-1275883
-1275759
-1274289
-1267554
-1266852
-1255030
-1254228
-1251847
-1249069
-1248238
-1245463
-1244883
-1244450
-1242084
-1236551
-1236353
-1236040
-1232272
-1230645
-1229721
-1227564
-1220728
-1217585
-1210401
-1208252
-1207949
-1205421
-1201732
-1200299
-1187029
-1183831
-1180571
-1173901
-1170393
-1164412
-1159950
-1157680
-1157121
-1156630
-1151530
-1149136
-1132726
-1130533
-1122923
-1119248
-1116084
-1113476
-1110093
-1098874
-1091892
-1081043
-1078177
-1071724
-1070545
-1064088
-1057983
-1055879
-1046564
-1042741
-1041053
-1033418
-1023991
-1019927
-1011600
-1010643
-1000540
-996997
-996089
-992904
-990883
-988447
-987169
-984278
-962367
-956494
-956409
-950116
-950063
-948173
-939512
-935015
-934205
-932671
-930921
-928301
-926251
-925564
-923141
-921045
-915051
-912926
-903134
-902765
-900535
-896026
-893992
-883527
-883321
-872045
-871088
-869488
-866424
-858822
-858539
-854053
-851379
-850696
-845877
-843300
-843148
-841593
-840764
-836545
-831354
-827423
-824591
-815815
-807724
-801291
-799048
-797670
-787250
-787039
-784962
-782006
-780965
-778721
-777630
-769531
-768155
-767893
-765235
-762379
-757679
-745008
-743562
-738633
-728610
-726287
-724304
-724278
-724193
-717289
-713717
-712561
-710458
-694695
-692763
-691135
-689991
-686158
-684510
-682905
-679062
-678263
-677795
-677609
-675153
-673903
-673450
-670721
-668435
-667776
-661193
-656446
-656085
-654659
-646999
-636449
-633516
-631942
-630626
-623682
-620869
-620079
-618403
-609211
-609001
-605267
-604908
-600073
-596861
-581419
-565622
-560782
-553475
-545349
-542317
-541996
-540507
-540280
-527834
-527094
-526943
-523527
-520156
-514707
-514458
-514405
-513545
-509843
-506787
-502155
-495429
-492872
-490148
-487823
-485301
-483791
-475957
-469819
-464323
-457933
-456819
-454498
-450588
-445025
-442348
-437436
-416579
-414115
-396293
-383332
-374483
-372809
-372749
-368111
-362098
-360528
-357026
-353895
-345813
-344358
-340284
-333097
-332873
-319631
-317960
-306938
-306428
-306334
-295733
-288867
-287019
-286379
-277449
-277288
-273080
-273037
-270938
-262315
-249781
-245207
-243465
-240941
-237676
-224061
-219907
-218416
-217444
-215546
-214603
-209368
-207983
-197229
-192269
-184364
-182804
-177709
-176040
-175265
-172675
-155946
-148007
-147307
-144984
-133722
-133073
-132583
-131588
-131152
-130803
-126479
-122605
-121152
-115887
-114481
-103245
-103007
-91446
-89789
-82525
-80299
-72163
-70861
-64912
-58006
-57557
-57112
-46367
-44052
-43290
-40951
-25125
-22541
-22049
-18135
-18117
-11512
-9612
-3996
644
645
4397
6639
7874
9936
31483
36762
36838
52355
58067
61723
75459
80589
87361
89648
89832
92881
93484
94261
95264
102052
102848
103667
106288
107040
107916
113547
122250
124932
127386
130382
131451
135514
136546
143888
145996
146223
146278
146889
148946
151881
153432
160110
160705
161152
167498
167698
169734
175027
178059
179360
179703
183725
187408
187886
189792
204938
207654
211619
215157
215762
229268
230731
240306
241705
242808
251387
259182
260534
262376
262656
264354
280872
281179
281887
283987
285808
287604
290329
292001
296431
299166
300078
300101
300731
304310
306697
311053
313241
313319
313766
321164
324292
330601
333357
333566
333901
343593
345169
345455
346222
347726
355436
356418
365027
369790
369984
376027
376701
387845
394701
395437
396373
396649
402360
411349
415088
416911
421877
424325
433468
435424
436406
437789
440739
440900
445981
447120
462927
463456
466606
469710
472008
472238
472453
472862
475888
480844
482479
486892
497069
501889
504183
505042
509479
512227
524746
527361
529905
533181
533450
533464
534507
535146
536294
546621
547634
549628
556475
557420
566434
566457
572157
573293
576229
577078
584894
586854
592905
594580
594903
596514
596682
604858
610855
616637
620133
624586
626742
629474
636304
638328
644033
644475
645450
651133
653882
654979
664990
678971
680248
680997
684717
690226
692980
695671
705134
708828
725438
734707
734999
742209
747412
753093
755399
766850
770492
780739
784755
792524
797541
806758
809569
810817
820520
829520
837340
838119
842829
850815
851163
866620
867957
868924
869285
901048
901213
903099
903179
907312
917222
918658
926131
927294
932917
939056
940275
943878
944410
944639
945412
947881
951399
951671
955237
958894
962097
964866
971173
972803
974055
975161
980602
980960
991436
991477
996471
997743
999081
1001779
1006471
1007837
1009452
1010554
1012961
1016791
1018613
1018736
1022325
1024970
1025171
1035741
1038137
1038305
1039000
1039008
1041071
1048342
1051434
1055710
1056419
1056541
1058669
1061295
1064759
1066023
1066168
1074515
1076984
1087862
1097532
1105987
1107418
1113333
1125802
1130829
1132193
1139876
1141283
1147071
1155294
1156341
1157378
1161916
1167950
1175102
1175495
1181597
1193558
1195073
1197165
1204347
1210533
1212600
1216095
1218502
1221662
1222638
1224559
1229111
1231791
1235652
1239325
1245179
1247993
1251902
1252408
1259744
1262196
1262228
1265436
1282500
1284020
1286096
1299955
1301037
1301440
1302337
1321937
1326672
1330365
1330777
1332574
1333945
1336474
1342883
1343151
1346477
1355303
1357450
1359671
1364978
1366436
1368971
1370417
1378790
1385037
1388505
1398381
1401532
1405952
1407226
1409866
1410982
1414483
1416701
1426078
1426947
1428620
1429539
1450196
1453060
1456264
1463639
1465263
1469485
1469890
1477537
1479265
1491981
1495833
1496042
1500273
1505647
1516311
1517379
1517538
1529502
1531091
1534410
1535249
1544962
1546700
1551459
1552678
1555876
1559482
1563875
1565176
1583304
1590982
1592252
1592598
1593400
1599127
1600357
1604276
1607440
1613686
1617158
1624071
1628443
1641786
1651083
1651568
1655481
1661069
1664121
1665187
1670205
1672579
1672613
1678933
1679351
1682015
1701377
1703204
1705468
1706298
1711235
1713408
1715518
1716574
1717403
1724361
1724535
1726497
1738746
1742424
1744924
1745680
1748027
1749081
1752053
1752970
1754511
1762754
1766927
1767460
1773793
1776733
1778669
1782850
1802264
1825151
1825855
1828791
1828938
1836102
1836952
1838860
1844712
1846527
1847755
1848881
1850032
1851558
1869196
1873199
1880817
1888456
1890398
1892709
1895133
1895664
1899056
1901586
1902328
1918002
1920788
1921562
1921808
1925310
1937828
1938013
1939892
1942566
1945037
1945786
1946458
1965499
1974334
1987360
1991455
1997921
