-1998983
-1997050
-1991444
-1978654
-1970889
-1967225
-1961133
-1959681
-1958825
-1958303
-1954807
-1953380
-1953111
-1950125
-1945466
-1935925
-1930044
-1927486
-1925861
-1917853
-1906267
-1903008
-1897407
-1897138
-1896661
-1894100
-1893003
-1888511
-1872716
-1868348
-1866432
-1865864
-1864864
-1863636
-1857240
-1856023
-1852623
-1849742
-1848190
-1845559
-1837094
-1821289
-1820577
-1818494
-1818458
-1816924
-1813934
-1803803
-1790960
-1787487
-1787100
-1779667
-1777959
-1771672
-1771017
-1765831
-1760871
-1759282
-1759004
-1757966
-1753574
-1746823
-1739666
-1738456
-1737177
-1734749
-1732800
-1718396
-1716986
-1716178
-1712829
-1711646
-1707966
-1707887
-1705006
-1701573
-1699777
-1698142
-1697948
-1693702
-1692743
-1692150
-1691683
-1685119
-1684586
-1678766
-1669173
-1661522
-1654084
-1653212
-1649000
-1645095
-1644568
-1642339
-1633596
-1632731
-1630119
-1629729
-1623062
-1618216
-1615788
-1614635
-1612088
-1611024
-1610991
-1606712
-1602708
-1600887
-1600107
-1595956
-1593538
-1592558
-1584877
-1584398
-1583591
-1572962
-1572700
-1571411
-1569090
-1562025
-1559755
-1554136
-1548512
-1548016
-1547019
-1545974
-1545640
-1540050
-1535297
-1523855
-1522373
-1521259
-1518600
-1513807
-1510802
-1507698
-1500357
-1495409
-1493761
-1483430
-1477511
-1464810
-1464764
-1463698
-1452106
-1451446
-1441058
-1440061
-1437250
-1429759
-1426851
-1426692
-1417274
-1412412
-1409429
-1399477
-1397207
-1385968
-1364365
-1360426
-1351264
-1348617
-1348323
-1341553
-1339102
-1336965
-1317771
-1317452
-1313513
-1303124
-1297382
-1291771
-1289911
-1280804
-1276348
-1276308
-1275527
-1267959
-1267158
-1250685
-1248933
-1246482
-1241027
-1238346
-1234738
-1231863
-1231708
-1229381
-1227701
-1224177
-1222522
-1220153
-1218477
-1218090
-1215763
-1214632
-1206053
-1205505
-1198469
-1193107
-1190518
-1185965
-1184920
-1184734
-1183635
-1182676
-1179321
-1172844
-1170287
-1169728
-1144122
-1143709
-1136791
-1136482
-1130082
-1124832
-1123975
-1119460
-1111071
-1109066
-1100578
-1088264
-1087060
-1083864
-1078115
-1075445
-1069982
-1061195
-1058352
-1056394
-1054268
-1052459
-1051519
-1047969
-1038093
-1036435
-1020721
-1018620
-1016268
-1016138
-1007950
-1004922
-1003930
-1003177
-1002986
-1001582
-999615
-992143
-991794
-982804
-979928
-979816
-973794
-973204
-973079
-961118
-955339
-953464
-952858
-952563
-952387
-947937
-944501
-939473
-936103
-926595
-920476
-916251
-914100
-910041
-908638
-901012
-888589
-883621
-878535
-873855
-873416
-870995
-864421
-861656
-860746
-859216
-859020
-857042
-841653
-839341
-839043
-831197
-823708
-815726
-813531
-795413
-791359
-786434
-785488
-784635
-784586
-782613
-778329
-766028
-765954
-765594
-759636
-750757
-748578
-747113
-741432
-733747
-731496
-730203
-722174
-713185
-709749
-701792
-697503
-695268
-687382
-686502
-683445
-681080
-679004
-678796
-674041
-668825
-666530
-656510
-651163
-648633
-639095
-637511
-636798
-623161
-598299
-598268
-596536
-594631
-589366
-588780
-587433
-583102
-577856
-573799
-568889
-568312
-566952
-566274
-563970
-563530
-557659
-552080
-543530
-543237
-538077
-536472
-532985
-528911
-526783
-526387
-511371
-511141
-509420
-505866
-504881
-504688
-501799
-501159
-499839
-498958
-498145
-497550
-496707
-495658
-494414
-486202
-483765
-472595
-465855
-463767
-461818
-458571
-456668
-453609
-451794
-444150
-440055
-432193
-427062
-421194
-412946
-407615
-403683
-402447
-401587
-400404
-398673
-390868
-385043
-372710
-370384
-369409
-364116
-362297
-360666
-358561
-348480
-341174
-338963
-333419
-333213
-330330
-326147
-323876
-320001
-313720
-311678
-311407
-310862
-310839
-309188
-307731
-301487
-294574
-285288
-282242
-276545
-274846
-273777
-256907
-255919
-254454
-251986
-247567
-241626
-241458
-238397
-237528
-237116
-231308
-227643
-227252
-224514
-221856
-220699
-219437
-219097
-216323
-212675
-200924
-196211
-196052
-191712
-172434
-168315
-166272
-158158
-158036
-155591
-153843
-152384
-141817
-139292
-134641
-134176
-133807
-132827
-129550
-122219
-120667
-116028
-111453
-104858
-99317
-78919
-74800
-72658
-68119
-66606
-62173
-53420
-50462
-46725
-43929
-42449
-39639
-27943
-20100
-20094
-11779
801
2758
4435
5902
11144
12765
15833
22715
23991
29370
30055
32578
34262
34738
39111
43825
45166
46002
49590
50558
59202
60409
60561
60751
66687
71358
71701
72485
74845
76101
78489
78655
81550
81737
87499
90511
91207
95414
103328
105642
106453
114741
118330
120463
125851
131343
132971
144153
145016
145575
145826
145860
148180
155660
157620
158089
164737
170512
171917
173521
173912
180449
189772
190816
198945
212615
216628
219989
220939
223960
227960
231053
231520
234174
236654
242711
243069
245324
260062
266460
271464
271570
273803
274566
277766
278913
280612
282180
284398
295029
296010
299504
299550
302978
304081
305499
306388
312824
318502
322748
324488
343324
344168
344992
352733
352946
359543
367440
370877
379119
385144
393714
395307
405415
406336
407498
414429
417766
419713
421914
430295
431803
438166
439505
439990
441689
443333
446748
448587
454613
466428
477684
478382
480220
484118
486693
492017
494159
494321
494875
503974
509527
516896
532268
540411
540667
544608
544742
547034
548112
548343
559513
575536
586707
588478
596666
598682
605974
609369
619060
620580
626917
635625
635782
635998
636325
652110
653128
654340
659641
665999
667221
674294
675879
676461
679025
682773
683077
686988
695595
697664
704575
706414
709430
714906
721554
722970
723105
723352
727191
729565
730012
730172
733460
735032
735836
739386
743975
745602
749643
750311
751005
755586
756586
760251
763774
764641
764679
766330
767448
771164
783903
788259
803138
807365
812749
817396
825547
827680
831916
837071
842028
842862
848090
849440
850862
857395
857856
865116
866956
869504
869850
870726
870992
871703
873965
878010
881397
889755
890182
897440
904536
913924
914081
918199
919259
919520
923829
925832
934090
945406
948726
949598
949724
950343
952658
956123
965401
965709
968720
971224
973042
979301
981472
984860
985940
987192
991545
998662
1003223
1009272
1010401
1012410
1016657
1017913
1022610
1026706
1026869
1029575
1029638
1036369
1037250
1037786
1047671
1048421
1054251
1056897
1062279
1067003
1072913
1085378
1085436
1086353
1102197
1104032
1106438
1109811
1117161
1133026
1134585
1136176
1137839
1143936
1145082
1148317
1152897
1161980
1162069
1162775
1162881
1163526
1167440
1167893
1171124
1172021
1177707
1182721
1183480
1193502
1194469
1200153
1208596
1212191
1215268
1217475
1229470
1234289
1243302
1245894
1250703
1250953
1251223
1253528
1267821
1271995
1279160
1282558
1283141
1287923
1295382
1310989
1316737
1317787
1320123
1326648
1334004
1334469
1339462
1340049
1346461
1346541
1350011
1350274
1357926
1367066
1368910
1371107
1372082
1375213
1388086
1397527
1401744
1409698
1410829
1411151
1413134
1414641
1423686
1430833
1431151
1434393
1439656
1440382
1442469
1443835
1450368
1453018
1455759
1458279
1459461
1468527
1482811
1486389
1496766
1505271
1509799
1510908
1513734
1516059
1517691
1519051
1519759
1520474
1523880
1527813
1534790
1543325
1550332
1555878
1559073
1561476
1563508
1566086
1568056
1568358
1573780
1574497
1575440
1582605
1582847
1583959
1588817
1589979
1596548
1603548
1608586
1611722
1612643
1646910
1647079
1653703
1656767
1666928
1668750
1670168
1671875
1678161
1679657
1693881
1699939
1699949
1706985
1712063
1720446
1722575
1727121
1728088
1728923
1729787
1734280
1741612
1742971
1744697
1750871
1759518
1760211
1762651
1765603
1767491
1775875
1776899
1777773
1778024
1781464
1784921
1787231
1793779
1798182
1799236
1802506
1803552
1809133
1815223
1816267
1818739
1819210
1819605
1821457
1822694
1822877
1823314
1824290
1835586
1835923
1837238
1844761
1847749
1848680
1850213
1858782
1861045
1861454
1868195
1877937
1880960
1882820
1885249
1889851
1896646
1900636
1906332
1908178
1916294
1917171
1923235
1923676
1926957
1937360
1943065
1946442
1946507
1950466
1952975
1955745
1963233
1968617
1970768
1974775
1977033
1979473
1979601
1985074
