-1991134
-1989483
-1975331
-1973568
-1973519
-1969537
-1969131
-1968800
-1966574
-1965367
-1959952
-1953897
-1948050
-1942940
-1941775
-1939174
-1931990
-1922736
-1919755
-1916575
-1915070
-1912901
-1912288
-1902174
-1900537
-1895852
-1892505
-1877711
-1877600
-1876139
-1872728
-1867198
-1865598
-1856902
-1850423
-1842764
-1836326
-1834085
-1822321
-1820659
-1819157
-1816369
-1813452
-1812278
-1812158
-1802607
-1802129
-1800371
-1798136
-1797383
-1796453
-1793984
-1782350
-1782273
-1776036
-1759490
-1756243
-1752805
-1752051
-1747150
-1742693
-1733576
-1733203
-1729861
-1728880
-1727997
-1723899
-1723200
-1722515
-1719107
-1714449
-1707694
-1706579
-1701155
-1700292
-1692022
-1687874
-1681366
-1665572
-1662072
-1658716
-1655659
-1655038
-1653122
-1647323
-1642952
-1637727
-1630659
-1628753
-1627048
-1625963
-1625641
-1622986
-1615884
-1615204
-1609794
-1609792
-1603266
-1602529
-1598425
-1586294
-1584722
-1580197
-1579721
-1579610
-1579506
-1579432
-1576569
-1568189
-1566569
-1557620
-1551772
-1533645
-1524881
-1519236
-1515912
-1511929
-1509236
-1507881
-1497572
-1495848
-1493014
-1492818
-1484255
-1482801
-1481529
-1479025
-1472656
-1470389
-1469830
-1460438
-1457866
-1449194
-1447653
-1446988
-1445396
-1442432
-1437716
-1435451
-1433595
-1429914
-1428511
-1425653
-1416743
-1413812
-1412469
-1411214
-1410060
-1404935
-1402498
-1400367
-1399277
-1398496
-1395702
-1393983
-1386718
-1381562
-1379024
-1378368
-1375787
-1373653
-1368713
-1365744
-1357707
-1347852
-1347019
-1338469
-1334829
-1330694
-1325291
-1324739
-1323109
-1317467
-1312757
-1298740
-1286776
-1285333
-1270706
-1266136
-1263774
-1256993
-1245214
-1240800
-1240044
-1237239
-1236517
-1231081
-1220622
-1220039
-1215410
-1212593
-1208480
-1206963
-1206370
-1205992
-1204753
-1195605
-1192255
-1192228
-1184853
-1182502
-1172658
-1170495
-1164651
-1162370
-1161639
-1156110
-1151734
-1151361
-1149874
-1148424
-1131364
-1130828
-1128584
-1126926
-1122645
-1121816
-1120901
-1120201
-1117499
-1102047
-1098047
-1097562
-1093486
-1092118
-1082714
-1077236
-1075401
-1075151
-1073517
-1072518
-1064742
-1054911
-1053917
-1053321
-1047696
-1042861
-1039286
-1038631
-1030154
-1029724
-1029710
-1027958
-1027826
-1027819
-1026394
-1023512
-1023151
-1019933
-1019822
-1004942
-1002526
-995389
-991042
-985821
-985368
-984944
-984633
-984609
-980329
-971695
-968914
-967060
-966147
-966138
-961199
-960761
-957222
-955909
-950097
-946509
-946301
-946172
-941643
-939318
-927765
-927291
-923773
-917769
-913216
-910676
-906217
-903673
-900933
-900819
-898982
-890737
-885057
-879463
-869483
-866755
-865496
-865216
-837981
-836746
-820878
-820605
-819857
-809163
-807919
-803990
-803510
-802624
-801552
-799942
-794555
-794066
-793914
-784980
-784834
-780484
-777756
-775190
-764000
-760997
-756294
-755968
-755084
-750231
-741026
-740166
-740084
-737198
-731846
-726362
-719099
-717879
-714863
-712873
-694167
-693826
-693502
-689641
-684654
-676257
-676197
-667037
-663194
-659188
-659162
-658566
-655291
-650453
-644344
-644195
-643974
-641552
-628246
-627860
-617714
-615708
-615318
-606805
-601727
-600868
-592852
-586062
-583500
-580426
-579506
-573298
-567923
-560032
-557340
-556136
-551504
-551397
-550424
-550022
-544510
-540830
-539380
-536253
-535543
-523564
-518967
-518899
-516299
-512103
-509853
-508658
-507924
-503595
-495609
-491772
-490796
-478666
-478230
-474794
-469010
-460834
-456953
-454971
-454372
-454292
-453684
-451693
-451101
-448862
-448186
-447655
-447555
-444286
-429932
-429499
-427501
-427408
-426850
-424271
-421617
-418908
-417311
-413471
-404450
-401256
-400240
-397528
-391614
-390907
-389995
-389899
-385745
-382469
-378144
-367320
-360445
-352448
-348697
-348251
-342669
-340146
-339262
-338544
-338406
-337137
-334488
-325674
-324161
-323325
-323272
-315695
-312919
-312595
-307959
-305870
-296897
-296015
-282789
-280375
-276845
-275238
-274667
-266507
-258296
-258262
-248894
-248505
-246915
-242777
-238622
-234154
-229497
-215452
-213736
-213214
-212288
-207534
-205138
-193532
-193102
-189712
-188427
-187505
-182364
-178014
-173672
-173151
-168403
-166025
-165596
-165095
-156599
-156345
-149778
-149267
-149021
-149010
-146078
-139104
-126276
-124302
-112509
-110576
-108660
-105586
-103053
-102091
-101941
-98643
-96654
-94259
-91452
-90085
-87543
-86545
-83974
-80087
-71561
-60401
-57268
-53806
-51317
-47388
-46013
-44447
-40042
-35643
-28771
-23407
-14674
-13378
-7970
-6829
5322
10221
15228
22036
36914
39710
46678
46744
55519
57302
57644
65042
81808
82220
82882
85082
89814
92494
94805
97399
99178
100189
101828
148122
149683
152721
161492
166843
173309
188784
190888
196181
202918
211118
211981
214488
216760
227465
231033
240430
242871
246362
246895
247239
252053
253884
259351
260715
265920
271858
277471
280759
283542
283855
288196
297123
301048
304850
311145
313733
319097
321527
327432
330420
336452
340191
341771
342491
345275
347721
348482
349304
349622
350877
353601
364652
364711
372500
375315
384684
388134
393188
395944
397046
398565
401794
409328
411121
415686
418296
423949
427672
439181
444406
444774
450924
451692
456042
461910
462004
463666
463791
468045
472067
475797
481968
483757
484461
486898
489561
492094
492230
493073
495716
505716
508711
510910
511636
518351
525241
526787
529475
539721
544651
551075
551540
556876
564862
572363
581647
587055
592238
598185
600105
605180
615241
623569
625399
629782
634783
637619
642793
643358
645878
646592
649595
649882
658644
658996
674261
679331
683890
684610
685953
687444
688729
702170
710914
719539
719744
720276
721887
731569
742519
744931
745226
750722
760090
777107
786222
804385
805877
808188
817870
817876
818295
819400
820715
828639
833056
836745
838001
841831
843439
845296
845301
854135
861148
864341
868145
870034
874313
875868
878646
878906
879071
884828
885553
895056
895624
898729
902880
912272
919449
921445
930682
934789
936261
939773
943169
943809
944467
950434
950679
956162
964950
965227
968176
974604
975709
979076
979472
982581
985577
985764
985934
986942
987433
992403
993898
998245
999129
1001042
1014585
1016728
1021065
1021340
1029241
1032957
1038923
1042636
1049534
1060697
1063783
1070334
1070789
1075639
1079744
1082631
1083301
1089647
1089802
1096232
1098082
1098214
1110154
1113397
1114407
1118646
1119408
1121076
1122145
1123324
1124369
1125931
1129986
1132436
1132946
1133103
1142769
1144586
1148638
1155900
1160331
1161426
1163613
1164081
1169457
1180676
1185916
1191168
1192053
1192964
1195382
1203986
1206142
1207733
1207859
1210985
1214325
1217188
1220094
1220127
1220281
1220924
1221374
1224772
1237226
1237744
1239602
1241567
1244167
1244614
1245081
1248252
1252757
1253331
1256635
1259322
1266773
1274391
1289955
1292328
1298341
1305367
1305714
1306129
1310269
1312808
1322142
1323703
1324696
1334862
1339513
1355330
1355425
1359800
1363217
1364073
1365409
1367156
1368561
1381293
1389562
1390270
1392477
1392514
1396203
1399574
1400402
1408781
1409811
1409827
1412637
1417263
1418915
1426310
1440642
1443076
1453061
1467732
1473478
1475992
1479023
1485960
1493160
1499055
1501148
1505167
1519139
1523108
1523762
1524216
1527727
1540281
1544605
1546600
1562543
1568959
1571698
1577315
1579919
1580972
1585689
1589714
1596819
1598564
1599200
1612994
1613607
1614304
1615486
1617576
1618849
1622515
1624803
1630322
1631927
1632049
1633297
1634233
1644380
1648141
1654051
1654991
1676087
1682791
1692317
1695315
1696138
1696693
1702813
1705013
1707307
1709779
1710594
1717159
1719577
1724833
1725338
1730234
1734739
1737400
1743030
1748615
1756227
1758632
1759690
1760035
1765018
1770620
1771315
1775980
1776826
1778269
1783588
1784346
1784739
1788268
1796105
1797159
1800007
1801030
1811110
1815390
1823001
1843398
1852885
1854485
1856519
1860736
1862777
1864676
1867156
1872602
1877483
1882897
1890140
1900323
1902103
1908286
1912061
1912299
1913657
1920834
1925100
1929663
1932660
1936452
1937626
1939416
1939601
1941095
1944104
1952136
1955748
1960823
1966218
1967423
1971285
1973920
1979790
1984853
1988716
1995328
1999030
1999368
