-1990986
-1987694
-1984374
-1983333
-1977719
-1975512
-1972484
-1967101
-1965693
-1962295
-1960236
-1959343
-1956849
-1955893
-1953386
-1949987
-1948298
-1941476
-1939930
-1932432
-1930112
-1925516
-1920524
-1920100
-1913244
-1903380
-1898879
-1897660
-1896842
-1893816
-1891643
-1885589
-1878531
-1878429
-1876847
-1876659
-1874315
-1868249
-1850563
-1849177
-1841498
-1833935
-1833499
-1819557
-1818977
-1816464
-1808403
-1797915
-1789719
-1784253
-1783362
-1781701
-1779514
-1775384
-1773215
-1769885
-1767990
-1756597
-1754460
-1753764
-1747378
-1740668
-1734857
-1733625
-1732431
-1731681
-1729946
-1727803
-1727312
-1727188
-1726087
-1723913
-1720176
-1717253
-1707835
-1703811
-1702167
-1689968
-1687550
-1685411
-1682676
-1680651
-1678011
-1675607
-1673448
-1666350
-1653703
-1651615
-1651595
-1632993
-1628191
-1624101
-1617258
-1608852
-1607507
-1607241
-1604011
-1599591
-1599008
-1597203
-1594016
-1593362
-1592600
-1591528
-1587382
-1575937
-1575530
-1574162
-1568382
-1565318
-1554862
-1554172
-1551514
-1544877
-1539098
-1523716
-1517886
-1517113
-1514282
-1486708
-1486575
-1486492
-1486005
-1478963
-1477850
-1475252
-1474224
-1474009
-1472783
-1470047
-1461077
-1452414
-1451811
-1451782
-1451677
-1449022
-1448843
-1448160
-1447695
-1446901
-1445667
-1445083
-1439943
-1435741
-1432347
-1431585
-1430733
-1430190
-1425965
-1416159
-1414161
-1406860
-1406624
-1404489
-1395841
-1394002
-1393485
-1387085
-1386235
-1385934
-1385076
-1384911
-1381136
-1378082
-1377675
-1375659
-1373780
-1358565
-1358242
-1357309
-1354661
-1352528
-1350570
-1349270
-1348562
-1347944
-1344770
-1337419
-1335095
-1334628
-1332310
-1329294
-1329111
-1324611
-1318526
-1316214
-1306339
-1303444
-1303043
-1301603
-1301166
-1294575
-1291367
-1280722
-1274043
-1269222
-1265803
-1258891
-1258872
-1258334
-1257307
-1256269
-1255210
-1254764
-1252978
-1250728
-1233415
-1232685
-1230880
-1230157
-1228754
-1228637
-1219969
-1215884
-1214369
-1211572
-1203024
-1202295
-1199301
-1197891
-1197612
-1196345
-1195951
-1192828
-1189441
-1170235
-1151870
-1147823
-1146678
-1143565
-1139948
-1137031
-1136727
-1121596
-1121411
-1119944
-1118528
-1110217
-1103205
-1099330
-1098597
-1096320
-1078836
-1075988
-1073349
-1070813
-1066847
-1063632
-1063461
-1060934
-1060216
-1058750
-1057665
-1057416
-1055592
-1052872
-1046062
-1042331
-1035437
-1034978
-1030097
-1029018
-1004429
-1001934
-992058
-991919
-978275
-972729
-970453
-968174
-963780
-955964
-954693
-947120
-942932
-910163
-907985
-906676
-903225
-901789
-901238
-889745
-888205
-879132
-866629
-865959
-865465
-863479
-863285
-858307
-856325
-853322
-849047
-846447
-835647
-831164
-830290
-824760
-824363
-820235
-815992
-807674
-806481
-804604
-803325
-797780
-797528
-794432
-794079
-792960
-787740
-781794
-781673
-780352
-777518
-774602
-767120
-765100
-750722
-750233
-744378
-741433
-735547
-730417
-727701
-719274
-719129
-687622
-679099
-678470
-677815
-677637
-675128
-674523
-672826
-664641
-662549
-659912
-658878
-657392
-654476
-645755
-643616
-634092
-633678
-629847
-629124
-624214
-624016
-623838
-618170
-612821
-607273
-606191
-605764
-603768
-599294
-590783
-587529
-585759
-580414
-575238
-573938
-568458
-534609
-522020
-521580
-520606
-503680
-501581
-500105
-497644
-496796
-496334
-494874
-493509
-491167
-485691
-478265
-475377
-472189
-471899
-470108
-464143
-457349
-452472
-448518
-448205
-442708
-437856
-430453
-421688
-419430
-417070
-414323
-411996
-395121
-376598
-371355
-367663
-362536
-357445
-356176
-348603
-347703
-340516
-333222
-332431
-319766
-316807
-316796
-315999
-314691
-308911
-297722
-296439
-295860
-295162
-293838
-293744
-283332
-283198
-282349
-276062
-275401
-272633
-267558
-264324
-254455
-249446
-245322
-243048
-239732
-232754
-225485
-224499
-219938
-218004
-217071
-207643
-202963
-198059
-197298
-196743
-188156
-184323
-179948
-178348
-178078
-177580
-170110
-163881
-159673
-159487
-156403
-151325
-149320
-144393
-136725
-136250
-127013
-122858
-121620
-121538
-116182
-113739
-108407
-104197
-100543
-99078
-89559
-85121
-83346
-81533
-79225
-72011
-71254
-71200
-58203
-53142
-50447
-50405
-50321
-40481
-37265
-33904
-29750
-27246
-24698
-22298
-18393
-16589
-8491
-7042
-6683
-1930
-1553
-666
413
473
2287
12080
13519
19226
23568
24947
26037
27696
30529
32022
32360
42641
46754
49571
51301
52949
79419
82582
82917
85389
92687
93452
100603
106797
108143
109766
117182
118252
118439
118601
118626
121920
128262
128913
130289
141662
145182
157672
161472
162157
163777
168420
170876
174431
184064
184950
190060
190280
202320
206336
206960
208312
208320
213902
214739
224934
224951
227017
236367
240421
241654
247912
248482
249622
256926
267032
268090
271330
274757
277065
283204
290568
296723
299019
302069
303663
306243
308188
312091
312844
316826
317402
326110
326987
331469
337531
341749
341959
348099
352271
357781
358723
363528
364693
365753
373157
376269
378735
380429
388311
392632
396782
397387
399194
400486
401354
402226
409468
409938
410816
411790
417647
423740
426307
427617
428182
432401
435523
438385
450146
452330
453170
463227
464725
473337
489073
489285
490737
492239
492489
496274
500635
512568
514594
518139
520669
522179
523069
523529
531031
541501
543720
544967
547915
565580
566053
577666
578235
581368
601663
612436
623002
624676
630086
639817
640597
645750
649723
653591
666976
674736
674892
683499
691790
693118
698152
699280
700678
701293
704387
706800
714644
728126
733258
735505
735820
749324
749683
751566
776221
780898
781763
782521
789942
793332
795687
799013
799946
801860
803733
815023
816959
821432
824109
826960
829123
829982
838696
843357
848297
849725
851028
851075
857032
858066
858306
858824
859330
861230
864739
868601
871426
879075
881696
883058
884349
898980
902428
907484
908513
909114
909917
911392
919198
933540
937525
938156
943630
948273
948924
951754
955164
966617
972696
979216
981861
988649
990397
990705
992052
999215
1004964
1011097
1011367
1012922
1015482
1016659
1030488
1034939
1038544
1041474
1042588
1042832
1043113
1045052
1050891
1050965
1053428
1056203
1058352
1063394
1065903
1067230
1076415
1078533
1079800
1093090
1095755
1097552
1099054
1120231
1122788
1129963
1131483
1133130
1133258
1133356
1133830
1136283
1136629
1137891
1144081
1152349
1153960
1154193
1161660
1162018
1165414
1166164
1184885
1197295
1198899
1204008
1208641
1212886
1230048
1231335
1231743
1236256
1236730
1241742
1242699
1243799
1245407
1248516
1257011
1259123
1264539
1265193
1267379
1276020
1276392
1278498
1279844
1284012
1289100
1289807
1297986
1298275
1300729
1307563
1311492
1313357
1313652
1319177
1321459
1324791
1328097
1341673
1345189
1352094
1356209
1356653
1362135
1365211
1366727
1368468
1372558
1376089
1376617
1378982
1382787
1392285
1395594
1415495
1419318
1421065
1423494
1426141
1428742
1430032
1431687
1431888
1433566
1436609
1440504
1442972
1444508
1449115
1454839
1455030
1455335
1456122
1466083
1468804
1475132
1478922
1480427
1485329
1487274
1490196
1491982
1505635
1505969
1508769
1516394
1517925
1535411
1540178
1551479
1553186
1555689
1565074
1567778
1567871
1572887
1575867
1576802
1577583
1591707
1592240
1593344
1596896
1603026
1604638
1607513
1610828
1612264
1613853
1614461
1622477
1622710
1625275
1629313
1630726
1640368
1642310
1650867
1660319
1660644
1663626
1663864
1665282
1665832
1668290
1673522
1675236
1678444
1678627
1680166
1681761
1683740
1683853
1685048
1705127
1708773
1720353
1727071
1730081
1730374
1736181
1738565
1738800
1739767
1740813
1746948
1756062
1759827
1760386
1761501
1765897
1766646
1769484
1770267
1777745
1779456
1784921
1788100
1795517
1800887
1805849
1811536
1813289
1814328
1821831
1824339
1825215
1832857
1834072
1842767
1844100
1846530
1846806
1850766
1855734
1855740
1857638
1858849
1862617
1862743
1862823
1865120
1869570
1871822
1877718
1884459
1894920
1916198
1922166
1929514
1932799
1935675
1943186
1945222
1952023
1952374
1953259
1954403
1955761
1956049
1956747
1957175
1960300
1962891
1968673
1977454
1985688
1986937
1998767
1999746
