-1996477
-1989802
-1988575
-1981241
-1978534
-1975762
-1968922
-1953951
-1949229
-1947774
-1935732
-1934975
-1930934
-1928339
-1927136
-1925869
-1924244
-1903232
-1899112
-1897458
-1896480
-1895190
-1889286
-1887071
-1882682
-1879685
-1878253
-1876419
-1867357
-1863716
-1854542
-1853515
-1848629
-1838905
-1835286
-1832896
-1832055
-1831174
-1828410
-1823218
-1823080
-1817686
-1816116
-1808518
-1807224
-1807130
-1801204
-1798888
-1797400
-1797097
-1795679
-1794640
-1792158
-1790091
-1785980
-1785603
-1782509
-1771823
-1760041
-1757645
-1751264
-1750003
-1749688
-1749074
-1747731
-1747726
-1743383
-1738538
-1737816
-1737059
-1715585
-1714721
-1705961
-1704648
-1704425
-1704240
-1699836
-1699203
-1695620
-1694703
-1693393
-1691998
-1683515
-1675517
-1672093
-1668933
-1659679
-1659225
-1658808
-1658448
-1654491
-1648895
-1648718
-1647805
-1639964
-1633229
-1628173
-1625830
-1622237
-1617796
-1614889
-1613854
-1613240
-1596855
-1595988
-1592306
-1590300
-1584969
-1576254
-1572823
-1558225
-1557379
-1554822
-1533144
-1529313
-1529175
-1527181
-1524370
-1523660
-1515539
-1515442
-1513982
-1512740
-1512188
-1508662
-1503094
-1501145
-1496011
-1494282
-1487319
-1486128
-1485096
-1472199
-1458972
-1447866
-1445815
-1445354
-1441433
-1440230
-1430058
-1407983
-1407935
-1403850
-1402221
-1387140
-1385525
-1384637
-1382888
-1380440
-1379438
-1374611
-1368600
-1365168
-1364841
-1364342
-1362884
-1361266
-1356359
-1347349
-1345956
-1344592
-1343657
-1340257
-1340099
-1339128
-1334151
-1332987
-1330202
-1325772
-1324758
-1321840
-1316927
-1314944
-1308954
-1299522
-1296174
-1295082
-1292577
-1285304
-1277279
-1268966
-1263546
-1263500
-1245018
-1241075
-1241000
-1239920
-1236458
-1234836
-1225641
-1221242
-1220554
-1212374
-1201833
-1199123
-1194650
-1191310
-1185553
-1162907
-1161744
-1157809
-1154696
-1153860
-1151193
-1146119
-1133734
-1131205
-1124097
-1121693
-1119377
-1112831
-1112390
-1109474
-1108336
-1105394
-1102829
-1086585
-1084239
-1084011
-1079297
-1077825
-1076223
-1068533
-1065731
-1065215
-1055748
-1053830
-1052363
-1042474
-1041717
-1035863
-1024143
-1022564
-1020161
-1000094
-999681
-993881
-992970
-992523
-990142
-989332
-987364
-981800
-979180
-968384
-967052
-966178
-959034
-957307
-957027
-954684
-945739
-940941
-939683
-938678
-934000
-929536
-929066
-928503
-926040
-919118
-918887
-918282
-916812
-907872
-901679
-899092
-898833
-895092
-892222
-891017
-885391
-881634
-874465
-872931
-871434
-864598
-864500
-862560
-843181
-842249
-825776
-819123
-817813
-814414
-806013
-795914
-795335
-792197
-791324
-789044
-784938
-784792
-784063
-775588
-763613
-758392
-758263
-756373
-751837
-747667
-743863
-741040
-735005
-734839
-732304
-731471
-728504
-722454
-721746
-718624
-717043
-714682
-698663
-694727
-692155
-683538
-680412
-678641
-678169
-673933
-673532
-673388
-673080
-666840
-665274
-663611
-657448
-655854
-649843
-649337
-634771
-618563
-605624
-603722
-603347
-601369
-596350
-594705
-588257
-583203
-582082
-581366
-580155
-574751
-573272
-568020
-565283
-558807
-553773
-552662
-549135
-547285
-537529
-523965
-514213
-511577
-511558
-509502
-507771
-503755
-500806
-499952
-492628
-490728
-490516
-489802
-485624
-484101
-482171
-471842
-465679
-461724
-454884
-445227
-444230
-444193
-443244
-442534
-438547
-425530
-424293
-423710
-416374
-411119
-410467
-406473
-402366
-400961
-398562
-397367
-396500
-391927
-385895
-372340
-371732
-369894
-368167
-368039
-366316
-353526
-352516
-338541
-328621
-324614
-315737
-309083
-309001
-304967
-300146
-299652
-298602
-297162
-296053
-295811
-294414
-273380
-269543
-263765
-257435
-257019
-254227
-248377
-243927
-239427
-234527
-232867
-228983
-228503
-223031
-222023
-221891
-215814
-207745
-198219
-197783
-197381
-196629
-195397
-192982
-190922
-185569
-179599
-177262
-173468
-173461
-168737
-165382
-156547
-156438
-156156
-154890
-141824
-141373
-138458
-137196
-132968
-129742
-127150
-118379
-115119
-114846
-113364
-109289
-107565
-101806
-100609
-97250
-92673
-77375
-74895
-70826
-70203
-69492
-67201
-66674
-64284
-61602
-31163
-25558
-25208
-23488
-7298
-6885
-2668
2919
6253
8756
16263
17055
17636
20090
22052
23247
28344
28978
32334
41168
42936
46058
46283
53881
54203
55024
67009
67498
69317
71668
75548
88573
91049
92526
93481
96769
104025
118384
120929
128140
129210
135822
136704
139395
140277
142225
146298
150917
151948
153799
156218
158551
168162
170168
179415
190469
191029
192751
197889
198333
203358
205374
209821
215032
220442
221287
222340
224078
224665
229205
233909
235039
240265
240926
241612
246594
251886
257577
257928
259816
259936
263530
264755
265506
266042
269454
270265
272508
274185
274582
280226
282854
286083
300764
302137
305520
308317
313404
316105
316163
319255
319977
322457
325749
326293
328569
330248
334699
335910
337547
338954
347555
348288
352137
380327
388163
390117
393713
400779
413956
416460
416637
420111
420988
424125
426688
427196
429336
432741
432773
442262
442327
443197
444437
445149
445683
446778
452194
464419
471469
475441
482792
486814
487653
492231
495084
498090
498776
499843
505013
506406
509478
514093
517089
517356
517723
541977
542537
544401
545008
545747
548063
549946
549990
550059
550482
558460
561825
562752
570672
586323
592337
602840
608454
609800
609990
614202
617480
624709
627317
628570
630433
631551
631916
643372
651320
652246
661567
661958
662728
666268
668790
673929
684647
691141
697546
697711
699046
705084
714658
729719
735140
740165
742418
745221
750780
750939
754935
757353
758231
766984
768785
781252
784406
788647
789899
794673
795700
807255
814276
819518
820815
822649
823348
831741
833526
834485
838792
842684
848508
848901
853243
855684
862011
863879
869004
869808
877581
880230
882311
892558
893916
895047
902121
905546
908472
911396
915872
931632
934230
935170
935293
945024
946203
948218
949332
950127
951502
955068
958834
968768
971574
982442
985737
989747
994655
997356
1009484
1009630
1010095
1016702
1016875
1017485
1024508
1034219
1039595
1039886
1043858
1048635
1048638
1067908
1069209
1072022
1073971
1075807
1081935
1084236
1084766
1091896
1092824
1098415
1106719
1112221
1114599
1127939
1128630
1136605
1139619
1144630
1152122
1162572
1162734
1166687
1166787
1167195
1169569
1173375
1173798
1175786
1175925
1185271
1192421
1198408
1199439
1202597
1203236
1209358
1218706
1231763
1233863
1238838
1246061
1247695
1248550
1266221
1267261
1268785
1274309
1274311
1274360
1278124
1280864
1280929
1281741
1287707
1291332
1296517
1298489
1299613
1300355
1300515
1303501
1304242
1304806
1305466
1309193
1313155
1316317
1334902
1334974
1335047
1337850
1351172
1356227
1361939
1365584
1373842
1376569
1378428
1379245
1391606
1393889
1394785
1405011
1410618
1410666
1413895
1414690
1420480
1421247
1423146
1423920
1424192
1426239
1427939
1446683
1451400
1464085
1465588
1475342
1477421
1484815
1488537
1498331
1505955
1506762
1509275
1511388
1520529
1524002
1528661
1537260
1541159
1546598
1549010
1551674
1552975
1555251
1573747
1578293
1579291
1588306
1589329
1590653
1592567
1597802
1602198
1603078
1604311
1611333
1617263
1618497
1621876
1625803
1627321
1628417
1630673
1630935
1637564
1638788
1645607
1659372
1664657
1666085
1667728
1674110
1674836
1676665
1684627
1685719
1687291
1689241
1691914
1704709
1707582
1708545
1710109
1710650
1713505
1719773
1730775
1737018
1740350
1741661
1744369
1747432
1748329
1752140
1752573
1753692
1756755
1757291
1762005
1769938
1770574
1770733
1770744
1772096
1772555
1776430
1779766
1785536
1786128
1786712
1787406
1790790
1792668
1793503
1793552
1796843
1797533
1797818
1802358
1807288
1808416
1809360
1810857
1813194
1828144
1828375
1830810
1835395
1842786
1843871
1848217
1870292
1880348
1881166
1883126
1890269
1894471
1898639
1899527
1901740
1903162
1903460
1907154
1916366
1928341
1928829
1934761
1936500
1936605
1941018
1941781
1946793
1947203
1950916
1954617
1956801
1961840
1964452
1969733
1972828
1973563
1973889
1975162
1984997
1985419
1986616
1988926
1990636
