-1987086
-1986176
-1985930
-1980313
-1978702
-1975516
-1967632
-1966500
-1963544
-1962563
-1959753
-1958518
-1950221
-1949053
-1948101
-1935595
-1935321
-1929563
-1925739
-1923576
-1921206
-1916868
-1915255
-1908399
-1903725
-1900363
-1897219
-1896727
-1886178
-1883646
-1882710
-1880356
-1880252
-1875543
-1872127
-1858345
-1855829
-1842977
-1840941
-1838681
-1833159
-1828324
-1825707
-1820807
-1816787
-1813587
-1806528
-1790225
-1784758
-1784236
-1778043
-1776795
-1772425
-1770392
-1769309
-1760354
-1760038
-1752874
-1749879
-1747952
-1745797
-1742868
-1739048
-1738015
-1737534
-1718840
-1713882
-1709063
-1705685
-1692659
-1683775
-1682102
-1675897
-1674837
-1668863
-1665852
-1660272
-1658192
-1652844
-1649978
-1648656
-1648160
-1647717
-1643268
-1635439
-1633705
-1633152
-1619401
-1612758
-1610120
-1605413
-1597412
-1596809
-1593129
-1579401
-1577005
-1570717
-1568956
-1555443
-1554498
-1552468
-1549720
-1545882
-1540374
-1539636
-1534793
-1533410
-1519862
-1515698
-1515601
-1506597
-1497245
-1494934
-1473425
-1470941
-1470146
-1466775
-1456021
-1452580
-1446118
-1445200
-1443907
-1440107
-1435946
-1435046
-1432417
-1430129
-1428652
-1424062
-1423280
-1422094
-1421939
-1420264
-1420059
-1409734
-1402909
-1399857
-1399292
-1391541
-1383952
-1380611
-1379508
-1378975
-1378693
-1377399
-1367480
-1366678
-1354397
-1354130
-1342892
-1340634
-1330770
-1324393
-1316641
-1315194
-1312864
-1305670
-1288753
-1285595
-1278784
-1278639
-1278136
-1276047
-1266227
-1266202
-1265709
-1258455
-1251988
-1247843
-1238014
-1234782
-1234254
-1229044
-1227682
-1225127
-1214673
-1205527
-1200185
-1192567
-1192040
-1188783
-1188047
-1180288
-1175706
-1168264
-1165083
-1164065
-1163061
-1162331
-1161157
-1152870
-1149206
-1148034
-1143632
-1132434
-1115653
-1114501
-1113536
-1110913
-1102916
-1097466
-1095917
-1095184
-1091376
-1091250
-1088183
-1085875
-1080042
-1075335
-1074288
-1074263
-1068972
-1068230
-1067986
-1067722
-1063523
-1062567
-1058137
-1054148
-1052523
-1046888
-1044523
-1042898
-1039934
-1039447
-1034359
-1032123
-1020212
-1014522
-1013320
-1001285
-988101
-984323
-978837
-976089
-972711
-972675
-971208
-969605
-968543
-965407
-964343
-964302
-963334
-963060
-960046
-960022
-958819
-952857
-945020
-944790
-944681
-943750
-942202
-935959
-935163
-933195
-929970
-929081
-918325
-898662
-888203
-879626
-877540
-873278
-868248
-855779
-853118
-849990
-849317
-848911
-831841
-828167
-824049
-823993
-821791
-817365
-816986
-811462
-799659
-797474
-793602
-788743
-784610
-782469
-779548
-779227
-768363
-765361
-764520
-763163
-754278
-752396
-748195
-747654
-732422
-717505
-717504
-717099
-714623
-714198
-712706
-710010
-705088
-697115
-697053
-692176
-690521
-683163
-676420
-673949
-668986
-657764
-655937
-652835
-652156
-651307
-646936
-642576
-642211
-626366
-622968
-619007
-618813
-616414
-607487
-604521
-600254
-599689
-593202
-586313
-583106
-582725
-579505
-572645
-569957
-568720
-567556
-558459
-553704
-552642
-552421
-544153
-543844
-541290
-540681
-540065
-531760
-529069
-522904
-509395
-508065
-505727
-504740
-497316
-497144
-497044
-496960
-495133
-482164
-470117
-465269
-464624
-458398
-456874
-449205
-448850
-447817
-441849
-439771
-439274
-437587
-430892
-426685
-420269
-414991
-411195
-408960
-396757
-395341
-394263
-391198
-382080
-379168
-378326
-371116
-366831
-363872
-355947
-349389
-347206
-345483
-342354
-340406
-337835
-335823
-335582
-331429
-322844
-315793
-308618
-307957
-306967
-302945
-302608
-299139
-296974
-295828
-294801
-294672
-282423
-282246
-276185
-272321
-257835
-253681
-248682
-244045
-239867
-237228
-223783
-220310
-220084
-212140
-210721
-207843
-204199
-203623
-202833
-201883
-201347
-194340
-193599
-192245
-192033
-190557
-189414
-187545
-182395
-180718
-173247
-166893
-166624
-149920
-145658
-143689
-142245
-139954
-135534
-134901
-134291
-130693
-127516
-125401
-116844
-116179
-116130
-115989
-112057
-110069
-105983
-105796
-103314
-100331
-98629
-87237
-84872
-84110
-82873
-78813
-76097
-71250
-68759
-67879
-62298
-56229
-50680
-48009
-42922
-38002
-33344
-27555
-20776
-8902
-6644
-6402
-3406
597
2637
6076
15819
18710
29818
30060
41172
42006
44525
51188
57540
63277
70809
71503
82384
93138
95255
96565
97090
103826
111861
113479
114341
116239
116786
121985
125880
128985
129371
132859
136084
138456
139689
140090
141118
146367
151673
162501
162736
162981
168161
171264
174108
181050
181415
190081
203435
205087
208025
208955
210496
218065
218185
230540
234680
239526
241774
242072
248778
258900
271328
276170
276325
280790
282495
283366
285830
287171
292029
292382
294221
303500
305741
306976
310139
316878
343141
343560
347072
349744
350585
351117
353056
355047
358719
364939
370486
371907
372572
373498
374551
374691
377672
379430
385814
385882
389525
392907
396260
398068
404713
410534
411797
411969
417432
418140
418389
422219
424053
426864
428339
433180
433576
433638
433756
443827
468857
469388
470883
474992
485670
490813
492489
493054
493479
494740
496631
497054
498366
498786
501775
509666
510480
514229
515640
515770
516804
517711
519665
520118
522820
523216
527412
533925
534371
534773
536011
538832
553636
561967
562577
590773
596539
603563
612981
619321
620883
631518
634457
651051
652440
666992
666993
670066
673348
674330
674653
674737
684207
687476
692139
695533
696819
698570
708531
709527
711300
712660
715208
721178
722542
722883
729636
733184
739021
740985
741152
746321
746661
750074
759750
764669
766450
766919
767759
772633
775874
780070
784285
790822
795945
809156
816191
817213
825107
825137
825382
826847
830986
833614
833774
837745
844180
844906
854202
855287
856899
857086
857667
860263
864178
867872
873275
879853
886301
887412
893624
897336
903933
907463
908535
911523
918386
922633
928529
929101
930055
936148
936840
937910
938670
944350
946615
949254
951471
959076
965444
979821
980289
993206
1001808
1004034
1005065
1009946
1012669
1018206
1026778
1028402
1032107
1043385
1057914
1062439
1065596
1067185
1071011
1073743
1076508
1077318
1081828
1089018
1092727
1093454
1094800
1097368
1102854
1105705
1107667
1108998
1110807
1115865
1117866
1118628
1120940
1138715
1142628
1142848
1152430
1153692
1155620
1158325
1158987
1164793
1170223
1172992
1177204
1178570
1190149
1194930
1195556
1198577
1198791
1202864
1204862
1207478
1207660
1210874
1211171
1219774
1221957
1225819
1226680
1246677
1247456
1248403
1252031
1290104
1291094
1296896
1298232
1301638
1308885
1318104
1321603
1322739
1325252
1325425
1335849
1337517
1339565
1341561
1345064
1345711
1346482
1348113
1354623
1358166
1367064
1369450
1371564
1374826
1374905
1374946
1375077
1376051
1378579
1387274
1395122
1403039
1406037
1408635
1416806
1424319
1430512
1433360
1436741
1445667
1447736
1451106
1453149
1453906
1455824
1465152
1477749
1479611
1494205
1494703
1509996
1510299
1510356
1514064
1515832
1518770
1519353
1520054
1521358
1526542
1530744
1532804
1537252
1541398
1546463
1547579
1550466
1560666
1563341
1563501
1565455
1584155
1584342
1586353
1588577
1593361
1593371
1593375
1597203
1600343
1603752
1606096
1611808
1612232
1613371
1613713
1618731
1620116
1624477
1625430
1633065
1635060
1650348
1651304
1655950
1657564
1659321
1668299
1668941
1669627
1671075
1673756
1674560
1677235
1678176
1678965
1680612
1682491
1683938
1683952
1691709
1691790
1694887
1695113
1701241
1702594
1704069
1708659
1715039
1718748
1721464
1732725
1732994
1733646
1733820
1737149
1737251
1740050
1742351
1743098
1743673
1744788
1746731
1755107
1767967
1772006
1772829
1776355
1778783
1781906
1781927
1783452
1784477
1790728
1791283
1799741
1805223
1820967
1823588
1823915
1824644
1832628
1836008
1837827
1839976
1848529
1849454
1849976
1850650
1853909
1859283
1861021
1862243
1868588
1870145
1871173
1884393
1889521
1900354
1903621
1907436
1911258
1917740
1922070
1929996
1938512
1941495
1942460
1948026
1950216
1950522
1950776
1951134
1955270
1962048
1964310
1964905
1965928
1966855
1967047
1967118
1967268
1971695
1988477
1991055
1993370
