-1995799
-1994099
-1990211
-1986379
-1978629
-1978151
-1975828
-1958531
-1956576
-1955634
-1952002
-1951172
-1948744
-1948698
-1939964
-1937517
-1931656
-1926118
-1918688
-1914870
-1914011
-1908128
-1904100
-1900329
-1898566
-1898100
-1897526
-1887933
-1885734
-1885639
-1881838
-1879613
-1877079
-1876260
-1864457
-1864082
-1860397
-1850125
-1843476
-1841218
-1840176
-1836473
-1836116
-1832208
-1829715
-1821249
-1820194
-1817292
-1816923
-1813948
-1811596
-1810115
-1807770
-1804737
-1803525
-1801066
-1799440
-1795452
-1794535
-1794081
-1793166
-1791708
-1790744
-1789657
-1789543
-1779724
-1776689
-1769884
-1769666
-1753762
-1749081
-1746210
-1736118
-1735317
-1732007
-1727269
-1723118
-1719287
-1715350
-1711578
-1709507
-1702478
-1702309
-1701728
-1690384
-1688972
-1682108
-1678683
-1677781
-1673013
-1671102
-1668273
-1660249
-1657059
-1652127
-1652013
-1642706
-1628242
-1625202
-1624965
-1622726
-1610600
-1607833
-1604261
-1604096
-1601203
-1600281
-1597640
-1594626
-1571539
-1571479
-1571207
-1566958
-1554757
-1554143
-1547165
-1546636
-1540705
-1534819
-1529076
-1523134
-1518587
-1518581
-1517922
-1516724
-1514493
-1509348
-1501389
-1496171
-1493706
-1491328
-1488294
-1485755
-1484767
-1482199
-1479224
-1479189
-1477476
-1474360
-1469240
-1461236
-1459571
-1453064
-1450475
-1443511
-1440983
-1438315
-1437704
-1435792
-1434210
-1432078
-1430843
-1430319
-1428949
-1414446
-1395947
-1390288
-1386604
-1386213
-1383645
-1375585
-1375090
-1374177
-1369368
-1353946
-1351633
-1345760
-1339487
-1334031
-1329276
-1328441
-1320416
-1319614
-1319538
-1319310
-1317975
-1315041
-1311804
-1310891
-1309191
-1303966
-1301729
-1298691
-1297260
-1295739
-1294611
-1288989
-1287151
-1284535
-1283400
-1283170
-1275277
-1267863
-1267359
-1264067
-1262194
-1256800
-1256787
-1254716
-1253957
-1252977
-1246829
-1244677
-1225786
-1222324
-1213438
-1204836
-1202123
-1198303
-1194465
-1189536
-1177484
-1176902
-1176416
-1161847
-1154524
-1153925
-1148040
-1144222
-1143295
-1132952
-1129612
-1120090
-1113652
-1112201
-1111754
-1102534
-1102112
-1095311
-1089129
-1086450
-1081357
-1080147
-1079609
-1074359
-1070800
-1058107
-1054265
-1052854
-1050886
-1042086
-1037213
-1027298
-1025819
-1024969
-1024668
-1024078
-1023741
-1019999
-1016460
-1009473
-1006334
-1004352
-998857
-995023
-994210
-991395
-986915
-977117
-975785
-961050
-960862
-952518
-950341
-949307
-945519
-943099
-941650
-934934
-932515
-931311
-929575
-928962
-925492
-924446
-922650
-921588
-905428
-899135
-896415
-890122
-888477
-887405
-887315
-882148
-879568
-879355
-878646
-874151
-872230
-871790
-866997
-857781
-856176
-853566
-847323
-844570
-839873
-837881
-833844
-831889
-827888
-823984
-821683
-801706
-800390
-799756
-791231
-779592
-779555
-778176
-775764
-772693
-769737
-766174
-761377
-749982
-746411
-741101
-740166
-738702
-735113
-734464
-733640
-731572
-730307
-726977
-723506
-719966
-719291
-714587
-714005
-713823
-706447
-703664
-700274
-697524
-696782
-689095
-684209
-683891
-680026
-666248
-663033
-658820
-657919
-657477
-655363
-651231
-650142
-649864
-649753
-647126
-646342
-645583
-641629
-641135
-639417
-637199
-634949
-633368
-632468
-628946
-617481
-614129
-609668
-609531
-608920
-608767
-604374
-599807
-599501
-597452
-595100
-594535
-576426
-575141
-573206
-572288
-568364
-553906
-553693
-546666
-545679
-544525
-542669
-541269
-539256
-538368
-533310
-530618
-525215
-519106
-518393
-515209
-505923
-500895
-498432
-472248
-471608
-469950
-468753
-467258
-453002
-451361
-446826
-439984
-436927
-430790
-425024
-419205
-416533
-410028
-406578
-400157
-391969
-388688
-386554
-383240
-382503
-362275
-358187
-352005
-351791
-351602
-345113
-340277
-339038
-334834
-331832
-331826
-317793
-314125
-312054
-311793
-307235
-300439
-295624
-288538
-284784
-282918
-279677
-276755
-272781
-270113
-269386
-265435
-263121
-262151
-243914
-243145
-229783
-226751
-226695
-214998
-206287
-201695
-201417
-200472
-196842
-193730
-189973
-187973
-186529
-173579
-170862
-166875
-166626
-163633
-159271
-158937
-154733
-153606
-152529
-149416
-146232
-146191
-142104
-141707
-138266
-138113
-133942
-131938
-128766
-128564
-126608
-119052
-116090
-115891
-115761
-110415
-105839
-105656
-105513
-103097
-101666
-87766
-85342
-84951
-79562
-78829
-77305
-76677
-74830
-73450
-68280
-63234
-61993
-61451
-55026
-54009
-51460
-51247
-38029
-36020
-27327
-22010
-19850
-19067
-19056
-18219
-11596
-6082
-2453
-1831
1311
3377
4940
8814
14339
17231
20608
24966
25126
25743
27307
32356
44614
46336
47863
48220
49233
49777
52952
53442
64373
64452
66785
67898
69467
70687
76021
95086
104179
111533
119573
121323
125195
126150
131487
131750
133165
138153
142641
145331
149692
149831
152711
154031
154852
158056
160747
162464
173526
178128
178603
178615
184540
184592
185720
187210
192052
196002
202301
210518
219598
219698
223681
224424
226036
236465
241195
246703
248870
250722
251161
256175
257296
258497
259124
265246
265831
267031
273611
273789
274771
276349
278444
278986
280082
284702
286972
287705
293825
299177
300629
300899
316246
321848
327196
329053
332770
335839
349540
354986
356358
357692
358825
359060
359442
368210
370958
381825
384050
385833
386093
401143
405522
410007
410167
412390
420422
427554
428266
442566
448954
450301
468697
473822
475331
477463
478121
479889
483550
487239
489853
492772
497723
498114
499492
505493
507177
509052
511704
514270
515797
515986
517817
519282
523603
526151
539196
541295
542035
543589
552759
562771
563773
567404
575038
581979
583858
584184
593958
594194
597763
601118
601914
603385
603651
605305
606682
609362
612145
620930
621436
634210
635510
641935
642999
645604
646594
649153
656246
663531
664456
665726
665778
667553
668219
672410
672900
682702
686756
696206
698143
704052
707426
708684
717475
717701
733523
741511
757029
760643
763255
765782
770990
772480
773673
784433
789234
799351
799601
803831
805705
806191
809315
809552
816566
817510
820969
823221
831254
834537
847649
849320
849777
855188
855215
863159
867827
870792
876098
884461
885090
888926
889285
900127
900318
900693
905188
908278
909617
912113
915639
924578
925179
925494
933056
935258
936165
936966
940292
940339
949831
972586
974694
976457
976772
997433
1001178
1003037
1010491
1015435
1017625
1019013
1020401
1020536
1028864
1040006
1042279
1044885
1046528
1050171
1060028
1068169
1069848
1078344
1081198
1084691
1088866
1093790
1094825
1102071
1103467
1107253
1111068
1116660
1118716
1121444
1133746
1136372
1137221
1141486
1142975
1146425
1148656
1152532
1158443
1158665
1169091
1178759
1179670
1181025
1185543
1192407
1195250
1206017
1221034
1222704
1228817
1242035
1246266
1248680
1249192
1254592
1260076
1267669
1270422
1271233
1273816
1274800
1275640
1281214
1308017
1318297
1326297
1329098
1330530
1335479
1338840
1340088
1346884
1350245
1351089
1358195
1363407
1366871
1371286
1376926
1377634
1381905
1382476
1387760
1392187
1399934
1402371
1402888
1404784
1405914
1414334
1415039
1415701
1420367
1423739
1426731
1428332
1434883
1447766
1448079
1458168
1463294
1464905
1469419
1470034
1483675
1486974
1488429
1490698
1501205
1502832
1511734
1517902
1521598
1524971
1530926
1531270
1534476
1534995
1538095
1540030
1541785
1561259
1562014
1565398
1571144
1571505
1572512
1577910
1594572
1599690
1609939
1615813
1621074
1643044
1654876
1657148
1661313
1664728
1675229
1681128
1681245
1685153
1691732
1708812
1709293
1711236
1712457
1713030
1722668
1729915
1731573
1748896
1749339
1751983
1754315
1755107
1762358
1762594
1763593
1764415
1768890
1773913
1781972
1784966
1785128
1787423
1789956
1791434
1792951
1798381
1803558
1805975
1808072
1808494
1808766
1813129
1820540
1821451
1828571
1830076
1830079
1832451
1834820
1835596
1841984
1855661
1858368
1859746
1861521
1863413
1869815
1878932
1881053
1884978
1889729
1895805
1898318
1901266
1901486
1906862
1910407
1926006
1928973
1929036
1929451
1947642
1947730
1947747
1956337
1958497
1959309
1974360
1975446
1986387
1987918
1989604
1989615
1996734
