-1998233
-1987994
-1986784
-1986224
-1979400
-1975771
-1974600
-1971953
-1971643
-1971463
-1968988
-1962023
-1960288
-1956201
-1946344
-1946255
-1939924
-1937284
-1933127
-1931316
-1928339
-1925258
-1918438
-1914962
-1914957
-1912162
-1908489
-1905453
-1898049
-1893774
-1889073
-1879038
-1878287
-1866718
-1865379
-1864379
-1863171
-1861803
-1860710
-1858423
-1857529
-1856543
-1851783
-1851437
-1845871
-1843540
-1843537
-1842900
-1842894
-1838311
-1826253
-1825820
-1823962
-1822732
-1820894
-1818049
-1817013
-1814115
-1809762
-1800396
-1796514
-1789098
-1788883
-1784664
-1778228
-1775046
-1771130
-1766802
-1757552
-1754266
-1750049
-1749118
-1744230
-1742801
-1742148
-1737728
-1729629
-1722498
-1721781
-1716263
-1708818
-1705728
-1700573
-1690261
-1687665
-1687616
-1677464
-1677305
-1674067
-1673210
-1672237
-1669880
-1659047
-1654050
-1651015
-1649782
-1648015
-1644555
-1639328
-1638936
-1637570
-1625126
-1624269
-1618305
-1617581
-1614102
-1608163
-1606356
-1603496
-1600953
-1587829
-1576900
-1574567
-1570119
-1570073
-1569998
-1568839
-1567285
-1565290
-1548359
-1538524
-1535018
-1533019
-1528094
-1522081
-1519868
-1511402
-1511362
-1511147
-1510503
-1507816
-1505686
-1485729
-1481568
-1477415
-1477142
-1470304
-1463375
-1460791
-1458340
-1458256
-1456088
-1451631
-1445620
-1440412
-1432599
-1426414
-1423324
-1411483
-1408100
-1407436
-1405286
-1394873
-1393553
-1385110
-1381347
-1380872
-1373763
-1371544
-1370517
-1369079
-1367541
-1357487
-1354517
-1352882
-1352708
-1349190
-1346634
-1346400
-1343538
-1339174
-1335319
-1332629
-1331994
-1329408
-1325242
-1322911
-1322511
-1320743
-1315473
-1301048
-1296927
-1296848
-1296234
-1291651
-1290923
-1289346
-1285082
-1281054
-1279260
-1275276
-1272156
-1266563
-1236074
-1232744
-1229420
-1227872
-1227142
-1222598
-1220154
-1212258
-1208010
-1207891
-1207726
-1204588
-1204063
-1192360
-1186728
-1183072
-1180255
-1176294
-1161817
-1157958
-1146779
-1146067
-1140786
-1137357
-1131397
-1127768
-1123558
-1116533
-1112142
-1105836
-1102843
-1101470
-1093671
-1091882
-1091673
-1090087
-1089145
-1088586
-1087769
-1085665
-1081642
-1070729
-1070306
-1067725
-1064631
-1061758
-1059829
-1055204
-1050672
-1043662
-1039336
-1037159
-1033356
-1032529
-1029547
-1024192
-1020664
-1020551
-1018877
-1010475
-1008650
-1004996
-998222
-996182
-982900
-979919
-979625
-977316
-976089
-975055
-968924
-965312
-964975
-960696
-957132
-953664
-951170
-950277
-948549
-940867
-939415
-937206
-927404
-924615
-912856
-909731
-908855
-905171
-895773
-893730
-887151
-880189
-876016
-873783
-873524
-864423
-859618
-847778
-847451
-846491
-845243
-844629
-839872
-838950
-837210
-836026
-834437
-832756
-831535
-826566
-826058
-813447
-812617
-809760
-796712
-785707
-783462
-780849
-774986
-768905
-760018
-754987
-754463
-753265
-753022
-752132
-748181
-746780
-743251
-740865
-732135
-727554
-719416
-718628
-712265
-712004
-711644
-709472
-708658
-706952
-702057
-698709
-697053
-694433
-687167
-683758
-682353
-681172
-676298
-671995
-670018
-664260
-660890
-659246
-649597
-648127
-644182
-640063
-631230
-629674
-629202
-627527
-620945
-618412
-616453
-609218
-607696
-596923
-588403
-583638
-580035
-575442
-572444
-569880
-569412
-566850
-555382
-549601
-547735
-546490
-540194
-537626
-528478
-521546
-514949
-509050
-505307
-501487
-500749
-499807
-498800
-498505
-498067
-497417
-490329
-488868
-487701
-480539
-479921
-477166
-476273
-475250
-473680
-472438
-469483
-465085
-457947
-457549
-456750
-446220
-445795
-444475
-442424
-441849
-440251
-435755
-424924
-424362
-423594
-420538
-415852
-411535
-410383
-407652
-405750
-389727
-385828
-385108
-385011
-380545
-379475
-376833
-370034
-368053
-366288
-356888
-355591
-348851
-347367
-344109
-338481
-338075
-332508
-330366
-319642
-312167
-303444
-296592
-294198
-293050
-292448
-286845
-286065
-281874
-276598
-272433
-271987
-271086
-266904
-260920
-260585
-259080
-246295
-244059
-238664
-230611
-224856
-209313
-206747
-198952
-194751
-192597
-183268
-175856
-173156
-163581
-162984
-161412
-154306
-139419
-132066
-128759
-120962
-113661
-106467
-103693
-101516
-95025
-92065
-90821
-88657
-88621
-84847
-82361
-79160
-74459
-68931
-67764
-66529
-60417
-57273
-54811
-53579
-50144
-49454
-48678
-40924
-38345
-37068
-33652
-27533
-24740
-23883
1174
1364
3926
8576
9306
21676
27239
27981
33396
33543
34602
41759
46270
55545
62362
67301
73129
73286
73475
76478
79387
85940
86877
89942
95987
99918
100953
106119
106385
107287
107651
110736
115010
118291
123339
132544
133002
135141
137617
139382
145387
145836
147001
149285
156931
157812
160749
161152
176402
178260
178565
181416
187519
190028
191029
201620
205697
206102
207302
216751
228036
238269
247371
249828
254557
254655
256810
258174
260121
264749
265612
271943
274024
275928
276249
294772
297180
300909
308286
310681
313791
324088
327204
327765
328308
333633
335362
339084
344406
350326
351687
357924
358075
371072
375417
380550
381824
382961
387915
388411
392541
392949
393584
400508
401929
415380
419939
425038
429440
430744
431195
431891
434216
435486
438280
441412
445893
455340
456652
462986
468220
471533
480946
492115
492473
502266
506003
509095
520297
520382
521921
528776
537615
547440
550533
550596
551019
551365
563830
564381
564628
564970
568889
570005
573793
575080
581172
589883
593085
599433
611529
624349
625906
628924
629641
630867
637501
641203
647259
648202
652925
657564
669835
673133
673930
676715
685616
708371
713972
716002
717249
719578
721662
724728
727983
738996
743420
743638
752691
752935
755356
756288
762762
764094
768047
781660
785189
788213
820408
828012
834114
834160
834807
841063
843425
847374
859873
862923
864263
865144
871028
871993
873494
875364
876770
884671
887034
887580
890035
906044
907040
921668
931258
935107
941434
941719
948654
953809
959883
967790
969220
970151
974234
976117
979225
987107
990546
990931
1003340
1011825
1013996
1014342
1017265
1017370
1018940
1035321
1039191
1044870
1049623
1055736
1058015
1058052
1065716
1075998
1078973
1082556
1084384
1084629
1086368
1091841
1102315
1103189
1106092
1107172
1107307
1115226
1115647
1118150
1118529
1122494
1126740
1127356
1128046
1131567
1132224
1135221
1141872
1151287
1153331
1153630
1154438
1154594
1157742
1162124
1170589
1176468
1177522
1178559
1180560
1183697
1185586
1185761
1188774
1189369
1191546
1202350
1205258
1206527
1208290
1212033
1212369
1212484
1217175
1220337
1220922
1221135
1221180
1221489
1223658
1226610
1233931
1239125
1239659
1243369
1247282
1255374
1255453
1264803
1264827
1266129
1268868
1271130
1275272
1281903
1293135
1293516
1296815
1311421
1312652
1321306
1322714
1326482
1329958
1338152
1349067
1358238
1360433
1364470
1365736
1371322
1371918
1372618
1372681
1377094
1381855
1384329
1385728
1386778
1388288
1389525
1393898
1394566
1395678
1397918
1402654
1419327
1420906
1423438
1426125
1431361
1440193
1445906
1448729
1450856
1457196
1457447
1469927
1480510
1482628
1483533
1486096
1492362
1492502
1502820
1504117
1504191
1504709
1507012
1513198
1519825
1523285
1529805
1532528
1533186
1536863
1537556
1539756
1540146
1552957
1553271
1553331
1553636
1555937
1557181
1560044
1567026
1570440
1571132
1577134
1579104
1579226
1580346
1581529
1582976
1589628
1591565
1592850
1593629
1594873
1609913
1617509
1618160
1621106
1633866
1639056
1645679
1659822
1661172
1662735
1664114
1666786
1667252
1668412
1668598
1670674
1673396
1681856
1691994
1696746
1699266
1700093
1700856
1708970
1711674
1718974
1725092
1727527
1731187
1732657
1734638
1742822
1744535
1745980
1748008
1748316
1749509
1754171
1754933
1762553
1778007
1789455
1791896
1793624
1803263
1805652
1809034
1809044
1809880
1813727
1816559
1830580
1831227
1831381
1845365
1865251
1869218
1873139
1880541
1881394
1882770
1884029
1886842
1889143
1891490
1901325
1902466
1904046
1905372
1905499
1907272
1910910
1912900
1916233
1918219
1934502
1936111
1946064
1946204
1950179
1950362
1955903
1959931
1959994
1968639
1978965
1982242
1983314
1984353
1986495
1989968
1993779
1995986
1996449
1997419
