-1999089
-1996483
-1994355
-1991100
-1990823
-1987833
-1980538
-1972196
-1970944
-1963734
-1958849
-1957875
-1948551
-1944490
-1942725
-1939467
-1936159
-1934256
-1932043
-1925274
-1917372
-1911539
-1908807
-1905176
-1900757
-1896623
-1895188
-1894927
-1893937
-1892659
-1891091
-1889820
-1884906
-1884410
-1883724
-1883432
-1882081
-1877130
-1873507
-1864054
-1861313
-1850580
-1850085
-1846700
-1846355
-1841129
-1836501
-1827174
-1825738
-1821935
-1821221
-1817477
-1804629
-1795458
-1793030
-1791984
-1785249
-1784686
-1783295
-1777680
-1769019
-1765112
-1757249
-1754294
-1749667
-1747319
-1735996
-1735652
-1733025
-1732832
-1720627
-1720390
-1717641
-1715963
-1715287
-1714238
-1713718
-1697323
-1695785
-1693851
-1692418
-1691015
-1687446
-1679145
-1678885
-1678312
-1664816
-1660025
-1659421
-1656766
-1652868
-1651324
-1651152
-1649214
-1648159
-1648045
-1645224
-1636130
-1630799
-1628732
-1628642
-1628270
-1627420
-1622089
-1615186
-1613594
-1609633
-1608572
-1605964
-1602673
-1596218
-1594180
-1591177
-1582086
-1579450
-1579351
-1579085
-1577623
-1573875
-1570903
-1567516
-1565267
-1558983
-1558405
-1550987
-1540009
-1535381
-1524843
-1519130
-1510277
-1508249
-1497805
-1497723
-1493535
-1487635
-1487386
-1484239
-1481753
-1479245
-1468515
-1466961
-1465802
-1450860
-1445172
-1441082
-1438626
-1429150
-1428622
-1418482
-1409070
-1408406
-1407360
-1404623
-1400455
-1397231
-1392637
-1389643
-1384370
-1384148
-1379220
-1373070
-1367983
-1358637
-1355288
-1350844
-1349149
-1347766
-1345456
-1341775
-1329534
-1324716
-1320790
-1320107
-1315417
-1311189
-1301944
-1293440
-1287158
-1278214
-1276098
-1275438
-1268670
-1261739
-1260628
-1258376
-1255903
-1254506
-1253570
-1250598
-1242095
-1234868
-1233880
-1233472
-1231359
-1230750
-1225734
-1223780
-1221310
-1218878
-1216795
-1216609
-1206531
-1199920
-1198926
-1198150
-1197891
-1193007
-1188601
-1187620
-1186770
-1178455
-1172670
-1170612
-1165557
-1163060
-1161211
-1159294
-1150760
-1145754
-1144154
-1140375
-1134692
-1132806
-1130685
-1121952
-1120497
-1113197
-1107299
-1104612
-1104432
-1102161
-1094181
-1091712
-1089374
-1077239
-1070257
-1068922
-1065617
-1055158
-1050134
-1047064
-1043300
-1036986
-1033815
-1032197
-1031160
-1019441
-1016386
-1004428
-1003583
-1003083
-999319
-995245
-981577
-977154
-971194
-968198
-967126
-963672
-961912
-958150
-957939
-957812
-949705
-940015
-937710
-937437
-934805
-929112
-928355
-927752
-927057
-926126
-919707
-909492
-909221
-908839
-906942
-899168
-891058
-888388
-882920
-872090
-859421
-857266
-852170
-851029
-850670
-844835
-843019
-841977
-834623
-810983
-810435
-804228
-798139
-795844
-792000
-790685
-789862
-788286
-782360
-774667
-774647
-773321
-772280
-771990
-766872
-762766
-755981
-750978
-747286
-745588
-738629
-738101
-733959
-732598
-730984
-726516
-725649
-724944
-723962
-719108
-709370
-706648
-699115
-694417
-677161
-676391
-675498
-675324
-670486
-663887
-663144
-656224
-655515
-645001
-644762
-623866
-623535
-619668
-619651
-618668
-615243
-614068
-606121
-596361
-594271
-593059
-588735
-588602
-571131
-566646
-564684
-560875
-557741
-548551
-543171
-526169
-525386
-522496
-511132
-509734
-508950
-508448
-500974
-494551
-493742
-492487
-478641
-474123
-473938
-473343
-469844
-467412
-466517
-463615
-462764
-461753
-461243
-459727
-457969
-453892
-453590
-452655
-449126
-436961
-431230
-427819
-425976
-420633
-419766
-415799
-402294
-399511
-398378
-393439
-393050
-385693
-382557
-374528
-373843
-372770
-370759
-367637
-359606
-354894
-354400
-349266
-348101
-343514
-342367
-310093
-308036
-283668
-278991
-276384
-270338
-264623
-263936
-263142
-262082
-259498
-255068
-241809
-241067
-234799
-231099
-226089
-223974
-218951
-218722
-216494
-211012
-207073
-206274
-204071
-203868
-185770
-185452
-164025
-159839
-152542
-143876
-141166
-93324
-89680
-88981
-88235
-85479
-85313
-82983
-82670
-82248
-81262
-78857
-78244
-72492
-67747
-65896
-64129
-62625
-61117
-55372
-49608
-45512
-41913
-24736
-23080
-19923
-17435
-14052
-13324
-5623
-4801
862
6941
12342
14560
14798
16041
19273
29435
31613
38209
41116
44190
44399
48793
50004
51091
51783
53205
54396
61646
65070
75086
81470
85242
86138
92004
98279
102380
103338
120231
121786
123327
125875
127342
134521
137215
138368
139444
139585
139746
139895
141804
142879
143745
147253
156722
157429
162229
163643
166767
174075
182494
183604
184461
189373
189786
192196
192463
194171
198486
203458
204296
204602
209883
220186
225231
243141
243425
248890
249922
258243
259811
263263
267749
267939
268189
275510
288268
291218
294224
294781
296208
300840
302142
302429
317953
328723
330429
333755
340888
344731
344780
346288
349620
357885
368453
374916
376190
378486
379611
380216
382351
383815
385370
393159
396081
397565
397786
402803
405407
410287
412100
413358
421085
424974
425029
428222
428823
432965
434256
438908
442614
442946
445506
451679
453062
453649
454948
455919
459188
460540
466026
467180
467440
468314
469432
470021
473123
474664
478828
484997
492335
497522
499425
502100
504228
507688
511474
512773
514658
523272
524054
530244
531872
533407
534941
536437
540959
546835
547370
548333
548673
551475
554739
562940
563932
564699
566050
567752
570313
576053
576308
595855
599422
614484
619667
622579
627586
628334
630037
633177
643976
647657
647828
648055
652552
659566
678896
684305
684988
690239
690480
690490
694277
696156
697887
699285
702853
705965
716474
718606
720012
721356
722859
722930
723793
725511
730356
730866
732270
732538
734897
737186
744628
744941
747641
751545
756867
760893
764700
769670
771221
772718
775138
775683
778239
779804
783496
790351
793262
795120
795864
795898
795936
796073
796589
799377
800271
802733
810808
811126
812043
812460
815113
819149
819832
833837
834781
837258
846364
852491
856230
857983
859412
862073
866545
869995
875983
875990
876227
880397
883303
894910
895497
896164
901263
901920
903641
905152
905892
909918
911251
913900
920901
921287
923556
928333
928596
935091
936205
944313
945899
947964
953329
960176
967773
973917
975765
976001
980733
985997
987358
991653
997274
1004132
1005684
1006267
1013903
1015169
1020480
1023926
1035966
1037147
1046461
1047960
1051075
1054828
1055468
1071041
1077071
1083780
1093923
1094322
1097121
1101427
1103365
1105753
1106681
1111479
1113956
1115593
1120532
1121104
1121951
1122175
1131141
1135477
1139678
1152042
1155990
1157456
1164480
1180526
1200305
1204513
1208783
1227444
1235154
1236991
1250621
1257446
1271252
1280170
1296758
1309519
1311429
1316616
1320424
1325559
1329784
1340543
1342580
1345825
1347085
1347913
1351213
1354771
1356660
1357075
1361163
1367133
1370963
1373631
1375023
1379945
1382494
1385639
1389936
1396137
1396456
1396482
1399574
1403449
1410303
1412928
1420307
1421059
1428073
1430514
1435908
1451836
1453018
1459175
1459946
1463748
1464820
1464973
1465062
1466342
1467793
1469534
1474027
1475602
1476325
1477670
1478250
1487563
1489091
1489256
1490559
1492218
1496238
1499602
1501642
1506098
1507555
1511071
1521701
1525898
1528417
1531345
1531515
1536972
1537783
1538610
1538704
1540770
1549364
1550373
1550506
1556406
1557687
1557744
1561881
1576189
1578727
1580982
1585754
1593079
1593600
1594570
1594970
1595402
1595525
1608649
1609906
1610745
1617270
1623631
1623713
1627496
1627801
1628539
1630517
1640734
1642368
1645555
1655512
1660542
1662270
1666010
1666367
1672730
1677937
1677938
1680857
1685937
1687879
1696019
1696455
1705224
1708339
1710075
1710424
1713099
1715131
1716747
1727535
1728347
1740918
1749830
1752269
1758780
1761593
1770075
1772080
1777005
1786062
1790663
1807846
1810913
1831999
1832456
1840897
1843474
1844223
1845905
1849297
1850776
1866451
1869874
1872127
1873237
1879929
1881660
1881700
1883614
1885947
1886443
1886458
1889559
1889799
1901802
1903522
1905637
1906422
1913057
1913868
1925664
1926777
1927955
1931470
1932604
1936121
1943990
1947354
1951091
1952520
1967629
1971747
1973901
1981839
1983418
1996228
1999655
