-1992768
-1991973
-1991546
-1991513
-1988618
-1988133
-1984220
-1983169
-1968007
-1967853
-1967032
-1966644
-1966481
-1964333
-1959211
-1954292
-1953770
-1952004
-1950633
-1949444
-1946113
-1944295
-1939810
-1939353
-1934779
-1933360
-1926596
-1926576
-1926418
-1925285
-1924385
-1923971
-1917481
-1916996
-1915802
-1913977
-1912985
-1910123
-1902225
-1899244
-1894646
-1891512
-1886503
-1885770
-1880144
-1879789
-1877182
-1874453
-1874281
-1873355
-1871459
-1871181
-1871029
-1870815
-1870760
-1865960
-1853897
-1853082
-1849420
-1849094
-1846750
-1845747
-1831567
-1829277
-1824463
-1823695
-1823391
-1819305
-1815686
-1815397
-1804842
-1800357
-1799872
-1796698
-1787913
-1779520
-1770849
-1769346
-1767759
-1765749
-1760186
-1755043
-1754035
-1744419
-1742080
-1737527
-1737444
-1730535
-1730060
-1728500
-1723834
-1719675
-1719652
-1706392
-1704385
-1700344
-1695807
-1694808
-1692042
-1684976
-1681755
-1680923
-1679211
-1664149
-1663392
-1662274
-1661851
-1659937
-1658765
-1651543
-1647431
-1645381
-1637503
-1626256
-1623010
-1620150
-1619527
-1613559
-1613106
-1599052
-1590410
-1589590
-1587785
-1583475
-1578567
-1570534
-1567398
-1565086
-1558203
-1553530
-1547596
-1528428
-1518818
-1516940
-1509394
-1508298
-1505664
-1504657
-1499881
-1494496
-1493930
-1493328
-1492365
-1491380
-1491243
-1489864
-1482377
-1481627
-1474591
-1471435
-1470357
-1464548
-1459385
-1457437
-1453718
-1449945
-1447879
-1447494
-1440791
-1423177
-1422448
-1421705
-1416873
-1413641
-1413036
-1412411
-1405674
-1403026
-1395655
-1393565
-1388589
-1387352
-1386484
-1386374
-1380887
-1373151
-1371640
-1367153
-1359075
-1351309
-1350743
-1347893
-1339830
-1331275
-1329144
-1322213
-1318243
-1316496
-1315388
-1305263
-1301715
-1301672
-1298698
-1298370
-1291595
-1291474
-1286903
-1277046
-1274739
-1273400
-1271765
-1261305
-1260308
-1258758
-1245622
-1238554
-1235325
-1234348
-1227407
-1221116
-1211061
-1206512
-1202335
-1184015
-1181081
-1162960
-1159698
-1158206
-1158113
-1151027
-1150263
-1146115
-1145771
-1143721
-1142564
-1138292
-1127921
-1127793
-1123351
-1116643
-1113401
-1102935
-1101675
-1096321
-1084633
-1084258
-1082472
-1076251
-1070255
-1067985
-1061355
-1056490
-1055203
-1055140
-1054222
-1052825
-1046159
-1043736
-1039970
-1039448
-1023220
-1018411
-1017173
-1011881
-1005701
-1000827
-998126
-996099
-989958
-986089
-983853
-983033
-976911
-976896
-975014
-974473
-971509
-971508
-968993
-965498
-961948
-956443
-951258
-943554
-938973
-935022
-934922
-930260
-916716
-914042
-905564
-901138
-899497
-895425
-891713
-883829
-882154
-873906
-871901
-864505
-864006
-860789
-860371
-859030
-857199
-851771
-843843
-843305
-840992
-838575
-830660
-829754
-829238
-813832
-811672
-810089
-801426
-799529
-795175
-790873
-785839
-777700
-774583
-771994
-766091
-758195
-745386
-735463
-729996
-718228
-714278
-714264
-714201
-706413
-703870
-701911
-686930
-686833
-684535
-683704
-683153
-682134
-681860
-678057
-673454
-673104
-670327
-664770
-647348
-646832
-643500
-638811
-638378
-627870
-626864
-616712
-613484
-613383
-613169
-608028
-606432
-602503
-599981
-595367
-593650
-593165
-580068
-578841
-575557
-567164
-566841
-551128
-550234
-549705
-548385
-547102
-542636
-536752
-533901
-529629
-529086
-528360
-527212
-525982
-525532
-524947
-521084
-515936
-511470
-507555
-507224
-501395
-499616
-498919
-491217
-484591
-479677
-471311
-468106
-458089
-455105
-450250
-448466
-445202
-442473
-441801
-441609
-440625
-437997
-437696
-428197
-425853
-417968
-413809
-393498
-391608
-391377
-388742
-385747
-380214
-380182
-366121
-362162
-358895
-357198
-355062
-354426
-353848
-352251
-345780
-344795
-340823
-340255
-323193
-315846
-312090
-311858
-308100
-307879
-305381
-296960
-295553
-293369
-292992
-286702
-278268
-276467
-276461
-271609
-270552
-268930
-267311
-264175
-264064
-261247
-258607
-255083
-252256
-252191
-248213
-246886
-245277
-228604
-226619
-224571
-216783
-216042
-214848
-214558
-210538
-208998
-208822
-205915
-196248
-192654
-192280
-190560
-190485
-184586
-184199
-176984
-174393
-173687
-167417
-163487
-162330
-161505
-160517
-154782
-150670
-147642
-144794
-143710
-143460
-141793
-136850
-128065
-126190
-120846
-120654
-110496
-100111
-96566
-95022
-93262
-82394
-80106
-75171
-57727
-47448
-43838
-32686
-25136
-23677
-21254
-19386
-15651
-11009
-1520
5062
5518
6223
9669
14879
15808
18952
21469
22969
22979
27247
30442
47208
47892
48119
49304
50220
52606
53864
56580
65547
66588
70331
76319
78424
79066
82337
82696
83478
88782
93342
95461
97063
97528
100851
112372
119021
121641
121713
124695
126992
127360
128215
128779
135170
145715
150788
159120
166075
166643
168612
175782
181173
183452
188969
189626
193568
194893
197050
204383
209081
210991
214290
214446
214634
215473
216132
231433
232546
240437
241130
243030
244413
245345
248127
250266
257603
258042
259910
262621
263202
264273
266703
268988
269588
276736
282282
289460
292367
310544
311484
319581
324721
337701
340408
348421
362391
366768
370312
374219
383448
400153
401035
401440
407732
418575
429542
432649
434673
435227
449061
454978
456260
457403
458989
466518
476378
480859
486871
488241
493356
494616
496215
503454
505050
523014
523771
524525
524887
533796
536218
539724
541490
542062
549501
553281
554805
555479
559062
560682
563482
581057
581486
589814
591817
608055
610178
610715
613775
622434
622507
625326
626636
629505
637864
640907
642189
646260
649818
652413
659445
665473
666868
675359
676217
677230
677997
680500
681193
684765
685529
694769
695214
701072
715945
716093
721931
725852
730834
733277
736334
742691
744887
752516
756971
771269
773296
775015
775102
776173
776205
782169
782521
783273
796135
798277
803373
808983
810494
811292
812311
813058
813483
815669
817999
818298
820444
826038
828317
834906
836694
839484
845938
846647
848736
850579
851863
856011
863161
874192
884519
888027
891841
891967
893754
898494
902042
902269
915337
924222
924854
927537
931176
932029
934974
936161
942657
943191
944608
945811
949857
951930
952242
952327
966132
967973
977388
982527
982789
984941
985109
999123
1000388
1006946
1020987
1023731
1028483
1039335
1039835
1039916
1044225
1045951
1050075
1053072
1060637
1061141
1061403
1073486
1075439
1077103
1077512
1083366
1087029
1091857
1095204
1096723
1100860
1102173
1102859
1109612
1111038
1113713
1118935
1122836
1123613
1123934
1131547
1152013
1155378
1156484
1158021
1169944
1175146
1191079
1193376
1207230
1208239
1208599
1212836
1216724
1218332
1219199
1221388
1230026
1233030
1234126
1241650
1244292
1244647
1248070
1250462
1255243
1256133
1257850
1261392
1267099
1271685
1277775
1278858
1281236
1281880
1286705
1289866
1293720
1294086
1297852
1299973
1305670
1311648
1315669
1321158
1321250
1321361
1336862
1339613
1347462
1351372
1355378
1358171
1370511
1371653
1377685
1379179
1381281
1383833
1387688
1391405
1395866
1396342
1398711
1400015
1401212
1401726
1404287
1410730
1417408
1418890
1423000
1424422
1439908
1454904
1455279
1462308
1462818
1463400
1465101
1471916
1472060
1475954
1479048
1481838
1484165
1491803
1498381
1500120
1502939
1504312
1507782
1511219
1515581
1515836
1518246
1520328
1523767
1542447
1544832
1546787
1557080
1561026
1575490
1585636
1589760
1591645
1598175
1600354
1603157
1603398
1620293
1620817
1620828
1621394
1629144
1631180
1631316
1634118
1638950
1639081
1642008
1642897
1645534
1650782
1652679
1654529
1658550
1659208
1661950
1666993
1685424
1686743
1691012
1692272
1695314
1703087
1705601
1711621
1720508
1721290
1724049
1725720
1747503
1748050
1753985
1754184
1762970
1763684
1768365
1770274
1774548
1778869
1782703
1785895
1793890
1796802
1800581
1800771
1803915
1805551
1806559
1808225
1808328
1808797
1814199
1824263
1824977
1825483
1838629
1849837
1857442
1858771
1868294
1879685
1885989
1890243
1892635
1896915
1901194
1905174
1907185
1909935
1911896
1918106
1919526
1921159
1925245
1930512
1933033
1937742
1939342
1945649
1947404
1948050
1948479
1959069
1965467
1970692
1971687
1978618
1985221
1992889
1993786
1999109
