-1987120
-1985932
-1982964
-1982717
-1978063
-1966054
-1957828
-1955349
-1955061
-1952033
-1945213
-1943680
-1928233
-1924640
-1917152
-1909298
-1907274
-1886213
-1884927
-1880684
-1876343
-1874979
-1873947
-1873813
-1865551
-1861041
-1858233
-1857583
-1840911
-1838028
-1833958
-1826702
-1813678
-1813321
-1810563
-1805493
-1803109
-1796566
-1794628
-1789113
-1787897
-1777701
-1777342
-1773510
-1762940
-1760277
-1760257
-1759649
-1755851
-1754001
-1753891
-1753646
-1751002
-1747536
-1740106
-1736213
-1733747
-1732309
-1725810
-1723036
-1712691
-1709011
-1708796
-1707945
-1705609
-1698949
-1694552
-1692564
-1683241
-1678651
-1676488
-1675852
-1674114
-1672132
-1667616
-1664778
-1660284
-1655099
-1654254
-1649761
-1648969
-1648753
-1641417
-1637602
-1627576
-1626105
-1624076
-1614593
-1599286
-1590750
-1581518
-1580177
-1576203
-1576190
-1565725
-1552544
-1534947
-1533732
-1533388
-1526143
-1523837
-1522230
-1517540
-1516756
-1515772
-1511737
-1510161
-1507105
-1501305
-1495606
-1493512
-1489913
-1488520
-1488349
-1486520
-1486449
-1471931
-1468018
-1467226
-1457431
-1450512
-1446274
-1423516
-1419488
-1415437
-1413218
-1412107
-1404663
-1401868
-1396938
-1391859
-1389133
-1380926
-1379588
-1377984
-1377389
-1375971
-1373514
-1360333
-1360225
-1356521
-1354952
-1340629
-1340058
-1337102
-1334180
-1329093
-1325441
-1325402
-1322182
-1317432
-1317110
-1316974
-1307119
-1306834
-1292282
-1291033
-1289340
-1285673
-1270001
-1269111
-1268522
-1250869
-1249054
-1246149
-1241353
-1238845
-1235511
-1232755
-1228910
-1228644
-1225534
-1216887
-1203494
-1202363
-1200962
-1198093
-1194635
-1192661
-1192483
-1190508
-1185915
-1181317
-1165389
-1160866
-1159721
-1159009
-1156303
-1155982
-1154214
-1138407
-1138061
-1128947
-1125985
-1124819
-1122380
-1113302
-1107033
-1105941
-1099468
-1097631
-1096423
-1094715
-1090952
-1087228
-1087052
-1085366
-1081991
-1071485
-1071279
-1062912
-1060150
-1041631
-1031825
-1026202
-1021580
-1016835
-1014280
-1006570
-1005822
-1005405
-1004158
-1000281
-999324
-998969
-990359
-990024
-989301
-987005
-986824
-979969
-977426
-977228
-976847
-973043
-972429
-967132
-966996
-964444
-963831
-961216
-960179
-954605
-951873
-949966
-947521
-945441
-941194
-935102
-932460
-931423
-929806
-925479
-924834
-924651
-924414
-923722
-922911
-921648
-912745
-908411
-908388
-907997
-896178
-895636
-890546
-889868
-887177
-884618
-883157
-870617
-864747
-859989
-857616
-857323
-851829
-850333
-835196
-834051
-828553
-819548
-816922
-816079
-813844
-810239
-807494
-802746
-800518
-800014
-799575
-797229
-792595
-785505
-780088
-775710
-768440
-764951
-759879
-756773
-754871
-753743
-751757
-749214
-747078
-738523
-731706
-729392
-726859
-726258
-724730
-724539
-720255
-718652
-717943
-708794
-708081
-705507
-703976
-702280
-695514
-694589
-693274
-689990
-677559
-672328
-669128
-663098
-655459
-648018
-646169
-644907
-644605
-644439
-640884
-633355
-631728
-630014
-625759
-625508
-623197
-622516
-619774
-599429
-599415
-596703
-593731
-593118
-592324
-586694
-583661
-582054
-564773
-561227
-548801
-548486
-543701
-543227
-535175
-529563
-518489
-499847
-498798
-498720
-497046
-494937
-494166
-485056
-483655
-480412
-473048
-472620
-472318
-460171
-459711
-451102
-445182
-433444
-428134
-421633
-418495
-415934
-407820
-405420
-404058
-399911
-398385
-397639
-388901
-388377
-386531
-386370
-384939
-384447
-381801
-381433
-377876
-375040
-373015
-370976
-364622
-359068
-340324
-337945
-331956
-329454
-328614
-325738
-323329
-319404
-317235
-312594
-307465
-303558
-300361
-299360
-293803
-289933
-286991
-282794
-280535
-278817
-267407
-267021
-266712
-262204
-257054
-255883
-252135
-247447
-245869
-245670
-223699
-220984
-213066
-207419
-204477
-204230
-202029
-193355
-181451
-181289
-179193
-170393
-166038
-165602
-163698
-160373
-157547
-150910
-148852
-146220
-135853
-134889
-133194
-133085
-122581
-117653
-111559
-105789
-103516
-97180
-96545
-94684
-93861
-88171
-83941
-75260
-74160
-72392
-71935
-71288
-71159
-66912
-56648
-55217
-54151
-53557
-52826
-52645
-45120
-44111
-42810
-42106
-41027
-35585
-30973
-25841
-25485
-20644
-12019
-3026
-935
3872
8268
19200
25150
31766
34906
49762
59912
63768
67237
67766
69711
73417
77736
78960
79383
82086
84404
87343
87532
88409
101819
104707
107130
119632
119862
122494
126894
132536
136252
140783
140783
141320
143937
150125
153407
154844
157754
170988
172060
177351
179036
180112
180114
186043
189967
190742
205554
206796
210958
213434
214550
215524
217921
219140
219273
226355
230251
237264
241026
249558
257278
257734
258639
260810
267962
269593
276597
282610
294796
301083
307336
310917
312107
313764
319272
323913
337610
343597
348324
351903
358016
362163
375615
377216
380736
383438
384090
389113
389393
397315
398281
399280
400824
401203
401442
408417
408990
414239
418806
418922
419183
427582
431272
433205
434632
437804
439068
440946
468074
468099
469667
484973
486045
503508
517008
519480
522393
524264
525307
525724
526565
528327
529807
531308
533191
535305
537556
542734
543087
544266
545240
547414
548039
555431
559891
561120
562881
564017
577125
578142
581430
587054
589226
594302
596262
597858
602648
605720
606729
614170
622723
623272
626393
630398
633644
638257
645798
652844
655880
657510
667734
672331
673018
677064
683180
683345
685105
690070
693582
695950
699044
700498
700582
704489
707620
715312
715979
726102
730325
736498
743162
745487
746331
753305
757689
760218
762288
767506
776356
790819
795958
801085
802272
809640
809712
821285
824094
825447
826376
834987
838848
841215
857113
859298
859926
865969
866734
874006
874690
880430
880823
886398
887756
890444
892123
893649
895401
896615
896870
898370
908367
910814
914452
915793
916737
919669
926659
928030
933186
954346
957120
957398
958875
966684
967106
967156
974351
980712
982089
982560
983558
989848
990163
990885
1003357
1006243
1013503
1014127
1018095
1024659
1025667
1027069
1031979
1032395
1036133
1042466
1043269
1050711
1051339
1052001
1052317
1054583
1055271
1056493
1071934
1073018
1074458
1074716
1075128
1077896
1088672
1092080
1099049
1105411
1105784
1106759
1113544
1119821
1121349
1132030
1141850
1148540
1154921
1159671
1159806
1171437
1175688
1177158
1178348
1178533
1191211
1196929
1197084
1206063
1206617
1212978
1215709
1216332
1219424
1221138
1224881
1225459
1226684
1229804
1232622
1238727
1239557
1240902
1249300
1254895
1255465
1255944
1257316
1261622
1265050
1271731
1274701
1280991
1281370
1287409
1287710
1293358
1304592
1313983
1314152
1315051
1317340
1318384
1319194
1326223
1328542
1333846
1343251
1345109
1352316
1353265
1354525
1360746
1364615
1371715
1373451
1376097
1377184
1379516
1380097
1380275
1381786
1384504
1385678
1388670
1390172
1391786
1392543
1399697
1405254
1425174
1429907
1430284
1443661
1443947
1451042
1452476
1453895
1463078
1463926
1466390
1479719
1485799
1490743
1491094
1491849
1492516
1495902
1501153
1509923
1515435
1517392
1524152
1524363
1529505
1538525
1538710
1548121
1549125
1550080
1551912
1559115
1560277
1562783
1566718
1568338
1571579
1576906
1578124
1582449
1594727
1595089
1596145
1596625
1597121
1601187
1605202
1608717
1611676
1612362
1612424
1616216
1617093
1619896
1635681
1638390
1640647
1643465
1645205
1646677
1648663
1651639
1659419
1662481
1663312
1684589
1687528
1701411
1701761
1708059
1709950
1711407
1723160
1727362
1737031
1739272
1740859
1742347
1742423
1742571
1744944
1752535
1758907
1761488
1766310
1771329
1780718
1780865
1785275
1795691
1798058
1800059
1802899
1804409
1806288
1806552
1808903
1817192
1819078
1819712
1825203
1831869
1833196
1841858
1844581
1847768
1852798
1853720
1861360
1861407
1869067
1869470
1874247
1874492
1874996
1877261
1877289
1882774
1889854
1899692
1901450
1903147
1905201
1906612
1907205
1907675
1911536
1920425
1923333
1927247
1927889
1928140
1944478
1949932
1951365
1953478
1954327
1958378
1958834
1963259
1965101
1971126
1971569
1971840
1974520
1975699
1983994
1984498
1985768
1992618
1996773
1996876
