-1999165
-1990060
-1980124
-1963628
-1962891
-1961872
-1960271
-1950565
-1943362
-1943278
-1937834
-1936537
-1936123
-1928774
-1927068
-1926974
-1924597
-1923323
-1921891
-1921884
-1921133
-1920608
-1919154
-1913882
-1908713
-1907653
-1905120
-1904543
-1903895
-1901779
-1900291
-1898794
-1895771
-1894137
-1889459
-1887229
-1880308
-1879577
-1878768
-1863923
-1855936
-1855916
-1854256
-1852950
-1850319
-1837771
-1828509
-1826946
-1822091
-1821129
-1820364
-1820090
-1814857
-1808078
-1807569
-1790736
-1788708
-1788124
-1786816
-1771973
-1763149
-1762061
-1761095
-1758880
-1757705
-1751318
-1748333
-1739918
-1739053
-1728345
-1724909
-1724661
-1719048
-1718064
-1714308
-1712238
-1693027
-1686180
-1684444
-1676562
-1675162
-1674109
-1673664
-1664089
-1659083
-1652587
-1650785
-1650778
-1646484
-1641666
-1638948
-1631111
-1629653
-1629247
-1626412
-1626217
-1624690
-1622535
-1614752
-1613465
-1612421
-1609978
-1607946
-1606379
-1605249
-1600544
-1597001
-1595268
-1588216
-1586709
-1584218
-1562643
-1557314
-1550442
-1550331
-1545906
-1540055
-1536309
-1533484
-1532414
-1531472
-1529284
-1523248
-1522745
-1520301
-1509549
-1505256
-1487857
-1486952
-1484040
-1482334
-1478073
-1470365
-1465472
-1461983
-1457156
-1450531
-1448213
-1447003
-1440466
-1440205
-1435073
-1431396
-1430835
-1429342
-1429321
-1427278
-1423448
-1419773
-1419514
-1413535
-1407457
-1407348
-1399589
-1395850
-1392888
-1392289
-1389752
-1388786
-1387850
-1386517
-1386438
-1382012
-1376919
-1372252
-1368771
-1364863
-1356011
-1342075
-1341247
-1337858
-1334623
-1330530
-1311088
-1308586
-1302458
-1296974
-1295203
-1280959
-1279130
-1278310
-1277285
-1272900
-1271895
-1268722
-1263270
-1261387
-1252555
-1252175
-1250853
-1250573
-1248493
-1242964
-1236466
-1234117
-1233260
-1232565
-1231603
-1230461
-1226802
-1225769
-1225582
-1224356
-1218297
-1217607
-1215521
-1208189
-1199603
-1195721
-1193837
-1191562
-1190738
-1187597
-1187504
-1183574
-1178516
-1161364
-1151165
-1145886
-1144310
-1132745
-1127028
-1125466
-1124746
-1121577
-1113145
-1111040
-1104745
-1095411
-1093827
-1082047
-1077209
-1071749
-1071653
-1068044
-1065002
-1057542
-1051595
-1045312
-1044938
-1043670
-1039648
-1037447
-1035870
-1033214
-1028900
-1027483
-1026435
-1024011
-1023905
-1021089
-1020772
-1014419
-1013488
-1012014
-1009186
-1000575
-995112
-985901
-979771
-977859
-974824
-971621
-953686
-946096
-943064
-931649
-929935
-919919
-916427
-897031
-891444
-889888
-885023
-884419
-880816
-877598
-874673
-866899
-862734
-862414
-860163
-857471
-848208
-842381
-836467
-830830
-828690
-828478
-825446
-823515
-822210
-821507
-820100
-818016
-808662
-805233
-800636
-799557
-786361
-785022
-782508
-780388
-776741
-776141
-774021
-768921
-758695
-756107
-752176
-748431
-743112
-742219
-735847
-735582
-734806
-725530
-718661
-718443
-718253
-717439
-714733
-713646
-707574
-705197
-703420
-699814
-696121
-693990
-679918
-678212
-675106
-675016
-674625
-674247
-672771
-670959
-667418
-662461
-660142
-656657
-648134
-645231
-644996
-641701
-637724
-623277
-622696
-619606
-619337
-615516
-613804
-611314
-610290
-605398
-597978
-597772
-589391
-586797
-583475
-578351
-576905
-570680
-568680
-566731
-566560
-564023
-561598
-556955
-553841
-551814
-546949
-537800
-537473
-533761
-526655
-525276
-520677
-518661
-509555
-501213
-493613
-492018
-491653
-490940
-489949
-488256
-486525
-476649
-468246
-466259
-455231
-454420
-450608
-448698
-447898
-437562
-435453
-430733
-422243
-415988
-413657
-412935
-412475
-412271
-408088
-408003
-407071
-405977
-404056
-392310
-378001
-374960
-361742
-361665
-356189
-352717
-340903
-338463
-337797
-335528
-334010
-326967
-325578
-321359
-313995
-309477
-309301
-308997
-308257
-306256
-304803
-300137
-297823
-294213
-286977
-286012
-285429
-280136
-279433
-252655
-249161
-248487
-247374
-246181
-238948
-226124
-217935
-216883
-215757
-215216
-212463
-209697
-200249
-199686
-197462
-192989
-183470
-182751
-182328
-174925
-172835
-172785
-171763
-167771
-167457
-155609
-154605
-153990
-152074
-151834
-149050
-144462
-144454
-133781
-132411
-128306
-128055
-123786
-120334
-114468
-113661
-112526
-109731
-99263
-97948
-97608
-85712
-82024
-78145
-68233
-58452
-52733
-51443
-47828
-46642
-44834
-36925
-28197
-27216
-21621
-19761
-7826
-4877
-2773
-2365
16703
21089
23868
24296
26938
36464
45457
48937
50215
50234
79371
82502
85559
92880
96323
101995
105371
110934
113150
122011
129400
139285
145037
145733
149087
153468
164130
165865
177889
179820
180219
185909
186180
190256
191308
191442
196757
200181
204831
205048
207386
227790
231003
237136
237963
245606
245704
246430
254551
254838
255054
266369
268059
271011
274817
274828
276131
279341
281974
285907
288512
291333
297116
304074
306039
310384
316209
316212
318505
330179
330333
334806
336300
350059
352318
355375
357246
357475
357529
363806
364339
366179
367871
373552
380533
381757
383933
389474
391351
394423
397646
400941
402619
405367
409065
409557
411382
412614
417070
418176
419438
420238
433333
433956
436734
438569
438665
443682
454918
459188
461870
464136
468278
469718
471523
474495
474618
476393
477537
482008
483683
484816
488501
492981
493674
494159
509681
511252
512738
516184
516217
516370
519445
520601
521151
541759
542335
544734
545081
566146
570996
585668
589494
594043
594964
601415
612190
613989
625185
629102
632924
633284
641601
642819
644650
662040
662107
663542
664083
670496
676809
677307
683099
686289
690779
702457
716327
717694
718124
722161
729244
729316
740679
741712
743376
743447
743901
751109
759912
764344
765920
768915
774361
785833
787338
795528
803287
813675
813749
818238
818642
822323
825060
825411
828679
831533
834970
835332
838839
839590
847389
853382
861273
862154
866452
868463
868732
876657
881882
891068
895476
897081
901660
909590
916320
920914
921587
923268
924795
928670
928829
929707
930556
940375
950264
955104
958842
963288
963441
966790
977257
994591
998378
999480
1000558
1002522
1006597
1010910
1017020
1022026
1024401
1030045
1030488
1031334
1034861
1052376
1060804
1062015
1066884
1069537
1076684
1081257
1081542
1083072
1085941
1091510
1098861
1099754
1101431
1102034
1104812
1109200
1109626
1111748
1119443
1124693
1125752
1130670
1135851
1137558
1139866
1141087
1149317
1161949
1162712
1163510
1168079
1169838
1172068
1172368
1172633
1173075
1173871
1180087
1188276
1189160
1201254
1203376
1204544
1205834
1206648
1208512
1209040
1213222
1215510
1226235
1226426
1233725
1236997
1248229
1252588
1252977
1260168
1270738
1273744
1273749
1276885
1278572
1278918
1283344
1286861
1290093
1290623
1291860
1295992
1296005
1305510
1310035
1319500
1323155
1324689
1332563
1336214
1343906
1344590
1350238
1356736
1362608
1374927
1376165
1378897
1383223
1385977
1387925
1398240
1402793
1403174
1403694
1405743
1415748
1417379
1424272
1425135
1434702
1435533
1436407
1453009
1454657
1467704
1476821
1484610
1495806
1496646
1500181
1504077
1505306
1509633
1510104
1512609
1516379
1519038
1528010
1532318
1533462
1539380
1541855
1545884
1551899
1560654
1577655
1578514
1585175
1585839
1586119
1586238
1590918
1594448
1594918
1607136
1610002
1614870
1615225
1616195
1621890
1632007
1633467
1637429
1643869
1647672
1648174
1649403
1651513
1655207
1664144
1671975
1672625
1673892
1677697
1680417
1681163
1682900
1683484
1683876
1685843
1686484
1688407
1690259
1690892
1695370
1710944
1714616
1730542
1732223
1732480
1732610
1746750
1749671
1750211
1750250
1753737
1753829
1754045
1760304
1760936
1762313
1764129
1768364
1772793
1776584
1783227
1785744
1786358
1789982
1799289
1802864
1804533
1806926
1806958
1808725
1810850
1811476
1813648
1816243
1818994
1820276
1822302
1828277
1830346
1834290
1835959
1837114
1839551
1841853
1842942
1847584
1850832
1855874
1859697
1860611
1861010
1863401
1870180
1870968
1873175
1878376
1881541
1882079
1882787
1883523
1885131
1894646
1894728
1900231
1904726
1904755
1908473
1912248
1913204
1918135
1926057
1926896
1927364
1943809
1947530
1957257
1958224
1967281
1969887
1976049
1978337
1979495
1982526
1988335
1993003
