-1991869
-1991272
-1988823
-1986616
-1986068
-1977808
-1977240
-1976623
-1969654
-1968168
-1960919
-1960316
-1942541
-1940809
-1936975
-1935060
-1932785
-1931513
-1931364
-1925399
-1923266
-1921367
-1895984
-1879562
-1878053
-1877860
-1875788
-1875769
-1873920
-1871904
-1870669
-1869972
-1863403
-1856630
-1855291
-1851181
-1849168
-1848161
-1844390
-1840245
-1838072
-1835924
-1829403
-1828999
-1823536
-1821796
-1821397
-1817198
-1805518
-1805209
-1802320
-1797548
-1797150
-1794193
-1793688
-1793231
-1791604
-1786739
-1782687
-1781985
-1781889
-1778138
-1773324
-1770175
-1770150
-1769034
-1765094
-1763371
-1756999
-1752111
-1739458
-1739336
-1738255
-1735635
-1734140
-1728433
-1716511
-1715686
-1715223
-1714186
-1713578
-1706561
-1705256
-1703969
-1701773
-1691043
-1687553
-1686575
-1685558
-1684428
-1683015
-1678044
-1675567
-1673049
-1663177
-1661965
-1661132
-1659697
-1659583
-1640640
-1629376
-1623502
-1622107
-1620752
-1615877
-1613068
-1602815
-1598973
-1592698
-1591714
-1581929
-1580992
-1578854
-1578154
-1571753
-1550304
-1549003
-1547525
-1545403
-1539668
-1539090
-1538338
-1534995
-1530509
-1524564
-1522501
-1517720
-1513772
-1511457
-1510375
-1510138
-1502410
-1498236
-1497485
-1494344
-1482693
-1479266
-1478945
-1478672
-1478179
-1472231
-1465569
-1456294
-1453093
-1450638
-1450182
-1449660
-1449475
-1443768
-1443312
-1434834
-1429308
-1425249
-1422841
-1422015
-1420887
-1416894
-1416307
-1401035
-1400790
-1400551
-1393668
-1392649
-1388473
-1383442
-1380824
-1379048
-1368871
-1366939
-1363939
-1360510
-1357195
-1353992
-1344904
-1338399
-1336394
-1336093
-1336000
-1324569
-1323669
-1323241
-1320978
-1318189
-1307278
-1300744
-1300721
-1296715
-1289645
-1286293
-1285385
-1280735
-1279480
-1278976
-1271927
-1267287
-1264878
-1261973
-1257485
-1254580
-1252729
-1243630
-1243069
-1241272
-1240761
-1237729
-1235564
-1232385
-1226103
-1222148
-1221249
-1218508
-1217546
-1215142
-1213129
-1213092
-1210112
-1203124
-1202721
-1200581
-1192145
-1191760
-1188226
-1185925
-1185750
-1183236
-1180998
-1174938
-1158356
-1157573
-1152952
-1152631
-1149232
-1143625
-1139266
-1132098
-1126760
-1122962
-1121496
-1116409
-1114293
-1113733
-1106024
-1103470
-1098314
-1095273
-1090316
-1088779
-1087108
-1087038
-1084554
-1083137
-1072619
-1067113
-1066959
-1065079
-1060537
-1057805
-1057523
-1054990
-1051845
-1045754
-1034283
-1032746
-1029081
-1026011
-1025315
-1024163
-1021964
-1020021
-1019291
-1016750
-1007955
-1007181
-1003812
-1001705
-1001020
-994876
-989414
-988384
-972991
-970861
-967617
-964083
-963954
-963054
-955570
-951921
-948580
-948448
-939914
-937665
-924953
-922994
-913272
-911618
-907154
-906457
-903262
-899339
-899264
-898182
-891281
-890924
-890725
-888201
-882426
-879218
-866944
-857844
-853556
-847669
-842722
-840713
-832066
-825799
-820226
-815078
-811953
-804942
-802752
-801688
-796288
-794276
-794118
-789633
-785561
-783591
-772373
-769908
-769706
-765862
-764345
-763987
-762715
-761231
-760328
-753403
-751024
-747907
-743864
-735648
-711562
-704109
-701406
-690878
-689859
-684813
-682583
-675028
-664983
-661126
-661067
-659665
-651127
-643567
-641641
-641251
-630910
-627521
-626620
-624840
-623362
-623082
-618646
-616059
-612950
-603296
-601987
-600099
-594740
-590568
-579332
-564270
-563048
-561903
-555421
-549177
-549014
-548965
-546320
-530579
-522727
-512100
-508609
-507975
-507283
-500814
-500346
-494021
-491151
-489349
-488831
-487061
-482836
-482411
-482389
-474029
-469816
-455229
-454276
-453117
-445773
-441064
-439900
-439662
-421974
-419329
-411889
-404451
-404365
-404155
-379928
-379397
-373272
-371355
-366573
-366282
-364068
-363106
-362210
-356903
-355905
-352897
-338225
-337249
-335070
-329587
-326248
-323354
-321359
-320375
-309993
-300659
-294801
-281072
-280695
-273556
-272903
-271185
-269772
-266398
-261692
-261337
-260293
-254330
-249030
-246580
-238580
-238294
-236421
-230805
-228270
-228118
-217439
-215159
-212054
-208283
-203583
-201986
-201932
-196366
-194699
-191063
-188581
-183542
-178572
-177582
-175660
-173374
-170783
-163056
-161821
-161323
-160575
-154634
-145469
-144037
-138623
-135196
-133832
-127755
-124879
-123675
-118472
-115574
-114842
-110461
-104678
-103816
-99127
-96742
-95711
-90602
-83250
-82830
-75059
-66126
-53023
-46683
-46510
-45197
-38966
-36375
-22486
-21784
-20379
-14400
-12436
3678
6170
14892
20237
20565
24357
26718
31742
36410
38459
75961
78273
81992
82038
85732
100789
101922
110546
111000
115876
118008
124797
125105
128009
131958
132889
136793
138302
138479
143662
150422
164688
172522
184619
189375
202938
207863
215869
228682
229361
231824
239908
250642
251053
258644
263373
266660
267966
289333
291749
294878
303354
309198
315975
316573
316755
317255
320203
321168
324175
329347
330141
338704
341252
342863
345049
349002
350143
350187
350831
356975
366781
367650
367818
369045
371884
377600
379177
379833
380855
381349
382346
385663
385858
386572
388009
389459
390100
390332
395645
396159
402437
404724
407473
410527
412865
414422
425651
430381
443108
443310
448579
449910
450159
450405
453065
454264
460040
466060
471210
480930
481102
482305
482693
485330
492653
495442
508191
514982
518040
521830
525692
529520
531043
538253
542071
548966
556277
558648
567994
569157
569245
571433
576293
578732
578796
580146
584541
585360
591205
593874
608863
615666
617195
625949
626027
626739
631721
631952
636182
637937
640375
642189
645842
646282
648101
661293
662395
664462
666655
670518
672485
692646
696687
697479
698099
698720
704575
713101
714788
718467
725522
731108
732486
735128
735321
738572
745982
748990
765115
767879
769089
778502
797095
798404
803884
808513
812911
815495
815986
816904
816934
816947
822483
823626
824763
825475
828676
830051
838986
840798
842523
847632
847802
851786
858988
862370
873440
877304
881840
883038
885087
891938
902499
913390
913814
919999
928789
930675
943846
948018
948764
952391
953315
957290
961277
980577
983055
983153
984904
988070
989466
991693
994362
994765
1005810
1008947
1013364
1013947
1014233
1016382
1017281
1022222
1024593
1024737
1027478
1031230
1034530
1036123
1037144
1037400
1038542
1039994
1044966
1054031
1059556
1059736
1062820
1063902
1068338
1068348
1073694
1079304
1085965
1088514
1093043
1096847
1097430
1098630
1102433
1104589
1104779
1110529
1121606
1122042
1133681
1138527
1138786
1142518
1146643
1147123
1150514
1151342
1152052
1152658
1156336
1156373
1159939
1163024
1165820
1169943
1179349
1180634
1195238
1204411
1208434
1209245
1210377
1219354
1224554
1240772
1242945
1249821
1256987
1262296
1271808
1274372
1278267
1285344
1287991
1288351
1289566
1290537
1316322
1322539
1324819
1330188
1335347
1335754
1338849
1340202
1350929
1361616
1363759
1366364
1367833
1368027
1368393
1374537
1380978
1381234
1381764
1389719
1390414
1392841
1395291
1396826
1399071
1402388
1411500
1412872
1415996
1421292
1423359
1424390
1427628
1428856
1437023
1439746
1440744
1441078
1442428
1451574
1452903
1461358
1461702
1466806
1469465
1475707
1479021
1485535
1491003
1494050
1495461
1496757
1500563
1500998
1501859
1506169
1513424
1526391
1532269
1537809
1543641
1549603
1553121
1556716
1560212
1560560
1561085
1561381
1566823
1571038
1577094
1580508
1593453
1594572
1596613
1611789
1612348
1621782
1622375
1623898
1628252
1642306
1643414
1646682
1647024
1648397
1656390
1658358
1671700
1675180
1679597
1679938
1697561
1703552
1704600
1704709
1706642
1710876
1711966
1714020
1716553
1716626
1718112
1723281
1729519
1729986
1730231
1733568
1736448
1742543
1747138
1749344
1754761
1755954
1762550
1763119
1770485
1774617
1777697
1780865
1791028
1791548
1792251
1792717
1806867
1816580
1817889
1818186
1824676
1827821
1828934
1837973
1839565
1840556
1841534
1842329
1842659
1851570
1853968
1855630
1857876
1860229
1861840
1863136
1863308
1867998
1879453
1881177
1881573
1882993
1884884
1892776
1893928
1896516
1901056
1901500
1902134
1902412
1903828
1905939
1908349
1914971
1915965
1922834
1929860
1932132
1935585
1954172
1961486
1962575
1965612
1969002
1969830
1970278
1974339
1974479
1975545
1976376
1986079
