-1999529
-1996902
-1993157
-1992723
-1979629
-1978244
-1966851
-1964822
-1964345
-1959447
-1953759
-1952708
-1938771
-1937860
-1937350
-1930913
-1929049
-1927768
-1911506
-1907953
-1904769
-1904627
-1903242
-1889413
-1887864
-1885539
-1884781
-1883787
-1883072
-1872341
-1864728
-1857668
-1857493
-1855279
-1852556
-1847796
-1842628
-1841805
-1839050
-1833006
-1831239
-1830215
-1829400
-1829159
-1820542
-1815380
-1810155
-1807109
-1799778
-1794313
-1789732
-1786987
-1784303
-1781181
-1778951
-1778166
-1778144
-1776413
-1775686
-1775000
-1753657
-1747441
-1743042
-1738965
-1730371
-1722598
-1711389
-1704632
-1704061
-1695022
-1690023
-1689967
-1678811
-1678775
-1669844
-1664899
-1662448
-1660452
-1659535
-1655516
-1652098
-1650793
-1650034
-1643978
-1639026
-1631708
-1630463
-1630321
-1627576
-1624558
-1621774
-1619217
-1617698
-1617388
-1617218
-1605177
-1600615
-1600343
-1597862
-1594129
-1586800
-1583486
-1577780
-1575008
-1574068
-1570455
-1561498
-1557174
-1554937
-1554024
-1550763
-1547121
-1540192
-1517527
-1514162
-1509121
-1507661
-1507554
-1494815
-1486306
-1485298
-1474212
-1471262
-1467406
-1466142
-1453701
-1451831
-1434261
-1433046
-1430086
-1427951
-1426073
-1424847
-1422237
-1420569
-1416668
-1415327
-1406395
-1405830
-1396652
-1395563
-1394748
-1387218
-1384967
-1380575
-1379900
-1376495
-1368792
-1368268
-1367750
-1357082
-1354343
-1353626
-1348330
-1337695
-1337547
-1326899
-1326054
-1323190
-1322580
-1319409
-1318932
-1316120
-1315332
-1312619
-1309353
-1302755
-1299179
-1291095
-1282214
-1280733
-1279280
-1276751
-1272496
-1272006
-1271387
-1268677
-1255067
-1246221
-1241958
-1240245
-1236723
-1232184
-1228571
-1228292
-1224388
-1223997
-1223834
-1223080
-1221357
-1216540
-1214388
-1213856
-1210927
-1210380
-1206695
-1201366
-1198317
-1193396
-1190749
-1189267
-1184393
-1183171
-1178998
-1166427
-1158612
-1151621
-1146402
-1144131
-1129875
-1128093
-1119474
-1114939
-1111821
-1109925
-1107453
-1104242
-1100993
-1099600
-1094929
-1093522
-1091125
-1090626
-1090296
-1090207
-1085014
-1078169
-1076462
-1073502
-1067106
-1062287
-1060363
-1058118
-1057865
-1057305
-1056203
-1054264
-1050551
-1047780
-1046864
-1046764
-1044671
-1041758
-1040979
-1030352
-1026862
-1016598
-1012689
-1012484
-1012112
-995142
-993205
-980898
-979102
-978226
-978038
-969532
-966478
-965955
-963295
-961745
-961555
-959727
-958322
-954032
-951018
-950430
-939461
-937624
-929387
-925787
-920955
-918462
-917009
-916875
-913779
-911664
-892162
-890479
-886480
-884464
-877920
-867175
-864960
-864720
-860646
-857665
-856717
-855853
-855842
-847308
-838896
-832786
-829726
-822933
-817792
-816856
-816230
-807532
-800893
-796466
-791260
-788062
-785802
-781612
-778072
-774405
-769442
-767723
-764871
-764219
-759601
-757986
-755521
-755024
-752052
-741234
-739020
-723133
-719973
-704602
-702885
-701520
-697947
-690894
-690743
-690355
-690140
-686731
-668865
-655124
-649879
-643989
-639225
-635620
-635561
-628531
-626748
-623472
-621146
-617128
-615247
-611444
-605793
-596616
-594070
-590017
-585574
-582217
-567599
-563219
-552633
-546362
-534288
-525809
-524027
-522913
-520955
-497513
-494937
-491572
-479995
-478000
-472935
-470772
-470485
-466788
-463993
-455760
-455751
-454249
-452662
-449896
-445434
-444480
-441735
-438903
-438587
-437933
-435994
-431692
-424452
-423701
-405307
-405006
-404661
-402256
-397840
-383174
-381838
-364767
-361396
-358875
-350602
-347383
-342998
-341194
-338519
-337060
-336207
-331888
-328484
-327282
-322277
-321176
-321101
-320118
-319647
-318490
-313709
-312549
-309150
-301981
-299764
-299350
-293865
-292276
-290254
-289375
-286220
-283943
-280590
-278911
-275618
-274928
-273878
-267642
-267090
-265984
-265631
-265013
-261290
-259742
-257804
-253525
-250956
-248671
-243536
-240729
-237808
-236184
-235089
-234421
-230130
-221360
-219374
-210106
-209947
-205138
-203726
-201146
-198459
-189834
-188837
-186571
-163709
-157189
-149019
-146990
-137962
-137470
-134195
-127993
-125868
-122048
-115891
-114523
-112798
-112658
-110836
-109510
-105848
-103064
-100474
-99588
-97511
-96052
-92483
-91316
-90311
-87673
-85030
-77029
-74920
-68593
-68178
-64957
-60294
-59460
-57737
-49931
-46305
-44398
-43602
-35692
-30316
-23275
-20587
-20262
-8003
2929
19677
19701
20625
23087
29295
35681
36978
41223
44382
52790
54353
62007
65093
67547
68312
70281
73139
80057
94463
95998
96053
102581
107386
109814
112646
114047
115368
115868
128125
130560
130799
133333
133948
134377
134551
137961
141443
150398
155891
158187
158377
162160
164179
177110
183093
184581
184982
188586
196999
200398
206882
210491
222380
225347
226103
226391
229319
230620
231476
235431
237250
240452
243148
245273
245460
246435
251634
255922
258805
262532
262558
278538
287958
288828
289075
294118
296755
301867
302729
304511
307962
309752
313899
314130
318594
324226
327446
330268
333610
336691
337614
340829
341797
343432
346861
347520
348163
349032
356594
356640
358068
359087
363351
363557
363756
364782
365793
366850
368470
369314
369424
371766
376603
380959
388864
393020
395255
397394
400400
401714
412982
415557
420732
425978
430636
430849
433189
435914
440123
442785
445983
446422
447207
455277
463961
465271
471728
479355
485408
499895
507247
516873
529326
532000
532283
538853
550113
561727
565784
565829
566878
567706
575689
578568
579237
584468
586316
588731
589306
593933
600526
604752
606204
606311
610434
615148
615437
618568
620833
624998
625849
629972
632280
642582
644895
647751
649653
650922
656121
657456
659324
668258
670758
675711
677103
677821
700698
710687
711179
721269
728204
730515
730658
731412
734163
735918
737155
739506
741958
743458
757467
766260
769317
770011
780560
782029
784983
790676
791632
794380
801756
813713
815326
816945
817658
821527
821804
828002
836416
836635
839764
844148
847221
849877
862601
867299
867350
867502
867820
868672
880736
897149
913312
915661
917557
919134
931326
935221
939173
949681
950248
951922
953185
953771
954090
962923
963186
967140
968360
978870
980786
982482
983347
987090
989551
989597
992325
992502
993692
1015164
1016945
1021969
1027582
1028395
1032287
1036955
1037172
1043297
1046705
1047446
1050144
1050508
1050634
1056782
1057306
1070406
1073054
1073498
1074302
1075324
1077301
1078101
1080764
1089405
1095165
1113913
1127156
1136715
1137009
1137389
1140768
1142294
1144938
1146747
1149733
1157980
1159953
1160276
1160292
1161793
1163104
1164078
1164863
1165569
1179472
1180447
1185575
1192636
1198548
1201280
1201415
1214464
1218940
1222439
1225936
1230496
1234330
1236463
1255179
1257938
1264270
1266104
1272850
1276562
1278675
1283841
1285532
1289755
1293963
1294693
1300369
1307093
1310679
1311618
1313122
1327142
1328258
1334601
1335286
1337634
1338814
1342132
1345439
1346716
1351377
1356643
1359295
1395443
1396265
1403172
1406839
1408958
1409597
1414328
1428825
1441500
1446512
1447214
1449340
1451671
1467147
1467888
1472805
1477662
1477795
1479137
1480856
1480906
1484233
1487728
1494023
1499480
1502210
1502611
1506242
1509660
1515065
1519242
1529960
1530755
1535821
1544316
1549557
1550934
1551227
1552586
1559379
1561284
1574647
1578161
1578848
1579542
1580780
1581361
1586241
1592948
1596379
1597207
1601509
1614875
1615950
1627679
1636262
1644257
1645381
1646611
1647753
1653909
1657771
1663997
1667933
1670487
1681918
1687701
1697197
1699981
1706803
1713856
1718334
1720339
1722101
1722909
1723936
1725216
1734923
1746010
1750206
1751277
1755114
1762056
1773423
1775233
1775343
1779252
1781189
1802034
1803559
1803827
1804357
1812572
1818199
1819458
1821756
1823402
1831550
1834973
1835924
1837216
1838291
1843888
1846093
1848593
1852521
1856811
1861889
1862057
1863499
1865373
1876532
1876908
1878437
1888071
1896566
1896944
1896963
1901927
1902537
1904435
1904840
1909075
1910649
1911842
1912252
1914398
1920313
1933526
1935604
1936479
1938085
1949385
1949532
1952392
1952609
1955540
1955865
1959286
1962152
1962977
1967969
1968104
1970807
1973009
1974721
1975968
1977486
1986724
1987888
1996683
1998798
