-1998905
-1993953
-1988115
-1975257
-1972353
-1968001
-1964542
-1956193
-1949839
-1945849
-1945274
-1944424
-1942106
-1941986
-1941784
-1938756
-1936825
-1924819
-1915418
-1913124
-1912860
-1903229
-1900838
-1895542
-1893548
-1893204
-1892677
-1884966
-1884022
-1883654
-1882029
-1880553
-1880371
-1879720
-1879148
-1876783
-1871383
-1868690
-1861119
-1847214
-1842928
-1842094
-1840046
-1831886
-1830947
-1827281
-1816012
-1814865
-1813313
-1812392
-1810097
-1806605
-1804552
-1802864
-1800594
-1799328
-1791757
-1791338
-1777872
-1762936
-1762693
-1762540
-1758604
-1753629
-1751777
-1750009
-1741942
-1741890
-1740777
-1734575
-1733813
-1731111
-1719998
-1719393
-1719075
-1714307
-1706985
-1699702
-1697314
-1697160
-1692695
-1688755
-1687234
-1684477
-1683324
-1681275
-1679468
-1674862
-1673152
-1672887
-1672450
-1669389
-1656108
-1648101
-1646800
-1646395
-1643836
-1636096
-1623218
-1622092
-1621028
-1615508
-1606580
-1605180
-1599666
-1593395
-1593254
-1591855
-1589045
-1579398
-1575914
-1555333
-1554798
-1554623
-1550476
-1549459
-1537021
-1524160
-1524054
-1521624
-1511031
-1509605
-1492841
-1487115
-1467280
-1465126
-1464641
-1464208
-1458086
-1456746
-1448672
-1447554
-1447277
-1435230
-1425947
-1425153
-1423482
-1423044
-1409358
-1398077
-1392132
-1387594
-1387593
-1382248
-1375665
-1371408
-1369237
-1367064
-1362973
-1362550
-1360567
-1359293
-1355094
-1350646
-1350618
-1346937
-1341969
-1341460
-1340838
-1339436
-1334606
-1330003
-1328809
-1322641
-1316645
-1309968
-1298949
-1292638
-1288007
-1279646
-1275243
-1273494
-1271305
-1270178
-1270058
-1267152
-1258374
-1257848
-1257407
-1257271
-1251893
-1250271
-1238039
-1229999
-1228337
-1225351
-1218937
-1213520
-1213001
-1212496
-1208172
-1204740
-1203487
-1198746
-1197761
-1195718
-1192531
-1191164
-1185607
-1175396
-1170082
-1168788
-1166766
-1165265
-1154320
-1148367
-1148093
-1134473
-1120015
-1119968
-1119815
-1114017
-1111392
-1101418
-1100473
-1095540
-1092133
-1091202
-1084121
-1083066
-1074759
-1070862
-1069591
-1068416
-1066172
-1062592
-1053553
-1044880
-1042361
-1042184
-1038059
-1029498
-1029406
-1016685
-1014400
-1014361
-995788
-994103
-989747
-989399
-988471
-987953
-982962
-981469
-973194
-972915
-969526
-956230
-951929
-950149
-948865
-947310
-938911
-938196
-936401
-934252
-932011
-931909
-928039
-920609
-919917
-919672
-915810
-900054
-897142
-887900
-884899
-882787
-879566
-871830
-869357
-864211
-860372
-854152
-853729
-850075
-840460
-840039
-838376
-825885
-824691
-822425
-817055
-806709
-806480
-806280
-799211
-796284
-794934
-789743
-784856
-783030
-782948
-779865
-779595
-771016
-770598
-767027
-763984
-759255
-752124
-747130
-730103
-729753
-713699
-709119
-704143
-703269
-701355
-688148
-686540
-679595
-678272
-677088
-671151
-658836
-649904
-648819
-645296
-641114
-628037
-627335
-621904
-621707
-619286
-615274
-611055
-610963
-608224
-603399
-598874
-592062
-587520
-587441
-586321
-572023
-568326
-564884
-560134
-554318
-553406
-547523
-545689
-543254
-541530
-537533
-532725
-524760
-516925
-515954
-509956
-507933
-502854
-501641
-497004
-489663
-483529
-480710
-474818
-466609
-460453
-457637
-457183
-455162
-454711
-449105
-444389
-442318
-439260
-436499
-434798
-432537
-427045
-424635
-424204
-422702
-420211
-415700
-413526
-407569
-399469
-393909
-385040
-377790
-377220
-375814
-375747
-369739
-369559
-364011
-349142
-343455
-341332
-340523
-339233
-332194
-324844
-321319
-318984
-316519
-311773
-292368
-289557
-286740
-283276
-275843
-274066
-269557
-269234
-268644
-266090
-260365
-253310
-244623
-229611
-221507
-220128
-217739
-215330
-210036
-204171
-195569
-188918
-182787
-178800
-178059
-175338
-166663
-163241
-162157
-156026
-154937
-153992
-150796
-145608
-142600
-142052
-141764
-136970
-136760
-130389
-127866
-127163
-126984
-126490
-125664
-122122
-118905
-116208
-114203
-110082
-109065
-107084
-106480
-105230
-103931
-102695
-95548
-90155
-89895
-88049
-85059
-84201
-82838
-82133
-81274
-78109
-75042
-64397
-61093
-57286
-46801
-31467
-27078
-19207
-17981
-17342
-4525
-3804
3615
9074
12704
13674
17116
21644
28818
37462
49654
56770
57373
63266
64921
69403
69588
72375
74952
78254
82208
85770
87693
88890
89296
90595
91324
92300
93524
94986
97654
104393
107420
112104
116580
117652
118789
119384
123553
124611
133978
136542
136631
145480
153018
156534
162900
163622
176899
178614
184646
193562
198114
201268
208999
212672
214523
227687
228631
230844
233417
245009
260680
262175
265083
271474
272154
274423
274546
274756
277204
278060
279047
281778
290548
291658
293707
295881
296494
305074
306700
313499
316195
316809
317116
320222
321453
326080
327845
337763
339936
341330
362378
366784
373183
377213
380736
381400
381507
390379
390796
393454
393640
400128
401707
402208
405935
411612
411619
418440
421137
423164
425428
430221
434507
435676
436729
436869
441100
441916
447486
449686
449951
451184
452487
458970
462528
462905
463255
465086
466444
467096
468859
475204
478819
479494
487558
491413
493600
494489
505751
507403
508876
513599
517074
519013
527639
530426
533461
538495
546491
546931
550040
556211
562206
563141
564252
567044
570314
574705
578936
585948
590692
590912
591425
593278
598294
600477
602776
609205
610102
610144
615585
617846
623428
629628
630902
636892
639897
643476
651761
653831
655041
658210
658345
658386
671966
672773
676163
687192
690207
694654
698332
701989
707023
709871
721694
728333
730167
735656
736601
737417
737751
739343
741701
745234
754452
754474
756716
756716
757180
765254
769127
770390
778596
779588
779842
789958
792313
796903
797868
807136
807293
811594
812587
813466
819760
823541
826964
827222
829901
836723
839981
842796
843095
843697
846060
850008
856887
860067
862382
870758
872038
872859
873824
874527
883229
889601
890593
900034
901518
903420
903824
914272
915797
917213
923955
925434
927896
931221
933891
951859
955449
965367
970185
975446
978033
979004
982221
983416
986692
1007394
1008588
1013383
1016899
1019336
1019414
1022229
1027659
1030101
1030726
1031449
1033317
1035351
1035954
1041539
1047612
1051994
1053545
1054047
1057653
1060992
1065817
1071575
1074127
1080543
1083659
1084449
1091462
1095427
1104187
1105572
1111342
1114647
1118312
1118350
1124295
1130260
1136682
1138360
1139309
1150263
1156269
1158267
1160454
1160646
1167604
1168086
1174280
1177401
1180174
1184816
1186546
1186966
1189132
1194014
1203299
1203630
1204639
1205594
1211176
1212764
1213044
1218238
1224780
1227322
1228521
1235628
1241329
1241539
1241757
1242770
1250509
1252224
1259968
1266587
1271063
1276653
1285149
1286918
1287312
1290572
1298968
1302113
1310204
1312073
1330381
1335099
1340040
1342244
1347707
1347743
1350476
1350538
1353921
1360615
1363340
1368461
1368513
1375035
1375408
1380102
1380553
1385222
1392706
1398630
1400767
1406871
1407870
1412033
1413687
1420441
1424427
1428785
1429223
1431281
1431485
1434404
1438178
1451446
1454866
1457667
1463611
1466996
1471553
1478251
1483828
1486795
1490106
1492826
1493436
1494300
1495395
1501129
1503721
1504488
1509468
1512621
1513022
1514335
1517228
1527522
1533324
1533374
1534341
1540653
1547369
1548147
1549050
1552335
1553031
1557440
1562170
1569763
1570929
1570999
1572526
1572672
1580227
1584687
1599509
1599864
1602744
1621819
1624178
1629055
1636871
1641862
1647790
1647949
1648501
1653374
1660274
1662300
1665202
1670980
1674320
1679295
1681882
1684889
1685359
1698764
1704335
1707326
1708714
1710402
1711091
1711299
1717061
1725155
1728735
1729272
1732013
1732803
1735970
1739777
1740846
1745479
1757721
1757832
1759361
1760312
1764223
1773497
1773834
1780555
1787284
1788808
1796902
1808907
1810987
1813452
1819676
1825351
1828642
1831880
1840462
1844417
1856498
1859936
1863231
1873735
1877106
1883375
1884330
1886789
1889545
1892860
1893883
1893911
1896352
1898351
1900941
1912692
1928895
1929516
1931428
1937941
1939206
1940901
1941739
1947777
1960377
1961413
1969691
1973302
1975214
1976039
1976563
1980253
1983258
1984520
1992190
