-1995131
-1989647
-1983726
-1971238
-1970428
-1968399
-1955767
-1950192
-1949777
-1945959
-1933459
-1931818
-1929206
-1928699
-1927698
-1924395
-1919044
-1914601
-1913778
-1912338
-1911566
-1909936
-1908814
-1906216
-1903649
-1900446
-1900394
-1883621
-1880466
-1880422
-1879836
-1878646
-1867642
-1866794
-1865779
-1861963
-1855572
-1842722
-1841788
-1831206
-1829323
-1827230
-1825343
-1823615
-1820139
-1819552
-1807210
-1804325
-1801584
-1797084
-1789230
-1788130
-1784184
-1772729
-1768971
-1767500
-1765931
-1761447
-1760909
-1758095
-1755438
-1753866
-1752371
-1745307
-1740118
-1731588
-1716228
-1704781
-1702882
-1702500
-1700167
-1696894
-1696286
-1694507
-1693912
-1679279
-1675652
-1669242
-1668747
-1667635
-1666904
-1655160
-1651930
-1648182
-1639981
-1637620
-1633651
-1631784
-1630066
-1610960
-1610955
-1608191
-1606276
-1602117
-1599793
-1597987
-1594360
-1594230
-1592483
-1592213
-1590966
-1582448
-1581215
-1579802
-1576772
-1575637
-1573142
-1569143
-1568591
-1562144
-1557577
-1556456
-1546249
-1529845
-1526696
-1521216
-1519684
-1510552
-1509540
-1502414
-1497838
-1494862
-1491160
-1487910
-1486483
-1485104
-1481800
-1481173
-1481064
-1474902
-1472166
-1471038
-1466989
-1456844
-1454021
-1442982
-1441889
-1439474
-1425621
-1423370
-1415501
-1411189
-1410274
-1410009
-1405429
-1392417
-1392098
-1390858
-1383631
-1378825
-1371207
-1369539
-1368002
-1366162
-1363635
-1353543
-1353137
-1347269
-1343585
-1343294
-1343230
-1342931
-1340948
-1331710
-1331645
-1326428
-1320916
-1320852
-1317041
-1316084
-1315064
-1311038
-1310509
-1296661
-1296437
-1289501
-1287162
-1286241
-1280736
-1273768
-1273699
-1273612
-1270822
-1268220
-1267698
-1265402
-1259006
-1251817
-1249050
-1246676
-1239048
-1222359
-1218149
-1215806
-1213527
-1211491
-1209525
-1209308
-1203797
-1203569
-1201098
-1200410
-1195401
-1182294
-1174553
-1171050
-1168764
-1165447
-1162988
-1155754
-1147959
-1144632
-1138463
-1137261
-1134312
-1130175
-1127135
-1112868
-1111018
-1099410
-1096361
-1096285
-1091654
-1084298
-1083502
-1079072
-1074230
-1067335
-1067328
-1061428
-1059835
-1050121
-1042702
-1042361
-1040988
-1021684
-1017098
-1015623
-1012224
-996984
-996094
-987798
-986967
-982165
-981183
-973417
-970399
-967022
-966272
-963021
-958160
-952273
-950385
-942945
-938133
-937272
-934009
-929054
-918142
-912884
-905499
-901087
-900222
-899013
-898304
-892107
-879501
-878934
-871721
-870342
-865836
-853711
-851221
-844974
-830412
-827880
-826441
-821743
-818510
-817925
-816100
-809790
-807474
-805635
-804562
-785298
-764414
-762710
-762037
-761521
-751822
-748064
-747275
-746674
-743298
-741527
-741450
-733354
-724589
-721192
-715160
-711765
-710557
-708953
-708219
-706817
-695362
-695253
-673773
-664304
-659986
-646398
-646254
-643749
-634047
-631345
-629601
-628765
-623757
-618845
-616643
-612113
-610240
-609211
-601259
-596443
-593361
-589973
-584105
-572134
-567288
-563638
-559662
-559148
-558188
-556445
-552631
-548792
-536078
-532050
-530645
-522605
-516349
-511192
-511056
-510188
-508542
-495786
-495575
-493388
-492214
-487679
-483491
-481503
-477815
-475077
-474612
-471973
-469153
-468461
-467735
-466061
-462829
-462715
-457808
-455428
-455130
-453512
-452608
-448339
-435351
-434508
-425594
-422157
-417996
-417786
-412071
-410782
-408618
-406986
-403778
-402047
-400427
-399607
-394585
-392734
-392178
-389470
-381198
-380349
-375137
-372667
-346366
-346121
-336435
-336224
-335997
-328659
-325751
-322213
-321478
-318688
-318268
-314329
-305518
-304134
-296792
-289413
-288934
-286724
-281657
-281244
-274985
-273770
-270337
-269645
-262252
-254301
-252146
-248047
-247520
-240627
-239914
-235278
-232522
-231915
-215184
-214025
-212369
-207520
-202679
-202527
-200989
-197693
-195617
-192602
-185089
-183497
-182157
-174875
-173488
-168772
-163085
-162812
-158349
-153097
-152970
-148693
-146900
-146666
-145682
-144034
-131185
-130658
-128438
-126987
-126838
-116902
-112814
-111086
-109478
-108948
-101343
-90795
-85814
-82672
-82164
-81443
-76483
-74556
-73545
-72844
-67447
-65558
-64702
-59164
-55601
-52074
-48890
-39906
-23588
-21101
-16540
-14500
-11146
-6152
11836
14497
25575
26753
28367
33615
39782
43492
44157
44540
45722
46166
56208
57097
62602
72563
77198
80361
84233
84594
84921
90391
94825
95363
95376
100809
106200
107708
108244
108889
111854
113161
124250
124857
131996
135407
137945
141709
148432
149438
149873
152035
157972
161089
164531
165484
167306
167907
169154
175998
188166
188839
196766
205134
205807
209321
213052
213872
218676
220999
221693
222075
232505
233324
237966
239033
241560
241702
246857
248461
253258
257445
258898
259215
262220
263030
264789
265291
266203
274105
275018
285869
287068
287873
289432
291713
292589
294022
298953
304680
306742
311234
325393
329734
330632
336789
338941
341638
343705
346060
352133
355019
355674
361857
369725
372980
372995
373907
374356
378825
393133
403987
404175
406581
407893
408670
412853
413779
413947
417232
420123
421098
422423
426300
430613
432026
433247
434461
437543
440096
441431
443351
445663
446052
450448
461001
465104
465109
465436
467897
468330
476165
485923
489861
491981
495867
516801
522501
522751
523024
527290
536724
540499
540672
542369
544445
555175
555557
558057
558896
567344
584681
585543
585679
587115
587300
588478
591934
604782
609717
614370
615403
615840
619403
631310
632027
633547
644142
648615
656299
656651
661197
664844
664977
664981
666018
677089
680059
680767
683908
684093
685972
686501
696891
699374
699516
701011
712393
714188
723879
724352
746291
750905
755235
757404
759763
763154
765398
780064
782537
784648
785281
791767
792775
796891
802572
808738
809033
809196
816950
817199
819298
820392
821904
822677
822979
832160
833755
838158
839835
842525
847677
849843
851064
857621
861420
878162
882550
887687
891912
894695
896996
898095
902710
906274
909874
911978
916122
919320
919691
924868
925740
941949
945974
949452
950088
957004
965484
968484
971085
972933
973358
978563
978739
992529
995356
997026
1005095
1006289
1009989
1010136
1010252
1011536
1021837
1029586
1033192
1041861
1045441
1050775
1055047
1058568
1064407
1071141
1073059
1076195
1076878
1078529
1079697
1080261
1085975
1091260
1094455
1094600
1095273
1096947
1109757
1111821
1112480
1116960
1118113
1118547
1120320
1121605
1121961
1127336
1129049
1129508
1131354
1132781
1134344
1134354
1138380
1146651
1147143
1150923
1151315
1153687
1155017
1157824
1163191
1164305
1165949
1174042
1178750
1182307
1196293
1206702
1211065
1220857
1221935
1227668
1228253
1236020
1239172
1240339
1243356
1253313
1254810
1255683
1256795
1258856
1260724
1266425
1270523
1272776
1275619
1287681
1289154
1289815
1299727
1308123
1331798
1333667
1336065
1337048
1338283
1356935
1365509
1369285
1371068
1377093
1379684
1380845
1381203
1395171
1397110
1410004
1417055
1417317
1421639
1439548
1441165
1443746
1445429
1453956
1461814
1464497
1470940
1478157
1481919
1482784
1489084
1492643
1495578
1496954
1497194
1514762
1520166
1527773
1533195
1537579
1538696
1538950
1539707
1539957
1542042
1544419
1544785
1551538
1551699
1555593
1562455
1567222
1569144
1581231
1581267
1582290
1582839
1583741
1587488
1592420
1593781
1594484
1595204
1597805
1601311
1601334
1603239
1604185
1604573
1606449
1614214
1633106
1636875
1637687
1638360
1642605
1642755
1650570
1650717
1653235
1655210
1668579
1668710
1672373
1678074
1686615
1686679
1687271
1691220
1696528
1697155
1699506
1701427
1703130
1703671
1708770
1720435
1731401
1731479
1732299
1735167
1735299
1735982
1742483
1745215
1746144
1746651
1750449
1753634
1764732
1771237
1782125
1790412
1791226
1792380
1793878
1797466
1801104
1805415
1815497
1820402
1822589
1822775
1823351
1824533
1826288
1828792
1837880
1838962
1840270
1840851
1853892
1854971
1868073
1868910
1869256
1875258
1876596
1885301
1885361
1892239
1893272
1893642
1894059
1897560
1915557
1928403
1929122
1933869
1933922
1960441
1964330
1964336
1966033
1967872
1971311
1975486
1981483
1993897
1996627
1996721
1997446
1998798
