-1999816
-1999152
-1996222
-1991062
-1989067
-1986628
-1983491
-1982094
-1971935
-1971172
-1968959
-1968932
-1966390
-1954512
-1950829
-1950752
-1949348
-1945940
-1942153
-1941187
-1940452
-1936005
-1932591
-1932000
-1931501
-1928312
-1917558
-1897777
-1896376
-1894086
-1893499
-1892443
-1888129
-1876329
-1874863
-1873501
-1867862
-1866606
-1863999
-1860211
-1847557
-1843542
-1825565
-1822767
-1819389
-1818752
-1815782
-1813175
-1809296
-1804913
-1797689
-1790412
-1790321
-1788511
-1784845
-1784558
-1780712
-1770428
-1769171
-1750833
-1749482
-1749016
-1747159
-1743132
-1741301
-1723644
-1719352
-1716089
-1712885
-1712579
-1711350
-1707744
-1706924
-1704310
-1702762
-1698845
-1697705
-1687054
-1679612
-1678354
-1676090
-1672398
-1671321
-1670927
-1670714
-1663541
-1662143
-1659124
-1657176
-1656988
-1639691
-1638940
-1638045
-1630705
-1629918
-1628145
-1627955
-1624881
-1620300
-1614725
-1605500
-1601690
-1595144
-1593375
-1591759
-1590263
-1578834
-1577112
-1577003
-1574374
-1571611
-1571542
-1568980
-1568500
-1567118
-1565218
-1564194
-1559075
-1557631
-1552870
-1546733
-1545027
-1542512
-1538591
-1537736
-1536213
-1535605
-1532150
-1529652
-1526370
-1525078
-1523332
-1506507
-1502175
-1500918
-1500465
-1499864
-1498821
-1496049
-1482381
-1474391
-1473835
-1466076
-1463844
-1461415
-1451180
-1450378
-1448450
-1446075
-1435066
-1429550
-1426515
-1425229
-1424010
-1413050
-1410149
-1404657
-1403705
-1401868
-1401345
-1391407
-1386275
-1385702
-1382873
-1371112
-1368540
-1367443
-1360508
-1358916
-1353964
-1348931
-1339040
-1328895
-1316843
-1312899
-1304829
-1304362
-1304183
-1303725
-1300507
-1299138
-1296174
-1292098
-1283617
-1279493
-1274350
-1271312
-1265655
-1265369
-1264548
-1261671
-1261603
-1257436
-1253201
-1252359
-1248396
-1248282
-1247916
-1244008
-1243650
-1237586
-1233767
-1230979
-1218169
-1216449
-1215308
-1213058
-1212877
-1211107
-1209646
-1208924
-1207311
-1200999
-1194059
-1192166
-1189834
-1187927
-1181173
-1179444
-1178832
-1178352
-1173812
-1168364
-1154616
-1154186
-1152311
-1146267
-1145472
-1140103
-1139730
-1138994
-1125750
-1115092
-1111168
-1110635
-1102562
-1100860
-1098358
-1095384
-1091281
-1089728
-1086982
-1084569
-1080856
-1076668
-1074383
-1070703
-1061507
-1059260
-1044911
-1041990
-1039788
-1033645
-1031351
-1022265
-1014527
-994985
-988735
-988370
-984021
-983240
-976878
-973538
-970791
-956565
-952954
-951193
-951151
-948935
-947806
-944018
-943960
-939339
-937273
-935692
-931231
-928884
-925944
-923540
-921075
-915991
-915671
-906529
-904793
-902877
-901458
-900362
-899807
-899573
-896712
-896064
-894907
-888238
-878286
-875305
-873549
-873113
-867644
-861754
-852252
-843354
-840506
-838839
-832595
-825826
-815953
-815769
-815115
-812783
-805173
-804346
-794725
-794615
-794187
-791903
-791177
-786919
-785562
-785326
-781512
-771327
-762574
-759800
-755663
-753731
-750345
-748977
-747148
-744542
-742560
-742069
-741460
-737184
-736789
-732105
-725189
-724131
-722900
-718952
-710658
-704638
-702326
-696105
-694193
-691135
-690443
-689539
-687845
-682480
-674181
-667317
-667135
-667112
-657725
-651047
-649207
-649204
-647834
-645745
-642908
-638944
-638289
-636583
-628665
-622574
-619555
-617064
-614244
-610932
-607709
-602951
-602265
-588635
-584235
-578829
-575472
-565742
-565684
-563470
-559937
-554060
-543769
-534852
-527331
-524045
-520186
-514872
-504300
-497997
-497949
-490002
-489436
-486927
-483738
-475571
-469761
-464027
-461472
-454609
-454065
-453547
-453321
-451824
-450961
-450387
-448841
-442133
-430859
-429557
-425570
-414341
-400633
-400271
-396346
-395839
-395039
-389067
-387765
-372845
-366794
-366104
-364598
-346613
-334645
-328058
-324510
-323347
-320750
-319774
-319312
-308954
-307298
-297893
-296451
-292231
-290434
-276906
-266520
-265618
-231501
-231300
-225356
-225307
-220560
-217906
-217260
-207255
-207197
-204618
-202950
-195598
-194855
-190203
-189719
-188945
-188160
-186493
-183406
-181821
-177093
-175023
-160262
-144502
-142613
-131284
-119459
-115815
-109845
-107147
-99578
-98522
-97976
-97888
-91450
-90885
-90610
-83775
-74310
-71503
-70485
-68270
-68025
-65548
-65451
-64153
-60129
-59325
-57727
-55295
-55164
-49896
-42942
-42432
-37667
-37391
-33188
-2034
-980
5020
6958
8004
8995
10808
11507
13023
17153
23083
47572
50966
53941
54193
61928
63920
75193
76123
83042
86490
88538
88986
91095
93216
93737
95480
99383
100699
109107
111091
116990
118163
119216
119641
125155
138757
142788
142944
144995
149653
151835
155322
155658
160265
164864
171278
178020
183486
183924
185504
186475
188221
191446
191846
194015
195133
199443
201135
220243
220409
228767
229540
230526
241141
249023
250141
253103
260520
263206
267707
277654
283640
293854
298089
299105
300047
304247
309063
314219
315429
323508
324031
328276
337087
339117
342230
347877
347944
349421
350969
354242
361481
368490
370515
376290
380909
381548
382602
388197
388317
388947
393277
394128
417858
422484
422564
426239
429121
444968
447589
455963
468824
479030
485119
487666
490095
494254
497293
502134
504052
504811
510258
512579
525308
526318
526414
529542
532202
542739
545860
549888
550578
560663
567059
571076
573255
576794
582871
582931
585209
596848
605683
619794
625759
631133
631850
631980
635905
637972
640363
643812
649710
649938
650032
651011
661114
664076
666541
673552
673985
681011
684252
686245
688491
692029
696410
700193
701606
702779
705093
706636
706780
714853
723656
723896
725331
736255
741509
749515
758193
759251
766905
776712
794571
814420
816726
821435
826076
827514
828311
833585
837768
846365
851655
851986
861549
873614
877803
883622
884244
888220
888795
898282
899571
909360
917066
918486
918507
920118
923392
926096
928739
935954
938998
947928
954967
955290
957846
960094
960512
960947
961432
963777
964058
965723
978310
990539
992716
993337
998512
1000562
1002882
1004107
1004519
1006072
1010278
1020062
1026149
1026233
1028242
1034330
1036983
1037431
1038491
1039205
1041030
1045729
1048826
1049357
1049671
1049890
1067475
1071182
1071672
1072204
1072704
1087884
1088656
1089269
1092204
1093378
1096811
1097524
1098821
1103488
1105253
1105779
1112764
1116807
1122917
1125140
1126201
1137177
1137828
1138522
1139758
1143854
1144590
1153990
1154878
1157018
1159363
1159777
1162615
1163920
1165103
1169893
1174420
1186378
1187367
1187623
1190657
1201564
1201998
1202367
1205372
1208745
1209451
1216045
1218982
1227055
1236231
1239872
1244000
1247002
1247094
1247897
1250474
1250782
1260051
1265067
1268237
1273386
1279144
1285805
1294087
1295563
1298233
1301797
1303022
1306327
1312693
1317165
1320610
1320931
1322982
1330107
1331608
1339588
1342937
1356286
1363053
1367548
1369854
1370291
1371477
1379336
1384412
1387929
1390676
1395021
1395154
1397383
1399286
1399477
1404558
1405505
1406657
1413281
1418987
1420369
1420760
1423716
1446353
1450751
1454292
1463945
1464373
1465169
1468171
1471739
1473054
1476484
1479998
1487316
1488891
1489572
1496887
1498743
1506613
1507921
1519231
1525101
1525772
1536761
1544854
1546172
1547449
1549192
1555436
1557819
1559119
1559998
1560685
1565035
1568866
1569466
1573787
1577406
1582182
1584557
1590260
1593918
1595055
1609319
1611262
1613453
1613648
1615034
1617713
1632617
1634859
1641951
1642250
1650849
1658343
1669284
1670918
1682313
1684222
1685286
1687647
1690554
1691045
1698267
1699094
1714010
1717476
1718237
1719668
1726795
1727637
1736491
1738208
1739427
1742276
1744611
1755952
1758228
1760803
1766111
1777847
1778093
1780674
1786598
1790490
1791279
1794646
1796250
1797091
1804810
1813530
1818634
1824967
1826577
1829621
1837556
1839322
1840980
1841426
1843874
1844577
1845773
1846798
1853186
1857090
1862735
1867722
1874794
1877124
1877515
1880683
1881274
1883510
1885670
1886526
1888435
1895921
1900613
1902345
1906898
1907254
1907571
1907736
1913112
1913486
1913745
1919936
1920550
1924614
1928771
1933642
1936208
1938081
1939210
1942065
1948217
1952711
1958549
1960674
1966218
1966740
1968083
1971682
1972900
1974489
1976453
1976498
1980466
1985390
1985769
1988544
1997461
