-1994799
-1993562
-1991106
-1985446
-1980208
-1979419
-1977784
-1970029
-1966027
-1965689
-1953337
-1951169
-1948739
-1947131
-1946663
-1945070
-1928405
-1928030
-1921700
-1916853
-1914889
-1911036
-1908601
-1907785
-1902426
-1900183
-1891026
-1888481
-1884329
-1877147
-1871440
-1871306
-1870168
-1866482
-1863202
-1856945
-1855643
-1853914
-1852115
-1841259
-1838526
-1835701
-1824233
-1822308
-1821626
-1821292
-1810801
-1806485
-1804973
-1799798
-1789595
-1789325
-1787828
-1779270
-1776299
-1775689
-1775016
-1771483
-1761604
-1760776
-1758115
-1757698
-1756872
-1756490
-1750766
-1748593
-1746927
-1746756
-1742010
-1739618
-1737564
-1723422
-1720173
-1717021
-1705130
-1702988
-1699516
-1694973
-1688461
-1684770
-1681011
-1679030
-1678906
-1672907
-1669545
-1662479
-1642312
-1636094
-1628003
-1624644
-1618777
-1617707
-1616113
-1614819
-1609847
-1609777
-1601743
-1598199
-1595303
-1594410
-1588159
-1586880
-1584804
-1571149
-1562941
-1558378
-1556640
-1554504
-1552177
-1548348
-1531456
-1531115
-1529569
-1526658
-1525452
-1524803
-1522072
-1515345
-1513659
-1510668
-1510390
-1504120
-1502582
-1499716
-1497552
-1493518
-1493501
-1491403
-1489824
-1484796
-1483143
-1477451
-1476942
-1471949
-1463777
-1456481
-1454407
-1453184
-1452886
-1452095
-1451174
-1446513
-1446222
-1441630
-1439995
-1437027
-1436658
-1436355
-1429281
-1428258
-1426086
-1417361
-1395886
-1393160
-1392540
-1383688
-1380806
-1378198
-1370432
-1367950
-1367360
-1359238
-1358352
-1357393
-1349015
-1348794
-1348642
-1346179
-1343049
-1330437
-1328933
-1326373
-1321813
-1321593
-1320590
-1320179
-1310443
-1310315
-1305420
-1299562
-1295957
-1290000
-1289811
-1287266
-1286828
-1283076
-1281955
-1271190
-1267488
-1262893
-1261865
-1251984
-1241299
-1240391
-1236417
-1231470
-1230987
-1230248
-1229612
-1225404
-1221017
-1215985
-1215545
-1213621
-1207718
-1206394
-1203180
-1193115
-1191486
-1190801
-1188164
-1177509
-1167719
-1167254
-1163749
-1163206
-1161643
-1155331
-1152382
-1138485
-1138142
-1136031
-1134496
-1133445
-1131784
-1129936
-1125869
-1117831
-1114846
-1104673
-1100836
-1099490
-1099397
-1098082
-1094683
-1092360
-1086539
-1084459
-1083674
-1070505
-1068342
-1067820
-1067002
-1064475
-1062052
-1061832
-1061360
-1061060
-1056818
-1045550
-1045021
-1037266
-1036182
-1026451
-1022893
-1021602
-1014332
-1011489
-1008902
-1002397
-999127
-990223
-988992
-987458
-985785
-981096
-979727
-975736
-971125
-967406
-966277
-965563
-959384
-954211
-950352
-949754
-948420
-944447
-936772
-935042
-934365
-916302
-913891
-911253
-903343
-899293
-885690
-884536
-883166
-881382
-876996
-875840
-875231
-872600
-867679
-863783
-852200
-849441
-842551
-840254
-839040
-831148
-830186
-828735
-828433
-827543
-826906
-826214
-824263
-821165
-809254
-800863
-800533
-795837
-792459
-778466
-776021
-762728
-759178
-756752
-755977
-753998
-748347
-747778
-741752
-731409
-730882
-727093
-723719
-712938
-710058
-705180
-704901
-700867
-699641
-696625
-695939
-693689
-686737
-685136
-682566
-678653
-677424
-673089
-673026
-670761
-669138
-658524
-654970
-653240
-651865
-642471
-636408
-636012
-631073
-629849
-624936
-619236
-618722
-618433
-614985
-610417
-604681
-600690
-594940
-585327
-584713
-575581
-567664
-566434
-561568
-552441
-551928
-551305
-550837
-548270
-548127
-544104
-543728
-541286
-538784
-537898
-534703
-532057
-530907
-528273
-525750
-525599
-522324
-509536
-505977
-500362
-496847
-494891
-490828
-487487
-484498
-480352
-479430
-473591
-456698
-455069
-451518
-451125
-451094
-445581
-440197
-439672
-438002
-432152
-431589
-423174
-421404
-414926
-410570
-398925
-397959
-387245
-386805
-385613
-382704
-381675
-380645
-366115
-364523
-362864
-361297
-356417
-356070
-354472
-319277
-301284
-295619
-290464
-286298
-282595
-279040
-277886
-277584
-272516
-262943
-261225
-238344
-229438
-229409
-227170
-224266
-222200
-221153
-220981
-215643
-211644
-209120
-209078
-208498
-201267
-198680
-198400
-195393
-192687
-179886
-163101
-162858
-160432
-153168
-149409
-147827
-144341
-142369
-133336
-131836
-130797
-124444
-122229
-119340
-119339
-118714
-111575
-111478
-109748
-107840
-95249
-87441
-75724
-70293
-60330
-38979
-37253
-35794
-35386
-32647
-30407
-18570
-18403
-16612
-6698
-5543
-4727
-3474
191
2343
2888
12332
16640
19133
22481
22778
24269
26120
26599
29873
38717
42768
44719
48232
48509
50943
62950
85068
85207
87184
93485
94761
104362
110405
119164
121847
125356
125908
127540
129664
130240
132215
138965
145408
148566
154480
163020
163680
167780
169653
174370
174444
185471
188221
193059
200155
200668
201421
209030
209907
215880
224010
224807
227964
230155
233724
235592
239303
239908
242218
242246
244110
245573
247752
254541
260267
260823
265925
266559
268737
268965
270455
272867
276927
277723
277736
281797
290726
300522
301873
305661
309253
309672
312762
318398
322812
326711
326758
334895
338395
346836
347132
348943
352506
355698
356881
362361
366638
367523
368484
369611
371914
376408
377342
382947
385619
386615
388813
389309
393875
398587
402263
404565
406352
408160
408200
408390
412251
413993
421441
421557
425529
427264
429426
430203
449225
454111
456014
467573
468352
473171
480417
483947
488152
499168
502079
505412
505607
507609
507614
509917
513293
515648
518254
518564
520422
529520
530054
536653
542071
542776
545397
549529
560218
565558
568487
574863
574976
575981
579875
583155
585664
591091
591506
593362
598414
601439
604663
606556
609306
609860
613665
614928
619828
623080
626046
627450
631739
636436
636455
654866
657810
662899
666954
672325
676194
680317
687914
688988
695196
696684
712375
715497
718363
719521
722442
722726
728321
740132
742395
763977
776038
780846
781237
785423
792268
798527
801815
809448
819095
823283
827148
827484
829583
839489
842094
842369
842490
850748
852197
856245
859055
863179
872814
884191
884495
886032
886166
900099
900382
902975
904218
917672
922864
923311
924778
927214
928020
930245
933204
933722
933883
937155
940031
944614
946995
948962
949163
968811
970081
982281
987698
995657
1001177
1003600
1013546
1014698
1021228
1021350
1021400
1022151
1023512
1040760
1041932
1043872
1052330
1056548
1059771
1060014
1061167
1068321
1070129
1074840
1075600
1079718
1087058
1089911
1092769
1097606
1103683
1107050
1107218
1107630
1108182
1110047
1110815
1111125
1114749
1118469
1127880
1128691
1137767
1139828
1151629
1157821
1170546
1175574
1177665
1182328
1188076
1191095
1193580
1196801
1198057
1198699
1199071
1200863
1201030
1207433
1207739
1211294
1226312
1226382
1226626
1227797
1237314
1247546
1257070
1263187
1264704
1266181
1267517
1271609
1273525
1278121
1288601
1288987
1301773
1302984
1311737
1313189
1317408
1318016
1318659
1319978
1321467
1326388
1331619
1333411
1336871
1337690
1337934
1339579
1370777
1371904
1379005
1379818
1406817
1409479
1417215
1421244
1434649
1441084
1441281
1442317
1463295
1469977
1476832
1477000
1478268
1479126
1479881
1480755
1481412
1483382
1484796
1485953
1487500
1490326
1493522
1497671
1502436
1504685
1505561
1511915
1512323
1512366
1512691
1514524
1515402
1519812
1524320
1527655
1530164
1530335
1534514
1537633
1544196
1547057
1547158
1551764
1560227
1561645
1566340
1582230
1585705
1598323
1600327
1603324
1603501
1614298
1626760
1627098
1629623
1634461
1645092
1646514
1647032
1647437
1658205
1661115
1667659
1667978
1669561
1671750
1679405
1682989
1691358
1693031
1706580
1711911
1713383
1716887
1717674
1722495
1723282
1723440
1723997
1729504
1731488
1733122
1733457
1733873
1735047
1735300
1737899
1739973
1746412
1746418
1748425
1756623
1757560
1758612
1761163
1767346
1768394
1770617
1772335
1775628
1783887
1801010
1802039
1813778
1814080
1814426
1815059
1815255
1835074
1835182
1836591
1844832
1845099
1851109
1852350
1858714
1860750
1876415
1876809
1888430
1893906
1900222
1900599
1904050
1905415
1919326
1919417
1923625
1925391
1926151
1927161
1931280
1943931
1944213
1949046
1951397
1951444
1952499
1953448
1955024
1966821
1967666
1977576
1989318
1989729
1992230
1995639
1996017
1997733
1998292
