-1997727
-1996192
-1992231
-1990962
-1987202
-1977618
-1974536
-1966919
-1960818
-1960090
-1957960
-1957461
-1952706
-1951955
-1951273
-1945466
-1944864
-1941725
-1938763
-1938263
-1933666
-1933113
-1929372
-1925127
-1923432
-1922840
-1915894
-1911845
-1905651
-1905081
-1904093
-1901011
-1900525
-1896901
-1888872
-1880831
-1875180
-1869702
-1860120
-1858998
-1853415
-1851708
-1849803
-1838527
-1838276
-1834610
-1833178
-1832853
-1828453
-1826176
-1821860
-1817328
-1812162
-1809676
-1804430
-1798146
-1796277
-1793357
-1791832
-1790441
-1790123
-1787446
-1780622
-1777290
-1774423
-1773621
-1770934
-1766399
-1760774
-1760037
-1753265
-1750717
-1745973
-1743979
-1736927
-1735894
-1734158
-1731787
-1731281
-1727418
-1722352
-1720742
-1719006
-1716860
-1716485
-1716469
-1715259
-1710394
-1708767
-1707173
-1697623
-1696624
-1694091
-1687522
-1683075
-1675722
-1673138
-1669680
-1668834
-1660781
-1641684
-1640046
-1639910
-1634619
-1632594
-1631459
-1630529
-1626569
-1626394
-1618015
-1617636
-1614751
-1611893
-1610720
-1610132
-1606306
-1600464
-1598649
-1596370
-1592195
-1591850
-1584597
-1580147
-1564481
-1560042
-1555363
-1554785
-1551619
-1538682
-1537511
-1533990
-1532802
-1530797
-1529954
-1524353
-1517995
-1515317
-1515259
-1514589
-1509019
-1508124
-1507060
-1506709
-1501981
-1501786
-1496866
-1496750
-1477107
-1476760
-1471712
-1466834
-1465757
-1464736
-1460923
-1460268
-1450335
-1448701
-1436691
-1434976
-1434562
-1430883
-1429286
-1427646
-1427073
-1419758
-1419588
-1417395
-1415513
-1411043
-1396469
-1395292
-1393013
-1392891
-1392499
-1390686
-1387466
-1385388
-1385315
-1381695
-1370052
-1369481
-1358849
-1345784
-1343831
-1340802
-1333784
-1333732
-1331607
-1330924
-1330435
-1325941
-1322871
-1319057
-1317225
-1311529
-1308960
-1305401
-1304757
-1304303
-1291571
-1290299
-1288568
-1281110
-1276676
-1276097
-1265876
-1263431
-1263022
-1261851
-1260689
-1258844
-1257089
-1254934
-1254396
-1253624
-1253385
-1246263
-1246043
-1241865
-1239282
-1230782
-1225905
-1224988
-1223822
-1220199
-1214811
-1212754
-1209096
-1205186
-1204326
-1201680
-1200165
-1198732
-1197813
-1196151
-1192881
-1188399
-1188157
-1180165
-1178437
-1174858
-1173655
-1169355
-1166511
-1164915
-1148286
-1147697
-1146020
-1137602
-1132602
-1128320
-1114625
-1107373
-1091687
-1089897
-1080637
-1078700
-1078565
-1077456
-1076349
-1074739
-1073272
-1068254
-1067298
-1066786
-1066285
-1061944
-1051974
-1051617
-1048547
-1047215
-1040998
-1040066
-1039117
-1026461
-1025120
-1021459
-1016735
-1014817
-1013342
-1010603
-1010569
-1007287
-1003079
-1002401
-1000448
-998667
-998210
-971782
-970802
-970215
-964075
-961314
-953507
-952589
-945272
-944571
-937927
-935707
-929123
-927742
-904333
-897087
-896886
-895538
-885700
-881004
-877751
-872259
-865492
-863120
-848682
-846709
-844082
-842130
-841438
-834406
-832542
-829490
-817831
-802868
-790829
-788970
-782337
-780280
-778999
-766096
-765648
-764196
-758423
-757850
-752780
-734956
-732927
-732444
-731606
-724530
-716977
-716416
-713004
-712090
-711507
-710867
-708966
-708523
-705903
-705829
-700547
-700082
-699387
-696624
-682252
-680114
-678957
-671355
-668201
-662060
-655948
-655179
-654920
-652217
-651678
-619878
-616708
-613559
-612584
-608299
-607865
-607433
-604980
-602165
-602128
-598816
-596207
-594582
-594463
-592669
-592499
-588671
-570483
-569563
-568545
-567436
-566089
-561151
-558967
-557221
-553045
-551513
-549788
-543169
-542405
-540724
-538413
-535588
-533223
-528964
-517096
-513303
-510906
-502459
-500909
-494942
-490078
-482913
-480760
-476941
-473107
-470361
-470215
-469468
-462139
-460073
-459417
-456750
-454986
-449185
-436415
-434852
-434260
-429317
-426106
-409545
-401884
-399932
-398383
-398153
-397505
-393024
-390443
-388050
-381175
-380525
-379629
-374968
-361703
-359333
-354095
-351525
-346176
-342552
-327409
-321094
-320195
-318711
-315756
-301877
-294444
-293246
-293140
-292350
-290453
-286855
-283239
-280107
-273056
-271479
-270487
-269247
-268842
-267825
-267195
-259089
-258031
-258003
-256210
-255742
-254954
-253341
-250735
-247303
-246451
-243443
-242757
-240885
-240008
-233772
-229919
-227192
-219708
-218055
-217919
-215444
-214580
-205813
-195630
-192603
-179323
-177478
-176321
-176087
-175214
-172596
-170650
-167504
-165157
-160393
-158306
-153484
-151049
-146431
-144755
-140054
-139577
-133001
-126170
-118913
-113379
-112132
-104661
-101264
-95423
-85573
-81980
-80692
-79806
-79726
-45885
-41217
-28177
-19520
-11059
-2260
2001
2557
2810
6071
15622
17404
17545
22508
26562
28940
35175
35912
37352
44177
47781
49083
50863
54414
63851
64546
68895
90703
92499
92767
94694
98910
105820
111566
114940
121162
126423
131316
147852
150413
156866
157397
158765
159281
161140
161513
161569
164593
167852
167924
188184
190546
190858
191029
194947
195139
198541
200586
209304
210130
214876
219004
219263
219907
223720
229237
231496
232980
240141
248006
267791
268274
270901
275886
280635
286871
291438
297643
299526
300948
309560
310357
317479
325094
333733
341145
341685
346477
346623
354565
364453
373805
385218
395054
399951
404782
405441
406999
411054
424441
429952
431670
432975
434787
436631
439367
443881
449874
449900
458993
467144
472395
472407
475337
481106
486884
492408
497245
497844
510719
511364
513119
519574
522117
522220
532760
534725
537275
545003
548125
555742
571686
577193
584428
588094
590810
607054
609057
611440
614405
616583
617326
627841
629863
631091
632599
634139
635889
636321
638247
641871
642923
643565
664288
668691
674119
676390
676541
678055
680568
681964
688025
688470
691558
696014
697563
703599
709008
713312
715438
715730
716758
722425
724219
731527
738519
740615
744596
761885
763999
769247
770291
772027
772543
776552
776761
784476
785293
789704
797900
798726
801669
806387
811772
813750
814339
818352
818790
821268
822962
823502
826505
828989
833657
836827
843735
844600
847791
849674
850631
851817
859996
861908
862623
866183
869562
874192
874727
877766
878411
881992
887750
896265
900157
900683
903888
906348
908017
908625
908691
911005
911237
911543
911646
914611
934604
934655
936079
936825
938693
939054
940656
969317
973412
979246
981822
982028
982352
984917
985776
986898
1001304
1001866
1003514
1010825
1014057
1022131
1025107
1029458
1031731
1036139
1040393
1040462
1043415
1053193
1059577
1063442
1071817
1082794
1085687
1087200
1091595
1102464
1106211
1106618
1115655
1117976
1118744
1119011
1119997
1121931
1122800
1124374
1149010
1151381
1154617
1168367
1174320
1180182
1180795
1190581
1195692
1198163
1206042
1210673
1211699
1214435
1218947
1219045
1223054
1225476
1241586
1254589
1255883
1256330
1268317
1273425
1277239
1282070
1284268
1288576
1292629
1294572
1297496
1306349
1308719
1310228
1314202
1314558
1315710
1318750
1335344
1338673
1338871
1339163
1350674
1351875
1355981
1358335
1359242
1360156
1361543
1368995
1370714
1374033
1374456
1376071
1380513
1384192
1386423
1388590
1392499
1393046
1397465
1397977
1411637
1411784
1412190
1417847
1417968
1418064
1421459
1432608
1435142
1451299
1451866
1453839
1475434
1477039
1489096
1500686
1502138
1503497
1503908
1509604
1520394
1521627
1531205
1536655
1536791
1541122
1542374
1543801
1546195
1547053
1547866
1550056
1554958
1556316
1557616
1559170
1566488
1569103
1576919
1579694
1585349
1590111
1596692
1604271
1607651
1609949
1611631
1613308
1615739
1627501
1631157
1636689
1637688
1640125
1645660
1647913
1648635
1660530
1660572
1662256
1662932
1664147
1664249
1664471
1664498
1666916
1679785
1686764
1686898
1690784
1693917
1694868
1698277
1698993
1699570
1702882
1704856
1711518
1711970
1721876
1723666
1724532
1736771
1744175
1747578
1753438
1757648
1757957
1765662
1766975
1769512
1774631
1775665
1779161
1782945
1788467
1788484
1796593
1806993
1811516
1827480
1829233
1829593
1840499
1842403
1849997
1855184
1858481
1861100
1866903
1870504
1880656
1882003
1882210
1903364
1906770
1908409
1909181
1914118
1918385
1918474
1924812
1925512
1928505
1931441
1932148
1942517
1942897
1949633
1962108
1963987
1965757
1974699
1977315
1985599
1991325
1991691
1995794
