-1998982
-1998299
-1992165
-1991081
-1989999
-1987701
-1970337
-1969002
-1968227
-1963990
-1954357
-1953476
-1947384
-1940339
-1940313
-1934367
-1931601
-1926417
-1922631
-1922383
-1921449
-1920558
-1913797
-1911349
-1906957
-1902094
-1897061
-1889768
-1860250
-1859829
-1858901
-1854854
-1833718
-1822517
-1818576
-1814672
-1800349
-1798835
-1797300
-1795252
-1794604
-1792132
-1788227
-1786622
-1786508
-1783836
-1780887
-1770918
-1764039
-1754837
-1752912
-1752651
-1739698
-1735431
-1733518
-1733485
-1732332
-1732211
-1725287
-1722714
-1722709
-1722199
-1717992
-1716638
-1714172
-1712834
-1711584
-1710329
-1710089
-1707011
-1706823
-1706160
-1705072
-1704548
-1697728
-1697394
-1694888
-1693927
-1684912
-1680228
-1678325
-1665460
-1663596
-1660181
-1657755
-1651921
-1645570
-1643427
-1640918
-1639137
-1638852
-1634078
-1629014
-1628401
-1627719
-1623814
-1623268
-1618279
-1616086
-1612547
-1601789
-1580983
-1573335
-1562178
-1561876
-1560775
-1559241
-1556850
-1554692
-1554642
-1552874
-1547821
-1546660
-1543303
-1533093
-1529326
-1518251
-1511762
-1501486
-1500954
-1498696
-1497361
-1497340
-1495248
-1493169
-1492407
-1492181
-1483341
-1482759
-1477118
-1476087
-1466659
-1463469
-1461605
-1458968
-1457359
-1455093
-1454352
-1448906
-1447886
-1447440
-1439356
-1437823
-1432762
-1432387
-1431695
-1430472
-1422802
-1422408
-1420396
-1419259
-1418952
-1416739
-1411744
-1407057
-1405076
-1402471
-1397261
-1396014
-1395655
-1394746
-1393698
-1393442
-1390870
-1389263
-1387407
-1382490
-1379502
-1373389
-1367935
-1361218
-1344758
-1337385
-1333945
-1332870
-1319930
-1318740
-1299645
-1296676
-1294938
-1276100
-1273677
-1269492
-1268214
-1266015
-1263037
-1261875
-1258769
-1255670
-1255188
-1253306
-1245483
-1243026
-1241811
-1233723
-1232719
-1229668
-1220881
-1220301
-1216101
-1212732
-1212547
-1210786
-1206629
-1199322
-1198074
-1192626
-1187866
-1183004
-1182953
-1177045
-1176038
-1174367
-1167063
-1167005
-1165793
-1164215
-1152969
-1148560
-1146359
-1145414
-1145101
-1140917
-1135549
-1124133
-1123931
-1107916
-1102879
-1100479
-1099025
-1098364
-1091499
-1086752
-1086062
-1083232
-1068855
-1063383
-1057500
-1054935
-1051012
-1050376
-1043629
-1042656
-1039404
-1031852
-1031634
-1027433
-1027039
-1025391
-1025251
-1021286
-1021208
-1018739
-1015577
-1010689
-1010389
-1009608
-1007549
-1006296
-1002997
-1002734
-1001429
-999108
-997805
-997720
-997544
-992341
-989542
-981916
-978604
-977282
-960144
-954297
-952267
-951028
-948190
-940101
-934743
-926880
-925243
-924526
-921782
-921557
-915361
-915221
-910023
-909864
-905669
-904243
-902269
-897304
-883941
-882691
-881903
-880711
-879536
-876894
-865572
-863870
-854287
-851804
-844936
-841941
-837033
-835747
-831284
-830962
-823282
-819300
-818601
-817673
-815306
-812188
-812025
-810413
-809095
-808639
-808500
-796591
-788244
-780957
-776293
-772402
-769327
-764673
-761440
-757518
-745612
-745578
-744666
-744163
-744129
-741706
-733036
-730502
-730470
-729556
-721407
-715812
-711918
-710693
-705071
-702687
-702424
-691500
-689524
-688286
-683819
-673184
-670779
-665364
-659217
-656862
-652547
-647019
-642550
-640639
-639388
-637422
-636932
-618729
-615343
-614208
-606315
-600566
-599424
-596366
-595978
-595464
-586528
-577624
-576593
-574193
-573541
-572624
-565992
-556505
-548243
-542242
-541172
-534111
-529377
-519912
-518286
-513111
-512735
-511925
-509399
-503989
-488864
-488513
-488473
-488308
-487545
-483297
-480323
-470414
-465570
-461571
-457707
-447602
-445226
-443565
-439885
-438648
-434893
-433594
-423926
-413854
-411728
-405672
-403656
-402429
-399068
-398749
-396387
-395595
-389109
-387908
-386108
-385826
-380405
-379712
-378353
-373244
-368604
-367092
-357064
-349104
-348337
-346567
-345461
-330504
-328917
-328170
-327230
-321966
-320818
-320598
-311166
-311005
-308822
-306428
-305280
-302609
-301694
-294419
-293004
-289268
-284078
-283053
-282205
-280813
-277283
-272402
-269409
-268941
-267765
-264935
-260666
-257351
-243453
-237877
-227963
-216675
-215062
-210702
-201918
-198813
-193032
-192598
-190193
-185335
-181505
-176255
-161737
-158974
-153770
-152135
-149199
-148806
-137050
-136143
-135056
-131126
-130529
-130058
-118407
-117933
-109313
-103848
-101682
-82822
-74676
-63846
-56802
-56479
-54684
-52655
-46169
-35264
-32279
-22503
-17770
-12435
-7923
-4333
6824
8452
16621
19762
25592
46110
46295
46304
46751
50620
53386
54011
63072
66560
73500
83769
85446
90568
91381
94251
107853
111725
113996
116082
118950
129691
130501
131407
134169
143154
145358
151389
154584
157917
160811
165363
165913
167493
172027
172391
174389
174920
175597
176218
178903
181093
182053
186713
188289
193058
197782
201177
203473
205272
210213
211592
213963
225617
233993
234652
237373
240725
241605
246839
248394
251377
258457
259455
260985
262294
264313
264822
272597
280469
281830
282882
287573
287893
288156
289978
292305
294801
297837
299888
305074
306876
309852
311472
311577
315387
319851
324243
325665
333757
334558
334672
342781
349230
353808
357409
360364
361400
363882
367199
367947
368336
368801
373486
376681
384943
385831
389928
393197
394468
394514
394869
398195
400521
400954
404250
404429
409518
414309
422661
428412
431663
434536
439955
440917
441920
456237
458383
461268
468212
472297
478693
482994
484880
487621
488062
496273
499475
502803
503852
503930
504347
512304
512584
513607
528704
531601
541299
544682
546136
553169
565022
569369
570911
572848
581526
590849
592662
592739
601602
602618
605333
607845
613569
613621
613810
620527
637172
638033
640508
648124
652774
652928
655974
656955
658538
664121
665086
674258
679552
686857
692390
692514
696759
699722
699862
700378
700642
703396
705537
721575
729024
729587
738592
740644
742622
744642
744843
746957
751175
758332
761432
764665
766999
773172
773544
776378
778313
778717
783742
792904
797000
798515
801383
803723
808616
814342
820651
821068
823996
825894
830404
830616
833135
842739
850007
852348
852732
859725
860086
861348
862725
866062
868971
878023
885257
886530
889776
892539
906411
911735
929600
934976
949996
951876
955119
956146
957434
958466
964033
965220
974608
991174
994548
994788
999271
999479
999790
1001792
1005025
1005406
1006076
1008798
1027482
1030552
1032060
1033888
1037003
1039689
1039778
1040477
1046546
1052723
1069330
1070620
1071583
1075974
1076446
1082975
1091479
1100710
1102619
1118344
1118367
1121101
1123257
1124886
1131758
1137730
1138072
1138564
1138922
1142740
1164802
1173014
1176613
1176846
1180219
1198986
1201158
1207513
1211806
1212934
1213001
1221634
1228937
1232888
1236176
1243398
1246522
1250878
1251357
1254174
1254666
1262037
1265231
1269582
1269668
1273683
1279954
1280122
1289305
1291853
1302949
1303515
1306480
1308542
1318707
1324335
1325586
1326842
1330985
1341578
1344666
1344832
1348352
1351135
1354034
1370509
1372809
1373246
1381440
1384348
1390277
1393524
1395084
1399257
1402642
1407817
1423132
1423720
1424237
1433448
1435378
1438782
1442077
1455599
1455678
1460625
1476260
1476985
1478781
1479376
1481212
1483747
1493776
1502754
1506286
1511521
1512960
1517558
1522589
1529402
1542062
1550090
1552787
1564295
1566989
1572982
1574962
1576111
1583103
1587564
1588451
1589588
1589732
1592323
1593015
1593149
1597055
1605066
1605185
1610732
1613612
1620047
1628320
1629355
1629670
1630546
1630855
1645017
1647425
1664041
1669513
1681427
1683747
1688761
1689297
1700332
1700534
1720714
1721647
1727947
1736264
1736896
1737273
1737633
1742973
1743690
1745382
1746083
1759403
1766331
1769546
1771961
1772735
1784411
1788475
1794786
1795918
1800941
1801548
1802856
1813861
1816361
1820430
1822250
1823148
1823715
1830160
1830699
1834599
1834839
1839741
1839988
1840379
1847320
1849788
1851589
1856922
1861672
1863627
1868699
1869900
1873546
1880623
1887232
1887375
1887905
1894282
1898001
1904673
1908642
1909242
1909959
1910323
1912798
1915285
1916546
1916907
1918548
1919297
1925468
1928580
1931170
1937191
1941323
1942478
1945393
1948506
1953324
1957684
1960572
1963836
1966446
1982895
1984900
1994295
1995961
