-1998818
-1993128
-1990019
-1980293
-1976344
-1974281
-1969208
-1967854
-1967125
-1965974
-1963276
-1959948
-1954478
-1951415
-1951018
-1947673
-1943435
-1939021
-1933313
-1933201
-1925458
-1918538
-1918401
-1918157
-1911770
-1911630
-1904856
-1903291
-1903076
-1902252
-1897903
-1894236
-1894045
-1893364
-1886106
-1885822
-1883996
-1881756
-1879313
-1877804
-1862728
-1859469
-1857370
-1846358
-1841349
-1840702
-1840252
-1839860
-1839755
-1837463
-1818117
-1803257
-1802301
-1799263
-1798880
-1795130
-1791421
-1782811
-1780407
-1776869
-1775819
-1773441
-1773011
-1768845
-1767962
-1764115
-1762971
-1761135
-1760991
-1760403
-1759001
-1747851
-1747557
-1747085
-1746614
-1744273
-1742270
-1742098
-1742055
-1739632
-1727043
-1726311
-1723965
-1718136
-1710336
-1702862
-1700402
-1698254
-1692767
-1690434
-1689979
-1678581
-1674131
-1672053
-1649352
-1644776
-1631387
-1623271
-1617954
-1616503
-1615812
-1614918
-1613761
-1608191
-1605871
-1599260
-1596135
-1592806
-1590038
-1589463
-1588683
-1588463
-1587113
-1585075
-1580970
-1580178
-1579756
-1571152
-1569947
-1566424
-1564853
-1563986
-1561967
-1558584
-1551406
-1550484
-1549374
-1544767
-1539862
-1527488
-1520789
-1505644
-1499437
-1493354
-1487727
-1487330
-1482900
-1480577
-1478979
-1474720
-1473139
-1464225
-1460176
-1455742
-1452965
-1449204
-1442229
-1423933
-1419980
-1407472
-1401364
-1395492
-1394111
-1391333
-1388568
-1379324
-1375355
-1371295
-1361589
-1358583
-1355599
-1351550
-1350653
-1349811
-1346082
-1341087
-1339264
-1333821
-1333221
-1331728
-1331152
-1329564
-1319477
-1318906
-1309640
-1308291
-1307039
-1296954
-1293287
-1292332
-1277658
-1277139
-1277064
-1262720
-1261516
-1254416
-1251031
-1247139
-1245438
-1241590
-1239492
-1237712
-1232458
-1225322
-1223791
-1220571
-1216101
-1213190
-1212479
-1211931
-1209752
-1200647
-1199169
-1198798
-1196964
-1194126
-1187540
-1184932
-1182094
-1176498
-1174002
-1162988
-1161593
-1160840
-1160544
-1157291
-1155186
-1150893
-1150111
-1144189
-1141236
-1139086
-1137392
-1129063
-1128176
-1123182
-1118824
-1111513
-1111105
-1107572
-1103275
-1103021
-1101449
-1100830
-1100629
-1099695
-1099148
-1095031
-1093454
-1089406
-1084282
-1081353
-1072224
-1065168
-1055266
-1044865
-1044054
-1043101
-1036612
-1033140
-1027335
-1024258
-1021423
-1018242
-1017681
-1009958
-1009438
-1008727
-1003683
-1002492
-996382
-992948
-990568
-985291
-984225
-982723
-977435
-974348
-968310
-967759
-965177
-963187
-951231
-937180
-930903
-927601
-926561
-925852
-918101
-917263
-908518
-903345
-892665
-891087
-880183
-876425
-876304
-872429
-872403
-869338
-850461
-843003
-842830
-841710
-841108
-840483
-838543
-830681
-830560
-828129
-824404
-823903
-822865
-820951
-812803
-809709
-807108
-802496
-797154
-796070
-794289
-782751
-779820
-772520
-767124
-764356
-764272
-763793
-763669
-762261
-757923
-754356
-750287
-740895
-736431
-732178
-728934
-725006
-718113
-713998
-709857
-704246
-688982
-673077
-673067
-668892
-668862
-664436
-661117
-655283
-651806
-649201
-640433
-637176
-637141
-629835
-619914
-619088
-616868
-612799
-609979
-608498
-606529
-603256
-601276
-599695
-598427
-591191
-589264
-587560
-585574
-581274
-578440
-571549
-569325
-568362
-549225
-540930
-534341
-530252
-526581
-516374
-516128
-512435
-509028
-508357
-505833
-504625
-494145
-489416
-487709
-485939
-485746
-485400
-483169
-482554
-482084
-479194
-478608
-474954
-467135
-466536
-466274
-466026
-459851
-458400
-457457
-456974
-444737
-440299
-440003
-435006
-433076
-427877
-425531
-425173
-423816
-410355
-401477
-391991
-378958
-377742
-377284
-370939
-369908
-368584
-365931
-361032
-355988
-351265
-350447
-337931
-332150
-330027
-325995
-323619
-316058
-311537
-304018
-298218
-296096
-286938
-284150
-281664
-280672
-271215
-266215
-261255
-260703
-258950
-256473
-253772
-248696
-247886
-246760
-245751
-235728
-233241
-224210
-222697
-219533
-214483
-214066
-213985
-213450
-210572
-208402
-205472
-204649
-193973
-193112
-192076
-191556
-180488
-172214
-169168
-167865
-167722
-160262
-150629
-139481
-131277
-131073
-130564
-128816
-127475
-122325
-121360
-113635
-102243
-101164
-95794
-95192
-90856
-89780
-84926
-79582
-75840
-75125
-68842
-60950
-58774
-57473
-56068
-52324
-48686
-44418
-42400
-38592
-31448
-29372
-23120
-21937
-20227
-17540
-14397
-13588
-10874
-7844
-7173
-6458
-2991
-1683
547
3485
11079
17443
26686
29244
30770
41773
51175
51478
57128
73155
79313
82335
84546
87793
90662
94534
95195
96361
98494
98893
105362
106180
112848
129594
132553
137053
143775
143792
151230
156700
160522
160845
167534
167903
176939
177964
192156
195409
196553
211689
213864
214504
231307
235640
244757
251577
257489
258273
258540
262163
262256
266097
280107
284970
287099
292785
308055
315051
321995
322925
325337
326772
328549
329254
330274
337885
342755
343760
347557
350494
358739
361440
364261
369207
369299
370984
378463
380809
381462
386515
388465
388638
389397
389919
396255
405102
407372
412917
418077
419641
423749
439807
441314
441634
447034
452424
470247
472418
472486
473704
481960
492125
492253
492880
495694
499024
508355
508731
511563
526373
537456
538386
541759
544954
554370
559928
560533
561502
563585
563767
567364
569594
577650
578503
582238
585600
585630
589445
597838
605949
608559
609035
627377
633252
647274
652339
654151
655955
660282
666512
669302
669549
670172
672197
677819
681684
682445
683804
686905
688059
689887
690234
696660
698988
713257
716512
725279
733075
736853
739559
752495
753828
757249
759373
760276
762697
776760
777881
778869
780411
782831
784267
785398
788193
794009
795627
798594
801427
803080
804382
805203
807205
807261
808531
810262
812859
822965
824655
846506
851027
855264
863080
863985
864527
864702
867807
876595
877604
878122
884902
886487
896659
907659
909867
914257
922036
923042
928581
932726
942483
942595
942626
943071
943402
945557
954337
961599
962045
963677
969282
972404
973519
979716
981669
987578
990906
996132
997388
998310
1004142
1006346
1007965
1009025
1013114
1023844
1025073
1035743
1036035
1057160
1061361
1065893
1069062
1072401
1073806
1077044
1077710
1079231
1082422
1083462
1085080
1085365
1085939
1088228
1094717
1096408
1105455
1106108
1106888
1109123
1114237
1118698
1122255
1124732
1130543
1131425
1131831
1136903
1137935
1142820
1146803
1148204
1148578
1150718
1153731
1153884
1161513
1162135
1164055
1165329
1168655
1170063
1172548
1172758
1174672
1178389
1181258
1182385
1186593
1189950
1194185
1196499
1197407
1200270
1208236
1211700
1211954
1217569
1224792
1226959
1235188
1235379
1236057
1237139
1256530
1272872
1285994
1289395
1293801
1298282
1308351
1308746
1309024
1311185
1313892
1329626
1330971
1335069
1353029
1356089
1364409
1375125
1376675
1381351
1388134
1389646
1397223
1401482
1402565
1403478
1404052
1409219
1420604
1420911
1425609
1430378
1435889
1445358
1445798
1446127
1452810
1454693
1454809
1455149
1457059
1458289
1460120
1466704
1468119
1470017
1473993
1486570
1489207
1500185
1505296
1511147
1511788
1512028
1521868
1521874
1530181
1537449
1539026
1539630
1542737
1543677
1544848
1547309
1550966
1551348
1563725
1564508
1566902
1581645
1613011
1614652
1623279
1625064
1628756
1636429
1646194
1646223
1648866
1649408
1654890
1655219
1657880
1666359
1667254
1670621
1671738
1672009
1672196
1674562
1674632
1677595
1684592
1687180
1690922
1696558
1700187
1703718
1723085
1727659
1738720
1738774
1741665
1748549
1750751
1755691
1757940
1758742
1764308
1767947
1775082
1778188
1789083
1792703
1802159
1802833
1806079
1812238
1813150
1815127
1823206
1824680
1833892
1835621
1837372
1843114
1848550
1853491
1859774
1860459
1860535
1864933
1865132
1873958
1877291
1878556
1878870
1880383
1880665
1880769
1885969
1887515
1892034
1892487
1896069
1900783
1902143
1903949
1911272
1911531
1912490
1912852
1914383
1916129
1924707
1929682
1931177
1931546
1931746
1933659
1936237
1940688
1941729
1942121
1945968
1946616
1950091
1958968
1961164
1966816
1967305
1972631
1973896
1974326
1976710
1979644
1983635
1985397
1990916
1992397
1996977
1997953
