-1993856
-1986254
-1985502
-1971765
-1970027
-1960418
-1956356
-1940909
-1934073
-1913139
-1912466
-1907187
-1906748
-1900916
-1897163
-1897122
-1892005
-1887223
-1882904
-1878758
-1875252
-1871665
-1868731
-1866674
-1862398
-1858526
-1856850
-1853000
-1849329
-1841694
-1836388
-1833861
-1833300
-1832204
-1825187
-1798288
-1787569
-1785187
-1778432
-1774201
-1774047
-1773767
-1770380
-1767328
-1766946
-1766569
-1766120
-1766033
-1763081
-1759099
-1755237
-1752833
-1749437
-1747933
-1740701
-1738826
-1737738
-1735519
-1733034
-1732994
-1729784
-1728760
-1727839
-1721579
-1719617
-1717755
-1714836
-1711657
-1703172
-1701167
-1696906
-1690880
-1688268
-1687066
-1684126
-1680924
-1674840
-1672163
-1667865
-1666018
-1656911
-1650241
-1646130
-1645623
-1645502
-1644992
-1642506
-1637376
-1633465
-1622173
-1622084
-1619901
-1608545
-1607980
-1605957
-1599352
-1597441
-1590213
-1588836
-1582178
-1579539
-1575342
-1574258
-1564571
-1561663
-1561441
-1558669
-1552429
-1545679
-1544289
-1537635
-1535365
-1534738
-1533286
-1532315
-1530537
-1530129
-1529568
-1527405
-1519240
-1505511
-1505116
-1503766
-1489911
-1481966
-1467362
-1465487
-1464760
-1462197
-1461514
-1460576
-1459673
-1455042
-1451825
-1447938
-1447055
-1438457
-1433674
-1432787
-1429879
-1422056
-1421720
-1413672
-1413624
-1408111
-1406042
-1398488
-1393111
-1392950
-1390301
-1385241
-1380577
-1371920
-1370763
-1364832
-1362565
-1358513
-1358224
-1352768
-1352501
-1350556
-1330011
-1326603
-1321462
-1308952
-1300255
-1290671
-1285736
-1283477
-1279456
-1272870
-1272202
-1270876
-1263954
-1259449
-1258122
-1255746
-1253192
-1252866
-1249247
-1245497
-1237756
-1228096
-1224310
-1224021
-1221739
-1209076
-1206881
-1206799
-1202651
-1201524
-1200576
-1199050
-1197999
-1196357
-1196073
-1193634
-1189853
-1182155
-1179095
-1177357
-1175424
-1175035
-1169957
-1169020
-1168316
-1162132
-1161150
-1157657
-1155066
-1151261
-1140283
-1139468
-1133999
-1130702
-1113646
-1111016
-1110806
-1109063
-1108354
-1105987
-1102608
-1095864
-1095047
-1091270
-1077177
-1074585
-1074302
-1073680
-1061327
-1059456
-1053401
-1042605
-1032577
-1031568
-1017208
-1016598
-1012779
-1006692
-1006620
-1004172
-1001974
-997280
-996265
-994737
-993682
-992933
-991292
-988931
-987302
-986946
-980931
-976898
-976137
-972107
-961750
-961115
-960497
-957496
-957443
-957253
-956146
-946919
-945807
-940835
-937949
-936862
-936322
-918611
-917610
-908428
-904596
-904180
-903129
-902260
-897555
-896242
-886741
-880774
-878675
-874166
-865808
-861162
-848060
-838206
-838197
-834012
-829846
-825616
-817953
-816175
-813538
-812362
-812155
-810970
-805050
-804006
-803978
-794684
-792991
-783477
-778560
-778407
-776094
-774480
-771109
-770457
-764121
-761437
-758625
-750150
-750101
-749841
-747539
-741854
-741681
-738535
-737833
-737483
-724557
-703873
-703650
-693878
-693482
-682863
-681483
-678484
-673773
-672045
-664785
-659825
-658888
-657806
-656299
-655704
-654730
-647412
-645907
-627627
-625739
-623071
-621596
-617444
-615123
-610514
-606159
-601519
-595185
-591996
-589314
-587686
-584918
-584863
-583479
-579343
-576726
-575404
-574198
-572643
-568104
-561523
-560050
-556415
-540026
-537343
-535914
-535119
-534892
-534363
-533276
-529675
-528108
-526028
-525694
-523911
-513394
-510938
-509418
-508007
-494277
-478783
-468696
-467608
-459232
-458188
-449073
-441114
-431717
-429858
-428199
-424843
-424050
-422874
-413312
-408537
-406791
-406631
-404938
-402988
-402700
-396988
-390332
-382884
-377214
-369858
-364811
-362490
-359623
-357917
-354674
-349954
-348054
-345677
-345180
-344396
-343743
-341502
-336776
-326261
-325193
-321947
-319755
-319308
-317577
-315941
-315481
-308697
-308493
-308334
-306402
-302980
-301538
-291166
-287436
-285431
-284150
-274167
-274100
-270133
-263231
-261051
-257329
-254318
-246124
-237690
-232723
-228823
-217152
-215284
-211231
-208922
-205026
-203561
-196965
-194771
-187589
-182711
-181158
-171074
-167694
-165426
-154171
-153714
-153419
-135349
-131737
-129113
-128017
-125792
-123967
-122136
-121047
-116464
-112702
-110195
-109943
-107080
-104895
-80795
-62821
-50244
-44737
-42137
-25655
-24572
-23084
-10457
-1701
-1086
-228
54
763
8708
12975
13144
18119
22084
24176
25927
27175
27378
33659
33810
39116
41875
42513
43519
53271
55711
65207
66745
69506
70357
77613
79045
84895
85119
85700
86308
96281
98794
102977
103369
103797
104303
105972
108010
114543
116644
130231
141766
142121
142398
143847
146029
146531
151133
151545
156804
157509
159172
161241
162439
169909
170546
174315
179588
181189
199476
204612
206968
210082
210247
211251
216663
220102
221073
222725
227099
228328
230822
234605
262326
263066
265911
269591
272447
277028
282187
287852
293848
295003
296582
298877
302356
307242
309914
311082
324919
328570
330003
331091
337295
343222
353797
361680
361920
362047
373554
384110
387235
388871
388916
392115
393137
397852
405115
435001
439098
439515
446526
451364
452140
457476
460603
465644
468522
470868
481848
485390
493604
497562
502164
503178
503801
506384
510512
511610
515720
528859
536172
537893
539783
548596
549074
549143
556013
560217
561805
563429
573183
582547
585795
587769
592016
605830
605893
611034
614026
617782
633494
648210
657578
667982
671002
671823
671955
681435
685406
687206
688447
691453
702995
706517
708378
708882
713952
718479
724055
729151
729791
738102
741983
749217
749946
750064
751073
755556
759449
767026
778401
782683
790011
796029
797728
799101
809748
810225
815808
816143
817128
820252
820514
822699
823449
826097
826228
827344
831621
831647
832833
833791
837289
838204
840021
840124
841154
862794
864446
868184
875197
876231
878672
884148
884912
887208
887369
890565
891680
896952
897442
898161
901265
902137
904318
922025
933236
935035
941744
943214
949817
959562
963957
966556
969034
969093
970717
974853
975479
978487
983289
983724
985071
988763
989593
991997
1003744
1004844
1010314
1011599
1012083
1013305
1014336
1014396
1016985
1018816
1021664
1022298
1028416
1033131
1034947
1045748
1049198
1057876
1059971
1066233
1066693
1069142
1072879
1077047
1077778
1083131
1088304
1091163
1091669
1095979
1096380
1099877
1101269
1101963
1103450
1104998
1109070
1117438
1118886
1120684
1122954
1123806
1123944
1128341
1130519
1132366
1134171
1135312
1137059
1140653
1146077
1149326
1160035
1160487
1163629
1166439
1169092
1179401
1180752
1188131
1189279
1197955
1207271
1212682
1219828
1223133
1224608
1227989
1231140
1231496
1235075
1236851
1238010
1245140
1247994
1250267
1250398
1250578
1255297
1262873
1263144
1264739
1273247
1274032
1276542
1277501
1278783
1286537
1286922
1289332
1291978
1295599
1295720
1308025
1309880
1311406
1311681
1320677
1320867
1323251
1326941
1330273
1331736
1334927
1342686
1357359
1360106
1366126
1367607
1369826
1371822
1383655
1390997
1392952
1393510
1399200
1406462
1407186
1410613
1411558
1413722
1414659
1422883
1422913
1424205
1429134
1429173
1439028
1441327
1444676
1444890
1446587
1451011
1451383
1461350
1462331
1464309
1472757
1472945
1484155
1485391
1489304
1494531
1497740
1498330
1498578
1503503
1503659
1506953
1519517
1522018
1522218
1525226
1527216
1529855
1533947
1546690
1548862
1550239
1554638
1554673
1558186
1561188
1572335
1572785
1586124
1590404
1593052
1603312
1610889
1618237
1619482
1620511
1621013
1626849
1626890
1631748
1632299
1637241
1641192
1642712
1644520
1650860
1659762
1661210
1665755
1668080
1669808
1673298
1680713
1681968
1682053
1682332
1690424
1690643
1692801
1696868
1726787
1736391
1737086
1739032
1742611
1744073
1746066
1746167
1746450
1753753
1762998
1770335
1775272
1776929
1777558
1785158
1789610
1794782
1797330
1798522
1802161
1802202
1805928
1809424
1809958
1811500
1831483
1833458
1837699
1838184
1838367
1841412
1845577
1863963
1870221
1871800
1875110
1878188
1878382
1878413
1883415
1886292
1888354
1888903
1891294
1901513
1909616
1913324
1914165
1919915
1924126
1932486
1940020
1942042
1949105
1950307
1950992
1961993
1966028
1967463
1977815
1986728
1986868
1988587
1991520
1996865
1998634
