-1993560
-1986935
-1983492
-1979996
-1976101
-1972340
-1971556
-1962197
-1958529
-1953585
-1952041
-1943782
-1942496
-1937983
-1931603
-1929288
-1925434
-1909576
-1906201
-1905301
-1897697
-1889227
-1881094
-1880676
-1878420
-1876096
-1875659
-1871971
-1867509
-1856134
-1848630
-1840516
-1840441
-1832263
-1824148
-1824118
-1823807
-1821264
-1820215
-1814433
-1811383
-1809385
-1808740
-1807878
-1799497
-1795707
-1790187
-1788804
-1779625
-1774095
-1770284
-1766113
-1758443
-1742296
-1740091
-1737481
-1730769
-1727910
-1723818
-1714894
-1706593
-1706151
-1704992
-1703567
-1684362
-1683038
-1681622
-1673689
-1656538
-1644766
-1644157
-1640991
-1640969
-1638355
-1635602
-1623474
-1619462
-1614209
-1613721
-1612524
-1611591
-1610691
-1602510
-1585110
-1580736
-1576988
-1575622
-1575486
-1573672
-1570102
-1568307
-1559494
-1556215
-1555345
-1552688
-1551879
-1537446
-1532606
-1522699
-1512462
-1510812
-1509850
-1501576
-1497376
-1490584
-1488557
-1483997
-1477256
-1472615
-1461702
-1461640
-1458878
-1458433
-1453477
-1452211
-1451756
-1442025
-1439893
-1436233
-1435146
-1434878
-1425472
-1425396
-1424874
-1422640
-1420618
-1411701
-1409758
-1375497
-1374944
-1371443
-1368508
-1367869
-1367388
-1364609
-1364233
-1363011
-1359824
-1358750
-1356103
-1352535
-1345986
-1340620
-1339603
-1339398
-1337331
-1324135
-1319979
-1312283
-1305637
-1304814
-1301607
-1300751
-1295064
-1294240
-1294012
-1290589
-1287455
-1282448
-1270243
-1265531
-1259525
-1256317
-1255589
-1247566
-1246756
-1246524
-1245462
-1245205
-1244469
-1237334
-1235171
-1233281
-1229929
-1226804
-1217545
-1210468
-1210039
-1209810
-1208911
-1204095
-1203757
-1202686
-1202606
-1202569
-1198045
-1197275
-1193008
-1190183
-1188980
-1186565
-1181620
-1179323
-1176858
-1176300
-1172882
-1166668
-1162921
-1156066
-1149991
-1149198
-1145960
-1144197
-1143983
-1141559
-1139748
-1119090
-1107823
-1106336
-1105787
-1104039
-1100320
-1089583
-1084630
-1083847
-1083094
-1071991
-1068322
-1068289
-1068239
-1065223
-1065069
-1062957
-1060397
-1051080
-1045524
-1036259
-1035007
-1023752
-1020171
-1017921
-1009533
-1009220
-1003970
-1002398
-996217
-990656
-979212
-978843
-977398
-974718
-974057
-966836
-962672
-962459
-955580
-952252
-951530
-947317
-947095
-937635
-930872
-926168
-918208
-917653
-912136
-911773
-909940
-909843
-892668
-891369
-887229
-884834
-875857
-875263
-875055
-868662
-863308
-862921
-849654
-847338
-841026
-838169
-836573
-835524
-832970
-828466
-825267
-825179
-819676
-814795
-813223
-812588
-812323
-809583
-808138
-807558
-806205
-805586
-804178
-802943
-801864
-797299
-795549
-787584
-782945
-782455
-781917
-772273
-770213
-753732
-742418
-740237
-734391
-722694
-722563
-719426
-716129
-715842
-710868
-710311
-709121
-706247
-704845
-694178
-693239
-685003
-684327
-681816
-681780
-681567
-680825
-672183
-672031
-669699
-669409
-662816
-656309
-643287
-640637
-631509
-629259
-627827
-627472
-614345
-598430
-595759
-592055
-589936
-581720
-580614
-570486
-569049
-565127
-564931
-560988
-555588
-551774
-548822
-546542
-545681
-541096
-537720
-533187
-531575
-531184
-527905
-526793
-523926
-521388
-519820
-516206
-511154
-511058
-506472
-502324
-498018
-493345
-491451
-491217
-490009
-487696
-486962
-479449
-470528
-469048
-466306
-463767
-461790
-455912
-449496
-435308
-428480
-425370
-414220
-400982
-399999
-399106
-395791
-394605
-388818
-384401
-382254
-366321
-363877
-363875
-358810
-350678
-348754
-348637
-347533
-345634
-340776
-336143
-333437
-332826
-332494
-328005
-322309
-316146
-309743
-308568
-308363
-304722
-303189
-282784
-271287
-269520
-268206
-265824
-265479
-261527
-250864
-249806
-246423
-243728
-241627
-234642
-233333
-227816
-224628
-220668
-217872
-210557
-209377
-202804
-201355
-197320
-187868
-184948
-184873
-172778
-167463
-162833
-158910
-157789
-154498
-153373
-149437
-147466
-144439
-138505
-137009
-134988
-134528
-129995
-129300
-129259
-124598
-123540
-118564
-116872
-115814
-113671
-102263
-100303
-97052
-91722
-91327
-90221
-87568
-71907
-68198
-67333
-63978
-63132
-62629
-50403
-46180
-43473
-41664
-40711
-35562
-26817
-26156
-23641
-21607
-11713
-8477
-7413
-7322
-7279
-6317
-5606
3406
5406
10238
16423
29443
38353
38708
42782
44800
44940
45345
45775
51794
54908
60181
60934
71845
76674
80869
83054
87262
90015
90159
97591
99570
101898
108240
116905
118838
121007
121782
123359
125319
128507
129705
143138
143957
149606
153723
157365
160103
167604
167959
169890
169967
171501
176357
176646
178261
183297
186407
187752
188168
191738
192213
192502
204030
212385
212791
214582
215773
219338
228770
228999
229490
245001
248442
249322
260177
262885
269046
272795
274647
283833
287611
288959
290602
293448
296675
296733
302980
305976
306165
310718
311916
314171
329465
332364
337104
338216
338839
339153
339947
346974
348405
348715
352257
358029
359037
360137
364891
367656
374984
377076
382844
384711
385224
390940
393803
394759
395741
404235
405436
414949
429628
445798
451669
451905
459701
465181
475599
476666
477178
478111
478358
480865
482381
482894
484362
485626
486858
490450
491106
492578
493652
494135
495853
496112
498111
498984
500370
501757
512745
513074
515660
520114
520536
522982
523011
526823
530092
531618
532131
535831
537383
540390
540725
542990
543742
549261
549435
556349
557381
570807
572698
577707
585369
588347
590964
592931
599391
600657
610019
616030
630799
632821
640279
645203
655075
665831
666398
675326
678732
679368
687004
691825
694707
694939
696197
697687
698114
699394
701667
709981
710474
717744
718624
726161
735731
737084
742354
745365
746556
747314
748390
753091
754770
763288
768396
774847
775952
776456
782560
785202
789255
791020
795030
802524
802737
804852
806990
811245
811473
813018
815772
823038
824987
828678
835549
841108
842993
844510
845483
854096
854404
857713
865894
870378
871338
876362
884253
898979
903593
905885
908205
912163
914131
919583
932314
932393
937191
937757
942671
943199
952905
954906
965650
984618
987203
996016
997269
1012007
1012404
1013916
1024382
1026430
1026600
1027913
1037630
1044275
1046962
1047790
1055306
1055841
1059970
1062314
1064700
1069788
1070867
1072828
1073687
1075243
1081756
1085053
1093343
1094515
1098284
1101359
1102665
1105357
1106280
1112338
1114491
1114762
1119740
1122320
1124107
1125321
1128749
1134708
1138121
1141534
1147248
1155578
1156384
1157372
1171421
1175120
1176149
1176466
1184151
1184950
1189681
1189878
1191478
1192634
1194231
1197127
1212988
1214675
1215816
1221760
1222038
1225552
1226459
1229606
1230222
1237928
1246237
1247023
1250196
1252279
1258839
1263565
1266425
1270368
1276595
1278958
1293748
1294333
1294518
1298112
1299403
1301334
1302951
1307903
1309388
1314992
1317450
1318582
1320753
1322626
1327482
1333359
1348169
1348646
1368729
1369182
1369235
1371723
1372074
1377207
1378633
1382764
1384798
1384855
1392433
1399597
1403418
1407950
1410632
1411961
1421596
1436535
1445625
1446393
1456218
1458278
1465166
1471967
1474950
1479986
1483359
1485675
1487042
1489265
1494063
1506552
1513472
1520816
1527306
1527470
1533784
1535733
1537811
1540126
1543910
1544305
1545164
1548670
1550756
1551409
1553735
1555382
1564461
1567174
1570280
1594958
1597898
1601016
1601318
1605991
1621836
1622757
1626243
1634569
1636796
1637560
1639360
1640232
1641665
1646829
1648638
1648840
1652527
1657258
1659970
1660525
1661290
1661564
1664190
1667095
1668012
1672000
1679073
1682333
1682918
1688939
1692915
1696685
1699462
1701873
1702210
1702841
1706261
1708002
1711899
1712159
1719716
1720760
1725175
1727206
1735321
1737059
1743848
1746532
1747593
1751441
1753170
1761151
1761988
1762240
1781732
1786089
1786999
1791266
1791976
1792271
1792604
1795500
1796792
1801667
1802563
1805026
1810101
1813477
1817001
1832668
1838108
1841076
1841489
1845778
1854600
1854643
1858324
1861750
1875607
1878233
1885587
1888200
1898763
1912590
1916026
1929480
1932080
1932289
1934853
1942062
1957689
1959023
1964150
1973233
1979467
1983911
1984612
1985027
