-1995086
-1994951
-1993878
-1991283
-1989154
-1986860
-1979074
-1974440
-1973607
-1969413
-1968384
-1964904
-1964564
-1962010
-1946114
-1945900
-1942050
-1940855
-1938498
-1938048
-1934441
-1922006
-1905643
-1905392
-1904316
-1896332
-1893914
-1889518
-1885593
-1873472
-1869898
-1867437
-1863603
-1862666
-1861732
-1854594
-1850493
-1848910
-1848835
-1848302
-1848057
-1844468
-1844440
-1827439
-1826105
-1824839
-1824599
-1822537
-1821983
-1818110
-1816926
-1811932
-1811538
-1800287
-1799262
-1794316
-1790270
-1789797
-1786692
-1778662
-1777054
-1775358
-1766037
-1764639
-1757343
-1755912
-1754134
-1752264
-1750576
-1746761
-1746011
-1744894
-1744719
-1727468
-1725444
-1721166
-1720246
-1712017
-1711738
-1702328
-1698271
-1696053
-1694814
-1694374
-1688308
-1685533
-1681892
-1677918
-1677496
-1677157
-1671407
-1671133
-1670210
-1663486
-1655413
-1652771
-1642325
-1639181
-1630702
-1628032
-1626854
-1621251
-1605229
-1597293
-1592619
-1589695
-1587321
-1585503
-1581789
-1580667
-1573191
-1565441
-1561959
-1561490
-1558041
-1555593
-1555418
-1552795
-1543435
-1542466
-1541756
-1540971
-1538351
-1536072
-1528562
-1527931
-1526756
-1516633
-1514259
-1512358
-1503709
-1499820
-1499454
-1499240
-1489677
-1489632
-1487306
-1486749
-1486362
-1485881
-1479113
-1477674
-1476927
-1475803
-1473392
-1472102
-1470000
-1462971
-1457080
-1456378
-1456347
-1453459
-1453422
-1446812
-1438879
-1435664
-1430747
-1429675
-1424571
-1424477
-1422319
-1421350
-1406481
-1406299
-1405040
-1401251
-1401096
-1398518
-1397608
-1397357
-1395333
-1392160
-1390604
-1387998
-1377036
-1372137
-1371291
-1369795
-1359219
-1353791
-1352122
-1351157
-1346143
-1335170
-1331664
-1331098
-1328298
-1326224
-1324357
-1321261
-1320163
-1319444
-1318196
-1312356
-1308644
-1305819
-1302205
-1297054
-1297048
-1292171
-1279561
-1271165
-1270850
-1269092
-1256494
-1251850
-1242679
-1215966
-1215633
-1215522
-1215371
-1212317
-1206209
-1204766
-1194424
-1184169
-1181474
-1179328
-1176581
-1172692
-1169608
-1161591
-1158658
-1152320
-1150616
-1148759
-1147866
-1142142
-1140906
-1138149
-1136353
-1128512
-1123280
-1122203
-1114503
-1108061
-1107692
-1106791
-1106132
-1102089
-1101140
-1095136
-1086595
-1080617
-1077187
-1073646
-1071258
-1068391
-1066705
-1064533
-1064473
-1054531
-1054267
-1053001
-1046607
-1046281
-1041721
-1040303
-1034613
-1024861
-1023586
-1021498
-1020932
-1020534
-1014097
-1013978
-997812
-996253
-985511
-984651
-971795
-971191
-969843
-968248
-960495
-956206
-946784
-945896
-944585
-939402
-938580
-937143
-935047
-933175
-932376
-932236
-931112
-922108
-921719
-919490
-913242
-907755
-897914
-895230
-892788
-880008
-879122
-873901
-869924
-867990
-859015
-849776
-848760
-847850
-846681
-843033
-834374
-831063
-829252
-828001
-825848
-819331
-815752
-809036
-805271
-803799
-802141
-799697
-792385
-785710
-783704
-779273
-767192
-767034
-759290
-757197
-755823
-755137
-754956
-750448
-747457
-745826
-744954
-743112
-725227
-721358
-720342
-712644
-710986
-708832
-708303
-706843
-703446
-698242
-697901
-693757
-674305
-668550
-665451
-665325
-662155
-655111
-654591
-653768
-653626
-652148
-647818
-644344
-632110
-620891
-613061
-611773
-611749
-605381
-604521
-603458
-598944
-598057
-597568
-587269
-586415
-586229
-585138
-584681
-582375
-579776
-575450
-574410
-573519
-572908
-563724
-559348
-557202
-548707
-544085
-538899
-538087
-530032
-529359
-527139
-521736
-511602
-511309
-506329
-506173
-498872
-487380
-484305
-480458
-479541
-478485
-478354
-477038
-466821
-464363
-457196
-455933
-453251
-443337
-441887
-440660
-431154
-429079
-424547
-423244
-419757
-415623
-415402
-414732
-413670
-410694
-410187
-406785
-406337
-403162
-401781
-400788
-387197
-382421
-376082
-370601
-366554
-365199
-364078
-356744
-355863
-351079
-324877
-324414
-324413
-324057
-323938
-319154
-317544
-313404
-310973
-310009
-309952
-308244
-305979
-295581
-288433
-284835
-284750
-283114
-279366
-278400
-278330
-272604
-270912
-266964
-260809
-255063
-248286
-244671
-241755
-237751
-232762
-230522
-228868
-223534
-223084
-216177
-213711
-202907
-202213
-199322
-198544
-196780
-191604
-181290
-179631
-174597
-172315
-166650
-165068
-151315
-148828
-142748
-138525
-136314
-134811
-132889
-125637
-125270
-122558
-118278
-116684
-109746
-109126
-97015
-89400
-88089
-87450
-84189
-80066
-80062
-76937
-70859
-61377
-61111
-59570
-51286
-51262
-39598
-37243
-34597
-26729
-26129
-23680
-21345
-18709
-17513
-14058
-12211
-7101
-6296
-3956
411
4369
15372
15820
16757
21472
24919
31909
37614
40940
42329
43500
48261
49196
51756
54764
60580
61266
62796
77330
78321
80396
80792
88988
98552
99925
100344
124623
127561
132801
142508
145130
147392
154648
156322
175270
176736
180108
181033
186891
188183
192021
192037
194899
200064
200436
202929
205323
208045
209111
210859
214378
215267
217411
219672
221911
223208
232797
234251
237775
237988
238754
238899
247203
250713
259938
269951
276328
279184
281984
303262
311809
313176
323523
326385
336392
346985
350107
350592
352516
353868
354769
356010
356278
365614
366408
367361
369646
375118
394549
396582
400382
400507
405993
406359
408556
411783
414428
419040
419728
420370
424272
427340
429290
430291
431490
434447
435473
437905
441249
453333
457884
460735
462226
469696
469933
470592
471481
481669
501920
504309
507939
512312
517892
519114
522944
525974
531552
532757
539323
541880
548728
552512
553024
553429
556253
564534
572106
572152
576911
584629
591256
595451
598023
599084
605168
605977
606036
606180
617054
618178
620512
622689
628929
630857
638096
638898
639726
640166
641241
642264
649302
649661
650680
652207
653314
661238
667791
671282
673259
676534
702906
703389
704176
704888
705769
711086
711851
713080
720815
730160
730592
730875
733724
735852
737721
738820
741475
741523
744199
749816
750434
755260
757013
765314
766712
770377
771523
773316
775204
782877
787638
788139
788445
790999
791425
807196
808549
809803
811638
812943
832826
842906
849209
851241
863111
865111
867499
868309
869586
874594
877484
878505
879117
880020
886727
887351
889012
897269
906261
909470
910863
914329
915670
916826
923603
927603
930301
946216
946435
951197
956826
959776
971925
974518
975857
981253
984111
985305
986145
986371
988589
988707
1000420
1013772
1020554
1033012
1036426
1038799
1042877
1048362
1050025
1053796
1058950
1059359
1081265
1090691
1100333
1103493
1110594
1115803
1117436
1123831
1124044
1126131
1131074
1132221
1132974
1133465
1140643
1147427
1154402
1156474
1163842
1166393
1172474
1178111
1182971
1183078
1184531
1184970
1204553
1210806
1215272
1220851
1221156
1227868
1234776
1235684
1239501
1245233
1248063
1268927
1269786
1277679
1280923
1281436
1283679
1284602
1297245
1304777
1314735
1315555
1319781
1327222
1328303
1332207
1338209
1346426
1346619
1352793
1358620
1362291
1367332
1369034
1376095
1386210
1390244
1390547
1393897
1398126
1404739
1413767
1422495
1423552
1426037
1428764
1430463
1432200
1433404
1434768
1440981
1442393
1446520
1460695
1462138
1463642
1467125
1468614
1469349
1470641
1471094
1472774
1473033
1475359
1475696
1476287
1477810
1487867
1491034
1491370
1491484
1493354
1495313
1502155
1506207
1507207
1517254
1524484
1532875
1532941
1533393
1542422
1544189
1544314
1545298
1546386
1553375
1559236
1560052
1560633
1569572
1569592
1588708
1598148
1600268
1600291
1606681
1608469
1615323
1615733
1616183
1623289
1624289
1627491
1629165
1630425
1651511
1653669
1656204
1658779
1664754
1674779
1676803
1677056
1678888
1682849
1685529
1687178
1688348
1692020
1694850
1702721
1704984
1712484
1722480
1729541
1739351
1742925
1746455
1746595
1747758
1749956
1760350
1761459
1765268
1766361
1769460
1770428
1778055
1782105
1782673
1794713
1796774
1804576
1810849
1816724
1820951
1830328
1851923
1858517
1862397
1866868
1869880
1872736
1873938
1876278
1877145
1881162
1882719
1885744
1896205
1898663
1905722
1911560
1913181
1915110
1924187
1924527
1931250
1933422
1937940
1942600
1948629
1960231
1962746
1967743
1982265
1993924
1995505
1997920
1999969
