-1996989
-1995564
-1992389
-1989070
-1988328
-1983865
-1975383
-1973922
-1962627
-1959779
-1950747
-1943653
-1937295
-1936376
-1936310
-1933531
-1931161
-1929051
-1920183
-1918887
-1918565
-1914807
-1913434
-1906401
-1905887
-1899036
-1894947
-1880345
-1878165
-1872996
-1868021
-1867778
-1865752
-1864550
-1855469
-1843768
-1837007
-1836569
-1834431
-1834066
-1833486
-1817413
-1805712
-1794190
-1786581
-1781024
-1777470
-1768724
-1768470
-1762148
-1757667
-1751887
-1748510
-1742252
-1741678
-1738351
-1737275
-1736661
-1733037
-1730874
-1727616
-1727107
-1725373
-1724086
-1718066
-1707315
-1703097
-1701607
-1695184
-1694418
-1679677
-1674932
-1674056
-1669189
-1662977
-1660085
-1658075
-1657279
-1654274
-1653994
-1652752
-1650260
-1648390
-1633189
-1613089
-1604074
-1604033
-1595281
-1594004
-1588643
-1580128
-1580003
-1568785
-1567314
-1563301
-1561643
-1560619
-1555731
-1555486
-1551679
-1546570
-1537636
-1531536
-1526719
-1518794
-1515728
-1505382
-1489713
-1486445
-1484500
-1474957
-1474773
-1468858
-1463551
-1442093
-1441714
-1437981
-1437712
-1437319
-1436643
-1435373
-1422260
-1414642
-1410025
-1406615
-1400620
-1399749
-1397259
-1393724
-1388115
-1378693
-1376103
-1375126
-1360680
-1347039
-1345406
-1339656
-1336552
-1334871
-1332626
-1326842
-1321672
-1317469
-1311752
-1310285
-1308747
-1308345
-1307022
-1306008
-1297503
-1297165
-1292273
-1284616
-1280753
-1279146
-1275393
-1272158
-1271382
-1264589
-1264021
-1260346
-1253309
-1250839
-1245798
-1242771
-1231760
-1229807
-1227337
-1224907
-1222791
-1208612
-1207757
-1206750
-1206661
-1206170
-1205046
-1203459
-1194949
-1193983
-1193654
-1188449
-1187253
-1173684
-1163758
-1145870
-1142049
-1140887
-1137501
-1137133
-1123294
-1115753
-1106628
-1105484
-1104382
-1100625
-1100616
-1099978
-1094600
-1093646
-1092255
-1082665
-1075736
-1075421
-1071435
-1068688
-1060439
-1053942
-1048625
-1046033
-1045444
-1043899
-1042444
-1039231
-1037521
-1033285
-1030991
-1030805
-1015879
-1014009
-1011388
-1007790
-1004577
-1002594
-999627
-990272
-985420
-981428
-980508
-977496
-977107
-976156
-972566
-968446
-962188
-958174
-956210
-954805
-951820
-949372
-946981
-945877
-937462
-934201
-920285
-918624
-913448
-912060
-902894
-895512
-886765
-885381
-884381
-882456
-880967
-880620
-877917
-873203
-870932
-866722
-860551
-860052
-851083
-850719
-846596
-840818
-833391
-831246
-827351
-826823
-824460
-822434
-817172
-814560
-812349
-811068
-805256
-798417
-794851
-794024
-793756
-786198
-781209
-778432
-778379
-774571
-772535
-759626
-757378
-756053
-749168
-746925
-739969
-736872
-730129
-728648
-725616
-723847
-719893
-715026
-712997
-703390
-703233
-702610
-700277
-693031
-684065
-679471
-676216
-673857
-672686
-667696
-666060
-665729
-653882
-644533
-644048
-641418
-638729
-638220
-633151
-632420
-629560
-623311
-615080
-610927
-605268
-604544
-601594
-595617
-593168
-591717
-586047
-584864
-581097
-580833
-580111
-576935
-575008
-571164
-570483
-568887
-568285
-564379
-552977
-547792
-546048
-544796
-533137
-532353
-531271
-530429
-529972
-516359
-506376
-505076
-504036
-494877
-491607
-491155
-487068
-485694
-479855
-478984
-477357
-471559
-468262
-465579
-461495
-461455
-458231
-445835
-436680
-433051
-431782
-422789
-422097
-414943
-410603
-400299
-399716
-397808
-397575
-387563
-386948
-386709
-384802
-382108
-376072
-371475
-370253
-360679
-359593
-352740
-343846
-342293
-341465
-336170
-335361
-327193
-318557
-317907
-317510
-309138
-299882
-294771
-281294
-271792
-271744
-269869
-266028
-261087
-260391
-257840
-256001
-252360
-249025
-248993
-245022
-237810
-235028
-232456
-231289
-229907
-225944
-225560
-219276
-216583
-215834
-209790
-207248
-205966
-205900
-202600
-195814
-192939
-192267
-191265
-189829
-186608
-186449
-185765
-181026
-179732
-176184
-172984
-169614
-168866
-164501
-160418
-159816
-156520
-150870
-146503
-146161
-144665
-142819
-139264
-139176
-135128
-124591
-119839
-110346
-104373
-98070
-92904
-88190
-83046
-80035
-79164
-71105
-70487
-67815
-67074
-66222
-65850
-64410
-62882
-61621
-60713
-56447
-51405
-49777
-45229
-41755
-36201
-32616
-31774
-25457
-17548
-15187
-10835
-10830
-9101
1652
2584
6477
8289
10968
12886
25858
32159
33138
34765
35689
38824
39231
41756
42177
42852
47065
48377
51219
53220
57517
62658
64162
74232
80813
82331
86750
92165
94072
100937
103754
104257
104409
104475
105648
112196
116493
120059
122734
122942
123882
126258
127033
131938
140927
143146
151740
155756
159868
162508
166642
178079
187852
191443
196085
198565
199789
200976
201110
205776
209430
216825
223726
228261
232372
233903
235574
237597
239597
249600
253501
253730
255752
264265
265384
274024
280137
281584
288407
288448
296476
296802
303129
315646
318573
321618
321759
327695
328495
334635
335319
335926
336571
349461
349641
350294
354287
355677
357878
358368
360240
361240
366470
369071
369495
375711
387951
390955
398267
402122
405689
406216
407526
407671
415816
416286
417958
420959
422318
425231
425517
433505
441440
448647
454878
456009
463915
464464
467559
467973
477047
479150
480379
482634
502125
504679
505606
510254
513366
516029
516213
525809
534284
543350
548640
561831
565747
576870
585145
598048
598508
609978
610489
610660
612242
619328
629914
630571
633739
634491
636455
645841
652342
665181
669063
673289
675241
681158
683027
700499
710913
716532
724199
724717
731401
733043
735588
737309
742285
743350
750356
753284
753330
762856
763880
765801
770132
776166
779804
780389
781772
786736
789101
789533
793633
796428
797029
798687
800281
806329
810232
821098
822567
822790
824899
825580
827693
830771
836000
836063
837646
848212
856452
856927
859216
859241
864914
870353
870923
879738
882231
885076
885696
891581
900082
908524
920178
925874
935348
936140
936950
945055
948558
964860
965259
972680
974797
979406
981725
982481
986378
986850
991674
1005882
1011963
1015886
1017496
1019104
1019345
1020884
1022237
1023139
1023581
1024043
1025003
1027306
1027915
1032868
1035123
1049277
1049738
1049955
1050673
1052172
1056772
1058449
1059187
1063871
1071432
1073565
1074291
1080874
1082503
1085944
1089773
1094361
1098490
1100145
1105771
1106070
1110821
1111823
1116060
1119454
1124584
1127452
1132163
1139292
1143930
1145900
1148712
1153842
1157322
1159270
1160010
1160807
1161871
1167023
1179606
1186691
1193861
1193913
1195245
1196727
1205051
1207781
1216178
1217012
1217049
1218193
1220355
1233424
1233648
1248145
1248214
1249081
1252170
1253122
1267014
1273235
1273431
1288289
1298244
1314309
1314499
1315396
1317069
1317966
1319862
1321196
1330573
1330661
1340696
1356598
1367355
1367876
1370209
1371149
1372981
1383938
1391494
1391899
1396173
1396525
1406658
1407174
1408425
1410580
1416165
1422486
1430760
1438928
1439879
1443860
1444764
1448997
1450703
1454183
1455873
1460964
1462423
1466328
1469577
1469938
1476915
1483352
1490488
1495490
1496517
1496930
1500329
1502519
1503077
1506357
1517792
1519879
1524609
1526613
1528072
1528743
1531370
1534732
1536943
1539337
1542088
1544842
1544853
1547339
1551875
1553272
1556283
1559051
1567384
1569483
1571661
1573137
1576001
1576535
1585814
1588971
1591060
1591950
1594513
1598557
1599314
1600218
1613299
1614332
1614901
1622954
1629126
1630980
1636281
1637126
1639883
1640557
1640847
1646455
1649344
1650256
1650305
1656869
1666995
1675136
1676053
1682947
1685202
1687880
1689387
1689877
1693122
1695221
1696907
1700389
1701408
1720221
1720812
1725742
1728148
1728178
1728767
1733607
1735304
1738526
1744812
1747746
1748847
1757358
1758194
1762107
1763454
1767457
1774162
1782123
1782787
1785320
1788109
1794263
1807020
1808929
1809388
1817179
1823944
1828529
1829218
1838738
1841952
1842210
1844375
1848040
1848200
1856907
1875364
1875724
1876870
1879690
1883567
1888706
1890643
1892710
1898093
1899202
1901235
1910705
1912296
1921835
1925299
1928333
1929548
1935282
1936958
1937109
1938056
1941503
1956970
1958924
1960064
1963170
1971191
1973683
1974767
1976517
1978367
1980170
1989970
1991394
1992343
