-1999062
-1997156
-1995888
-1995852
-1994447
-1965499
-1961238
-1959952
-1959339
-1955670
-1953962
-1935597
-1931515
-1931414
-1909865
-1909221
-1903694
-1898249
-1891613
-1891154
-1883812
-1881570
-1876945
-1871690
-1867486
-1861777
-1853005
-1852295
-1851499
-1850919
-1849220
-1848682
-1847571
-1833106
-1811837
-1811477
-1808648
-1805187
-1803304
-1800063
-1796896
-1792987
-1787564
-1784023
-1782974
-1782866
-1780781
-1778312
-1778302
-1777309
-1770447
-1770007
-1763085
-1762964
-1761627
-1758407
-1756092
-1749824
-1744580
-1743634
-1742403
-1741608
-1731839
-1731710
-1730406
-1730000
-1729909
-1709832
-1709602
-1706376
-1704545
-1703994
-1702492
-1688703
-1688360
-1687479
-1685760
-1680827
-1676907
-1676383
-1675885
-1675104
-1670888
-1655538
-1654628
-1647141
-1644733
-1641719
-1635247
-1630671
-1625839
-1623276
-1621113
-1620262
-1617079
-1616170
-1614864
-1614067
-1613261
-1610774
-1607725
-1599280
-1596341
-1595506
-1594447
-1593663
-1592661
-1591857
-1587307
-1582398
-1582377
-1576039
-1575812
-1574289
-1571911
-1570399
-1567754
-1564491
-1563416
-1562232
-1559417
-1554371
-1544917
-1544688
-1544467
-1543996
-1540855
-1537481
-1534057
-1526910
-1526373
-1521955
-1520961
-1518512
-1514901
-1511440
-1506742
-1502100
-1497090
-1491803
-1482404
-1480023
-1470287
-1463331
-1461571
-1460462
-1456813
-1456719
-1455959
-1445301
-1444631
-1434149
-1429066
-1427134
-1421002
-1419082
-1418397
-1414121
-1405170
-1404710
-1394094
-1391868
-1388817
-1385903
-1382801
-1381788
-1381474
-1380488
-1378281
-1375450
-1368257
-1366529
-1362064
-1359335
-1357622
-1347080
-1346669
-1341964
-1340985
-1334755
-1329991
-1328136
-1327253
-1326809
-1318309
-1311860
-1301085
-1288385
-1286350
-1283630
-1282283
-1279976
-1276661
-1274624
-1269785
-1258473
-1252142
-1249112
-1247483
-1242043
-1236695
-1235209
-1234055
-1233899
-1229885
-1223953
-1216954
-1216194
-1199395
-1189484
-1178690
-1171239
-1166519
-1163709
-1162748
-1158981
-1156559
-1150544
-1141094
-1139854
-1138546
-1134586
-1132689
-1129123
-1128208
-1122028
-1111801
-1109797
-1106499
-1106320
-1101703
-1100309
-1098609
-1090993
-1088352
-1088318
-1085556
-1074544
-1073675
-1072096
-1068317
-1066378
-1059299
-1058349
-1048838
-1047953
-1044376
-1043338
-1041027
-1035371
-1031696
-1031544
-1028108
-1013221
-1011944
-1007119
-998523
-995387
-995190
-985482
-976489
-975025
-974755
-973085
-971951
-964357
-959932
-958128
-946379
-943718
-943044
-933605
-927780
-918994
-914676
-907776
-891738
-888740
-885823
-883849
-882358
-879769
-870197
-869998
-863969
-860653
-849034
-845765
-845480
-842362
-835663
-834563
-832307
-823902
-823311
-814695
-813268
-809958
-798213
-797848
-795047
-794381
-785513
-785066
-775276
-773203
-773158
-773116
-771859
-770739
-770564
-762406
-760787
-753891
-753847
-746168
-744927
-742281
-738753
-727922
-727896
-726341
-713634
-707581
-706722
-705611
-705026
-696176
-690780
-689376
-686215
-685520
-685102
-663523
-658844
-655475
-655475
-652083
-643560
-639948
-638397
-637002
-631424
-631085
-630414
-629831
-624973
-621548
-617119
-609217
-608868
-600706
-596364
-592991
-590457
-575535
-572774
-562922
-560509
-559296
-557120
-554804
-545250
-543005
-541514
-539989
-535893
-529825
-528828
-525243
-522158
-521837
-512976
-508869
-508836
-508653
-505880
-502730
-498115
-496601
-492921
-487671
-478620
-476342
-473499
-473475
-468395
-466056
-465016
-457903
-457443
-455316
-446522
-439317
-431555
-429024
-428676
-425963
-424585
-422660
-421423
-419136
-406993
-406594
-400645
-392916
-390234
-377068
-373942
-373278
-367680
-352603
-343717
-341611
-340936
-337882
-335128
-333760
-327318
-326900
-326419
-320321
-318730
-308647
-302283
-300675
-290641
-288308
-284832
-281097
-276096
-274109
-272444
-266979
-262581
-254892
-250424
-248133
-244309
-238040
-235820
-234195
-232837
-231055
-212131
-207028
-205091
-192899
-192303
-190191
-185908
-183843
-183313
-182922
-179622
-170504
-165729
-155691
-152706
-149181
-145887
-145859
-127733
-124702
-118835
-116546
-112412
-106268
-105932
-104891
-103959
-103337
-102738
-102417
-102195
-91397
-88397
-82663
-72911
-64924
-60373
-57907
-53921
-50014
-48150
-38759
-34687
-33994
-33366
-27687
-12867
-12140
-9987
-8128
-7473
4165
5991
12071
15611
23835
25849
28986
35587
39591
45816
56845
61830
63111
76028
76095
83763
83790
94346
94464
94580
95667
95983
98805
106183
109534
118082
132897
133925
142463
142667
144057
148384
150518
152304
155288
160246
165100
165237
165361
168063
172771
176339
180150
188427
188815
190315
193325
193905
198872
200418
204871
206356
210681
213988
214325
216225
217422
229489
232663
238049
242289
246169
250854
252582
254838
255216
261619
266610
272185
277319
277638
279459
284233
293354
294065
298136
298721
299556
300719
313865
333054
344209
344728
345231
345591
357551
360178
362132
369025
374444
383608
384591
387017
397940
398096
398352
405711
406862
410398
414907
417449
420513
421045
426866
433544
436631
437472
438521
442971
443405
447250
457882
462487
464287
464917
467437
468898
469174
469181
469664
471377
474943
475500
478357
482756
482852
484967
489297
500711
501116
502786
503720
504372
505664
510015
512338
520481
522009
523711
538035
551159
553086
556230
556387
564504
568605
569037
572235
574546
576996
582614
583615
585028
592329
594110
600119
600249
600514
605731
606936
612368
613790
617178
619679
620627
629598
637954
639883
640119
640274
643686
647520
649744
650593
659383
672482
676080
676951
677236
681288
685430
691113
695398
696888
701115
704086
707374
712322
717118
721453
721926
738255
739628
740216
743257
745878
754408
754585
756101
758215
759562
764859
766550
773035
777325
781791
796559
808315
823528
829140
847974
860281
861339
861763
864177
877824
879137
884374
891352
892102
896590
899291
902125
913682
915666
917080
920951
922100
924697
924776
928775
929361
940169
940329
941622
944819
946737
949254
952668
953894
954722
957524
961585
962986
962992
967444
968038
969703
976115
982968
983287
983384
993137
993502
994938
1001746
1005677
1007253
1010497
1013249
1026736
1028294
1029320
1047920
1059800
1060150
1064181
1066257
1071223
1071265
1072299
1073451
1076792
1078643
1083363
1085997
1086808
1098041
1099368
1105296
1106426
1113517
1116807
1120673
1128440
1132641
1140881
1145276
1155015
1170938
1171193
1183658
1185721
1192021
1197141
1199945
1200263
1207987
1210147
1212103
1237566
1240599
1242306
1256568
1260901
1264077
1265504
1266918
1267674
1269518
1269912
1273212
1279541
1282790
1285973
1287668
1287712
1293082
1310981
1311650
1319104
1320343
1320902
1321449
1333510
1343184
1343546
1349696
1354124
1356519
1356744
1359935
1361791
1363406
1363924
1368765
1380037
1380451
1383368
1390038
1398670
1406096
1413892
1414515
1416734
1418815
1423891
1426339
1426522
1434800
1443980
1446241
1455796
1457947
1465473
1468359
1473786
1483255
1484522
1486124
1487931
1494424
1508467
1510401
1510784
1512628
1513815
1514962
1518821
1521207
1522108
1527908
1531115
1537002
1538917
1546604
1551660
1553972
1559205
1564529
1567006
1571311
1577932
1579299
1583315
1584241
1584862
1585417
1587840
1589817
1593434
1596916
1598699
1601210
1601221
1606996
1610610
1610809
1618842
1625272
1626614
1628365
1629612
1634377
1642294
1645974
1658922
1663164
1665764
1674057
1677900
1680210
1687048
1688261
1688912
1689831
1689837
1690441
1690690
1693964
1703465
1709446
1712407
1712610
1712901
1722960
1726312
1731929
1732884
1736222
1738341
1743167
1745435
1754556
1755723
1760100
1760949
1773585
1774607
1776810
1779093
1780664
1782208
1783912
1786514
1791999
1794889
1803469
1805268
1807454
1807736
1810411
1810966
1811793
1814014
1825393
1825430
1827011
1827220
1830279
1830515
1834906
1835518
1835907
1837833
1839845
1845942
1848899
1855671
1858351
1858417
1861409
1862062
1864103
1866206
1868286
1874399
1875107
1877535
1885376
1892834
1896727
1899898
1899918
1902898
1910054
1910324
1915898
1919743
1920434
1931080
1935915
1941200
1952351
1953377
1956682
1963668
1964272
1970506
1976014
1978151
1978578
1981185
1982301
1990114
