-1998447
-1998226
-1994001
-1992002
-1970514
-1967847
-1964042
-1963086
-1961633
-1958954
-1953847
-1947173
-1940465
-1926327
-1922233
-1921299
-1893177
-1890508
-1889733
-1885010
-1883046
-1879250
-1875196
-1871038
-1865132
-1861210
-1854551
-1851410
-1846742
-1842596
-1835061
-1834772
-1834314
-1829589
-1824926
-1824773
-1824332
-1813377
-1811207
-1807592
-1806597
-1803654
-1799989
-1797629
-1788060
-1770887
-1761419
-1749385
-1721601
-1716425
-1716204
-1703360
-1694923
-1692945
-1692818
-1688430
-1681604
-1679756
-1679227
-1672149
-1662601
-1661617
-1660750
-1657178
-1650955
-1650627
-1644749
-1634756
-1629612
-1628482
-1618721
-1618610
-1616105
-1606799
-1606464
-1605985
-1589768
-1575460
-1575265
-1574601
-1571931
-1571719
-1568450
-1551934
-1549492
-1547106
-1541575
-1535535
-1535440
-1531701
-1528070
-1526522
-1525537
-1525262
-1523762
-1522847
-1517766
-1517278
-1516984
-1513845
-1511390
-1509567
-1507715
-1502118
-1491237
-1489106
-1487501
-1484274
-1483680
-1480854
-1475281
-1469034
-1466096
-1465388
-1460793
-1453932
-1453845
-1453573
-1451565
-1450903
-1448558
-1439061
-1433713
-1427707
-1425713
-1424871
-1417929
-1404897
-1402781
-1397593
-1396282
-1395109
-1389007
-1388709
-1386689
-1381605
-1381169
-1375233
-1374230
-1370108
-1367327
-1364334
-1361350
-1358735
-1354881
-1343867
-1333535
-1331388
-1324187
-1316399
-1299600
-1299378
-1298944
-1296296
-1289558
-1283958
-1281295
-1279669
-1277856
-1276665
-1265853
-1263572
-1263045
-1262238
-1253272
-1247694
-1246671
-1238522
-1232244
-1229782
-1228065
-1227900
-1225455
-1225292
-1221261
-1220864
-1218538
-1208513
-1199772
-1192255
-1172231
-1169418
-1168190
-1165639
-1164504
-1162329
-1162030
-1158989
-1157735
-1156486
-1153287
-1153149
-1152952
-1150879
-1150235
-1146317
-1142719
-1141756
-1140975
-1137931
-1131302
-1128921
-1122611
-1120978
-1116695
-1116504
-1113732
-1098900
-1087644
-1081706
-1080031
-1078634
-1074678
-1072906
-1072307
-1071793
-1066233
-1061859
-1054133
-1053879
-1053709
-1050708
-1046773
-1045052
-1032547
-1029709
-1029610
-1020000
-1011507
-1010362
-1006127
-1001397
-992829
-990534
-984130
-977270
-972409
-968610
-957276
-953048
-949768
-942311
-941550
-940526
-937286
-931411
-928865
-927217
-926774
-926751
-924357
-920130
-912875
-911279
-904697
-895829
-890060
-889185
-881237
-881106
-876688
-865900
-863785
-847078
-846162
-843769
-838749
-838505
-838190
-836818
-832426
-831196
-821198
-816603
-813858
-795611
-795215
-792198
-790073
-789607
-789459
-787921
-782978
-771625
-769145
-762577
-755833
-749930
-747534
-747059
-744746
-734843
-732590
-732581
-729122
-726213
-725234
-717744
-698118
-697224
-696226
-696207
-695220
-678759
-675918
-672746
-671765
-668487
-663766
-657202
-655102
-654724
-647775
-637704
-633525
-632869
-620375
-613683
-609004
-608490
-606683
-605749
-605307
-602511
-600083
-598376
-597836
-594569
-592585
-591242
-581540
-580675
-578823
-578702
-577751
-574645
-570870
-569909
-565902
-564385
-554058
-545367
-542714
-540620
-538718
-536436
-512408
-510717
-509424
-507154
-506970
-499058
-494784
-493591
-493203
-491355
-490553
-490445
-490315
-490049
-488517
-488440
-486996
-479810
-477814
-476023
-474234
-472830
-471257
-469978
-468345
-462689
-446036
-444084
-442959
-440926
-439744
-437307
-434406
-429983
-427994
-413377
-412334
-408077
-404125
-385204
-379889
-376489
-369367
-367872
-366420
-366267
-362870
-360809
-355335
-351537
-349283
-346769
-345889
-342426
-340310
-337141
-336328
-336005
-327738
-320769
-320746
-313797
-312025
-308917
-305652
-292413
-289044
-285047
-275344
-272089
-266272
-265560
-264404
-263719
-262678
-258497
-257821
-256722
-253496
-249821
-246533
-244188
-235455
-234996
-231243
-231218
-230479
-229110
-227603
-214079
-210069
-207964
-202880
-198906
-196885
-196221
-196152
-194656
-193670
-187737
-180654
-179122
-178664
-176269
-174196
-172903
-156540
-147290
-146777
-144627
-144206
-140306
-138766
-135278
-133680
-127943
-127398
-118585
-116281
-114493
-110119
-107039
-106571
-98296
-96251
-84668
-83478
-81966
-76081
-75234
-68915
-68613
-61933
-61133
-58922
-58774
-53893
-53492
-48733
-44315
-40315
-39055
-34009
-26585
-26055
-23879
-21970
-15600
-10080
-8648
-8462
-6132
-3400
-2581
-1971
827
2053
11371
12906
14492
14831
22373
32014
33623
36462
37448
38038
38502
43775
47296
47835
49908
53245
56432
66303
70238
78359
78574
82447
86545
100459
103410
103528
105302
106818
113053
115614
117549
118721
119496
119706
121801
127248
128683
129052
131296
142718
162663
164948
166470
170842
172523
174090
174371
177050
188894
191324
191350
191727
191805
195087
209884
210702
217264
221703
223001
225050
233179
239330
239751
247754
248266
250642
262106
277705
283002
283316
283929
284556
286945
291047
292832
304619
308475
314565
317791
325952
328977
329526
337228
342207
346431
349075
349546
357228
358955
359801
359887
369623
378266
387512
394295
406311
421760
421937
422227
428901
433867
443730
450559
461621
464719
466297
466745
469477
473666
482780
483916
483960
484203
489114
490902
496095
497593
503786
506717
511321
514065
516938
524585
526955
527041
528891
529500
530744
531369
534351
547773
559905
561256
569895
573623
582158
590416
599224
600732
601688
606606
607409
607676
608869
614411
616013
626333
626776
630527
632345
637349
641619
643772
643882
648172
650921
654223
664437
668548
670334
671187
671443
675771
679687
680981
681537
684609
686259
689697
691685
694581
698094
698138
698406
699497
700984
709385
714156
715674
717115
721400
722077
723814
728136
729174
737784
739544
746012
756677
759611
774766
779554
785218
790407
804987
813978
820695
821739
825289
827624
841408
844794
848616
849477
852043
856700
862887
868215
870290
878833
880507
885091
886566
888794
893520
894251
897118
899852
901613
903119
904813
913477
914322
916129
919376
923283
925150
930362
931808
934390
935228
935592
947871
949456
952753
960201
962635
964586
972076
973425
984224
999124
1003318
1010294
1011262
1025627
1031565
1031823
1035206
1037295
1038546
1039419
1039934
1040602
1041279
1048035
1053870
1054889
1065084
1071050
1071504
1072993
1073414
1078381
1079148
1079408
1086338
1090445
1091313
1093355
1093819
1094795
1099994
1110033
1119537
1130527
1134023
1142153
1150420
1151118
1151856
1154604
1155109
1158564
1163129
1175329
1176860
1184356
1187960
1189132
1192130
1202813
1215838
1238326
1246841
1251201
1252621
1253154
1254675
1255075
1261730
1263307
1263806
1270001
1270765
1281554
1282637
1285452
1295564
1299004
1307936
1316922
1317506
1317632
1321855
1322627
1325517
1335467
1336038
1340802
1341765
1345041
1352587
1354919
1356984
1370353
1384493
1385139
1392009
1393323
1395924
1401735
1402076
1402844
1408747
1410116
1410787
1412757
1416205
1419419
1419595
1420466
1422371
1423015
1423739
1424597
1425485
1431531
1432333
1435615
1438355
1446576
1448843
1449091
1457496
1458633
1461131
1466459
1470297
1471390
1472329
1476079
1476136
1477540
1479795
1482702
1488228
1492811
1499412
1499761
1501255
1502863
1505819
1511496
1513053
1516123
1517200
1522103
1528206
1531634
1540273
1540927
1549860
1555333
1562544
1564206
1564456
1568084
1581504
1583433
1598764
1600779
1601611
1604514
1605000
1610486
1616300
1616973
1624695
1637294
1639330
1655529
1660996
1663124
1664254
1667076
1671234
1672989
1682628
1683549
1683692
1685251
1689705
1691558
1694825
1695498
1698645
1701973
1705813
1706984
1710345
1711804
1712063
1716703
1718487
1722230
1731181
1734661
1738093
1753159
1757598
1763044
1769844
1778602
1779162
1780231
1783173
1783901
1789591
1790764
1795407
1798760
1800924
1804452
1810679
1811301
1815634
1823328
1825396
1826411
1831834
1844737
1848829
1850244
1852615
1852812
1857148
1864586
1866143
1866888
1868048
1887001
1888169
1889882
1893313
1894238
1894353
1897986
1908314
1916196
1922619
1932310
1941719
1942280
1945390
1949108
1951687
1951763
1953227
1957064
1959121
1966365
1967087
1973025
1973414
1978943
1981076
1982117
1985602
1987467
1988589
1991317
1991765
1993698
1994935
1996893
1997249
