-1991984
-1988076
-1986627
-1982794
-1982274
-1972152
-1954983
-1954291
-1950526
-1947212
-1946996
-1946241
-1940057
-1939615
-1937097
-1931254
-1928570
-1927608
-1921000
-1917581
-1909474
-1909348
-1903950
-1901142
-1900795
-1898400
-1894300
-1884295
-1879370
-1878489
-1877056
-1874017
-1873713
-1872652
-1867535
-1861212
-1856881
-1848476
-1847871
-1842538
-1835367
-1830753
-1826773
-1825127
-1818224
-1818097
-1812548
-1812121
-1800904
-1796466
-1795443
-1795240
-1795075
-1793133
-1790036
-1789977
-1786178
-1783032
-1782204
-1769475
-1767288
-1753013
-1752444
-1751077
-1743354
-1741887
-1739490
-1733085
-1731325
-1731287
-1721851
-1720383
-1719081
-1711034
-1708526
-1708285
-1696112
-1695887
-1685994
-1679958
-1674761
-1673132
-1667107
-1654707
-1650060
-1649566
-1647662
-1646061
-1645491
-1641247
-1629312
-1625116
-1621070
-1609181
-1607088
-1600646
-1599211
-1598664
-1594951
-1594726
-1593018
-1592075
-1588044
-1586477
-1585327
-1582734
-1568957
-1560998
-1549091
-1547981
-1546653
-1545449
-1540577
-1534461
-1532467
-1531409
-1527709
-1521448
-1518983
-1513656
-1512273
-1510374
-1510291
-1510018
-1503282
-1499889
-1499877
-1499075
-1490369
-1487958
-1483745
-1482884
-1478403
-1478360
-1475531
-1473114
-1472068
-1471909
-1470436
-1462573
-1459425
-1455355
-1451462
-1449739
-1436235
-1431720
-1428189
-1423290
-1421097
-1421000
-1412928
-1409911
-1406872
-1405902
-1404949
-1395592
-1395127
-1391174
-1387720
-1387213
-1381326
-1369589
-1368597
-1367907
-1364257
-1364206
-1363708
-1356740
-1353249
-1345678
-1338451
-1332613
-1329108
-1328078
-1325193
-1325024
-1320291
-1315673
-1309666
-1308340
-1291749
-1291126
-1290567
-1275466
-1260167
-1255292
-1253950
-1246470
-1240314
-1232172
-1227287
-1223020
-1222414
-1221580
-1217552
-1217333
-1212875
-1208884
-1208175
-1202242
-1196934
-1193368
-1189580
-1185154
-1179085
-1178930
-1178613
-1176636
-1174306
-1173173
-1165133
-1164053
-1158617
-1155870
-1152897
-1152757
-1148734
-1148643
-1143900
-1140893
-1140405
-1130909
-1125109
-1122336
-1121775
-1112258
-1105849
-1103354
-1100480
-1098019
-1095703
-1087554
-1087476
-1080991
-1073105
-1069994
-1064057
-1063070
-1058304
-1054438
-1051864
-1043971
-1036760
-1033195
-1031739
-1027758
-1021601
-1020933
-1019403
-1017165
-1013385
-1010220
-1005119
-1001808
-993523
-989769
-987873
-987090
-986624
-982798
-982728
-982721
-982616
-982181
-968341
-967060
-965429
-964048
-959231
-958225
-953092
-948901
-948618
-947834
-945664
-940337
-935210
-934166
-933750
-926451
-924849
-924692
-921067
-920658
-919418
-918792
-915369
-912650
-911717
-906189
-905836
-902577
-899192
-894455
-894237
-887894
-882885
-878830
-878438
-875790
-867746
-866936
-865808
-860063
-855656
-849847
-848836
-836081
-834991
-831864
-829136
-824654
-823121
-822848
-817849
-816255
-809349
-803794
-797440
-789515
-783885
-780229
-778977
-778648
-766622
-762427
-761360
-755846
-754689
-753472
-751366
-738890
-736446
-728338
-727202
-726703
-722327
-713846
-712200
-710115
-709794
-704254
-698531
-698218
-694554
-690094
-689421
-687675
-679928
-677575
-677240
-673369
-669630
-668116
-665709
-660034
-657792
-655177
-650710
-647656
-643871
-641603
-638364
-637665
-636153
-629060
-624882
-623437
-619592
-619215
-614306
-610266
-607589
-583408
-578668
-575893
-575087
-565764
-559962
-554102
-550440
-545403
-540004
-536549
-532269
-531394
-530791
-530136
-518310
-516377
-510273
-506582
-500530
-496024
-482544
-481722
-481368
-479400
-477871
-474628
-472811
-471632
-471632
-471408
-469489
-464679
-463993
-461745
-457918
-456508
-456283
-456140
-446124
-445433
-439949
-437911
-432627
-432399
-424806
-422260
-421626
-413546
-408766
-405286
-403788
-401068
-399099
-396719
-392280
-389798
-388609
-388322
-387960
-382106
-381630
-380589
-376767
-375477
-375300
-370724
-366962
-362575
-359636
-359442
-357174
-339718
-333638
-326612
-326002
-319327
-315282
-299776
-298893
-288416
-286308
-283321
-269786
-268678
-262914
-261467
-245889
-238137
-236484
-226712
-223052
-219262
-215199
-207478
-201000
-200432
-199818
-193821
-187487
-185461
-184083
-177061
-172902
-171512
-167607
-157333
-155672
-149852
-146836
-143184
-142494
-140721
-135745
-134815
-134078
-131237
-125395
-123272
-122260
-120137
-119180
-115457
-114248
-103680
-95188
-80540
-73369
-71081
-68347
-65036
-63381
-62084
-59544
-58925
-55757
-54379
-53909
-49557
-48390
-46824
-33041
-25629
-22561
-21748
-20624
-17293
-17097
-14988
-9429
-5484
-5083
-535
3601
7796
12722
17028
22320
22739
23908
27953
28833
29835
35741
37380
37990
43694
46886
62324
64885
66659
71032
72403
72642
73516
79302
80166
88332
93446
103656
106437
106549
115369
118911
121335
124994
134489
139623
143679
144181
144794
146868
148430
149866
151413
157116
160242
163122
165841
169340
170322
172386
175316
182780
182917
199492
200302
200565
213706
215908
218828
235916
243023
247977
248293
250552
253340
253835
257555
266857
271792
272237
277754
279725
281866
282365
287870
288763
290896
293558
301053
303821
305050
305129
313292
315127
318660
323201
326188
326280
327897
339370
339542
349340
350603
350818
352110
359185
360083
360918
366455
377796
380073
382877
390582
396355
397562
399243
400088
400640
401018
407456
408745
417142
418446
428715
434623
436721
441663
446869
449976
450369
463549
465116
468834
475329
475735
476934
478832
479197
479880
482590
493334
494849
495116
503556
518018
518660
518874
527317
528040
536060
540152
544384
548405
551922
566121
571604
573971
574321
579945
593672
596005
596107
597054
611027
614711
621402
625517
632361
646877
646918
649301
651239
655765
658049
658072
660056
661165
665057
666088
671367
672484
674761
677110
679128
683421
684459
684995
693270
701806
702265
713199
714796
715679
723964
724940
734043
736216
736876
737156
745596
747594
749524
759635
763486
766887
777072
778227
778505
784603
786312
788145
789275
789944
791372
796798
796889
801461
806534
812714
816399
822240
822285
822491
831074
843860
849721
852311
858416
859641
860425
860563
861257
864736
875261
875467
879485
881067
885949
886765
889347
902204
907891
909102
910492
918671
921391
923525
933235
935978
935999
939891
945532
947923
948451
949979
951613
953286
957270
965197
978458
979178
979541
985939
986202
987597
1000232
1009404
1010236
1016318
1017011
1033634
1036107
1038325
1042823
1042904
1044290
1046114
1053182
1054595
1058707
1058830
1066739
1067578
1068017
1072995
1073268
1078382
1080236
1087136
1093254
1093664
1094420
1095641
1098504
1099463
1105305
1105374
1105886
1106433
1111099
1126119
1129048
1133589
1134173
1141191
1148555
1153762
1156193
1157123
1168876
1174478
1176683
1179162
1190664
1198946
1200060
1203804
1212523
1217421
1230144
1233421
1252713
1254915
1264329
1266287
1269737
1272245
1272768
1274259
1276661
1283169
1283409
1287169
1305089
1306635
1306965
1334457
1334617
1344713
1346148
1353074
1357686
1362119
1364147
1366808
1374566
1375262
1385307
1395196
1398959
1401315
1407787
1408441
1409272
1410218
1418542
1433560
1435531
1459093
1482137
1482492
1485322
1485533
1488284
1489880
1498419
1500583
1504262
1504841
1524812
1539613
1542326
1547686
1550342
1556546
1557922
1560621
1563452
1586692
1588704
1591052
1593028
1594322
1595531
1600371
1606266
1608549
1609139
1623526
1628617
1639885
1639913
1642126
1643058
1643921
1648792
1651736
1656650
1660798
1664723
1666807
1670018
1675148
1678219
1680307
1699246
1704136
1704268
1705552
1717077
1723574
1731957
1732512
1733415
1734791
1737820
1738221
1739635
1743800
1747226
1753269
1754596
1755801
1758395
1760387
1768214
1776593
1777230
1780702
1782648
1791471
1805587
1805842
1806026
1808603
1809517
1809665
1809932
1812297
1817742
1818373
1822779
1827530
1828206
1829136
1839090
1839479
1840911
1844287
1852313
1853250
1856726
1860659
1862420
1864710
1866139
1873727
1874847
1875582
1877577
1881804
1882218
1882658
1887361
1888360
1891019
1899107
1901146
1901549
1907823
1912888
1913052
1915168
1937937
1939018
1943516
1947635
1953335
1955551
1959704
1964463
1969381
1970918
1986675
1994796
