-1994546
-1994021
-1992897
-1989648
-1988167
-1985921
-1984085
-1975605
-1972831
-1970414
-1958857
-1942029
-1939537
-1936945
-1936536
-1934932
-1934025
-1930481
-1926245
-1921195
-1915341
-1913093
-1909559
-1908406
-1908250
-1905165
-1904753
-1903352
-1901252
-1900951
-1897579
-1894192
-1877466
-1875300
-1875149
-1873451
-1866559
-1857429
-1855339
-1846370
-1837962
-1834448
-1833671
-1833263
-1826533
-1819911
-1815926
-1798834
-1798616
-1796159
-1794468
-1792895
-1791911
-1791124
-1790552
-1789998
-1788871
-1781382
-1780704
-1773699
-1766807
-1766328
-1765702
-1765150
-1762744
-1761873
-1760378
-1757048
-1753942
-1751946
-1750662
-1741591
-1738569
-1738160
-1736441
-1734934
-1733156
-1727613
-1718493
-1716018
-1714930
-1706515
-1703432
-1703222
-1690935
-1687838
-1678611
-1678513
-1672936
-1668577
-1650062
-1638320
-1637559
-1636814
-1632469
-1631836
-1627007
-1626084
-1625424
-1617733
-1615191
-1614618
-1606431
-1594501
-1587733
-1582914
-1564476
-1561484
-1560296
-1556681
-1531766
-1527053
-1525854
-1524501
-1523889
-1523546
-1520886
-1517832
-1508141
-1504855
-1503118
-1502842
-1501357
-1499326
-1499038
-1498254
-1497577
-1481717
-1477568
-1473817
-1469044
-1463055
-1460881
-1459160
-1457622
-1456843
-1455228
-1448631
-1447926
-1441019
-1431013
-1430669
-1423906
-1420326
-1418520
-1415285
-1409810
-1404658
-1402747
-1399727
-1399653
-1397042
-1370426
-1369101
-1368719
-1367149
-1355734
-1353790
-1340891
-1338883
-1332467
-1327977
-1327334
-1320614
-1307655
-1304060
-1303152
-1294126
-1281410
-1275289
-1271173
-1269995
-1265148
-1260203
-1251547
-1248386
-1247642
-1246928
-1236804
-1231075
-1228659
-1220358
-1213680
-1213268
-1204854
-1200176
-1191530
-1191522
-1189599
-1187753
-1171596
-1171194
-1166079
-1165386
-1159778
-1150335
-1146735
-1136570
-1135982
-1134448
-1131345
-1130116
-1126764
-1121542
-1113050
-1111298
-1110245
-1101092
-1098799
-1096416
-1094263
-1072118
-1067581
-1061986
-1047620
-1046109
-1045892
-1032158
-1031265
-1026100
-1021057
-1013509
-1011119
-1006386
-1005073
-1003295
-997972
-992151
-986501
-981527
-972988
-971408
-969047
-968930
-965025
-964907
-963115
-958823
-949613
-947222
-945855
-942764
-920898
-920620
-906811
-905079
-901691
-900916
-899824
-895466
-887636
-886464
-878699
-876999
-874834
-867276
-859400
-855088
-846381
-838331
-836687
-832506
-831121
-830457
-827726
-822769
-820347
-818465
-812208
-811574
-808570
-808211
-801672
-797130
-791366
-790378
-788328
-786611
-785633
-781243
-774185
-773127
-769709
-768589
-759300
-757529
-753890
-752548
-750502
-750480
-742317
-741180
-736174
-735451
-731646
-728633
-728492
-722642
-713071
-709940
-707581
-705964
-704342
-704052
-700341
-686295
-683684
-681202
-681061
-678736
-677856
-671305
-669037
-660628
-659672
-652989
-650719
-650634
-649390
-646658
-643331
-642311
-642127
-636265
-629052
-626968
-623376
-621580
-613390
-611049
-610101
-598610
-597145
-592070
-591531
-581827
-575217
-572002
-569732
-567607
-565656
-558708
-556418
-552904
-543551
-541840
-539450
-538354
-537260
-523592
-514231
-512609
-510881
-509358
-505874
-491614
-486017
-485481
-484349
-482907
-482174
-481452
-480685
-475358
-473498
-472921
-472707
-472541
-470012
-469529
-468186
-467760
-467543
-464418
-458727
-457041
-454697
-453874
-453119
-441589
-437793
-426517
-425857
-424886
-423265
-421687
-417262
-411476
-407744
-400726
-396317
-388069
-370720
-369416
-366808
-364307
-358430
-357351
-355793
-352805
-349889
-344032
-339289
-335727
-335451
-333418
-331400
-328289
-322724
-322617
-315596
-314733
-313128
-307743
-306748
-304408
-293979
-285079
-281349
-279388
-275147
-270080
-269516
-268258
-268114
-266636
-261236
-254715
-250797
-249701
-244781
-244191
-240901
-231106
-230172
-227111
-224321
-223626
-215324
-211037
-209078
-205054
-183454
-182863
-181627
-177528
-172655
-165651
-149728
-149154
-146386
-143930
-140949
-135393
-130317
-128590
-125683
-120549
-120496
-115972
-114559
-112892
-110380
-105388
-100160
-99261
-97822
-92896
-90702
-90427
-88706
-80954
-79044
-78571
-77930
-72654
-67252
-64504
-60415
-55352
-52258
-46378
-45945
-45333
-39442
-38272
-31796
-31113
-16628
-11278
-11009
-10995
-9998
-9892
-4668
-416
5376
5719
8277
12486
17626
24147
26053
45939
46357
48693
49551
50318
63216
63774
64941
65806
69456
82329
91209
95989
98252
98835
98843
100889
103995
110220
111526
113376
124510
130162
130847
143053
145293
145671
147042
149535
156162
157407
160759
160912
163675
164558
172974
173882
175556
183872
197155
200778
202348
204069
207158
207351
208710
209740
220044
229892
230558
237321
245413
251248
259564
259779
261532
270336
271412
277238
280273
293280
302680
309737
319793
336857
341511
341525
343683
346166
348292
351711
358484
361286
361758
368309
371712
372779
374208
380113
383176
385618
388964
393000
393111
393958
394269
399808
402693
402926
406896
411032
411064
418893
419321
422317
422802
424200
425498
427200
430153
431984
433066
434917
435422
439989
444103
449042
458501
458752
463449
464054
466958
474650
482791
483511
484798
487527
488722
489019
490667
491661
498116
501462
502915
505987
508708
512493
516011
516047
522992
523314
533764
535836
537622
538520
543505
543778
546835
547688
550669
551223
552935
554890
560738
562774
562855
566044
575220
581012
581811
583922
585599
592820
603274
605531
607956
608468
610422
616107
619778
624182
634609
635114
638546
639018
639117
650637
654583
661433
662378
664420
666017
666164
667154
668500
672169
672897
676462
676587
677180
678258
692590
698105
698633
700281
705086
705923
711089
713407
716620
718104
729663
733311
739347
743531
746271
749866
760536
762149
763460
767324
771295
771865
772240
777608
778011
785944
789217
792365
799097
808465
814839
815937
819207
821184
822297
827701
831067
832383
832462
834252
840484
841201
845801
848048
859852
862633
863367
867517
869957
871284
879321
881056
884733
889910
889996
900329
909971
912651
913721
914135
920424
920850
931290
934398
938565
951262
951329
970530
970568
971282
973961
976921
989601
992871
996098
996816
1005067
1006797
1008908
1012881
1016427
1019208
1025146
1035069
1039745
1042741
1044487
1048063
1048416
1058313
1058531
1063921
1070140
1074935
1075741
1080347
1082760
1083540
1084893
1087770
1088189
1092973
1093646
1099213
1099254
1109192
1109965
1110387
1111549
1114775
1133069
1135425
1138528
1143454
1144303
1146610
1149409
1149951
1155560
1157394
1160066
1162305
1167479
1168086
1171044
1174779
1175176
1189879
1192863
1198805
1201773
1202251
1207162
1207435
1217786
1218891
1241004
1244626
1254059
1254117
1257646
1263141
1265005
1269612
1269903
1270868
1276459
1282979
1283271
1290111
1292438
1299989
1305207
1307099
1307290
1310252
1323026
1323464
1323612
1332224
1334707
1338390
1338588
1339771
1341334
1357245
1359391
1381958
1385769
1388692
1392742
1398993
1400514
1403066
1410150
1413039
1413377
1426617
1442803
1447724
1451712
1458087
1463686
1468990
1469245
1469696
1471548
1471576
1476683
1479043
1480379
1489316
1493917
1497981
1502652
1505526
1512391
1512454
1512580
1516535
1523825
1524746
1524797
1530431
1532115
1541270
1552537
1559051
1562051
1570082
1570452
1571431
1584147
1584152
1607434
1608805
1611641
1612044
1622217
1628979
1633799
1644232
1645647
1646858
1646895
1648138
1648189
1653025
1653676
1664257
1665552
1670421
1673417
1676738
1683283
1684136
1688337
1690416
1699007
1701437
1703292
1709422
1712030
1716368
1723263
1723879
1730034
1736068
1737036
1737435
1749339
1752055
1753805
1754116
1754822
1756634
1757295
1767918
1773360
1774105
1775721
1776041
1776344
1777883
1784597
1788211
1790962
1799740
1804517
1806958
1809004
1812535
1816487
1829472
1831183
1831583
1831853
1833024
1834261
1835123
1837035
1837664
1840498
1847185
1851772
1856969
1858347
1867457
1867946
1869142
1869149
1869848
1870937
1872400
1874062
1879824
1890530
1895143
1898624
1898658
1910067
1913900
1918090
1924897
1925050
1925684
1928432
1929141
1949597
1954212
1958498
1960047
1975310
1981166
1982999
1998854
