-1996890
-1993235
-1991029
-1990149
-1979062
-1977987
-1973810
-1968721
-1963209
-1961217
-1937068
-1935444
-1929451
-1923612
-1920832
-1910588
-1896285
-1896249
-1895617
-1884698
-1871960
-1867572
-1858765
-1858437
-1858154
-1857217
-1852886
-1847085
-1841267
-1836135
-1836109
-1827395
-1826881
-1820880
-1819794
-1818015
-1817964
-1810295
-1809582
-1808912
-1806596
-1803089
-1802976
-1800876
-1787592
-1786944
-1777405
-1775679
-1772077
-1750363
-1747920
-1742210
-1737143
-1733904
-1729182
-1727186
-1725777
-1725086
-1718615
-1717534
-1716427
-1705400
-1700293
-1700203
-1690066
-1687120
-1681425
-1679246
-1672967
-1671275
-1667625
-1667407
-1667373
-1665202
-1664992
-1662501
-1658975
-1645574
-1644306
-1642891
-1642758
-1641543
-1632420
-1631763
-1631092
-1627160
-1626396
-1625731
-1610276
-1608271
-1607492
-1606200
-1603964
-1603518
-1602622
-1601363
-1582047
-1581166
-1559384
-1546087
-1545888
-1544407
-1544345
-1540370
-1535365
-1534668
-1533027
-1530179
-1529332
-1526165
-1522993
-1514449
-1513838
-1512817
-1508277
-1508195
-1506928
-1506169
-1504931
-1499966
-1485602
-1483116
-1482726
-1476759
-1468476
-1460990
-1457994
-1456023
-1443522
-1441576
-1441178
-1439348
-1425254
-1419946
-1419411
-1416873
-1414153
-1402147
-1401774
-1400729
-1395333
-1389528
-1384935
-1383053
-1379517
-1377965
-1377566
-1375210
-1373168
-1358325
-1358213
-1357884
-1357596
-1355606
-1355068
-1352940
-1352885
-1344680
-1342760
-1340428
-1337687
-1331971
-1324416
-1323927
-1313079
-1312658
-1310031
-1309496
-1307612
-1298053
-1295386
-1285802
-1284918
-1278305
-1276576
-1267727
-1266591
-1265632
-1253907
-1249427
-1249332
-1239681
-1236506
-1235697
-1209082
-1205788
-1202534
-1197981
-1196986
-1193797
-1189752
-1175884
-1171612
-1162093
-1149516
-1139369
-1133708
-1132276
-1128738
-1126518
-1123949
-1123887
-1121222
-1110050
-1103747
-1103422
-1100622
-1093166
-1089549
-1087204
-1085717
-1084656
-1084183
-1082665
-1078639
-1076835
-1076405
-1068864
-1063328
-1057828
-1056054
-1053448
-1053212
-1051759
-1051080
-1038288
-1030205
-1028362
-1022405
-1017003
-1015334
-1014792
-1012831
-1011650
-998734
-984644
-984432
-983850
-970829
-970807
-968171
-962880
-958267
-941346
-940412
-939440
-931935
-927001
-912786
-907605
-903105
-901082
-891241
-890281
-884336
-883833
-879016
-878849
-878406
-865076
-855852
-849695
-848335
-845463
-843350
-842960
-842921
-842780
-838105
-834636
-834207
-833764
-832896
-824068
-812593
-805167
-801032
-795690
-786955
-775344
-772816
-769023
-767691
-764687
-757001
-751795
-747300
-744359
-734677
-726861
-726846
-715494
-705173
-700756
-700018
-697694
-697344
-694182
-691421
-683660
-682494
-680226
-674179
-667447
-662810
-660794
-652144
-643053
-640851
-638925
-637792
-636349
-636319
-631696
-627614
-623324
-617617
-613507
-605161
-605036
-601575
-600111
-598239
-595152
-592982
-585276
-584241
-583800
-583537
-581703
-578618
-576054
-572935
-568216
-563707
-562944
-562751
-552703
-548207
-544990
-540327
-530286
-527233
-520348
-516930
-516847
-512412
-511808
-511745
-509998
-509701
-508495
-503822
-473531
-471391
-468253
-463445
-441507
-439778
-435796
-435302
-434992
-432230
-429754
-428115
-427955
-425760
-423682
-423565
-422868
-409799
-402809
-400544
-391829
-390987
-387875
-387589
-386109
-385441
-378904
-374606
-374491
-373626
-370499
-370482
-369917
-367958
-359925
-354192
-353275
-351823
-349284
-348647
-347638
-342710
-341390
-332171
-331693
-330865
-326133
-321915
-312171
-311190
-309858
-308893
-303381
-300805
-297624
-292981
-284633
-281880
-281389
-280870
-269996
-265529
-262040
-261641
-260832
-258868
-257594
-253112
-252083
-251898
-251103
-246655
-241094
-232904
-217229
-216634
-209852
-201933
-198458
-197789
-196573
-195151
-191145
-188783
-185659
-179585
-172841
-172636
-164374
-162437
-159873
-152336
-151895
-147062
-146896
-142961
-132122
-126964
-124786
-120246
-113873
-110645
-109132
-100534
-99173
-88911
-84372
-84155
-77957
-68047
-64491
-63854
-63571
-58200
-53723
-49477
-48532
-40967
-36727
-35355
-24435
-20857
-19241
-14730
-11046
-1194
463
6420
12331
17557
20868
25243
25408
31757
34530
43994
47731
49298
52829
54887
57280
63329
65933
66633
72940
78672
89720
91614
92260
93393
98886
103501
105359
116675
117720
132965
133001
136610
146855
148154
150218
154238
155443
155909
159198
169620
177905
179961
180421
186757
192274
192683
197436
197952
199477
203612
207085
209648
210152
214264
217257
221730
226395
227429
227979
228976
233887
235613
242699
246429
246655
247682
255898
257234
257886
263938
264744
266007
267595
267826
268046
271128
273800
276531
277393
283630
284986
292101
293434
305985
310378
314202
314977
316690
318234
325896
330407
335098
335825
337564
341675
349300
352417
354333
360465
361262
385678
386051
388195
388772
389042
395601
404846
408021
414637
415262
417651
427298
427755
432501
433067
433608
434075
438369
447841
447844
450941
454023
467362
470384
470491
478450
483031
484250
485519
486540
488260
494833
495673
497100
499547
501260
502757
504381
507058
508796
512800
513198
519810
526233
527869
528652
529133
532120
541377
543575
544670
548020
548274
552929
561944
565856
567965
574433
576565
581212
585854
592526
595902
600790
605000
605085
607218
610107
623999
641556
642422
646527
649023
649599
654606
654884
656637
657197
660514
661177
672820
678660
697920
707541
711154
718337
723282
725311
728092
731963
733721
736336
736747
737545
747837
747978
750917
756785
757884
762719
767952
769780
770186
770854
777977
778116
778608
780875
782641
782731
785948
792945
801642
805954
809820
815275
824659
825473
825829
829632
831268
833039
835542
846912
847344
860454
864046
864446
879754
880414
883688
887797
893499
893587
893722
894568
896916
899571
902515
908972
909310
909719
910075
910520
913738
920152
921150
929899
931072
935795
947801
949483
962824
966615
968758
969215
976775
978468
978845
981561
982207
985826
987816
990105
992103
995076
995439
995582
1000969
1006202
1008677
1008928
1012544
1018711
1020722
1021643
1029243
1035204
1043633
1049574
1056375
1059907
1067243
1067473
1067778
1077271
1081426
1082218
1083530
1084783
1087412
1088686
1092392
1097551
1101457
1102249
1104442
1107305
1114920
1115425
1115511
1115979
1123737
1124363
1133841
1134633
1135053
1137328
1142619
1147243
1149242
1153055
1159070
1163891
1164623
1165061
1170372
1180620
1183729
1184120
1184930
1187426
1191326
1197254
1197629
1201825
1203566
1214360
1216109
1220445
1231394
1232621
1233737
1237707
1238614
1241747
1241946
1242921
1243975
1249804
1250313
1252306
1255883
1259485
1261520
1265101
1265855
1270402
1275880
1281703
1282493
1283880
1299472
1306997
1310635
1314860
1316860
1318329
1325653
1325796
1333550
1340075
1345696
1349464
1351136
1351337
1357980
1359865
1366574
1370695
1377711
1389527
1392409
1409199
1418421
1420834
1425304
1425493
1430026
1435299
1436839
1438244
1441519
1446856
1448420
1449276
1452667
1463958
1464042
1466176
1469850
1472616
1479977
1482944
1486815
1486894
1492315
1495742
1503754
1504265
1505951
1507014
1509682
1510002
1512483
1515037
1516510
1525823
1533087
1540538
1541178
1541416
1545074
1545486
1557776
1561925
1570404
1579479
1584173
1588476
1591283
1596455
1597005
1601578
1608861
1612289
1618529
1632502
1636789
1642243
1652621
1664021
1670512
1683507
1695020
1695430
1697124
1700318
1706576
1706656
1714627
1719649
1721191
1723422
1723733
1724261
1725980
1727848
1730878
1733215
1751522
1759094
1767204
1768134
1769989
1774086
1774924
1777206
1778741
1781629
1787567
1787635
1788298
1789524
1793906
1793939
1794627
1795361
1795901
1802530
1803919
1810450
1812747
1822158
1823018
1830333
1841937
1854321
1854925
1859074
1860701
1867091
1873774
1873971
1875691
1879725
1880040
1881355
1895997
1896883
1899911
1903051
1909989
1910106
1914449
1915611
1916319
1916813
1920434
1924407
1926684
1926862
1929901
1930760
1932612
1933528
1943475
1944221
1957621
1962859
1965520
1969736
1970617
1976212
1976407
1978703
1981460
1986824
1990507
1991933
1993496
