-1998973
-1987899
-1986385
-1979309
-1977802
-1974304
-1965351
-1958376
-1956845
-1953351
-1952799
-1949174
-1940388
-1939450
-1934302
-1933671
-1925474
-1922356
-1921418
-1921158
-1916060
-1914591
-1912964
-1912771
-1908019
-1902331
-1899045
-1888633
-1883757
-1883552
-1880053
-1876637
-1874272
-1872188
-1862146
-1861915
-1859318
-1855628
-1853419
-1847136
-1846963
-1843426
-1839414
-1833368
-1828050
-1826468
-1817118
-1808088
-1807961
-1804514
-1798824
-1786793
-1783255
-1772412
-1771351
-1770280
-1764921
-1764022
-1763085
-1760398
-1743442
-1741996
-1740198
-1739627
-1732070
-1729409
-1722773
-1708420
-1702574
-1694509
-1690600
-1689698
-1686586
-1682362
-1680276
-1659295
-1654027
-1648607
-1641780
-1637571
-1627634
-1622715
-1612242
-1610561
-1605721
-1597904
-1596516
-1592939
-1590232
-1588947
-1582202
-1580138
-1578119
-1572801
-1570501
-1565430
-1557166
-1551190
-1543950
-1540658
-1540200
-1534377
-1530269
-1529555
-1525819
-1517161
-1514201
-1505792
-1504254
-1502720
-1501103
-1499795
-1498904
-1497072
-1495771
-1488670
-1485059
-1479930
-1475280
-1473783
-1471463
-1470972
-1470251
-1464900
-1462141
-1458788
-1455281
-1437548
-1437000
-1435634
-1434272
-1429246
-1427746
-1421315
-1413452
-1409691
-1405892
-1402987
-1399242
-1393494
-1389998
-1388134
-1386456
-1386305
-1385106
-1383538
-1365478
-1364649
-1360957
-1354339
-1350269
-1346964
-1341976
-1336183
-1329977
-1327675
-1327264
-1324112
-1320459
-1318172
-1311531
-1305642
-1304603
-1293341
-1291402
-1287838
-1287536
-1285075
-1284781
-1272122
-1268061
-1267659
-1250388
-1249827
-1242830
-1234756
-1223105
-1220424
-1215694
-1204325
-1200110
-1187506
-1187298
-1186066
-1184038
-1177511
-1175474
-1172472
-1166817
-1165179
-1164715
-1160252
-1146644
-1133487
-1129079
-1117491
-1111290
-1110052
-1096504
-1094929
-1093754
-1082023
-1079979
-1075862
-1074113
-1074060
-1072676
-1067854
-1062903
-1061264
-1055749
-1045827
-1044822
-1043999
-1043114
-1042676
-1041568
-1040866
-1040807
-1040647
-1039610
-1038895
-1026573
-1022504
-1011446
-1010779
-1007143
-1002069
-999795
-998707
-998553
-996491
-995347
-985946
-981725
-981548
-976514
-974416
-964873
-961149
-955843
-955059
-951987
-951345
-946162
-927257
-910879
-908050
-905183
-895224
-895149
-893502
-889725
-886120
-868836
-854910
-851519
-843902
-842629
-839096
-837090
-836707
-832412
-827466
-821281
-820827
-809145
-806112
-803513
-790685
-782647
-779689
-774181
-763908
-763847
-761746
-760151
-757873
-747675
-747306
-736858
-736783
-735764
-734962
-732868
-726129
-724135
-723933
-723847
-718055
-717941
-712785
-709867
-705018
-692875
-690672
-682355
-682195
-681767
-678312
-676198
-676149
-672482
-671452
-665344
-662599
-662558
-652778
-651492
-649736
-646312
-645486
-643506
-642335
-634974
-634546
-631120
-624365
-623989
-621305
-620331
-620243
-616061
-615868
-612556
-605415
-601580
-600172
-596474
-593618
-591230
-585111
-584184
-576499
-575932
-572235
-570633
-569361
-568701
-567086
-557441
-555319
-553690
-549338
-540835
-540767
-540608
-540214
-534024
-533533
-528295
-525417
-522734
-507926
-490487
-478751
-478644
-471851
-465100
-462423
-462381
-458681
-452926
-447726
-446918
-445618
-444654
-438471
-435447
-432903
-428664
-420736
-420486
-412706
-411647
-407059
-404795
-403348
-403189
-400145
-397013
-396091
-392823
-392795
-373047
-369010
-365228
-354738
-348375
-347848
-347392
-330003
-329698
-317578
-317204
-316097
-315399
-315211
-309535
-304462
-301486
-299149
-297702
-297124
-294530
-294263
-292796
-292044
-292038
-288057
-286227
-280254
-278078
-272832
-267152
-265159
-260019
-257145
-256909
-252698
-248524
-246069
-245289
-242549
-240918
-232896
-229427
-227756
-221302
-216450
-213375
-208389
-201582
-182303
-178519
-175314
-171567
-170375
-156344
-154813
-152131
-151960
-150434
-149092
-147199
-136801
-136433
-134994
-130739
-129435
-127772
-124570
-119204
-118570
-111436
-108444
-106360
-103529
-101923
-101654
-95774
-93495
-85072
-72043
-69668
-65124
-64252
-57113
-53777
-49312
-48811
-48207
-46493
-45765
-43155
-41593
-41438
-33547
-11070
-10417
-9004
-4707
-2275
-55
2499
16225
17031
27873
36000
41593
63152
67576
72034
73711
74051
77699
78349
81081
91850
108530
109920
115623
116413
120522
122176
123607
125804
126314
128439
135816
137619
143591
145421
147899
151301
153664
154559
159718
159850
166061
169348
174119
177730
178368
186575
187500
193288
195952
196695
197256
198452
200177
211227
213264
216337
217937
219471
219656
227195
242474
244544
247506
251614
253604
259048
267543
281323
285506
290492
298633
298690
305869
307101
307120
308538
309404
312756
316262
317348
329001
351964
352933
353320
354959
359284
362206
363967
367998
369809
390522
392661
396755
404172
405300
405868
407300
407891
408314
408636
411400
413609
418951
430959
431691
435107
451764
452836
457986
459024
459123
463695
465460
475138
478404
481601
483808
483830
488397
490350
494848
499362
502515
512789
513722
520988
523871
524153
526031
527335
530314
534813
537681
541293
543173
547150
548255
549556
550560
550923
553845
556098
558034
563775
569357
582052
592759
594008
597695
603409
619353
621418
626328
628955
634135
642327
647442
652052
653707
655915
661020
661885
662451
662625
668627
668799
670709
675656
682598
689294
690939
694983
696699
696794
697186
701978
706507
713045
715870
716256
723868
734704
736676
741276
746388
748436
752697
752953
759811
767615
772975
776865
780432
783554
785598
787932
797845
803104
807862
807863
810994
813402
817540
819263
819314
821480
822226
823746
824576
825675
848841
852913
853270
855476
858840
859675
863535
865065
877205
878481
879691
883124
883647
886225
891229
892652
897998
899334
911041
913754
915715
916327
916639
932330
932405
934140
935799
937290
942124
954098
954496
956601
957674
959371
962799
964525
966905
975226
979834
983124
983737
983846
991238
998225
1000698
1006967
1012703
1017616
1022496
1031545
1034457
1036361
1049347
1049894
1051174
1054784
1056263
1062989
1071244
1073301
1074802
1077025
1079652
1082180
1084468
1086519
1089605
1094588
1098146
1105186
1107683
1114226
1118077
1119169
1119830
1123969
1126693
1128774
1129550
1129935
1130986
1134666
1135453
1145287
1147472
1149443
1150149
1150980
1153549
1161169
1164544
1167551
1176197
1176586
1177308
1180418
1187526
1188829
1190696
1199609
1203686
1205156
1208873
1210597
1223684
1226002
1229439
1238098
1241239
1244116
1250404
1261609
1267780
1269376
1277836
1281147
1288305
1289699
1299297
1305295
1312091
1313860
1318097
1323008
1325472
1329756
1331549
1333179
1337391
1341517
1352134
1354129
1360548
1361709
1361826
1366224
1371629
1377592
1379109
1380613
1382684
1385414
1386104
1386707
1388210
1388515
1394136
1396692
1401621
1405009
1408244
1411434
1417247
1417615
1418720
1419542
1424495
1431571
1433573
1436292
1443068
1443150
1444326
1447414
1450742
1451450
1457251
1462814
1469181
1470410
1470912
1479812
1480013
1480608
1482385
1488221
1488790
1491082
1496196
1496625
1497154
1508750
1509904
1512614
1515582
1518812
1521509
1533256
1533857
1538110
1539988
1541309
1553372
1554975
1556366
1558177
1561103
1562215
1572017
1574058
1576941
1581287
1583222
1587084
1590167
1593106
1595676
1603810
1608092
1611635
1615135
1617356
1617444
1620131
1620901
1621043
1622291
1622780
1622909
1625616
1631765
1633723
1636237
1637282
1638464
1639050
1640109
1642846
1646202
1648501
1651789
1660522
1661610
1667833
1668639
1672820
1674775
1678478
1681272
1686741
1689943
1699081
1700025
1700410
1705019
1706654
1707975
1708466
1708697
1709056
1714596
1717024
1723859
1724560
1732092
1733830
1741292
1746879
1751518
1757744
1759760
1764487
1765816
1767184
1768051
1769510
1770276
1781137
1782849
1786526
1787705
1793592
1817697
1830797
1836477
1839201
1839688
1841832
1848881
1849159
1849166
1849694
1855953
1860259
1862278
1862463
1873016
1875556
1884779
1885898
1888424
1904833
1909294
1912392
1916907
1919560
1922080
1922263
1927118
1928823
1936649
1938322
1960253
1960747
1976416
1987996
1994090
1994645
1995763
1997681
1998183
