-1999386
-1993834
-1993249
-1982816
-1977257
-1974361
-1970068
-1967914
-1967477
-1965513
-1959256
-1956623
-1953143
-1951625
-1950573
-1947578
-1946118
-1944477
-1943252
-1935852
-1935090
-1933417
-1931412
-1931226
-1924226
-1919072
-1918166
-1917842
-1916980
-1914664
-1914586
-1909559
-1909360
-1906536
-1905458
-1904832
-1902977
-1898078
-1897502
-1892995
-1891790
-1883152
-1882337
-1880013
-1875619
-1870174
-1861929
-1850925
-1844976
-1838633
-1831750
-1827773
-1818314
-1817989
-1806276
-1804557
-1800962
-1798883
-1795093
-1781593
-1780137
-1777965
-1769624
-1765184
-1764157
-1762354
-1761137
-1756276
-1750750
-1739503
-1737914
-1733951
-1726018
-1724731
-1723539
-1719462
-1708511
-1704598
-1703386
-1697309
-1695384
-1684000
-1678928
-1678156
-1674939
-1664415
-1659952
-1646239
-1642312
-1637578
-1624736
-1623921
-1620836
-1619156
-1618815
-1616537
-1614526
-1613666
-1602626
-1598645
-1589081
-1587325
-1585133
-1584982
-1584255
-1582966
-1581401
-1577232
-1575790
-1573589
-1563388
-1561804
-1560806
-1543910
-1538533
-1537962
-1534015
-1533587
-1532912
-1532628
-1529766
-1528482
-1524511
-1517596
-1513285
-1512669
-1510579
-1506960
-1506501
-1496878
-1471303
-1467280
-1465997
-1464872
-1464039
-1462423
-1459829
-1458130
-1457054
-1453480
-1448362
-1445331
-1433469
-1429434
-1422625
-1415991
-1412011
-1409671
-1406513
-1405867
-1401746
-1397386
-1396791
-1394286
-1387094
-1377457
-1375103
-1366677
-1366626
-1357232
-1356542
-1353836
-1350264
-1342955
-1339880
-1338868
-1338325
-1334274
-1328621
-1328409
-1325869
-1321407
-1318109
-1307132
-1302916
-1301970
-1298576
-1298131
-1297335
-1292373
-1288849
-1279029
-1273429
-1272763
-1265972
-1261701
-1251483
-1242017
-1241553
-1239499
-1237742
-1232801
-1232743
-1232711
-1227827
-1208150
-1195502
-1191662
-1175170
-1174882
-1170311
-1167463
-1162727
-1162067
-1148292
-1119551
-1118834
-1099348
-1098554
-1097229
-1095011
-1089937
-1076258
-1071446
-1064988
-1061927
-1061453
-1058676
-1052409
-1052324
-1046703
-1045826
-1037141
-1036149
-1035525
-1030045
-1021809
-1013846
-1012601
-1006509
-1006020
-1004366
-1003144
-999233
-997261
-995790
-988689
-988232
-969596
-964532
-959553
-957993
-956073
-955779
-952651
-952379
-947710
-939829
-938836
-932320
-929937
-929534
-924084
-922528
-922359
-922320
-920766
-913137
-912839
-911081
-908854
-904923
-903822
-902444
-900016
-897578
-894534
-894517
-891350
-888852
-888594
-887227
-886794
-877500
-876351
-876005
-868049
-866922
-863017
-861660
-859418
-856915
-856874
-856534
-847071
-843935
-840185
-837942
-836548
-833346
-827718
-819791
-819750
-810672
-803198
-797267
-790202
-780628
-778292
-772736
-771999
-770421
-766866
-765944
-762191
-762118
-753806
-753407
-745429
-741543
-734591
-732709
-732654
-724833
-723927
-723720
-713158
-709537
-706282
-704542
-703858
-702846
-702474
-691219
-691091
-688560
-682988
-676742
-672817
-671787
-667070
-666709
-664847
-655024
-651190
-647277
-642963
-642433
-630012
-625479
-620664
-617685
-616744
-616605
-612033
-608397
-608329
-606617
-600832
-588732
-579768
-576727
-566541
-561000
-548953
-548567
-548091
-546927
-546494
-545346
-541146
-540402
-535689
-534273
-533210
-531241
-527997
-525318
-519791
-519677
-518923
-503040
-501334
-500578
-494313
-491766
-487918
-480388
-479617
-478163
-471402
-471100
-467011
-462924
-456654
-455580
-449981
-448012
-445752
-437716
-426867
-426302
-422345
-411313
-406511
-404116
-404114
-403080
-394405
-393555
-388905
-382970
-377059
-375829
-373167
-370702
-366787
-363979
-360179
-359901
-353917
-348854
-347367
-345298
-335810
-335324
-314311
-310906
-303866
-297689
-290337
-286978
-281189
-278940
-278340
-275382
-274639
-268258
-259586
-259453
-250518
-247472
-245965
-238113
-234833
-218207
-217836
-217747
-216715
-212872
-212583
-208952
-201167
-201069
-198420
-198414
-191067
-183857
-181244
-181202
-181114
-180805
-175223
-174235
-145009
-144413
-143747
-138626
-136963
-136810
-136630
-131847
-130521
-128089
-125230
-124730
-122557
-116353
-114457
-111975
-111630
-109867
-104265
-101490
-95088
-92042
-91558
-79432
-72791
-71720
-69831
-69048
-62838
-60285
-57148
-55367
-49677
-44153
-43909
-32490
-29924
-19281
-4154
-1218
1433
5089
9595
15112
15565
19901
26069
27831
28034
28470
35610
36512
41816
43893
46384
47018
59637
64834
65568
66583
71259
71764
72643
80533
80664
86108
96542
99303
113751
129250
130941
132376
135026
136934
137367
137803
139517
142497
143863
147153
150644
160085
162716
164972
165886
167139
185045
187035
188184
189061
194135
199962
201614
204979
208012
214124
216088
216508
218516
218557
227042
237956
239388
242365
244864
248434
255341
256854
263884
264115
264901
272604
272667
276749
282854
285301
293223
295703
300710
304701
304833
308304
309503
322032
323855
324426
324917
332115
342333
343727
344788
345547
348103
350801
351356
353383
360664
363770
369260
374016
381063
387427
387556
395537
396784
400572
402362
402814
403344
404244
405815
411493
416076
422098
424265
433509
434578
435931
445270
448077
479875
480183
483610
503726
504661
505257
506276
506723
508389
508813
513358
514010
516550
523252
523731
524364
540243
540825
545443
546428
546542
555807
555829
569965
575193
580168
582665
588338
589724
599587
601436
601869
612945
620578
628281
629704
636199
636929
650140
651791
652900
662660
662665
673412
676014
676583
678197
682001
692100
697175
698044
701350
703300
703424
708417
715714
718253
718700
720574
732760
733411
735693
745180
746346
747013
751555
767598
767636
767751
770834
772189
781427
791726
811398
813125
815358
825238
828064
836872
842119
847657
851508
856974
858876
858957
860173
863346
865185
865328
869588
871361
874880
879376
890336
904076
905189
906572
907025
914289
922247
924537
925608
928320
930843
946908
948363
951436
952993
962615
963138
963269
968614
970492
971154
975655
980742
984450
985266
985843
989801
994839
995140
999131
1006048
1012032
1012084
1015267
1015922
1016853
1019840
1022749
1052850
1053368
1055009
1058150
1071708
1077339
1079458
1092990
1099449
1103243
1113694
1119193
1122619
1124584
1125141
1134449
1134574
1135036
1136336
1145257
1154372
1158488
1160668
1165695
1168021
1174466
1177136
1177534
1180242
1184634
1189999
1192724
1196487
1198122
1198322
1200125
1207236
1214439
1214450
1222601
1222915
1223076
1226117
1228732
1231738
1235013
1237078
1238745
1239886
1246827
1248534
1249389
1251975
1255100
1258794
1260344
1262211
1268525
1274374
1280491
1282029
1284603
1289915
1293973
1297823
1299342
1299897
1302664
1306857
1321902
1326657
1328359
1328711
1336238
1336464
1337548
1342516
1346225
1348079
1351938
1356461
1357904
1358436
1358727
1363392
1366002
1366451
1366453
1371931
1377104
1381161
1386588
1386753
1388191
1395709
1403317
1405845
1407289
1413415
1417632
1421696
1423980
1424893
1427425
1432081
1435471
1435793
1437353
1438029
1441290
1444476
1465669
1470034
1488290
1491124
1491261
1491332
1493402
1493458
1499234
1499934
1500337
1505104
1506768
1507592
1513666
1518281
1519123
1522658
1523139
1531598
1534247
1534309
1537222
1538686
1538859
1539743
1540040
1543962
1547168
1550902
1559730
1562188
1571465
1574992
1580918
1582019
1584772
1599605
1600064
1604748
1605624
1607639
1610592
1613490
1617285
1619702
1623225
1626436
1636818
1637384
1638579
1639124
1640094
1659709
1663305
1665165
1666549
1670306
1678963
1682848
1683877
1684248
1689259
1689323
1695852
1695934
1699344
1701348
1702061
1705455
1720133
1726208
1726374
1727833
1733504
1734339
1738037
1739655
1740825
1746145
1746694
1747433
1748703
1750550
1750776
1761475
1764701
1777128
1778598
1783520
1784362
1784960
1786179
1788155
1790650
1805522
1808401
1809859
1813699
1834740
1841073
1844234
1844571
1845137
1847887
1850647
1861265
1861414
1861485
1862596
1870911
1878683
1878997
1879599
1882127
1885734
1886547
1887050
1889321
1897203
1919387
1923782
1924904
1925103
1925562
1926010
1940293
1943259
1947546
1949537
1951012
1961424
1962420
1965565
1965845
1969035
1970307
1970818
1977680
1982134
1986689
1989439
1992487
1997225
