-1995999
-1995627
-1994952
-1990392
-1986287
-1982564
-1977459
-1972612
-1963333
-1952179
-1951071
-1944924
-1935581
-1934803
-1929245
-1929012
-1927362
-1917423
-1911582
-1909825
-1907532
-1905254
-1904306
-1893039
-1889302
-1881012
-1880896
-1877684
-1830970
-1825025
-1822674
-1808576
-1808110
-1808017
-1802339
-1801423
-1791480
-1790680
-1789880
-1789675
-1785070
-1784984
-1782913
-1782373
-1778164
-1776202
-1771073
-1767397
-1766945
-1765370
-1759171
-1748940
-1735843
-1733000
-1727064
-1726684
-1723657
-1716189
-1714898
-1710547
-1710533
-1707421
-1703886
-1703694
-1698664
-1696197
-1692370
-1690104
-1687473
-1686756
-1681014
-1678337
-1677210
-1673426
-1671644
-1667997
-1667164
-1665710
-1661049
-1655870
-1655444
-1651765
-1650178
-1648409
-1635355
-1622974
-1611905
-1610303
-1608052
-1606167
-1599697
-1598573
-1591891
-1587801
-1581739
-1580884
-1579210
-1567266
-1565839
-1552900
-1551424
-1549660
-1547800
-1543713
-1534429
-1533753
-1529401
-1522437
-1521735
-1521688
-1514948
-1505795
-1499485
-1493002
-1491620
-1490870
-1489851
-1487894
-1484447
-1483379
-1478122
-1477379
-1477360
-1471222
-1468764
-1468382
-1467206
-1464685
-1463431
-1461182
-1457636
-1444788
-1441217
-1438171
-1437315
-1431216
-1419280
-1417506
-1409057
-1407994
-1404438
-1401063
-1389776
-1386313
-1381131
-1376847
-1376422
-1371487
-1370258
-1362918
-1362892
-1361942
-1358226
-1355681
-1351845
-1348306
-1346495
-1341673
-1341514
-1332883
-1330597
-1325332
-1320569
-1311634
-1309750
-1303644
-1302744
-1295309
-1294725
-1276453
-1274387
-1272138
-1272102
-1263692
-1262660
-1260599
-1256486
-1251078
-1250903
-1249188
-1244439
-1240506
-1238602
-1236690
-1234200
-1224882
-1224540
-1222952
-1221346
-1221276
-1217637
-1212477
-1206792
-1198787
-1198109
-1196420
-1194627
-1193589
-1193160
-1183876
-1180410
-1180209
-1176613
-1175849
-1175593
-1172371
-1162514
-1161921
-1159351
-1156984
-1148744
-1147403
-1146644
-1136600
-1131886
-1120870
-1120277
-1117017
-1110074
-1108157
-1107888
-1103067
-1099678
-1090661
-1090114
-1085720
-1085424
-1078960
-1068552
-1066081
-1057708
-1057502
-1052960
-1050266
-1048613
-1044625
-1043660
-1042704
-1040963
-1036527
-1035451
-1034452
-1031602
-1026393
-1025349
-1020621
-1018779
-1018006
-1017293
-1016153
-1014326
-1013739
-1011894
-995471
-992668
-988702
-988380
-978369
-977204
-975944
-975571
-974712
-972592
-972196
-968681
-962064
-952277
-951073
-948511
-947951
-946279
-943139
-936059
-934036
-927774
-923600
-920685
-917475
-914966
-914242
-911459
-904230
-893478
-892401
-891598
-883974
-880132
-879750
-878674
-877193
-872559
-869709
-868576
-865195
-864569
-850793
-844809
-843951
-843786
-837029
-829335
-829219
-824050
-819300
-815623
-813263
-805719
-802525
-795805
-792421
-789878
-789824
-788524
-786021
-781985
-780648
-775050
-767302
-767042
-766273
-764720
-760703
-755567
-748831
-741904
-741535
-728569
-723528
-719733
-713920
-703041
-702140
-697277
-696592
-694294
-691471
-690839
-681822
-678978
-675338
-667274
-659924
-659501
-653129
-643675
-639816
-639635
-633823
-633608
-624440
-623711
-622925
-622333
-622074
-618317
-606448
-605803
-601806
-601493
-598208
-597526
-594903
-591427
-584278
-567144
-562797
-562460
-548399
-548070
-543309
-542708
-536498
-529638
-525460
-515813
-514017
-510448
-509671
-508243
-501413
-497961
-494571
-485153
-484667
-480377
-476562
-470910
-469274
-468975
-468328
-466867
-465892
-464089
-461364
-459227
-454790
-449017
-448075
-446801
-445357
-432717
-430002
-427715
-423488
-417044
-413970
-413926
-411785
-411406
-400976
-397864
-392552
-382856
-376766
-357170
-351168
-343116
-337833
-316086
-315228
-313087
-300819
-300563
-298666
-292083
-291415
-288458
-285166
-280917
-278203
-263944
-261103
-260244
-257657
-257305
-252940
-250876
-250832
-248512
-245269
-242226
-236587
-227946
-226760
-223991
-216199
-209656
-206111
-206098
-205812
-205049
-200785
-195391
-194277
-192046
-190426
-189316
-177210
-174315
-171660
-170131
-160633
-159438
-154234
-153150
-148869
-146807
-136719
-136260
-131632
-125242
-119732
-119296
-116115
-114116
-113811
-112074
-110639
-109475
-108094
-97793
-96067
-90166
-73110
-71966
-65610
-50316
-48676
-47226
-40569
-37686
-30642
-22489
-21959
-19765
-16269
-14922
-4304
-2017
2812
8938
10255
12372
13559
17080
22675
28654
31508
35648
51544
53701
55446
60823
62678
73109
83753
86647
88384
105824
109497
111058
112267
113544
114925
124840
125376
126189
132024
137355
138706
140530
142382
143696
144833
149622
155469
162462
164035
172269
172912
176241
177086
178529
181246
185202
186495
187356
194527
196653
206674
207980
212572
214656
216515
217913
221036
227424
230312
231590
250276
251407
252974
254960
271379
274834
277210
278079
280340
281372
285805
290181
291147
292022
293450
293503
298813
298822
300016
303324
311696
312810
314535
321241
327419
333491
343593
348844
354657
357928
363622
372627
377562
378638
387064
399821
400357
401461
402145
405182
405547
407692
409107
411403
413363
418102
418199
424871
425071
430719
430745
434519
441788
444280
450650
454469
461371
470062
470439
474375
476261
478753
482807
483584
487731
493726
494055
498196
503834
506435
518734
524536
526966
528051
536617
540337
540731
550880
562902
563445
566108
575401
576430
578301
582938
593889
596431
605647
608726
611468
615143
615344
617972
626949
630429
643748
646637
647278
647525
649421
652299
654362
658887
670424
674362
679212
685806
692521
706681
709573
716981
718161
731760
737178
738422
747746
748516
756448
757481
760796
761338
764485
777507
780407
790720
793881
799163
801505
802995
803071
808911
809296
817102
817328
817739
830379
849414
849563
850578
855061
857785
868982
874325
874675
875195
877292
878090
882964
888979
889035
897257
898017
900206
901158
902047
904965
905692
906770
910841
916887
923903
925219
926832
932157
939242
941166
942491
946480
946539
948039
948546
950274
956399
957992
958090
959355
960059
960370
963563
969898
972255
983040
983448
984591
984957
989722
994733
1000194
1001951
1002555
1002699
1007318
1013301
1013903
1019636
1021671
1021980
1023290
1037650
1040174
1045458
1046781
1053507
1055858
1061743
1062512
1072328
1072734
1075175
1075618
1076290
1076303
1081071
1085323
1093092
1101642
1114741
1116737
1121344
1129367
1134262
1143026
1149650
1151710
1153822
1158197
1159840
1160512
1161624
1167880
1167980
1173581
1174216
1181499
1183855
1184430
1186446
1186700
1186983
1194729
1197773
1203768
1204017
1208478
1210448
1210592
1210756
1213999
1214443
1219033
1219519
1224062
1226592
1226994
1227859
1229063
1231099
1232132
1239250
1240372
1242877
1244688
1251811
1251989
1252490
1254393
1258442
1261654
1269521
1272498
1273920
1289061
1292243
1294402
1297863
1301036
1301489
1302127
1302874
1307648
1312109
1313321
1314193
1317488
1322630
1323491
1328519
1331484
1334296
1338450
1344554
1347125
1351599
1356592
1361785
1366662
1378215
1382018
1384086
1389608
1397064
1399242
1401909
1402717
1403211
1406163
1407558
1410496
1414502
1424964
1425947
1439414
1446812
1467460
1475603
1476075
1478970
1479572
1485659
1485794
1491516
1492385
1509682
1529237
1540595
1540945
1552432
1555257
1560589
1565361
1567900
1575922
1578648
1581212
1583824
1585166
1595011
1595789
1603536
1607771
1613894
1618243
1621502
1621843
1625245
1632806
1633536
1648051
1652152
1661511
1662721
1664288
1665270
1665562
1667248
1669979
1672982
1675143
1688565
1688778
1692055
1692602
1695344
1698344
1698722
1700289
1704921
1708754
1711988
1720076
1734700
1736919
1737251
1738976
1741158
1744878
1746965
1754675
1756190
1766062
1766723
1779663
1780193
1785750
1788989
1789461
1792448
1792635
1793624
1797498
1798541
1803944
1806038
1813944
1814312
1814537
1815867
1818361
1819827
1823719
1836861
1836971
1838749
1843620
1846077
1852128
1852612
1855831
1863602
1865555
1866065
1873694
1874694
1879455
1879674
1883868
1887148
1897242
1906330
1911929
1915918
1922406
1922608
1930812
1931076
1932168
1934053
1934309
1937832
1938669
1940221
1943632
1944809
1968664
1981403
1983242
1986444
1989126
1990175
1993967
1998159
