-1998724
-1991860
-1991565
-1975941
-1974988
-1973069
-1972810
-1969554
-1967599
-1963483
-1960750
-1958371
-1947750
-1946608
-1945745
-1945692
-1945621
-1945284
-1939875
-1932734
-1932280
-1927821
-1913688
-1909174
-1902133
-1897948
-1889767
-1886975
-1873364
-1872639
-1864543
-1862850
-1857011
-1857009
-1855872
-1850500
-1843942
-1843752
-1832840
-1831620
-1830679
-1826152
-1822463
-1811369
-1809803
-1803526
-1792501
-1781825
-1781093
-1779049
-1775498
-1774657
-1771130
-1766726
-1757932
-1753229
-1751665
-1751234
-1747723
-1744595
-1726414
-1724268
-1722196
-1718845
-1711795
-1709635
-1704052
-1700318
-1698716
-1691464
-1691240
-1682912
-1682619
-1681451
-1680461
-1680281
-1675344
-1674444
-1673467
-1656813
-1646832
-1645315
-1640148
-1639127
-1637114
-1634304
-1632558
-1629685
-1625339
-1621606
-1616607
-1614614
-1607661
-1597640
-1594803
-1594627
-1590440
-1587333
-1584461
-1572433
-1571341
-1570533
-1565976
-1562458
-1561949
-1558425
-1554346
-1540837
-1539886
-1538763
-1537881
-1536230
-1535022
-1528153
-1525277
-1521203
-1515217
-1509711
-1505166
-1503772
-1503765
-1497564
-1494819
-1489205
-1483463
-1481414
-1480551
-1480372
-1478972
-1472259
-1469781
-1468189
-1460565
-1449675
-1447713
-1446667
-1446121
-1443197
-1436512
-1436277
-1433646
-1421032
-1417886
-1417450
-1416484
-1405189
-1404494
-1398692
-1393678
-1393424
-1384427
-1380260
-1377416
-1371362
-1367600
-1346386
-1343886
-1341141
-1332698
-1330718
-1321807
-1320254
-1315748
-1310670
-1306250
-1301403
-1299506
-1292645
-1290564
-1289850
-1274280
-1270659
-1265515
-1260431
-1259300
-1259088
-1252655
-1247771
-1238655
-1238505
-1234774
-1232133
-1231509
-1228211
-1220566
-1213972
-1197051
-1191734
-1172917
-1171714
-1164639
-1161804
-1161773
-1158440
-1157808
-1157071
-1153578
-1145697
-1144533
-1140730
-1139756
-1135976
-1135095
-1132206
-1128289
-1124737
-1122470
-1122093
-1118087
-1113090
-1111200
-1108149
-1106395
-1104722
-1101435
-1098297
-1096230
-1094957
-1094207
-1084982
-1077775
-1069666
-1069029
-1068897
-1068593
-1064784
-1055786
-1054149
-1053918
-1052513
-1049603
-1044943
-1044806
-1043315
-1036379
-1024509
-1018156
-1017486
-1013703
-1012937
-1005465
-1005104
-1000116
-984857
-971827
-970629
-969283
-965184
-963468
-962311
-961712
-957138
-953603
-951022
-950225
-943980
-929564
-924276
-923888
-919975
-916382
-915726
-909025
-908463
-905293
-900116
-897458
-890929
-885783
-885418
-881410
-876094
-874309
-870128
-869602
-868374
-866444
-863764
-859157
-852193
-846961
-846880
-845664
-841525
-836151
-832477
-817488
-817298
-812954
-811162
-795240
-790996
-787586
-787477
-785099
-783017
-778686
-778485
-775821
-775344
-773171
-772751
-766189
-765339
-757452
-755755
-753115
-746373
-743784
-742289
-737016
-723685
-722588
-720307
-717325
-716355
-709041
-703279
-703190
-702245
-701274
-700964
-694310
-691729
-690826
-685462
-677945
-669778
-669452
-657953
-649965
-649737
-643206
-642117
-640568
-635774
-634894
-633152
-629648
-627810
-626511
-625653
-622197
-617937
-617494
-606413
-602889
-595742
-590009
-582967
-582245
-578475
-573706
-572187
-561900
-558906
-553886
-548380
-544878
-542527
-540932
-535415
-531680
-528203
-527604
-526447
-523880
-520597
-519803
-519556
-516313
-514533
-511221
-507578
-507216
-506051
-502509
-499308
-486252
-480934
-478742
-477610
-477125
-476057
-470330
-468424
-468071
-463320
-462244
-461978
-457784
-454913
-450428
-445826
-436606
-430843
-429055
-428646
-425312
-417907
-414824
-414246
-410547
-404385
-396455
-396385
-394302
-389291
-384694
-381725
-380393
-379256
-377550
-375759
-373366
-360949
-359971
-354382
-349943
-348192
-347905
-329710
-329649
-326695
-325981
-324258
-317335
-317249
-315792
-313021
-312823
-312500
-310028
-306533
-305420
-290422
-287346
-287283
-285734
-283101
-281343
-279021
-276960
-276738
-276690
-275695
-270602
-269235
-258049
-255996
-253236
-247622
-246025
-245585
-243557
-238199
-230646
-224266
-222476
-218999
-205243
-199966
-198810
-194183
-191917
-190669
-189089
-186321
-185863
-182163
-170343
-168535
-166160
-165298
-161980
-159618
-157310
-152003
-150762
-147792
-140386
-132604
-132254
-131768
-130554
-128844
-126469
-122612
-117372
-115699
-115176
-113029
-111576
-98686
-96100
-80265
-76290
-72620
-70652
-70455
-68965
-65811
-65249
-59081
-57987
-52720
-50099
-49156
-41145
-37491
-35048
-31448
-30257
-25135
-22096
-21111
-18328
-15644
-10327
-7393
-4039
-2878
1508
3492
7907
9733
14979
15633
16263
17628
19890
20027
25882
31774
35811
39091
41182
43120
45781
46666
56686
63874
69101
70660
71048
73122
74426
79433
82761
87426
88862
89143
93092
95685
96270
96520
102756
119240
125069
129780
132285
141841
142924
143097
143528
145304
145912
164528
177106
177796
177896
184634
194471
196379
196758
197356
217630
220377
222159
229331
235365
243537
247713
256354
258970
260102
263130
265006
265434
272903
282660
284240
287681
287890
292104
296872
297916
301555
314166
318137
322250
326513
334046
338921
346642
361182
372850
375674
377888
379454
384251
385816
389361
390030
395846
397962
402823
413444
414769
416309
419308
419440
419841
423834
427133
436976
438340
445989
447819
454434
457158
457840
459549
467315
469957
471682
474853
481104
483839
484370
484440
489753
492463
494316
498493
498947
502537
508160
513228
515082
516165
516651
520648
524956
528140
538750
542507
548519
550964
558341
567877
573537
581574
589393
599252
601449
603251
603401
612175
612445
617283
619030
625086
634203
636662
637350
638103
639217
640323
640502
640974
641196
652433
657628
660382
666105
667414
669706
684487
684869
685218
688975
693676
712477
715332
716435
719070
719942
727174
728603
733644
735840
735865
736933
737614
747680
751194
755334
755618
760607
762919
768205
771742
771836
773602
774897
776779
784859
796927
814874
816530
819481
831765
836869
837524
840253
841243
843542
847196
848295
849238
852274
856734
861693
862693
868962
869276
871199
874943
878928
882440
893113
893401
893831
899239
902473
902577
907503
915536
926844
927281
929675
937774
943991
944388
948972
949192
954330
955408
962982
964838
966826
971317
1000072
1000795
1002877
1009141
1010070
1024595
1024877
1026226
1026618
1032289
1051518
1053515
1055486
1064987
1073325
1073999
1075669
1075917
1076874
1078300
1078696
1081574
1086767
1098256
1109472
1111983
1112488
1113385
1117485
1121743
1125627
1126354
1127550
1133122
1135005
1144416
1145745
1146200
1156569
1158835
1160969
1163696
1171047
1177391
1179267
1183297
1188956
1195132
1197612
1201897
1212402
1213196
1217854
1219835
1222128
1234433
1255672
1263343
1264743
1265067
1266159
1267087
1282042
1283666
1287276
1287785
1287905
1288800
1293476
1294632
1302525
1303337
1312650
1313959
1320567
1323480
1326578
1329822
1338327
1340487
1340696
1341214
1351165
1355643
1362529
1366485
1371509
1373202
1381514
1382221
1382665
1383807
1385141
1385804
1386790
1393487
1398589
1400987
1402649
1403542
1404091
1407466
1425133
1430779
1443998
1445459
1448890
1456519
1456755
1460494
1471764
1474113
1484048
1489857
1497683
1508567
1516589
1518141
1521695
1524602
1524786
1527422
1531393
1531634
1539057
1549164
1552003
1557368
1566997
1571636
1578352
1586258
1586430
1588497
1597997
1601218
1606336
1613026
1618688
1620498
1620558
1627103
1631804
1632252
1649500
1653120
1655736
1656513
1657877
1658669
1658784
1678111
1684458
1687790
1688291
1691184
1698194
1703269
1707188
1709223
1709542
1711663
1714274
1715316
1720208
1724767
1728831
1731900
1738359
1744557
1752539
1753308
1757244
1761326
1775534
1776268
1776907
1783104
1783826
1783865
1783973
1786624
1790346
1793915
1798920
1804279
1811641
1814870
1815430
1815872
1818992
1825688
1831242
1831640
1835276
1837639
1839622
1841931
1842304
1842597
1842875
1848230
1852112
1855791
1856922
1858398
1858672
1868302
1875516
1879080
1881027
1885255
1886644
1889650
1890004
1899207
1906160
1910102
1913984
1915306
1918396
1936389
1937819
1938450
1948462
1951995
1954122
1960828
1961082
1963005
1968743
1976365
1976411
1976955
1983699
1989793
1994875
