-1994077
-1986023
-1977982
-1977555
-1973168
-1972411
-1963510
-1962892
-1956020
-1950991
-1948954
-1940807
-1935207
-1931682
-1931254
-1931245
-1917292
-1890002
-1886323
-1884798
-1884034
-1884022
-1880628
-1869879
-1867563
-1862759
-1861063
-1857977
-1857303
-1855809
-1853374
-1850470
-1844632
-1839062
-1838413
-1837285
-1832864
-1823301
-1817527
-1817152
-1815998
-1808430
-1805487
-1804587
-1797241
-1795988
-1772058
-1771715
-1771063
-1764481
-1762939
-1756681
-1748507
-1744820
-1744616
-1743714
-1742631
-1742096
-1738699
-1728175
-1723765
-1723053
-1721853
-1720120
-1716703
-1707980
-1702322
-1701845
-1693828
-1692487
-1690894
-1687817
-1687722
-1686686
-1683374
-1672283
-1671992
-1665930
-1658982
-1651334
-1645460
-1640042
-1638758
-1637914
-1627623
-1625439
-1620554
-1616511
-1615911
-1615746
-1613766
-1601296
-1598163
-1595324
-1589547
-1589105
-1587688
-1587373
-1576374
-1572862
-1571772
-1571075
-1568272
-1566916
-1563147
-1561312
-1560522
-1559261
-1552340
-1551983
-1543841
-1541389
-1538973
-1534351
-1533390
-1524735
-1524138
-1515996
-1509544
-1507041
-1504874
-1502361
-1485693
-1480942
-1476641
-1464658
-1464259
-1458652
-1454211
-1434777
-1431782
-1429379
-1420326
-1413259
-1412693
-1410996
-1410085
-1409890
-1404823
-1404276
-1402252
-1397168
-1396061
-1385047
-1384011
-1381429
-1381284
-1380316
-1377196
-1367089
-1352316
-1351727
-1350595
-1350481
-1349753
-1346064
-1344914
-1343064
-1340949
-1326543
-1323116
-1320547
-1307039
-1305010
-1304883
-1300843
-1288574
-1288180
-1284725
-1283869
-1281535
-1277478
-1276258
-1269335
-1268692
-1266872
-1264847
-1257257
-1256846
-1254503
-1253111
-1250446
-1242613
-1241302
-1234862
-1231114
-1224173
-1220017
-1219144
-1212379
-1210453
-1207828
-1206166
-1204543
-1200234
-1195346
-1186196
-1184584
-1183834
-1182536
-1180798
-1179182
-1173916
-1168433
-1161694
-1160346
-1155155
-1154395
-1149405
-1138360
-1135620
-1129780
-1128328
-1126823
-1124091
-1124040
-1123318
-1112550
-1111798
-1111311
-1110371
-1109755
-1109417
-1101054
-1095986
-1095133
-1085852
-1081656
-1081164
-1080443
-1075189
-1070872
-1066401
-1063592
-1055082
-1054704
-1052424
-1048293
-1033094
-1031066
-1008239
-1006181
-998998
-998253
-996075
-992556
-991299
-989797
-988757
-986262
-983222
-982790
-980703
-980114
-979424
-967550
-966778
-966639
-966576
-963959
-962200
-952151
-950986
-948176
-945268
-942315
-936798
-927836
-926455
-922854
-912533
-909571
-903774
-903293
-902534
-901298
-894556
-891547
-885969
-879720
-875297
-870774
-868702
-861247
-859520
-858999
-856833
-851804
-847794
-844086
-835686
-833353
-833037
-831871
-823915
-823056
-820804
-815544
-815480
-813101
-811526
-811506
-810066
-794255
-790585
-790378
-788288
-782652
-780539
-777052
-772447
-769051
-767268
-765953
-760458
-759385
-757461
-750118
-739081
-728547
-726667
-715639
-713576
-712688
-705168
-701914
-700233
-696491
-695310
-695287
-693533
-691229
-689684
-676684
-672296
-668254
-665881
-663895
-653766
-653743
-646304
-644122
-643546
-639280
-638133
-637232
-635264
-633837
-629819
-628875
-621228
-620285
-620177
-619038
-617261
-614786
-613068
-612408
-612200
-610763
-608288
-601137
-594687
-593821
-587193
-577551
-575718
-563762
-563238
-561902
-559397
-554972
-548086
-544092
-543408
-541226
-531481
-530091
-528943
-526701
-526204
-523609
-522994
-521853
-521790
-518667
-516225
-512922
-500773
-498652
-496207
-480990
-473370
-467754
-467270
-457711
-455946
-450077
-449741
-447153
-445506
-443545
-442462
-437773
-436247
-431098
-427411
-420560
-416523
-410960
-407959
-407663
-406274
-404419
-402135
-391239
-386261
-384732
-383993
-382209
-377368
-374195
-368700
-355156
-353764
-353633
-349024
-347877
-347617
-343530
-338776
-335557
-331938
-320820
-316390
-311447
-307264
-302469
-299870
-297433
-295835
-292575
-292061
-280819
-276451
-275566
-265637
-264290
-262786
-256150
-245127
-242674
-241560
-234500
-226354
-221311
-215129
-211613
-208910
-208384
-206451
-205457
-203579
-201833
-198836
-185141
-184189
-175383
-171328
-170564
-167599
-161184
-160447
-158702
-158416
-156689
-151859
-150925
-149359
-143922
-135274
-135151
-132064
-130756
-125162
-120602
-111129
-105542
-100066
-97139
-82029
-79937
-75396
-69923
-67433
-60723
-58843
-56179
-55505
-52601
-52229
-50775
-44106
-42062
-25647
-23244
-22849
-17020
-6099
7761
8776
11581
19990
24671
26885
31826
33742
40931
41095
41864
44364
50819
55780
59794
62978
70308
79443
82447
82661
90109
94546
95975
97219
101301
104261
107082
110776
110791
118583
120939
133287
136272
140168
142753
146994
149796
151338
155070
177283
181312
186564
188173
192916
196023
196950
199436
200960
202710
207940
208566
221342
222317
231624
233693
236683
240791
241333
245681
249961
252454
257746
261211
265577
273353
274176
277502
287508
289641
294891
299992
301931
302148
302320
304458
309351
311363
312999
315746
317607
321315
324549
328500
332645
334459
338088
343825
353794
357975
359557
361116
361488
372011
373810
373883
378788
383896
385939
405712
406044
407290
412363
419341
431110
435422
443235
452277
456108
461246
464400
466457
466470
467634
468985
474702
477896
478342
479801
484615
485057
488510
502003
507158
509098
515371
524013
526030
533796
541653
547376
548909
551700
553871
560331
560382
564172
565543
571334
571936
574555
583197
584553
589265
590027
596746
601963
602854
613260
614294
623417
628514
629986
630307
635080
637289
645979
649649
659664
664460
670322
672208
673118
675195
679583
680194
683906
692028
700288
705075
717515
722042
722691
722728
723551
729885
732280
732321
739398
749185
760229
760941
775298
778007
778061
778582
782376
783007
783914
792740
797976
798018
799080
799786
803348
808205
810107
813871
816986
822354
827537
840760
848416
848449
851368
854870
856511
859138
866439
866942
883429
890326
890405
900260
900568
901471
902378
904095
916255
924790
925334
927253
936035
942820
943316
947538
947929
952571
954162
955886
967171
968911
971961
974501
975422
978567
988146
991919
994716
996168
997042
1001492
1004825
1005165
1012277
1017930
1020941
1029481
1031358
1040413
1042789
1047526
1057361
1060376
1067493
1076543
1077638
1083531
1085184
1090073
1091666
1092429
1096405
1098833
1108048
1111636
1122253
1129579
1133338
1145005
1145091
1145196
1148418
1161322
1162618
1167280
1171219
1173309
1177974
1180513
1183543
1183791
1184506
1186313
1189573
1198186
1202973
1213494
1214178
1224172
1225993
1228267
1229964
1232584
1239215
1240910
1246747
1257030
1262458
1262651
1267267
1269595
1273086
1273488
1274372
1275566
1279806
1282846
1285063
1288922
1293074
1293571
1293667
1303235
1304855
1307444
1319543
1319627
1320656
1321000
1325778
1325860
1336453
1336517
1342331
1344453
1344626
1355230
1355627
1372392
1380215
1391977
1401898
1403240
1403377
1404943
1409020
1413705
1414109
1418457
1424049
1426197
1429439
1430453
1437599
1438174
1445470
1456871
1468775
1474813
1476978
1480479
1480482
1480532
1482673
1483414
1485377
1486568
1490330
1498723
1506990
1512907
1513584
1518525
1523276
1526375
1527859
1534972
1540305
1544285
1547350
1554324
1557068
1557340
1558255
1561203
1564472
1567764
1579665
1582578
1582623
1582962
1584477
1588248
1590705
1591188
1603058
1603829
1604077
1605669
1607234
1620845
1627045
1628650
1632433
1632476
1644944
1645085
1648769
1648937
1651658
1670340
1671682
1672978
1673688
1680475
1683374
1689269
1698648
1701377
1706271
1706374
1715873
1716734
1717413
1723305
1724081
1729546
1731037
1731174
1742340
1745182
1745327
1747156
1747850
1751717
1752197
1761148
1764522
1775179
1783337
1785559
1787471
1794592
1802491
1812933
1812998
1813719
1824919
1826795
1827175
1827437
1829870
1839305
1849551
1862102
1862200
1864632
1872188
1874708
1876210
1880697
1883170
1883772
1890226
1890385
1894879
1896294
1898034
1898152
1898499
1901859
1903767
1910074
1910173
1913389
1918063
1920776
1923101
1926048
1933362
1936150
1937580
1944215
1950349
1955650
1958364
1960217
1962638
1963271
1966465
1971827
1978936
1983873
1985092
1989497
1990517
1991787
1994390
1994978
1995623
1996358
