-1987182
-1985061
-1984814
-1984585
-1981351
-1977483
-1975215
-1973369
-1968763
-1968677
-1964957
-1944645
-1934497
-1923561
-1922204
-1916409
-1915960
-1909740
-1909059
-1908954
-1907066
-1904387
-1902832
-1895657
-1894807
-1891217
-1887812
-1887462
-1875431
-1874834
-1871716
-1871639
-1870402
-1869447
-1868578
-1868242
-1866619
-1860974
-1860452
-1858635
-1857722
-1852860
-1849513
-1849314
-1841731
-1841232
-1838378
-1837217
-1831636
-1831518
-1820882
-1820701
-1820077
-1814854
-1804725
-1801548
-1799726
-1788700
-1785592
-1779802
-1776220
-1776218
-1775764
-1774162
-1768399
-1757732
-1752440
-1750093
-1738732
-1732707
-1729734
-1724081
-1713763
-1713264
-1712812
-1705367
-1702765
-1701688
-1701352
-1701128
-1693864
-1693354
-1690735
-1686761
-1681227
-1680550
-1679771
-1679381
-1672512
-1668423
-1664196
-1647750
-1645425
-1634586
-1632634
-1631220
-1628886
-1627244
-1623509
-1621891
-1620892
-1615304
-1614405
-1608707
-1602487
-1601339
-1599285
-1589194
-1581719
-1579778
-1579620
-1579155
-1578339
-1573706
-1567331
-1559149
-1545570
-1545107
-1544701
-1531253
-1529129
-1523230
-1522592
-1519689
-1518460
-1505320
-1502093
-1499971
-1495107
-1493672
-1485738
-1473744
-1470636
-1469717
-1449202
-1444808
-1444387
-1443808
-1431681
-1428703
-1423387
-1420589
-1408156
-1406383
-1402371
-1401357
-1398376
-1398067
-1386010
-1385546
-1383014
-1382418
-1382157
-1378787
-1376410
-1368025
-1365431
-1362918
-1359496
-1358934
-1355675
-1354436
-1353865
-1351151
-1350609
-1346759
-1346687
-1346334
-1330934
-1329153
-1329131
-1327714
-1321052
-1315854
-1314950
-1307058
-1299058
-1296600
-1293852
-1288292
-1281761
-1281408
-1278444
-1272897
-1265014
-1262806
-1257298
-1256494
-1250159
-1241333
-1240930
-1231081
-1230750
-1230426
-1214126
-1210910
-1209699
-1206854
-1205089
-1203943
-1203103
-1200618
-1185655
-1179118
-1178689
-1172602
-1166366
-1165586
-1163853
-1163393
-1160490
-1151033
-1148578
-1144357
-1143882
-1131597
-1128557
-1126215
-1124035
-1117620
-1116805
-1108737
-1103338
-1102042
-1101875
-1099951
-1091548
-1068627
-1067399
-1062443
-1054181
-1039061
-1034668
-1033998
-1033634
-1032861
-1031980
-1023202
-1019244
-1012973
-1008477
-999360
-999250
-998850
-997086
-988481
-988159
-977818
-977284
-974096
-973414
-973063
-968357
-967997
-967956
-960637
-959185
-948470
-932575
-927088
-926872
-926240
-925845
-925437
-920038
-916328
-909094
-907134
-902190
-898601
-892514
-891464
-885619
-879815
-869592
-863236
-855804
-854441
-852690
-849808
-849078
-843837
-841877
-840487
-839840
-823130
-817797
-812068
-806185
-805410
-805082
-802277
-801882
-800312
-799297
-787868
-786030
-785122
-773491
-766871
-757468
-755701
-751030
-746588
-743475
-742661
-741184
-739462
-738154
-736473
-734838
-731749
-722539
-721610
-718683
-715039
-705492
-702044
-698406
-698366
-683430
-679004
-677340
-674462
-674120
-667407
-666040
-665450
-662877
-662104
-657612
-654337
-653050
-648013
-645134
-641656
-640836
-630758
-629081
-621614
-610217
-608039
-605305
-602280
-601014
-599260
-595911
-588459
-587708
-584321
-583965
-581692
-574998
-574013
-571116
-566229
-565585
-565534
-562948
-555011
-554304
-541970
-540056
-536364
-532841
-528057
-527662
-525914
-520589
-507685
-506675
-504048
-502318
-502224
-480128
-477496
-472788
-470674
-469081
-464716
-464688
-458328
-453991
-452856
-443534
-441258
-437905
-436428
-435290
-430459
-424829
-424067
-421548
-414027
-411782
-411547
-408549
-408142
-406677
-406533
-405938
-401645
-393301
-382814
-382345
-379847
-379332
-378701
-377544
-374700
-374590
-368951
-368702
-361767
-361423
-358964
-354502
-351448
-350911
-347672
-347304
-332497
-330856
-329976
-329260
-325038
-319404
-318822
-316121
-315036
-313988
-308089
-307156
-306311
-305389
-293717
-292510
-288508
-284919
-275676
-272788
-267092
-261500
-244955
-244562
-243277
-233237
-218903
-217122
-206234
-204917
-203530
-201973
-198371
-195422
-195060
-187918
-185760
-184883
-174147
-172598
-170216
-166735
-163292
-153774
-151869
-148483
-142024
-135992
-129474
-125197
-119525
-114067
-111146
-107010
-95983
-91080
-81831
-75729
-70425
-69525
-68786
-61268
-60604
-54598
-49176
-44778
-44639
-36538
-29443
-29105
-22139
-14453
-7394
-5654
-3615
-1194
49
2154
3070
4961
8170
9592
10504
11090
11094
13792
17799
27471
27921
30482
31037
32112
32465
36059
48064
50908
52513
57361
59648
64611
71101
77340
81059
88427
90039
92138
98099
107131
108620
109806
111839
113700
117282
117814
122989
124464
130047
133432
134422
136133
140939
148832
151076
151284
151892
152100
162858
163986
164387
179414
192559
201355
202389
216682
219520
224726
225065
227576
231918
231963
232112
238770
240358
241122
243865
244112
250659
255197
257876
266882
268193
281575
285323
288808
292773
298105
298920
312387
316142
324129
328882
329275
330946
334841
337993
349654
351910
364211
371546
371591
371855
372730
379932
385031
390750
394691
400735
404194
414947
416826
417720
422362
426807
427287
427662
432876
436898
438895
440382
441177
447280
448140
450368
456070
459847
471470
474504
492928
498618
498912
501766
503024
509814
514379
517206
525592
525755
527958
536284
546580
550648
551979
552415
557477
558572
559091
565112
572110
572341
574189
578191
579521
586973
599252
602357
604457
614976
617550
623545
623676
623788
627239
628726
631509
631722
638329
639775
641247
642028
645099
654451
662432
665003
667277
677620
691514
694502
695582
699028
705269
711612
712990
718594
718731
726332
727224
734957
740421
744514
746893
747809
760683
767530
768424
775379
778391
780862
792150
800987
810350
826135
826604
826863
827063
829016
843292
844919
845971
852849
855497
855738
856287
857876
861462
864220
865017
866213
868293
873166
873313
879615
885185
887007
889457
893655
896256
897139
907315
907372
907513
908141
909345
911062
912532
916661
916885
916981
917318
919398
919651
920945
922096
923721
924591
924712
931411
935393
939450
940025
942616
942790
944722
947167
947363
952279
954628
957328
960803
961082
962942
963196
966599
973383
974355
983426
995766
1010900
1016811
1019402
1021002
1021951
1022536
1025712
1028244
1034850
1037366
1037931
1038284
1044390
1046685
1048262
1057673
1058603
1059732
1060531
1073829
1074681
1075887
1082085
1086071
1086651
1087887
1087951
1095602
1106546
1107263
1107375
1111888
1113343
1113436
1114647
1122455
1123628
1135650
1145268
1146509
1147176
1152709
1153343
1153807
1159136
1159224
1160811
1160868
1161939
1162416
1164962
1165882
1167906
1168858
1169785
1169973
1176666
1178452
1181478
1183469
1191031
1203562
1203764
1207956
1231449
1238153
1239991
1240699
1252090
1253905
1258341
1260547
1260566
1265190
1267236
1270172
1272975
1274079
1274476
1278264
1278594
1290163
1295368
1296993
1297924
1301056
1303481
1310675
1316735
1331130
1344656
1359659
1362735
1364503
1364812
1370163
1378442
1393365
1393582
1400624
1406903
1408733
1412831
1417407
1427461
1427822
1430802
1431497
1433773
1436286
1442057
1449269
1451014
1454059
1456925
1470252
1470824
1471499
1474401
1474419
1476093
1478614
1483477
1488694
1488980
1490897
1491830
1492460
1493505
1498697
1502646
1507659
1508193
1518981
1519865
1525580
1529441
1530348
1530760
1543608
1546124
1552858
1556807
1569612
1574515
1578754
1583303
1588500
1597149
1601233
1603737
1606856
1608059
1621210
1624141
1625439
1628161
1633176
1635687
1637743
1643197
1644950
1647812
1652078
1654441
1658237
1658989
1659544
1665779
1666127
1667632
1668004
1671129
1689330
1698873
1699861
1704785
1716210
1727955
1729581
1732282
1737438
1739337
1742344
1744762
1745739
1746563
1750411
1752676
1763381
1764405
1770973
1771323
1775901
1781124
1782999
1791233
1799626
1800213
1801581
1811170
1817179
1824012
1825734
1832971
1834110
1834646
1856352
1857041
1859980
1867735
1869033
1871576
1875213
1883956
1885273
1896693
1900776
1909134
1913735
1915267
1918073
1918099
1920310
1929835
1939385
1940555
1940994
1943438
1944635
1946505
1946899
1955147
1958371
1959714
1973762
1975694
1982513
1985887
1987223
1990601
1996958
1999718
