-1999346
-1997310
-1992872
-1991295
-1988336
-1987577
-1983934
-1976148
-1973378
-1972918
-1970272
-1969159
-1965562
-1956913
-1956085
-1947104
-1944645
-1943790
-1943255
-1941020
-1940047
-1937126
-1936177
-1935720
-1926756
-1924382
-1923716
-1920856
-1916826
-1888782
-1886648
-1886412
-1882323
-1880932
-1878214
-1868887
-1867938
-1865999
-1859231
-1858639
-1856605
-1848708
-1848572
-1845223
-1842351
-1839940
-1835613
-1824754
-1816677
-1813922
-1807191
-1806282
-1802934
-1802259
-1801826
-1799327
-1798745
-1796938
-1795876
-1794895
-1794705
-1794524
-1793258
-1792130
-1791526
-1783805
-1782277
-1777157
-1770221
-1767592
-1764805
-1756959
-1749114
-1747874
-1747330
-1744961
-1743495
-1741298
-1736389
-1734257
-1726845
-1720966
-1717396
-1713690
-1713331
-1685225
-1679514
-1671575
-1669260
-1662961
-1653303
-1650403
-1646631
-1641719
-1641494
-1641491
-1633483
-1632596
-1630409
-1618922
-1618487
-1608346
-1597677
-1594271
-1592132
-1590468
-1579563
-1575481
-1574975
-1571039
-1567739
-1564953
-1558085
-1540079
-1534932
-1533103
-1532970
-1523728
-1521325
-1520934
-1517345
-1511386
-1509594
-1507910
-1505600
-1503954
-1495349
-1490361
-1486403
-1477129
-1476056
-1474830
-1469574
-1468778
-1459580
-1450657
-1443725
-1435458
-1426427
-1425819
-1424938
-1414664
-1409924
-1408805
-1400913
-1399936
-1399418
-1396284
-1391824
-1390881
-1383153
-1380821
-1379729
-1370211
-1368697
-1368075
-1362840
-1360086
-1348733
-1338671
-1338388
-1334019
-1330001
-1329733
-1328687
-1326268
-1315652
-1306890
-1301139
-1292027
-1289368
-1287926
-1285789
-1283813
-1283508
-1282739
-1277088
-1277016
-1271837
-1269212
-1260631
-1254581
-1241951
-1240413
-1237000
-1233675
-1230534
-1223799
-1223135
-1219584
-1218831
-1197374
-1195784
-1195692
-1194805
-1193880
-1191255
-1188009
-1187539
-1184475
-1183121
-1180214
-1178441
-1178133
-1171382
-1171035
-1168875
-1165371
-1164076
-1163242
-1158938
-1157538
-1157359
-1154823
-1152467
-1149313
-1148015
-1143876
-1141296
-1137640
-1120828
-1119860
-1115880
-1113966
-1105771
-1102459
-1097635
-1095330
-1088291
-1087060
-1081018
-1079812
-1067710
-1065705
-1063286
-1062497
-1061729
-1060961
-1057077
-1054789
-1050717
-1048579
-1043789
-1043171
-1041166
-1040072
-1035682
-1028394
-1024209
-1023215
-1019004
-1011055
-1010611
-1009411
-1008599
-1006404
-1006392
-999865
-992607
-991527
-987310
-982221
-975447
-974338
-972722
-971546
-962185
-958450
-952273
-943737
-942947
-941180
-940330
-936978
-936098
-923844
-921920
-920020
-904692
-903672
-893351
-889590
-885734
-882827
-882332
-881776
-881371
-870647
-869893
-865959
-859983
-857390
-843476
-841337
-840344
-833478
-829903
-819300
-810454
-809265
-802317
-790897
-789416
-788968
-787333
-784896
-784027
-780718
-777182
-776215
-774920
-770669
-769881
-761628
-760934
-755108
-751357
-746892
-738177
-735173
-733443
-733006
-725478
-723842
-722246
-722147
-721508
-721377
-718865
-715921
-713874
-713840
-713776
-711047
-705732
-704969
-701778
-699637
-695371
-686886
-685277
-680720
-676711
-676530
-671804
-671472
-671117
-667823
-666686
-663071
-661522
-654414
-654343
-648196
-648036
-645878
-643895
-634590
-626965
-620249
-613215
-607373
-598992
-595960
-591127
-588768
-588483
-575303
-569391
-553922
-551085
-545631
-544255
-542825
-534325
-527473
-524000
-523493
-517793
-517171
-511658
-504442
-498444
-481335
-481017
-479157
-476784
-471567
-469837
-464474
-463267
-457193
-446364
-440720
-439852
-435691
-434313
-430680
-430137
-427374
-427329
-425396
-423716
-421285
-417075
-416365
-414755
-414526
-413712
-408223
-406744
-406457
-405174
-403007
-395084
-391596
-364928
-360315
-352411
-350195
-346602
-342765
-336318
-335587
-332844
-318283
-317020
-316609
-313650
-304226
-297556
-279626
-279470
-276832
-275032
-274240
-274025
-270699
-265688
-265450
-264785
-262656
-259940
-256771
-256618
-254889
-254193
-247767
-246745
-244489
-236217
-234111
-219347
-208236
-198656
-190382
-185627
-181942
-157770
-156672
-155676
-153281
-152530
-141375
-138487
-136833
-136710
-136570
-134928
-131617
-130048
-127582
-111528
-108662
-106801
-102027
-101239
-99506
-97100
-91525
-88624
-83976
-76207
-75862
-73297
-67939
-63534
-57016
-56079
-51435
-50930
-45906
-45179
-40617
-39580
-38511
-33345
-31575
-28956
-28647
-27042
-26034
-20023
-19997
-14864
-11715
-5653
1653
4559
7679
7955
11270
12884
20684
24234
28278
28480
35250
40295
45613
49158
52995
59045
60523
66175
67521
75788
81126
95046
98853
102779
105641
109117
110253
114578
116496
117099
122561
125675
128844
130033
134566
135376
137916
140382
143296
144100
144107
147693
153324
164260
166948
168826
169057
169490
169870
171764
172085
172720
178414
182793
189532
189604
190692
191577
191865
195964
207251
207369
223659
224558
229478
230294
233330
238784
240305
244756
253865
254495
255649
257128
257556
258064
262894
263511
270614
271369
273858
274436
275662
277119
293644
295546
296450
297254
297964
304300
304917
308123
319256
320021
329600
342677
344059
344385
353971
355822
356530
359893
365224
365792
369557
370473
380194
381326
386557
387055
390813
392912
393394
397095
407137
411687
411940
413515
424112
427734
434838
436598
439818
443955
445528
462588
463085
472250
481543
482319
483960
486032
493869
498601
515054
515751
518376
522177
525652
528360
555612
562366
565383
573993
580231
582830
585722
587885
588748
599730
604640
606902
618456
619041
625354
627058
629783
639954
643688
647154
647891
661408
666100
681539
683580
686422
698100
698524
706239
710049
712733
717403
727995
729142
731881
734385
735247
735966
742473
743467
743654
748567
750036
760642
761223
763690
770132
772267
776198
781595
784214
785336
789473
789673
790677
794465
794556
794561
806838
808738
808787
818059
819869
821798
825258
826586
826887
829112
831893
841362
844908
845420
850292
854461
860049
865951
869934
872260
873426
873605
876759
886094
895237
897099
901932
906273
906689
906758
907828
909038
910521
921410
922096
929309
932602
933424
933610
934424
948247
964598
965564
970476
975242
978907
979309
993424
996121
1005222
1008571
1018463
1019452
1034545
1035732
1042176
1047567
1052061
1057023
1067844
1069054
1069395
1069798
1076700
1076729
1085245
1090450
1091696
1097562
1100170
1101959
1102082
1106665
1108066
1109548
1120841
1130797
1132740
1134984
1136253
1137389
1141021
1146072
1153081
1154527
1155143
1157631
1157765
1157775
1158262
1170178
1177224
1178629
1179337
1187888
1190416
1195249
1195911
1200818
1204468
1210399
1213268
1219612
1222681
1222834
1223641
1223819
1224859
1226265
1236305
1244611
1252491
1254256
1255685
1263641
1280773
1291204
1294417
1296899
1304135
1311315
1312790
1313884
1315602
1317115
1321941
1324799
1326241
1326741
1328593
1332814
1333974
1335023
1337416
1346579
1346824
1349309
1351462
1352495
1361093
1362908
1364096
1365758
1371914
1374454
1374791
1378640
1380651
1382204
1387559
1407799
1416954
1423645
1429466
1431300
1432554
1434530
1438219
1442804
1446891
1450429
1450599
1459735
1460836
1470164
1474409
1476034
1482393
1494877
1497475
1511574
1520381
1524160
1524594
1525074
1525152
1526246
1528813
1529089
1533228
1533995
1536147
1536919
1542478
1548086
1559026
1563025
1566308
1570322
1575718
1578737
1585192
1589345
1590701
1590744
1595769
1599693
1607678
1617090
1621115
1621977
1633904
1634724
1641740
1644855
1645034
1648128
1648729
1651805
1653494
1655690
1656907
1660091
1672569
1680523
1692558
1698634
1701415
1702304
1703667
1705338
1714275
1724454
1725634
1742643
1747335
1747537
1749571
1749984
1753615
1754403
1756462
1758059
1759429
1763112
1764437
1767427
1769447
1769977
1771389
1774484
1778408
1779933
1785976
1790720
1791241
1792096
1796197
1797256
1799817
1804848
1805517
1808802
1815222
1816787
1824254
1828869
1835833
1838981
1848871
1857458
1857590
1863737
1866225
1867525
1874748
1875500
1890454
1891953
1909441
1913955
1918241
1919207
1921870
1926360
1930218
1936171
1947126
1952259
1954150
1956517
1963681
1963841
1967884
1974847
1974968
1978290
1979963
1989514
1990157
1993475
1993848
1997751
1997811
1998633
