-1998124
-1995688
-1993247
-1980486
-1975929
-1974070
-1974039
-1954180
-1941291
-1939824
-1939812
-1934772
-1925136
-1920914
-1918340
-1916434
-1915856
-1915777
-1909628
-1907652
-1900806
-1894665
-1893166
-1893059
-1890384
-1889642
-1880789
-1877827
-1872681
-1866714
-1860251
-1859676
-1856184
-1849133
-1847251
-1840362
-1834686
-1834271
-1829011
-1826233
-1826194
-1818062
-1817842
-1814384
-1813384
-1813191
-1812428
-1812416
-1809982
-1809862
-1805141
-1801508
-1796905
-1796221
-1794454
-1792142
-1788310
-1785723
-1783781
-1780585
-1777285
-1769995
-1766135
-1749833
-1746398
-1732138
-1730972
-1727896
-1726991
-1720065
-1718098
-1716073
-1713404
-1707915
-1706983
-1704956
-1695154
-1693034
-1688408
-1682996
-1679635
-1673128
-1668531
-1661067
-1659537
-1659071
-1651501
-1642660
-1639399
-1636430
-1633937
-1632849
-1626033
-1623868
-1604114
-1597331
-1582865
-1580103
-1579768
-1579454
-1572216
-1570319
-1570170
-1569475
-1565919
-1561560
-1558876
-1551876
-1545808
-1541367
-1527162
-1517140
-1512947
-1512525
-1512210
-1501241
-1500892
-1500002
-1497818
-1497813
-1495905
-1494866
-1491789
-1487985
-1486479
-1484944
-1481332
-1479958
-1478843
-1472468
-1467651
-1464196
-1461517
-1460852
-1460645
-1460406
-1453043
-1448822
-1447844
-1444634
-1443685
-1442298
-1439456
-1437875
-1434728
-1432442
-1424146
-1422071
-1412457
-1393928
-1392290
-1390997
-1388010
-1383554
-1382192
-1380079
-1377213
-1375850
-1374024
-1358407
-1358325
-1356254
-1352508
-1348648
-1342747
-1342676
-1342106
-1330976
-1327841
-1326654
-1326229
-1321469
-1320883
-1315584
-1306555
-1302944
-1300105
-1297658
-1297141
-1296860
-1294575
-1294492
-1293788
-1288219
-1288203
-1275920
-1273570
-1267794
-1267367
-1258044
-1255413
-1254165
-1254148
-1253623
-1250300
-1248853
-1236711
-1231352
-1228529
-1218569
-1216063
-1207210
-1205221
-1202453
-1184748
-1183907
-1172352
-1171004
-1168162
-1168128
-1166732
-1164505
-1159564
-1152560
-1151263
-1147825
-1144232
-1136348
-1128189
-1127336
-1124294
-1122201
-1122106
-1116707
-1115047
-1113566
-1107269
-1107011
-1106443
-1100280
-1096981
-1094406
-1093607
-1087605
-1086120
-1080279
-1079373
-1077282
-1076923
-1072444
-1064922
-1062535
-1060217
-1057765
-1052748
-1048359
-1046087
-1043931
-1043141
-1037141
-1032387
-1030794
-1028459
-1026236
-1008628
-1003703
-997489
-996519
-990400
-988424
-983313
-977632
-971666
-969814
-961212
-959911
-957589
-954052
-953497
-953242
-950269
-938009
-933588
-933522
-930203
-928824
-928236
-926213
-920252
-917883
-915566
-912625
-911283
-902038
-901008
-899968
-898821
-897259
-891458
-889830
-887504
-887237
-885876
-882593
-881288
-868324
-866495
-864531
-863654
-857426
-855878
-855759
-849417
-843921
-829115
-825443
-820891
-814077
-814012
-811244
-810115
-806773
-795955
-795578
-790115
-786339
-785408
-784467
-781232
-775453
-774513
-764924
-764641
-764535
-749054
-743698
-742233
-738294
-733331
-728161
-727535
-713220
-706615
-705516
-705262
-705134
-704295
-702386
-697865
-689002
-686102
-683553
-672231
-667025
-665625
-655842
-654929
-653590
-652115
-650768
-650060
-649544
-641259
-634208
-625749
-622382
-620857
-619490
-618630
-618155
-616767
-616183
-612533
-606956
-599657
-595892
-589769
-585270
-583537
-566686
-559686
-557355
-554741
-551754
-543336
-540915
-539573
-536712
-528069
-523159
-521485
-512364
-512169
-510851
-505274
-494016
-492899
-487271
-487208
-483514
-477097
-473017
-469743
-465377
-463378
-457765
-452049
-446939
-446337
-436459
-432001
-429611
-427455
-418492
-417411
-406629
-394493
-394134
-390446
-384299
-384022
-375257
-364093
-358494
-356775
-356216
-353762
-349547
-339387
-335263
-331029
-330432
-329673
-325369
-324227
-324226
-324005
-323964
-319643
-315272
-308703
-305632
-293037
-286810
-275821
-275308
-274953
-266389
-262863
-258233
-255817
-252378
-251924
-250006
-248178
-244775
-244232
-239491
-230124
-229199
-222686
-221636
-212859
-196118
-168579
-168535
-167941
-161544
-158970
-158632
-156754
-154034
-143866
-140039
-137546
-134018
-132690
-131138
-127231
-126220
-124819
-120025
-118549
-117537
-109682
-98472
-96142
-94103
-89906
-88864
-84725
-82309
-69732
-58543
-41975
-41871
-37932
-34297
-32318
-26528
-24668
-20220
-17936
-17204
-13003
-11521
-4226
1920
9742
12472
18042
19837
22327
25425
25985
32725
36210
42168
46280
52185
52884
56923
57009
57663
58797
61919
67250
70026
77379
83930
91244
93015
93362
102670
103621
109894
111990
121252
122477
125886
138743
141353
144645
156642
167119
168677
171826
173252
177105
181063
185089
188564
193190
196147
202644
208465
210599
212389
213212
213855
214279
218028
224015
227428
231708
233736
240348
247759
251564
251993
262168
267249
271536
271780
278456
280444
286140
290150
294935
296918
300246
305419
312735
314356
318767
321896
326131
328787
330618
331320
333081
341476
346422
349036
368873
372053
374915
375487
376248
376709
378906
394177
395245
399077
404147
409425
411610
412430
413044
415054
415632
422626
424140
424672
426409
427596
434657
436188
438498
446252
448036
448894
457611
460266
477557
478917
485161
486431
489093
492882
497754
499620
511509
520670
521007
533038
534576
534598
543590
557554
557804
569213
588949
590826
604326
608913
612402
614081
618378
622015
623632
632394
632709
635376
637557
645146
646266
654801
654819
657622
657744
657859
659734
660193
662651
662941
666711
667669
671246
671868
675345
675512
675552
682772
684376
685659
687212
698558
707783
710605
714003
715779
721459
726873
728755
729985
731111
736823
740419
742063
757331
758352
759029
771410
778296
784337
785593
786436
787753
791597
803871
805384
805966
808448
808780
808786
808834
809863
810567
813812
820392
821618
822488
826765
832372
835149
839743
844161
846465
849367
849611
854722
858314
862555
867143
867272
867374
870166
870755
879091
890338
893880
894408
895555
897491
907729
911854
913000
913569
918672
919108
924952
926829
928767
935237
936524
940768
945491
950947
951266
951476
955485
969878
972774
979481
983298
985514
990193
991859
996172
999214
999433
1006348
1016410
1020823
1026789
1027826
1037852
1047259
1054229
1055634
1056665
1064607
1073051
1083228
1088606
1095353
1102360
1107219
1133598
1134953
1137261
1142074
1150406
1155586
1157027
1159912
1163718
1173287
1175587
1181264
1190984
1191252
1194928
1199411
1202106
1202330
1212319
1215448
1216325
1216579
1217534
1218250
1220161
1225042
1227634
1228964
1230129
1235366
1247767
1264756
1265803
1270813
1271382
1275369
1282522
1288300
1289494
1290691
1291564
1292029
1292885
1296841
1313014
1317668
1318986
1320062
1322761
1325471
1327569
1327681
1333661
1337465
1343919
1352228
1353710
1360533
1361076
1364638
1366215
1374811
1376667
1387064
1388885
1390622
1391835
1392035
1396135
1398537
1399745
1403328
1403860
1406675
1407139
1408238
1411679
1417580
1418676
1419748
1420601
1423124
1434167
1438592
1438625
1448301
1451509
1455040
1461075
1467120
1468489
1470789
1474599
1474964
1485619
1488564
1491720
1492220
1493653
1496773
1497760
1499380
1502728
1504078
1508910
1530914
1540129
1541939
1542140
1547849
1551068
1556546
1559844
1560619
1563898
1567872
1570380
1572332
1581500
1583354
1591296
1594175
1604435
1611040
1616066
1618742
1627748
1631914
1643268
1645255
1651165
1656475
1657087
1670249
1671238
1673556
1673609
1674490
1680718
1681722
1682876
1689780
1691005
1693188
1693888
1700560
1702255
1702446
1707098
1710522
1711210
1714255
1732060
1735866
1736821
1742064
1745189
1750306
1757748
1769216
1771059
1771868
1771990
1772029
1774028
1775042
1780693
1783641
1786290
1793292
1795419
1795953
1796418
1803162
1805383
1815482
1821911
1823351
1828882
1846340
1847513
1850239
1850606
1853134
1854340
1855899
1863769
1867039
1882150
1882385
1885904
1889907
1892008
1898525
1899208
1904030
1912658
1914147
1919654
1931504
1934478
1934876
1935812
1937405
1940396
1940471
1941110
1948776
1949220
1949945
1950477
1956327
1960551
1962172
1970136
1970912
1972279
1974205
1975744
1976860
1979594
1984222
1986530
1991352
1994474
1994550
1995669
1996143
1998180
1999053
1999090
