-1998339
-1996657
-1991553
-1990073
-1990028
-1987120
-1982957
-1979838
-1976439
-1969032
-1956262
-1954342
-1944413
-1940342
-1935859
-1933652
-1930211
-1926128
-1919230
-1911740
-1908850
-1905976
-1905310
-1898332
-1897410
-1896563
-1895039
-1892214
-1889011
-1887271
-1877281
-1868877
-1859070
-1853008
-1852277
-1850356
-1847942
-1841636
-1837870
-1833339
-1826412
-1821000
-1816988
-1800440
-1798704
-1797444
-1793101
-1772897
-1758883
-1758197
-1756357
-1754112
-1748417
-1747976
-1739676
-1731683
-1731473
-1729379
-1728708
-1724203
-1713488
-1705980
-1704871
-1699796
-1694719
-1689731
-1681882
-1681126
-1680036
-1678825
-1674396
-1670354
-1668665
-1667766
-1664814
-1659170
-1655062
-1647020
-1646444
-1641648
-1640197
-1637796
-1628849
-1625756
-1624749
-1621370
-1621127
-1620284
-1617806
-1615221
-1615151
-1612974
-1612352
-1607211
-1600043
-1598186
-1592107
-1581164
-1578567
-1576896
-1576432
-1575836
-1573490
-1556875
-1553979
-1545908
-1545872
-1545161
-1543348
-1532991
-1528934
-1524496
-1517777
-1517752
-1515812
-1514892
-1514719
-1498271
-1498067
-1497647
-1496737
-1494922
-1494410
-1486632
-1473764
-1462738
-1462686
-1459637
-1458316
-1457119
-1455087
-1441192
-1434555
-1413978
-1413013
-1410731
-1403066
-1400646
-1400556
-1398043
-1392226
-1391340
-1387675
-1386348
-1373146
-1372882
-1371197
-1366615
-1364691
-1353383
-1350836
-1346325
-1344948
-1341515
-1337377
-1335884
-1333073
-1331142
-1317607
-1317154
-1315127
-1314597
-1313389
-1305735
-1288159
-1273407
-1272683
-1269005
-1267969
-1261277
-1247900
-1247739
-1244450
-1243926
-1242808
-1237708
-1237082
-1225030
-1224759
-1223563
-1219197
-1215788
-1213814
-1203942
-1203521
-1201584
-1200004
-1199432
-1196335
-1190187
-1184321
-1184092
-1183064
-1181702
-1179140
-1178124
-1176788
-1175489
-1172616
-1170616
-1167452
-1158251
-1156536
-1153654
-1150767
-1140496
-1131129
-1130736
-1121192
-1120158
-1119125
-1118578
-1118466
-1112697
-1106542
-1105754
-1091387
-1088588
-1080502
-1079089
-1074318
-1073940
-1071436
-1069183
-1066290
-1065727
-1057515
-1056645
-1055799
-1055173
-1044838
-1042121
-1034419
-1034401
-1027633
-1027452
-1014961
-1011807
-1009330
-1005443
-1004722
-1003138
-1000553
-995429
-973429
-967920
-954998
-950676
-950299
-945814
-943365
-930358
-925163
-915916
-909295
-887694
-881747
-879146
-874033
-867352
-865337
-864930
-858786
-855276
-854278
-852015
-848568
-846327
-842624
-841506
-839119
-829895
-825326
-814160
-812622
-812452
-811958
-811830
-811393
-809414
-809108
-809023
-803678
-801511
-795164
-794014
-788529
-782172
-779077
-775138
-772711
-772693
-768738
-759337
-758738
-754439
-751773
-748668
-747512
-737603
-729688
-720863
-719515
-711239
-710256
-699963
-699740
-688453
-685031
-684123
-680151
-673154
-669017
-667630
-667550
-667150
-663050
-657286
-643801
-641736
-633728
-628979
-625908
-625142
-620498
-619014
-616335
-616198
-612790
-611970
-611947
-607423
-607410
-604585
-603952
-599582
-598127
-596774
-594870
-585229
-583977
-579312
-577881
-577059
-572965
-568944
-562615
-551160
-547955
-546406
-543247
-541826
-537794
-529905
-527799
-524795
-523233
-512314
-511276
-509477
-506628
-503523
-502274
-500119
-499872
-498635
-498574
-496952
-494568
-486803
-484391
-478800
-476298
-475745
-470626
-465340
-459394
-457272
-453829
-453169
-450359
-450282
-443563
-443422
-438873
-438645
-434778
-433379
-432647
-432201
-415306
-413402
-411693
-411166
-404001
-403274
-397446
-395524
-394411
-377933
-377726
-376161
-374099
-371688
-370676
-369759
-368937
-367052
-362923
-351216
-350443
-350151
-349230
-346099
-345122
-344601
-343775
-336798
-334474
-328992
-321938
-316581
-314977
-312157
-312148
-307182
-306749
-305583
-300377
-294334
-290756
-283114
-270374
-265062
-264523
-259132
-257349
-256684
-255298
-253361
-251889
-235751
-232145
-231583
-226381
-220944
-212724
-210900
-202357
-192821
-185283
-184988
-174331
-173221
-171112
-165764
-165288
-152809
-150835
-147454
-141664
-140448
-139556
-138460
-136136
-131286
-129616
-128635
-125863
-113405
-111936
-108576
-107816
-95987
-90674
-85333
-84533
-80485
-76869
-73668
-72578
-70944
-68829
-68678
-66511
-63076
-52463
-51023
-45202
-40536
-16870
-14284
-13700
-12982
-12305
-7456
-7069
-5685
-4187
1115
2323
12444
20167
21734
22512
28850
30048
34665
35326
51891
53229
58003
59132
61613
62456
70559
78487
85937
91326
97967
113490
114988
117203
118236
119901
121586
136847
138731
141629
141951
152811
153302
155046
155902
164147
166388
168227
174493
178821
179173
183872
184992
185373
187209
188203
190544
193338
195911
199514
208585
209804
211700
212962
213090
213495
217782
218644
225979
229839
232623
233949
235272
236392
241894
242288
245889
250168
253173
254909
255845
257376
257743
259432
267169
268017
275329
276333
277151
277680
279667
284232
286393
286983
288603
289204
292103
293022
295079
308308
310642
319091
319819
322379
322955
338414
340490
342957
348256
353230
361351
369363
370169
371095
375032
397310
397917
399898
400635
405327
407438
408018
417564
418872
429406
434524
436235
438911
439559
447869
449231
451413
456884
464849
480334
482052
490944
500153
510245
510787
511794
511980
513347
514652
517362
518249
521378
522089
522712
529268
531531
533023
534717
536528
539100
543069
549805
553918
554224
572268
573508
579066
579881
580100
581697
581909
585963
589689
590199
590293
600576
614441
614458
615814
619538
625033
632637
632906
634232
640518
641532
646805
647097
653068
655901
656208
657894
669405
669771
677314
683434
684825
687150
688560
696941
697117
697319
702738
709321
711403
714427
721612
723229
729505
730102
731615
733287
740076
742118
746651
747422
748261
753537
755110
757904
758156
763674
766008
771372
780488
784127
788866
789075
793140
796148
809158
811181
821442
822769
824349
824739
826798
843344
846814
848088
848705
851131
856920
859864
862926
867668
879334
882542
882916
883976
885055
885566
887989
895391
896091
898662
900023
900939
910740
912690
919232
935456
941505
942676
946631
948306
949142
953570
955009
959067
965425
969843
971312
973562
977713
977970
979582
981129
984519
993922
995576
1001637
1002894
1009196
1011506
1011868
1013323
1013702
1015117
1015374
1027014
1027609
1033319
1034364
1035369
1037775
1038190
1039676
1040216
1051422
1051608
1059564
1061341
1061538
1068955
1076525
1077780
1080749
1085485
1087537
1089455
1094741
1097808
1105174
1115206
1118022
1120589
1131269
1137734
1142628
1144128
1148293
1151522
1159266
1159373
1161078
1164248
1171923
1174380
1174860
1178106
1178910
1199119
1203209
1203726
1204244
1208706
1215075
1220981
1221080
1221240
1230236
1237345
1241172
1247450
1248055
1250649
1250698
1252028
1263738
1268191
1269179
1276064
1281046
1287480
1289466
1297630
1303023
1310743
1310797
1311167
1315926
1324299
1326234
1329687
1333313
1341014
1343352
1362440
1364365
1365116
1371951
1383119
1386689
1394962
1395175
1396186
1402381
1403052
1407497
1408276
1409935
1411429
1421053
1427675
1429022
1429127
1431092
1434833
1437046
1445501
1448939
1461522
1469597
1470223
1477063
1478340
1488312
1490197
1490656
1504826
1505788
1511401
1515762
1516765
1519686
1520972
1554087
1564285
1571581
1571971
1576837
1584893
1585645
1591278
1597741
1599226
1605402
1611617
1614115
1615396
1616922
1620976
1627318
1640541
1640988
1657866
1662551
1663253
1664548
1667196
1667807
1673425
1675037
1675098
1677462
1677654
1678807
1683935
1684902
1686409
1690956
1694322
1696928
1704909
1709131
1712375
1719071
1722362
1726549
1738101
1741717
1741810
1743791
1749325
1751421
1752752
1761746
1762336
1766506
1770217
1770622
1770798
1773964
1778304
1781480
1787515
1804324
1817960
1827668
1834193
1839802
1845179
1846685
1853274
1853394
1855721
1857553
1858766
1864231
1864328
1868403
1870257
1870836
1876372
1880141
1882621
1885631
1889833
1890212
1912563
1923716
1927028
1927356
1928805
1930020
1934120
1935887
1939648
1942382
1943643
1944978
1945070
1949460
1954496
1960220
1966592
1968680
1970208
1977610
1981860
1986405
1991874
1993223
1997986
1999141
