-1994921
-1993546
-1991034
-1989416
-1988208
-1986483
-1981419
-1978112
-1968595
-1964460
-1963173
-1957276
-1955758
-1951055
-1950264
-1947895
-1947456
-1945900
-1943957
-1943358
-1919971
-1916805
-1909737
-1904925
-1902015
-1894066
-1893681
-1881298
-1879329
-1874973
-1872435
-1872358
-1872260
-1871884
-1871071
-1867686
-1860691
-1858246
-1857327
-1854227
-1851337
-1848178
-1840893
-1836285
-1835856
-1821878
-1818215
-1813832
-1809117
-1807024
-1804133
-1790640
-1788467
-1784038
-1778901
-1776789
-1773273
-1769314
-1768845
-1761754
-1751005
-1750179
-1749070
-1747750
-1743026
-1736750
-1736353
-1732303
-1731241
-1731047
-1724614
-1717450
-1708056
-1694292
-1680732
-1675429
-1674552
-1661405
-1657226
-1656883
-1651485
-1649864
-1629118
-1624689
-1619220
-1616042
-1613522
-1612044
-1609564
-1607730
-1598062
-1596898
-1593330
-1592878
-1588291
-1583518
-1563277
-1558213
-1553435
-1551618
-1551339
-1549311
-1543611
-1530661
-1529971
-1527508
-1527040
-1521911
-1513524
-1493889
-1488867
-1488335
-1487548
-1482309
-1481769
-1475521
-1465545
-1462793
-1453046
-1446623
-1438829
-1431130
-1426497
-1425922
-1423167
-1419183
-1417189
-1413503
-1411617
-1409462
-1398543
-1397698
-1396934
-1396250
-1386091
-1383741
-1382360
-1376392
-1375508
-1373454
-1369865
-1363257
-1359977
-1356223
-1355004
-1346246
-1344267
-1341083
-1339321
-1332008
-1331771
-1327212
-1321644
-1318456
-1317812
-1316077
-1312868
-1312461
-1310941
-1307527
-1305472
-1301371
-1294460
-1289624
-1287741
-1284855
-1278367
-1277312
-1276194
-1275113
-1261909
-1260044
-1256874
-1254938
-1254884
-1251766
-1251415
-1250935
-1248766
-1232287
-1231775
-1231531
-1228893
-1226963
-1226790
-1224206
-1220852
-1220816
-1216569
-1214359
-1212162
-1211850
-1204552
-1197391
-1195938
-1195351
-1194818
-1194365
-1191838
-1191141
-1188642
-1183908
-1178240
-1172095
-1166459
-1164817
-1157722
-1156036
-1155376
-1153491
-1148300
-1147734
-1146296
-1143574
-1137949
-1134856
-1126684
-1122295
-1121825
-1120364
-1119869
-1118816
-1117461
-1112121
-1107652
-1105432
-1099164
-1098151
-1095713
-1094304
-1091761
-1084639
-1081066
-1077983
-1065522
-1060223
-1059815
-1055526
-1050646
-1049052
-1042689
-1042156
-1036781
-1036492
-1030875
-1021127
-1015647
-1015524
-1012643
-1001299
-1000131
-996129
-991753
-988572
-983051
-974312
-973146
-962686
-959207
-955716
-955405
-954512
-944903
-944869
-944286
-943416
-939256
-924931
-912199
-909524
-905806
-897121
-891989
-883252
-880177
-873640
-872678
-872520
-862960
-862770
-857843
-856498
-856301
-854884
-850761
-847247
-840130
-837925
-835270
-834264
-833456
-832547
-827845
-823086
-820329
-819937
-819286
-818940
-796526
-793854
-793513
-783551
-780208
-774958
-772635
-770579
-767581
-767316
-758671
-758057
-757592
-745209
-742720
-738720
-734605
-731670
-729888
-727087
-726220
-725244
-717752
-717676
-717287
-717136
-704517
-701897
-698045
-692014
-684988
-683421
-675239
-667594
-650924
-648474
-644020
-641852
-632674
-630308
-624870
-622223
-620161
-618452
-611139
-610975
-610920
-608467
-606961
-603951
-596261
-594011
-589713
-584022
-583979
-582991
-582797
-570645
-569148
-565161
-564972
-564559
-555966
-549131
-548587
-546017
-544675
-543281
-542544
-542296
-542207
-539395
-533866
-531108
-526096
-525378
-520779
-519208
-518574
-513219
-504676
-504074
-502699
-498244
-498174
-497666
-482495
-480879
-477945
-471631
-465498
-462236
-460927
-460909
-458577
-458473
-453858
-452435
-447687
-445919
-445436
-434649
-432795
-430142
-417625
-410630
-410357
-402188
-399044
-398520
-394748
-394340
-394186
-393102
-388615
-387457
-386932
-382320
-382129
-381994
-376110
-370036
-369934
-368725
-367627
-367554
-367293
-364738
-355982
-351452
-343419
-342623
-340243
-338881
-338687
-336759
-334744
-325923
-325386
-323480
-319833
-313711
-312635
-297811
-297535
-291047
-290584
-288472
-285520
-282779
-274692
-270352
-259866
-241657
-238571
-215625
-206603
-206334
-195073
-183714
-178556
-166659
-164500
-159974
-144546
-141741
-134254
-133962
-131590
-126267
-125035
-120603
-120271
-120116
-118940
-118772
-118607
-117448
-106329
-100959
-99197
-75660
-69000
-68011
-64649
-61688
-61575
-61014
-57774
-57720
-57488
-56856
-55156
-54988
-54805
-54501
-54167
-50076
-48894
-48300
-44084
-41099
-32847
-32450
-21706
-15989
-13915
-12177
-7686
-3851
2391
15866
16892
25398
27160
31538
36240
53896
55865
58351
61861
68761
68907
69697
78681
89177
90688
91589
98803
102808
104312
109915
116851
117186
122845
123479
129576
135356
136474
137393
137620
139331
149708
155200
157576
158718
160128
165508
170448
170633
170824
172704
180273
186221
198574
201824
202140
208387
210457
211159
213280
215228
223138
236100
237012
241690
249973
253977
254066
256750
266769
269256
274700
275304
278308
285991
294651
297881
297952
302617
303151
304410
308404
308404
328629
330499
346966
349353
350615
356524
360510
361399
365197
366162
369167
369374
374551
374571
380095
386250
394757
400803
403552
408480
410693
412076
412400
418727
425507
428177
428539
429152
432143
443807
450617
451251
452071
458467
459412
461498
463040
465326
470373
477871
479270
484573
486186
491597
502855
505010
506194
510300
521718
522101
526597
527500
527556
529922
530061
533434
533771
534448
536466
538477
542544
545849
546691
549447
550309
551567
568256
584338
584458
584950
588653
593217
615925
629388
633878
636395
636958
638501
639988
645075
647456
648473
653524
661957
662094
662969
665449
684552
686018
693940
695478
695561
707177
708814
708987
712952
714183
719635
736640
739295
741732
744338
745968
746172
749380
749431
762070
762234
762655
764875
767705
769278
778660
779266
781301
781515
786384
786714
791383
792209
792933
812000
818070
818496
823837
830699
832300
833212
834305
835505
837917
837942
838132
842306
848713
853099
853936
854101
867531
881712
886568
889281
891521
893736
893737
896035
897369
897685
908142
919495
925847
927277
929581
939234
945002
953895
955226
958342
959180
959495
960203
967490
971744
973342
979283
987701
989883
995032
996249
997754
1004623
1005026
1007904
1015702
1015862
1018500
1021939
1022044
1027319
1043061
1047233
1051114
1052512
1057717
1059499
1073842
1077850
1078470
1082254
1085934
1086235
1095594
1107512
1109415
1113354
1113986
1114125
1117188
1120291
1137866
1144278
1144877
1149096
1149967
1162038
1170999
1172892
1173657
1175120
1176007
1183288
1183403
1185854
1186671
1192304
1200153
1202522
1207211
1211570
1214596
1218956
1221650
1224415
1224647
1225649
1226887
1230937
1238856
1246036
1252352
1254952
1256694
1269132
1270323
1284822
1284861
1291651
1296516
1300952
1305121
1309144
1309770
1314999
1315982
1319363
1321788
1334517
1334834
1335724
1338401
1339441
1341979
1342634
1353600
1354087
1359115
1362252
1362467
1367606
1367898
1367999
1368809
1369638
1377401
1377629
1380801
1383500
1383767
1390687
1390868
1393744
1395405
1396437
1398304
1399786
1406472
1413422
1417664
1421054
1423709
1426008
1428421
1430771
1437328
1437812
1451830
1458864
1466099
1472804
1476218
1477081
1477515
1480386
1481868
1483203
1486566
1498911
1505480
1505863
1507414
1510980
1522061
1524638
1537554
1539050
1543276
1546333
1547573
1548087
1552527
1553610
1555518
1556301
1556984
1566554
1569667
1570209
1574615
1579191
1580157
1586071
1596754
1597829
1601076
1603270
1605011
1611999
1615419
1616603
1622511
1629092
1634423
1639377
1664026
1665418
1670404
1672121
1673394
1673909
1674041
1675058
1676046
1684009
1688102
1697734
1706103
1709293
1709815
1725271
1727873
1737573
1741485
1742109
1743335
1743428
1744555
1750107
1755944
1758521
1758749
1760014
1761542
1766553
1767610
1768105
1769606
1774326
1784967
1801076
1801162
1804656
1805165
1806175
1806935
1810334
1813071
1817309
1819950
1820366
1822897
1823567
1834119
1854332
1856263
1857298
1866329
1880715
1893645
1899940
1900076
1900550
1903544
1904892
1905016
1905940
1906827
1911248
1912409
1921649
1926340
1928617
1934771
1939114
1942931
1945388
1947435
1947837
1948726
1950076
1953293
1958641
1960045
1969640
1979172
1979356
1984480
1988978
1996185
