-1998536
-1990739
-1989153
-1984245
-1979644
-1973459
-1971270
-1966669
-1961450
-1959579
-1957817
-1951851
-1950160
-1948579
-1946512
-1939815
-1938713
-1924129
-1912416
-1907789
-1900002
-1899919
-1896300
-1894064
-1883528
-1881565
-1879877
-1877036
-1861778
-1860930
-1857639
-1843194
-1842886
-1842813
-1825126
-1822421
-1821911
-1821332
-1820111
-1818185
-1817467
-1809629
-1802322
-1798065
-1793584
-1787496
-1783461
-1780296
-1779707
-1774776
-1769205
-1768067
-1764380
-1763194
-1758163
-1757176
-1751854
-1741673
-1737634
-1733864
-1731948
-1727852
-1724734
-1721814
-1712881
-1710567
-1703709
-1701650
-1700568
-1693375
-1684141
-1680939
-1676577
-1673697
-1668199
-1665557
-1664277
-1663268
-1662680
-1658676
-1658402
-1657112
-1644801
-1643078
-1632636
-1631789
-1628117
-1622333
-1617244
-1611273
-1602465
-1601086
-1582061
-1578613
-1577515
-1576724
-1576618
-1575845
-1571011
-1570805
-1566161
-1564868
-1561700
-1559595
-1557293
-1537940
-1535507
-1533400
-1530505
-1529667
-1523065
-1522522
-1519320
-1507048
-1505416
-1502399
-1501319
-1493815
-1493662
-1491292
-1489525
-1488899
-1485747
-1480533
-1478748
-1477430
-1475102
-1467594
-1467424
-1464319
-1461038
-1458453
-1449880
-1447291
-1446942
-1438855
-1436302
-1426663
-1426292
-1420288
-1418344
-1410877
-1408022
-1406747
-1401404
-1388806
-1388423
-1381042
-1379240
-1376633
-1372048
-1370447
-1358046
-1357959
-1357336
-1355393
-1355136
-1352057
-1350515
-1347856
-1343607
-1342741
-1340639
-1339166
-1336794
-1333879
-1331602
-1320925
-1318381
-1316840
-1316205
-1275418
-1271748
-1258396
-1257693
-1255731
-1254968
-1253493
-1251135
-1251125
-1249817
-1249047
-1248456
-1246476
-1234074
-1232835
-1225838
-1223160
-1213649
-1213535
-1213125
-1208034
-1205344
-1203534
-1197426
-1191481
-1190686
-1189781
-1183370
-1181430
-1180113
-1177405
-1175754
-1174553
-1172054
-1170717
-1168552
-1168029
-1167294
-1162648
-1153370
-1152714
-1150821
-1148817
-1145892
-1145585
-1138881
-1135946
-1126265
-1123254
-1114603
-1102265
-1096943
-1088860
-1086848
-1086503
-1085318
-1079538
-1078579
-1071661
-1069349
-1069247
-1065616
-1063052
-1062030
-1057469
-1046494
-1045729
-1040688
-1040060
-1033920
-1031712
-1028787
-1025608
-1009944
-1008239
-1005052
-1002337
-997575
-996906
-996206
-994458
-988680
-988198
-981120
-979771
-975767
-966670
-959178
-958363
-956426
-956254
-950071
-942704
-939551
-938206
-938083
-932864
-926012
-921639
-918841
-905537
-904256
-881017
-878337
-873886
-873519
-871775
-860721
-850760
-850067
-848425
-847540
-846230
-843256
-840772
-838375
-836624
-831186
-827802
-818319
-808468
-797772
-790204
-787888
-785214
-785093
-779677
-775648
-775205
-772466
-772009
-770394
-766671
-764018
-750156
-743672
-742172
-741042
-739731
-739075
-737962
-736174
-732805
-731693
-730310
-725607
-723923
-719847
-718370
-713305
-712867
-707481
-706937
-706395
-705891
-701209
-701016
-695779
-693767
-691889
-687635
-687000
-683027
-679442
-678808
-674153
-672279
-670084
-667104
-661773
-661153
-641343
-639810
-638453
-635696
-635423
-631180
-627442
-621123
-620753
-614664
-614009
-611810
-610932
-607240
-606381
-606076
-594844
-580054
-575824
-560611
-559863
-552396
-547932
-547050
-544861
-538572
-528729
-524501
-513899
-500306
-492948
-489009
-481026
-477158
-476061
-475133
-465810
-463899
-463089
-448513
-446230
-437795
-436960
-435163
-432135
-425309
-417328
-416190
-402372
-401435
-388930
-386946
-381190
-371678
-370319
-369560
-368596
-367102
-356749
-355639
-354762
-354247
-353380
-349599
-344108
-339999
-335233
-317803
-313071
-306285
-304824
-291644
-289582
-281114
-280007
-263722
-259886
-257814
-253817
-247927
-247742
-247635
-228015
-227994
-226972
-224879
-223511
-219553
-215830
-203665
-202448
-195350
-194153
-190849
-180895
-177975
-176953
-169681
-162793
-160731
-159472
-158134
-155238
-150523
-148745
-143053
-113165
-103138
-103109
-102943
-100163
-99091
-96175
-93835
-86176
-83436
-67848
-62935
-55206
-52041
-49114
-43469
-38490
-35763
-25308
-19623
-9863
-9357
-8851
1860
3818
5325
8996
14495
17421
17489
22886
24291
28598
29715
31479
50712
59653
62307
66399
67941
68721
68896
70842
75322
88831
89351
91657
96445
103091
103442
105916
107291
109512
110862
111662
112083
122769
126390
129406
130495
131242
135168
137059
137265
138773
141923
148915
150873
152551
153300
157580
158868
164237
168864
170452
171291
175213
176817
181618
182206
182339
184879
185786
188513
192723
197854
212406
212666
214058
219736
227307
227943
235186
238509
242264
246908
249358
249749
252221
256165
258890
261120
261238
264761
266432
267083
269317
270049
272729
274187
277708
280393
283267
296815
303994
307152
307887
309888
310521
312994
314083
331210
332071
337025
337679
342285
342900
347182
349119
353522
355206
355208
355459
359189
365448
387714
391935
393781
396566
398221
402785
410144
415274
428559
428586
437491
440243
440673
442122
442920
444409
454514
457408
458422
461278
461795
467661
469596
469664
478182
483627
487950
493441
501483
511245
513611
514847
521068
533730
545365
546334
547751
548622
550745
553702
568638
571702
573584
574716
576319
578881
581497
582611
589589
594906
597432
597441
602561
602706
611363
616213
620596
621258
621307
621657
621670
622459
632013
632561
636086
638927
643438
644141
648771
649850
651782
651987
652750
655171
657956
663476
666400
666763
677596
680100
681816
682618
689887
691349
694875
697126
700656
708123
709828
712796
717345
718785
720156
723274
726294
728686
729179
729294
745151
755946
756401
760352
761441
763744
771659
773486
781911
782632
782866
785527
792267
792957
797288
807071
807166
815153
815473
816548
817304
818098
819052
821973
830137
832222
835250
845574
847082
851689
854956
857409
857582
863390
865442
865508
868661
868668
876918
881638
889923
891061
898334
903119
909489
912295
916011
924650
935698
935788
942142
944559
953869
955794
974069
977024
990848
1011921
1013150
1024776
1024949
1029528
1036182
1038151
1038365
1039705
1053003
1056766
1058308
1058947
1079860
1079988
1081167
1082925
1087666
1087833
1087891
1088126
1090393
1092119
1094651
1095057
1097449
1100077
1117002
1142757
1143466
1144933
1151668
1151788
1157580
1158188
1166650
1166673
1170791
1171820
1174061
1184180
1188019
1190527
1193870
1217311
1218619
1219420
1220173
1224195
1227350
1231053
1236656
1236797
1237022
1240311
1255392
1267563
1270518
1274317
1289680
1292218
1295159
1295185
1295256
1295422
1301171
1303249
1309893
1316779
1319821
1326352
1333186
1343109
1343470
1343597
1345146
1345911
1349647
1351636
1356244
1357110
1358959
1362494
1364847
1365710
1366839
1367240
1368796
1369335
1375282
1383176
1390108
1392544
1397106
1420806
1425793
1432583
1433496
1439627
1442198
1443611
1444627
1446616
1447490
1449309
1449715
1453116
1457380
1467507
1470373
1472871
1477726
1479038
1479518
1486449
1487085
1488687
1489220
1491601
1492387
1508704
1514549
1514694
1514881
1522652
1523158
1523706
1525063
1527417
1529469
1535252
1538913
1544530
1544845
1550738
1557930
1566687
1567569
1567850
1573304
1575602
1578213
1579649
1587933
1588206
1588539
1589645
1590227
1592228
1594460
1603353
1608065
1612540
1613705
1619166
1621620
1630650
1631031
1631422
1633709
1633804
1634523
1637302
1646262
1648274
1650492
1658512
1661615
1662997
1663465
1668184
1675741
1677005
1678762
1679366
1683462
1685890
1686134
1690126
1698498
1699544
1701808
1702409
1707405
1709000
1710545
1714140
1730466
1730616
1731592
1734244
1743092
1743768
1747961
1751934
1753486
1761518
1761971
1764933
1771069
1782639
1783895
1789457
1790452
1792201
1794086
1804893
1806084
1810471
1813850
1823587
1828975
1830414
1840933
1841205
1843561
1845248
1848884
1850423
1851301
1853400
1862343
1866723
1866737
1869595
1870340
1875588
1878513
1879356
1880427
1881942
1886445
1889256
1901622
1903390
1910148
1913783
1922383
1923296
1924298
1928037
1929073
1929088
1931901
1936314
1936342
1939853
1941843
1956225
1956339
1963896
1970826
1971292
1981251
1985764
1986742
1987469
1990103
1990691
1993394
1993801
1998538
