-1989894
-1987711
-1987249
-1986510
-1980600
-1978823
-1977358
-1967060
-1961021
-1953291
-1953085
-1944638
-1940257
-1938321
-1930484
-1925603
-1910880
-1908034
-1903396
-1901677
-1891262
-1887247
-1879045
-1876968
-1876194
-1873583
-1860287
-1857334
-1854427
-1852821
-1849736
-1849100
-1847806
-1846310
-1841706
-1841156
-1835620
-1833955
-1829868
-1827621
-1827401
-1817316
-1817167
-1816180
-1815599
-1811311
-1810463
-1810309
-1805605
-1801492
-1797512
-1785789
-1782927
-1777113
-1774901
-1765531
-1764339
-1759953
-1757638
-1755626
-1745106
-1742042
-1739563
-1738201
-1737337
-1735311
-1734254
-1729707
-1726822
-1724127
-1723656
-1722083
-1717472
-1712106
-1711677
-1708973
-1700760
-1700397
-1693728
-1689767
-1673737
-1669996
-1666247
-1663619
-1661978
-1661683
-1660169
-1660139
-1655712
-1652020
-1651948
-1648185
-1648067
-1646176
-1641960
-1637073
-1631852
-1624783
-1623889
-1623626
-1623326
-1621169
-1619289
-1616097
-1607077
-1603447
-1603410
-1598666
-1596155
-1594245
-1591071
-1590177
-1589615
-1576196
-1571646
-1561031
-1558184
-1554111
-1551408
-1546491
-1545108
-1533569
-1522055
-1510387
-1507953
-1506964
-1506669
-1499791
-1497885
-1497778
-1497166
-1495037
-1489732
-1487722
-1486584
-1484728
-1471775
-1469967
-1469059
-1464514
-1450209
-1446937
-1446382
-1444431
-1441632
-1439104
-1433704
-1433288
-1432431
-1431071
-1419996
-1419151
-1416816
-1416033
-1411706
-1409494
-1403995
-1403358
-1402304
-1399536
-1394842
-1394321
-1390353
-1385195
-1383323
-1368167
-1361308
-1357160
-1353251
-1349124
-1348814
-1346147
-1340771
-1333976
-1332205
-1330898
-1327829
-1324670
-1323216
-1322204
-1320755
-1316267
-1315934
-1312259
-1310288
-1306666
-1305984
-1301082
-1300137
-1291795
-1289008
-1286491
-1285520
-1278600
-1276160
-1273295
-1272890
-1268592
-1265911
-1254665
-1252202
-1244750
-1240623
-1238612
-1235438
-1226036
-1223668
-1223041
-1214279
-1213420
-1212081
-1210068
-1208685
-1205946
-1199498
-1198747
-1197587
-1195441
-1186981
-1184417
-1181728
-1177203
-1164419
-1153689
-1144311
-1141416
-1141239
-1131037
-1125467
-1122571
-1122428
-1119921
-1107936
-1107342
-1104927
-1104484
-1097870
-1097600
-1095231
-1076050
-1075877
-1073907
-1070066
-1070036
-1064974
-1063798
-1060041
-1058397
-1055036
-1043678
-1042178
-1031891
-1023939
-1018103
-1015974
-1012847
-1006627
-1000353
-994803
-990387
-988721
-985475
-981314
-972859
-971559
-962680
-959939
-958937
-958846
-953117
-946427
-941479
-939694
-936094
-935290
-934457
-932541
-932225
-931877
-930380
-928436
-920747
-919048
-914289
-911403
-908932
-907357
-906432
-893049
-890708
-886662
-886448
-878987
-876097
-875580
-867310
-862476
-860496
-858645
-855588
-852466
-844058
-839640
-833990
-831564
-830204
-818189
-810051
-808573
-805015
-794266
-793343
-792929
-792593
-789327
-783573
-781307
-774966
-770142
-767098
-757237
-756031
-753492
-752892
-752466
-751929
-751753
-747397
-745800
-743901
-735950
-734003
-730200
-701925
-699324
-694759
-693236
-692165
-690913
-684906
-683581
-677989
-669266
-668375
-658812
-654265
-650767
-645503
-644530
-641172
-635065
-633722
-629028
-628778
-619601
-614016
-613106
-608323
-603516
-601785
-599257
-598102
-593797
-591968
-587897
-583138
-580697
-577645
-574512
-571331
-569899
-567768
-564504
-561192
-560119
-551787
-550680
-549374
-542927
-542807
-539860
-539233
-524494
-519214
-515428
-512589
-509672
-501077
-499704
-495996
-492573
-488077
-485783
-482151
-477937
-472516
-470832
-466491
-461993
-459935
-456741
-454126
-446928
-446034
-440881
-439603
-427073
-426447
-423662
-418763
-414981
-413731
-412250
-405172
-398857
-396870
-391453
-388924
-376167
-374675
-372131
-371719
-370943
-368971
-368861
-364400
-363702
-362114
-354592
-351548
-346565
-344654
-341418
-333225
-323261
-319892
-319864
-319273
-315801
-314864
-313856
-312862
-306302
-296723
-295320
-292642
-284970
-283229
-281875
-278602
-271477
-270751
-269388
-260060
-259002
-257355
-238699
-230982
-227360
-226649
-221253
-219785
-219683
-205045
-203228
-202086
-196945
-196463
-195236
-190488
-190195
-190176
-183286
-181536
-178111
-173304
-166265
-164295
-157688
-151197
-143926
-141735
-141370
-135265
-134067
-130295
-129126
-128849
-125398
-122477
-120940
-116956
-108583
-108344
-95560
-88396
-69832
-69758
-67561
-62193
-60894
-60640
-54279
-49052
-48291
-47530
-47114
-46499
-41290
-37706
-35447
-32885
-29901
-28672
-26765
-20120
-17797
-16592
-13835
-8436
-6994
-5102
-4290
-2046
1128
1624
2520
5253
7535
9807
15679
16194
16424
26070
26450
27735
45827
46659
49373
54847
62568
68646
77514
80142
98489
104763
107329
109802
115124
117888
119037
120658
124531
126257
129946
131716
133623
139490
141035
153421
160468
171724
175877
181093
181118
187951
192636
198804
202921
209933
214254
216871
217066
226163
228284
239612
251440
279046
280941
282024
283421
287562
288077
291517
292299
294709
296376
298748
303054
306603
306808
310320
310757
311697
315266
315857
327722
329047
330342
332730
355952
358979
361284
363155
365821
372214
372474
375043
378923
380847
386627
392730
401360
404703
408861
408886
410033
410297
412413
421699
428361
434930
435294
442125
455500
456896
464428
464677
466618
468789
470457
473904
477604
478169
479551
487581
490280
495952
499137
501697
502410
502559
508604
510191
510452
515313
516285
524547
538398
538598
543572
549633
552667
554303
554828
557731
562814
578116
581434
596966
606086
609021
610153
612190
612919
616913
620862
631512
640593
641938
646272
648555
652270
652562
667324
669673
676481
680016
682916
687090
687586
693236
695678
696250
697343
702472
708977
716175
723844
723929
737901
742173
745693
746216
746460
746777
749325
753728
764315
768227
770817
771998
780195
787677
790223
798546
802686
810955
816518
817094
818193
820940
826949
834658
834874
836137
839162
840836
857449
864438
865254
874341
877346
879010
887672
892712
895827
899545
901430
908434
912730
916525
920037
921862
925724
941057
942510
945933
957771
965361
968516
976527
977818
978514
985448
987226
988544
991616
1000781
1002974
1003921
1007160
1011646
1017307
1031040
1033432
1034897
1035775
1038861
1045025
1054173
1071834
1076635
1077445
1078357
1086112
1091193
1092639
1094719
1095386
1096131
1100155
1100619
1103033
1105442
1110104
1121755
1122550
1123241
1123975
1125365
1134302
1134832
1153682
1154074
1162265
1163297
1167280
1169101
1172860
1175633
1175917
1179701
1179773
1179846
1190563
1204999
1220303
1221297
1230787
1234426
1235431
1237348
1239533
1241099
1243921
1245911
1252359
1253270
1258503
1263583
1268781
1274869
1279562
1281374
1281921
1288269
1289112
1294369
1295757
1301436
1302741
1305751
1308240
1311095
1312191
1313890
1320145
1328394
1330604
1334980
1338521
1350124
1359630
1360290
1363885
1371902
1376801
1385993
1390727
1393720
1393729
1394263
1403165
1405551
1411984
1414684
1421453
1425619
1426721
1429742
1440298
1445612
1448374
1450965
1454435
1457204
1471688
1472496
1480636
1486535
1493176
1498008
1502687
1510890
1512353
1513494
1523424
1523941
1526912
1528331
1539114
1539595
1542318
1543361
1550691
1554052
1563626
1568371
1572003
1575622
1577716
1578248
1578442
1579387
1579820
1581098
1581767
1584408
1589691
1594446
1596359
1601767
1613116
1615357
1623630
1623954
1625771
1627284
1630376
1636880
1641339
1643042
1645583
1646603
1654943
1657094
1667710
1668776
1673366
1673670
1674970
1676068
1679509
1687303
1690933
1697486
1698921
1701237
1702376
1712888
1714206
1731739
1739504
1757081
1760154
1771761
1785162
1788466
1789146
1793577
1797490
1798658
1800265
1800983
1801902
1802402
1808393
1808788
1810796
1812497
1815116
1817046
1817357
1818982
1825301
1831366
1835874
1836666
1837697
1846648
1846889
1847923
1848596
1848603
1848688
1850071
1853721
1872154
1873068
1874432
1876333
1877790
1881761
1882229
1884853
1886386
1886508
1888733
1893323
1893648
1895789
1899101
1911838
1913295
1913305
1919578
1919788
1925320
1931284
1943510
1946033
1947682
1948554
1950946
1952540
1957872
1957975
1957978
1958695
1967499
1968243
1972681
1982785
1986918
1988061
1992910
1995649
1995948
1999742
