-1992266
-1984014
-1979974
-1978980
-1975548
-1973322
-1961441
-1960406
-1955512
-1950035
-1945372
-1943756
-1943193
-1938349
-1927178
-1927033
-1925514
-1925189
-1921041
-1917369
-1915453
-1912864
-1912042
-1911831
-1908157
-1902182
-1899898
-1880771
-1880384
-1879134
-1871284
-1867235
-1865961
-1865714
-1862309
-1851761
-1846061
-1839525
-1829997
-1829607
-1824543
-1818299
-1817004
-1811938
-1811395
-1811240
-1811036
-1800980
-1800276
-1794115
-1784917
-1770261
-1766922
-1759589
-1756600
-1744734
-1743584
-1743258
-1741439
-1734594
-1729703
-1725365
-1722670
-1707017
-1692131
-1690230
-1690139
-1684872
-1681903
-1677014
-1675244
-1673862
-1673469
-1667948
-1667847
-1666384
-1665640
-1665131
-1660291
-1659297
-1652603
-1650470
-1648744
-1645685
-1644455
-1640005
-1637249
-1632949
-1632190
-1631711
-1629747
-1624600
-1618880
-1618686
-1617234
-1617034
-1608948
-1607836
-1599868
-1599302
-1595079
-1592777
-1591528
-1589637
-1587643
-1579565
-1566263
-1565202
-1562273
-1555043
-1554316
-1552965
-1549816
-1547603
-1547158
-1543845
-1535979
-1535027
-1534590
-1530710
-1526526
-1522772
-1512483
-1511735
-1506728
-1505861
-1503351
-1493261
-1489702
-1489554
-1485053
-1482269
-1476736
-1470050
-1463900
-1463744
-1458476
-1455055
-1451490
-1444010
-1443968
-1441790
-1433665
-1433212
-1430929
-1430213
-1426335
-1423862
-1423171
-1418569
-1409684
-1403338
-1397424
-1396581
-1393496
-1380098
-1371740
-1369897
-1369774
-1368313
-1365873
-1355297
-1352164
-1349050
-1346001
-1341262
-1341130
-1338385
-1336867
-1329888
-1327045
-1324954
-1318636
-1317860
-1315121
-1310750
-1306660
-1301210
-1301130
-1298722
-1274969
-1271628
-1271241
-1270887
-1269235
-1266888
-1266103
-1263870
-1262193
-1256552
-1253458
-1251966
-1250830
-1246511
-1238327
-1238147
-1237518
-1235144
-1235000
-1229266
-1227412
-1202486
-1198549
-1198278
-1196682
-1193639
-1191078
-1182555
-1161875
-1153517
-1147914
-1143201
-1139610
-1132012
-1130532
-1127993
-1124075
-1121655
-1114866
-1111462
-1107856
-1106207
-1106078
-1106076
-1101170
-1096662
-1096310
-1092896
-1092048
-1091938
-1089782
-1087186
-1083338
-1078292
-1077629
-1074092
-1072565
-1072531
-1067456
-1063911
-1062830
-1055526
-1047694
-1043587
-1043512
-1037378
-1035987
-1034738
-1030117
-1029872
-1025764
-1024524
-1016974
-1014289
-1012115
-1009544
-1008312
-1005205
-1002413
-1001803
-994747
-994249
-993292
-984965
-982570
-980545
-980301
-971685
-969742
-968157
-967805
-967188
-967002
-965087
-964037
-959854
-958826
-949969
-934718
-932368
-930902
-925865
-924174
-922142
-919727
-913024
-901257
-887304
-883649
-878319
-872457
-870292
-869459
-863977
-853288
-843312
-842689
-838718
-827159
-824233
-823306
-820622
-820372
-816585
-816405
-808993
-808117
-806238
-800332
-798784
-798296
-792898
-792276
-792183
-791814
-790926
-790569
-786488
-776239
-772670
-768448
-755210
-752047
-749730
-737569
-735813
-732026
-727162
-723230
-721662
-718308
-715309
-715070
-711634
-699051
-698758
-691015
-687944
-683731
-682097
-680036
-675282
-675147
-673638
-671824
-671224
-667276
-664919
-659875
-659091
-657255
-650527
-647608
-645231
-643617
-642166
-634009
-626856
-622461
-621511
-619748
-618701
-615964
-615088
-614523
-614107
-609322
-607806
-602939
-602001
-597830
-597257
-594603
-594152
-589144
-587575
-587228
-585356
-583721
-581175
-579357
-563982
-561976
-557672
-546881
-545664
-544653
-543713
-538577
-537965
-534149
-529054
-527915
-526109
-519058
-515418
-514559
-512606
-510828
-505451
-505107
-495590
-494317
-485251
-479529
-479271
-476803
-475213
-473248
-467297
-464773
-463982
-461314
-460506
-458416
-454772
-452249
-450625
-439833
-437260
-426706
-424356
-422853
-420264
-417565
-410746
-410168
-409171
-405645
-405271
-393345
-390501
-379650
-378784
-377564
-375288
-365715
-355784
-353521
-350876
-336528
-328023
-327376
-321372
-318004
-315878
-310739
-305767
-301994
-297610
-291537
-288956
-288002
-287911
-284391
-283070
-282940
-272601
-250058
-245284
-239433
-237332
-237170
-235973
-235011
-233451
-232639
-228685
-228238
-220356
-216795
-216126
-214801
-209182
-199120
-197239
-196626
-187703
-186465
-186002
-173694
-170894
-166360
-157919
-153696
-151159
-149749
-146374
-143978
-138944
-132276
-130225
-127330
-125952
-114671
-108288
-105953
-100319
-94244
-91847
-83784
-75846
-72114
-71188
-65217
-57290
-55710
-49023
-35994
-33801
-33130
-25448
-24737
-21957
-20604
-20141
-19001
-15924
-7062
-2536
-1436
1339
5136
6329
8124
15104
24776
30695
37804
38984
39501
39747
40393
49447
63855
72121
80215
81739
87085
89668
91155
93421
96420
101834
105667
112447
116042
116665
117482
127346
131409
133315
141447
143180
144489
152970
155155
159895
164273
166236
172537
174742
176666
179670
179936
182321
183003
190392
197383
206650
207945
212788
215235
215656
217151
220709
222097
224876
229370
230904
234302
238097
248630
258521
260328
266254
266771
270032
292198
294677
303246
309083
318196
319901
319979
321755
321843
326082
327844
330306
336761
338164
344019
347442
350096
358726
359609
362801
365986
367083
372839
373943
377656
383848
390389
393540
395433
398418
404468
408013
409820
411115
414744
417319
424769
425261
430683
436095
436701
438058
444566
445102
445772
454291
465591
475341
478091
486464
486922
489644
497564
502447
504061
506159
508172
508328
522211
535616
537539
539457
543601
544179
545365
553544
554067
558982
560206
563153
565741
565963
567937
576288
577502
586688
596725
600568
614207
618941
619500
632645
634973
638590
644953
647047
652916
662804
664886
666896
671491
674820
676113
686263
690494
692223
692593
696373
697063
706469
711726
717261
722014
734187
737135
737197
738998
740875
741514
752628
763937
764143
765920
766729
768659
770728
778783
784637
785339
787527
796074
809609
813749
820224
824542
832283
838981
839186
839436
842292
842767
843088
850700
852130
864224
871106
873114
873591
873680
878509
884815
889542
890017
890252
890597
893133
896879
901547
906509
908372
910893
912642
913420
913943
914441
920019
931890
933925
936777
937116
939312
941506
947752
950525
950671
954495
957739
960094
960775
962722
962868
965576
972371
977091
977849
981929
982129
990417
991007
999190
1003913
1012742
1013379
1016873
1017432
1018293
1019178
1019952
1034985
1048300
1057862
1058970
1061038
1065206
1069345
1086641
1096264
1098575
1099386
1105285
1110957
1111590
1112383
1113545
1121932
1122364
1123954
1128776
1134969
1148170
1148256
1150661
1156388
1156650
1158106
1160156
1161109
1162713
1166707
1170117
1174383
1175154
1177940
1190365
1191306
1191700
1194182
1195672
1202156
1204701
1205656
1208262
1210219
1213731
1219164
1226461
1231779
1237049
1240022
1240445
1243142
1246609
1249338
1251948
1259262
1264075
1267536
1268370
1269989
1275337
1277121
1291133
1295041
1301444
1303109
1303679
1306342
1315292
1317763
1319658
1338840
1341104
1349844
1354385
1373596
1378706
1380409
1385753
1388986
1389951
1390572
1394017
1400369
1402618
1428913
1442197
1444893
1451802
1453749
1454077
1455951
1458788
1474150
1475374
1482043
1483058
1486617
1488060
1490028
1491759
1495065
1502795
1503921
1512726
1518856
1519239
1521802
1522039
1528130
1529483
1531624
1531655
1532675
1533481
1535587
1541313
1542836
1543990
1545601
1554864
1558676
1560750
1565568
1574199
1587944
1589832
1594208
1595455
1602721
1605715
1606202
1623509
1626635
1627587
1628243
1636291
1639234
1649753
1666965
1670795
1672394
1680773
1687786
1689743
1694212
1699150
1699664
1704401
1705778
1709868
1710520
1710586
1714728
1731803
1735861
1736784
1742619
1748979
1753450
1758034
1760533
1761938
1767999
1769754
1772977
1775262
1781366
1782119
1785196
1789126
1802879
1812759
1820605
1824721
1826765
1831795
1834925
1839018
1843293
1843384
1845381
1859836
1864130
1879142
1884492
1885256
1885582
1888535
1889610
1889990
1894842
1904879
1905234
1905338
1908896
1911209
1922109
1923203
1930564
1930714
1931455
1938261
1939365
1943472
1944646
1950068
1950998
1952484
1958133
1959603
1960344
1961689
1966194
1970876
1975415
1977944
1978882
1983792
1991122
1995697
1995966
1996580
