-1999752
-1997491
-1981784
-1979856
-1978847
-1978583
-1969359
-1962604
-1960020
-1959416
-1957339
-1953954
-1951180
-1939134
-1938900
-1930909
-1930497
-1922208
-1918340
-1916488
-1911850
-1905809
-1897122
-1891687
-1887379
-1881536
-1881186
-1867406
-1867332
-1864166
-1863112
-1861077
-1859985
-1854283
-1853450
-1847559
-1837500
-1824135
-1823146
-1822243
-1819105
-1818544
-1817507
-1816861
-1812214
-1805055
-1803888
-1803650
-1799965
-1791377
-1790145
-1789447
-1788097
-1778298
-1777795
-1772710
-1769849
-1761013
-1760323
-1758676
-1751856
-1751117
-1747977
-1747645
-1743095
-1733871
-1728555
-1725802
-1722387
-1711388
-1701727
-1700037
-1698181
-1692251
-1686158
-1685937
-1672075
-1666425
-1662740
-1655837
-1653734
-1647798
-1646120
-1645503
-1637926
-1635807
-1635269
-1635196
-1634579
-1633937
-1633328
-1632291
-1625115
-1615597
-1614723
-1602554
-1599944
-1596025
-1588868
-1588370
-1587027
-1586680
-1586156
-1584661
-1575951
-1574988
-1574356
-1571487
-1570626
-1557476
-1548071
-1547199
-1541541
-1540818
-1533005
-1529334
-1527969
-1525820
-1524029
-1522520
-1521928
-1512894
-1508096
-1503869
-1502473
-1501442
-1500047
-1498630
-1497994
-1496624
-1495834
-1495478
-1494993
-1494217
-1491996
-1479943
-1478867
-1478380
-1476550
-1475074
-1472700
-1468999
-1466153
-1465311
-1461027
-1455419
-1454010
-1453742
-1453474
-1433943
-1421351
-1420567
-1419858
-1404025
-1396405
-1394992
-1391909
-1386209
-1382195
-1381815
-1376046
-1375545
-1374109
-1370382
-1368480
-1360031
-1357256
-1352105
-1350668
-1348707
-1345433
-1342061
-1338979
-1334327
-1320859
-1320520
-1320467
-1318302
-1317627
-1317468
-1300460
-1298897
-1292897
-1289511
-1289253
-1289114
-1286986
-1281712
-1280715
-1277281
-1269071
-1268909
-1257391
-1257044
-1246826
-1245273
-1236891
-1236406
-1234716
-1227856
-1225987
-1215945
-1214906
-1213482
-1212595
-1212099
-1205456
-1204675
-1203299
-1203100
-1202113
-1195301
-1191829
-1182050
-1176979
-1175997
-1174616
-1173616
-1168717
-1154649
-1149340
-1135079
-1133602
-1133029
-1128538
-1126197
-1123252
-1116508
-1116407
-1111031
-1106511
-1104982
-1104542
-1097930
-1092706
-1091155
-1090351
-1086076
-1069917
-1069288
-1064479
-1060221
-1059052
-1058061
-1040104
-1034149
-1012772
-1004788
-1004089
-1001854
-1000602
-1000184
-995782
-991976
-987215
-982588
-981074
-979827
-974790
-973815
-972167
-967505
-963716
-958958
-957898
-956182
-951608
-951349
-946618
-946439
-944745
-943419
-935022
-933225
-933089
-932356
-932197
-930659
-927904
-925816
-924261
-921048
-915598
-914609
-914472
-909380
-907748
-902715
-901389
-901027
-890144
-887555
-885187
-882219
-879944
-869147
-868461
-867714
-865140
-860097
-858970
-856845
-854826
-854812
-850423
-849140
-841325
-830964
-830114
-829676
-806552
-802086
-801339
-799751
-794553
-787302
-778335
-774391
-771111
-769749
-763347
-761787
-759107
-758005
-757184
-744903
-738537
-733309
-732855
-732167
-731540
-729732
-729707
-729274
-719980
-719959
-719014
-717157
-715023
-713344
-702632
-695174
-693270
-690133
-688088
-684597
-683836
-672996
-667310
-665149
-654585
-653862
-652336
-650851
-647720
-645449
-639867
-638185
-635237
-632150
-618963
-614202
-614060
-612379
-608953
-608713
-608129
-607728
-605404
-602978
-602320
-598257
-597861
-588010
-579132
-572884
-563394
-563124
-558691
-557481
-549052
-545582
-533735
-532177
-526908
-512261
-511884
-511558
-507636
-505135
-501606
-499088
-498305
-496890
-492780
-491884
-489862
-489062
-488510
-476731
-473890
-470384
-464821
-455349
-454809
-452968
-448049
-446513
-439695
-439174
-432286
-431874
-422749
-422591
-420794
-417921
-415621
-409804
-405306
-404933
-403909
-402407
-396026
-388419
-386378
-383825
-376832
-376187
-374238
-368509
-366928
-365404
-364205
-362123
-360313
-355337
-352742
-349195
-348858
-341176
-334670
-332322
-331466
-327591
-327515
-324411
-324034
-320303
-318556
-315476
-309491
-303861
-296085
-295860
-295152
-287836
-287201
-280640
-277603
-259335
-250618
-249745
-245284
-233331
-224493
-221080
-218465
-216949
-216628
-213502
-210330
-203065
-195123
-194079
-193987
-192870
-182255
-180751
-170209
-168251
-166407
-160760
-156711
-153732
-153503
-150267
-147689
-141215
-138744
-126955
-126875
-113125
-112650
-103842
-94491
-93376
-92759
-86790
-84882
-74607
-74009
-69948
-61682
-52307
-48668
-44602
-34758
-33097
-32696
-31729
-29210
-28735
-25909
-19615
-18795
-18174
-17594
-15896
-15268
-15207
-14188
-8692
-6225
-1982
3875
4981
8623
11667
13258
14239
18609
19155
19790
22940
23200
27302
28154
33718
33727
36775
47853
56707
63598
64745
66469
71174
72596
85520
86429
90537
96345
99675
103400
107589
114370
114770
116632
120527
120609
125128
132591
140175
144099
144136
144238
144894
159471
159941
165317
167983
172013
173611
174006
175063
175866
176087
182873
196263
200119
201671
205203
210660
213284
221649
222871
224491
229758
231738
236341
236818
254229
258811
262094
268572
268808
270077
275205
275988
282285
283907
286358
288607
288814
290124
299952
300317
309123
316284
320186
326322
327547
329136
334319
340569
341596
341656
346310
352453
357045
362570
363801
367239
375978
381329
396777
410435
413012
416432
421593
423675
429724
430986
439268
445806
450466
454813
455771
458489
464071
464887
469867
478357
479942
484379
487049
488642
496919
504092
505335
506142
512610
513765
519164
522441
523649
525703
535314
540532
543734
555454
562574
564314
567697
570540
570970
572415
584059
586419
586877
590649
596694
602990
610800
612503
616076
623697
624649
633110
643854
648455
653251
654005
657761
660340
660956
667547
672474
678639
688887
698077
701582
704482
714562
718161
722388
734761
736759
749301
752092
754605
760244
764444
765141
768363
768983
773806
785115
789624
792949
793008
801929
802720
804565
810687
813141
814561
815262
822107
822504
825025
827201
839980
844228
845850
846413
847260
850033
850838
852031
852456
853032
860965
861206
861411
866442
869914
876078
884161
892537
906795
911640
912167
916252
918295
919984
924616
934834
937323
939603
945184
947446
951709
961500
961784
967632
968339
969701
974906
977683
978960
982788
990738
990892
993634
1002553
1008031
1008791
1008795
1009663
1011912
1014676
1023798
1027904
1030174
1033603
1034999
1054765
1057563
1067487
1070000
1082197
1083702
1101085
1101409
1105596
1129019
1131200
1135849
1141296
1157014
1160097
1170698
1180387
1182051
1186040
1186615
1192441
1193500
1195735
1200764
1204271
1208972
1212846
1213548
1223129
1225346
1231490
1232877
1234595
1235904
1240957
1251233
1251492
1255002
1257356
1275181
1281714
1294151
1296374
1307248
1313816
1318662
1319701
1320092
1326298
1328239
1328835
1338758
1340817
1340909
1342365
1348073
1349445
1355113
1359763
1360007
1360541
1366785
1372950
1378949
1381298
1381998
1385561
1386822
1388099
1388433
1389982
1393371
1394066
1398066
1400801
1417084
1419434
1423595
1429919
1433316
1440499
1441523
1448488
1449608
1450617
1450659
1470895
1475342
1490357
1497317
1497540
1502871
1512994
1517879
1523133
1524411
1531228
1541115
1544727
1547368
1547681
1552807
1552822
1558422
1579234
1582664
1584207
1589605
1591074
1595159
1595657
1600369
1606693
1613436
1618483
1621802
1624572
1627194
1630049
1633947
1649205
1652790
1658100
1667448
1669929
1670582
1671136
1672054
1680600
1683708
1685862
1688573
1694351
1695859
1701961
1703098
1708800
1711418
1714789
1716091
1720053
1722933
1726000
1729662
1731121
1733803
1745906
1747024
1749023
1750452
1753772
1765045
1765502
1774558
1776244
1776283
1776600
1777110
1792334
1793388
1801500
1806572
1808854
1809151
1809996
1810074
1811091
1813074
1818307
1822389
1823220
1833621
1833899
1835126
1838288
1840043
1846543
1846677
1846783
1864714
1864901
1868339
1869326
1874962
1884066
1884424
1887226
1889832
1892592
1893961
1896852
1898926
1905234
1907060
1913070
1914138
1915272
1915889
1916287
1926800
1928589
1929203
1931096
1932697
1947705
1948437
1951953
1953024
1956264
1960433
1965053
1966351
1968056
1975866
1981695
1982758
1983438
1984675
1988729
1990102
1992585
1993310
1996345
1997266
