-1999660
-1999631
-1998525
-1989628
-1987308
-1966172
-1962149
-1960774
-1953430
-1953401
-1950947
-1950901
-1939516
-1936670
-1935900
-1932536
-1930197
-1930187
-1921657
-1918415
-1916012
-1914932
-1912562
-1905861
-1905244
-1903693
-1903508
-1902558
-1896797
-1894512
-1879502
-1871577
-1869977
-1869739
-1857675
-1830436
-1829815
-1829499
-1828461
-1825689
-1824558
-1818507
-1817510
-1815480
-1815132
-1811055
-1807199
-1805777
-1803792
-1802191
-1800512
-1799823
-1794030
-1791377
-1786692
-1779882
-1777187
-1773552
-1770035
-1762335
-1753607
-1752980
-1748127
-1746455
-1737281
-1732335
-1728998
-1726701
-1726282
-1726179
-1725036
-1717840
-1714776
-1711562
-1711179
-1706752
-1705715
-1700790
-1698071
-1695485
-1694723
-1694662
-1689408
-1687185
-1683166
-1682164
-1678832
-1669593
-1666159
-1662110
-1661706
-1658175
-1654419
-1653199
-1649581
-1648717
-1645481
-1640355
-1638548
-1634876
-1634180
-1629930
-1619569
-1615994
-1615896
-1607233
-1605372
-1600626
-1587633
-1585881
-1585316
-1584841
-1577513
-1568532
-1568151
-1557220
-1556886
-1554835
-1554754
-1554117
-1551755
-1551592
-1550167
-1544663
-1542383
-1530289
-1528296
-1526484
-1525216
-1524356
-1518042
-1517913
-1509341
-1492939
-1492578
-1488505
-1486936
-1485740
-1477657
-1475987
-1473187
-1473046
-1469757
-1466321
-1464636
-1464285
-1459620
-1454648
-1450386
-1447639
-1444877
-1437733
-1427097
-1424336
-1423320
-1420368
-1415783
-1409893
-1391360
-1389389
-1387698
-1377318
-1371409
-1361438
-1358076
-1355863
-1355231
-1354237
-1350400
-1341769
-1338435
-1336874
-1336585
-1335960
-1335507
-1327730
-1325515
-1322480
-1319204
-1314509
-1314424
-1313397
-1309915
-1308579
-1307548
-1299552
-1295826
-1295352
-1274026
-1259950
-1254066
-1253634
-1250827
-1243276
-1240494
-1237478
-1234113
-1227398
-1222957
-1222445
-1219412
-1217510
-1216837
-1212820
-1211107
-1210875
-1207424
-1207106
-1200145
-1190247
-1189596
-1183141
-1183102
-1183054
-1180337
-1172630
-1171740
-1170996
-1167992
-1162302
-1158871
-1144777
-1141607
-1138073
-1137097
-1129310
-1128998
-1125667
-1121553
-1116264
-1114709
-1102110
-1081348
-1076496
-1073400
-1070062
-1066769
-1065196
-1062765
-1058046
-1055607
-1054298
-1054116
-1052026
-1051232
-1049053
-1047659
-1042609
-1040016
-1039959
-1037132
-1031811
-1031015
-1030837
-1026789
-1024501
-1022008
-1021113
-1018828
-1016870
-1015245
-1015202
-1009171
-1007034
-1006346
-1006193
-1003647
-987292
-986403
-983878
-981570
-979326
-973732
-972965
-970908
-968152
-965490
-959653
-959377
-955012
-950512
-943620
-923358
-920832
-920612
-917062
-908311
-906351
-904730
-904649
-899252
-898674
-882602
-874441
-873945
-871285
-865236
-860178
-851199
-835220
-831132
-820119
-818752
-812936
-809071
-795815
-793600
-789571
-786744
-779893
-775083
-774779
-768019
-766450
-758895
-755960
-754244
-744708
-744173
-742492
-734941
-734727
-720274
-711200
-691141
-684531
-683864
-679287
-677311
-674151
-669732
-664378
-661607
-657181
-655166
-654927
-654730
-653260
-649508
-646916
-642396
-638926
-637723
-634976
-633247
-631136
-625129
-624525
-624294
-618348
-616389
-615080
-605409
-605188
-604572
-597447
-592962
-590356
-589802
-566869
-558010
-548812
-546254
-539383
-537597
-534411
-531588
-526505
-526152
-523011
-521760
-507798
-502776
-499514
-498884
-498571
-496716
-492043
-482964
-476869
-475826
-472976
-472192
-472073
-471019
-470442
-470025
-469705
-468197
-466868
-461287
-454992
-454624
-452694
-451269
-440819
-440299
-438092
-434531
-434297
-430732
-429451
-426664
-422882
-421328
-420303
-417245
-416684
-413860
-413028
-411739
-405348
-403189
-387507
-386830
-385511
-384477
-377469
-376452
-372195
-363480
-362218
-361918
-361750
-357926
-356739
-356216
-353005
-345674
-345056
-344556
-344205
-340054
-339915
-330557
-328176
-323425
-310530
-302110
-296381
-292701
-290026
-289129
-286951
-286603
-280231
-278886
-274786
-274038
-264309
-254024
-244655
-239929
-238786
-237726
-233280
-233029
-231300
-229521
-224271
-224132
-221912
-219237
-217170
-215126
-205448
-202416
-199149
-198279
-198170
-194414
-194123
-192515
-191137
-183135
-182000
-181489
-177275
-176044
-174690
-168510
-166403
-164545
-154917
-148454
-144520
-142982
-138430
-137365
-133288
-130449
-123319
-118853
-107494
-101777
-97439
-96936
-94034
-85127
-80002
-76570
-72519
-72057
-71476
-70838
-70819
-64680
-61901
-61673
-61091
-56836
-47865
-45424
-45064
-41559
-38805
-38638
-31887
-21495
-19573
-18884
-14368
-541
-54
7
1609
5490
9655
10169
13345
18582
26123
30912
33511
41123
53499
60429
61099
78013
78213
84272
85524
91047
92329
112690
115648
119750
125261
127283
132355
140316
157826
165502
173287
176633
189319
190322
199855
201170
202950
203218
210698
224754
234816
234929
234946
239486
242221
246441
250801
252170
257392
257738
260180
260252
267489
267772
285834
290232
291581
293303
293735
307393
308130
330058
337888
338525
339188
353434
360265
362128
372930
374024
379410
381560
383034
396818
405137
408556
412421
413271
419751
425987
427788
428879
431885
439590
442898
445968
451369
454228
460866
463371
466497
467752
469403
469876
470667
474614
476613
481026
481162
487523
495247
497626
504675
512735
520780
523357
529895
551183
552192
554275
560174
568876
574788
574909
581925
594861
597969
604487
606754
610630
612446
614525
620289
626333
628646
631882
636265
639591
642107
642645
643924
650456
654874
655328
669753
675156
686908
693135
694372
694854
698314
700652
705444
709322
726620
729685
733033
740482
741409
742017
743869
747943
749923
756873
759898
764042
764812
765412
780418
790985
794770
795096
795502
798842
800617
802998
813608
823434
832458
844206
845743
855690
868163
868502
874319
881978
888486
897139
898293
900904
907073
908326
909713
909755
913961
915183
916361
924419
924656
932906
939574
942003
942041
943771
958779
965807
975365
979004
982482
988075
991367
992656
993308
999070
1002884
1005419
1006235
1008898
1015745
1016093
1016118
1022326
1029212
1029815
1036154
1041691
1045201
1045960
1047613
1048951
1056670
1064551
1067682
1070205
1075435
1080366
1080391
1081590
1082754
1089982
1095809
1107891
1108000
1111161
1114756
1117124
1132010
1132691
1132897
1135098
1136287
1136842
1138281
1140761
1140956
1144272
1144882
1155733
1160575
1162519
1162963
1164530
1167045
1170972
1171886
1173711
1176869
1179493
1182986
1183291
1186448
1186498
1197199
1197434
1197467
1198060
1199060
1199854
1212563
1217685
1225199
1225515
1227165
1229818
1231294
1243570
1245039
1245513
1248041
1260017
1262360
1264963
1268884
1276597
1280500
1286233
1287390
1289662
1301895
1302703
1311795
1312293
1316886
1316911
1320654
1324256
1327135
1329451
1330738
1330782
1337890
1339850
1345785
1346847
1350546
1352656
1357304
1362375
1368409
1369706
1377553
1378842
1381408
1390835
1395711
1395825
1399398
1401192
1403800
1403924
1407157
1416822
1419280
1420244
1426450
1430747
1431039
1436302
1437199
1444023
1444910
1456839
1458153
1458291
1462058
1466814
1467114
1475549
1484241
1486470
1488016
1492515
1492999
1493036
1494122
1502215
1504815
1506664
1508719
1512150
1518822
1520845
1521936
1522113
1525772
1526089
1531207
1534411
1536292
1540338
1544232
1547904
1553177
1553429
1555876
1558384
1559510
1561025
1561161
1561815
1565838
1574486
1579583
1586879
1588198
1588977
1590459
1608745
1613037
1617027
1623477
1631627
1634035
1635032
1643881
1644992
1655313
1655568
1661478
1665212
1669175
1675144
1676641
1681109
1688707
1688985
1689618
1691079
1694132
1701110
1706447
1708378
1710277
1710860
1711054
1711134
1715001
1715495
1715977
1717798
1718417
1720431
1724410
1725768
1725979
1739324
1742966
1760160
1767177
1772078
1776690
1787489
1799220
1802385
1802489
1803012
1803535
1804054
1813477
1813977
1825451
1833956
1835027
1836888
1838335
1847079
1852323
1855500
1855807
1860297
1869321
1872584
1872724
1882734
1882768
1884070
1893216
1898620
1911001
1911241
1916531
1919698
1922660
1925630
1933034
1933196
1936194
1937027
1937806
1941988
1944191
1951912
1952234
1953297
1954026
1955090
1967661
1968986
1972523
1978570
1980624
1984932
1986258
1993810
1995107
1996136
1998610
