-1988591
-1982367
-1976218
-1975962
-1972924
-1971972
-1968266
-1958691
-1957523
-1954460
-1952939
-1951751
-1950500
-1950216
-1949542
-1941974
-1941794
-1939860
-1937368
-1921805
-1920620
-1919799
-1915227
-1911991
-1910608
-1904907
-1900505
-1899902
-1899239
-1895359
-1890908
-1883131
-1878555
-1869632
-1866777
-1864984
-1862279
-1862058
-1853051
-1849159
-1846972
-1842469
-1840780
-1832305
-1826531
-1819939
-1819841
-1819034
-1815420
-1815010
-1810293
-1806066
-1796567
-1793433
-1790136
-1789202
-1786859
-1786184
-1783021
-1781959
-1776928
-1773864
-1773301
-1770157
-1768696
-1756080
-1742655
-1736252
-1725109
-1724252
-1719047
-1708883
-1706006
-1703367
-1691619
-1690878
-1689199
-1688579
-1681960
-1672461
-1672010
-1670879
-1662579
-1661210
-1661010
-1660863
-1654496
-1640867
-1638549
-1631870
-1629383
-1626963
-1615410
-1607098
-1606968
-1603284
-1598864
-1590178
-1586537
-1584569
-1580917
-1572847
-1571880
-1568102
-1561645
-1559923
-1559643
-1556147
-1554034
-1552836
-1549592
-1548101
-1546466
-1544697
-1541271
-1540684
-1531772
-1531238
-1530116
-1527993
-1527833
-1520362
-1517463
-1512723
-1497824
-1495091
-1490839
-1485951
-1476782
-1475347
-1474785
-1469844
-1463506
-1463235
-1461260
-1454855
-1448958
-1445741
-1444743
-1444499
-1444108
-1443444
-1434059
-1429416
-1423782
-1422070
-1419329
-1415363
-1414892
-1407825
-1405729
-1395087
-1394706
-1394564
-1386091
-1382883
-1366306
-1356589
-1351478
-1348632
-1343279
-1338175
-1331157
-1323829
-1319025
-1314622
-1311733
-1309963
-1306874
-1306306
-1303820
-1298447
-1295033
-1293823
-1290820
-1279519
-1278860
-1274386
-1268420
-1263224
-1241449
-1241130
-1239443
-1228384
-1224032
-1221000
-1220174
-1213446
-1212581
-1212507
-1206207
-1203599
-1201770
-1197129
-1197110
-1182465
-1174054
-1169421
-1166988
-1163782
-1163415
-1148715
-1141373
-1140535
-1138721
-1133168
-1129981
-1116537
-1114156
-1112947
-1097830
-1094906
-1091702
-1089875
-1089268
-1077423
-1074523
-1071913
-1067268
-1067254
-1066670
-1062956
-1062608
-1061359
-1058774
-1058660
-1055596
-1047943
-1046724
-1042749
-1038877
-1038589
-1026905
-1022791
-1011444
-1009637
-1008397
-1005755
-999795
-999387
-997518
-994897
-991971
-990591
-989500
-989180
-977262
-967237
-961313
-959461
-955727
-955053
-951912
-947124
-946872
-942265
-941593
-937088
-928676
-927995
-923594
-913783
-912578
-907228
-906740
-898782
-898072
-892029
-890735
-886288
-883084
-879721
-876302
-873806
-859014
-855470
-854877
-843985
-841169
-839609
-828030
-826390
-820295
-813822
-813726
-810987
-808809
-793803
-790690
-783604
-779411
-778008
-776306
-776201
-773773
-765369
-763658
-762847
-760836
-757139
-750706
-743357
-739043
-737179
-734565
-733943
-733740
-725280
-724257
-720799
-716679
-715553
-715110
-713772
-712802
-710925
-708864
-707563
-704331
-702873
-696380
-695488
-693405
-678111
-671625
-671374
-670768
-665325
-658850
-653767
-652571
-647890
-647395
-643489
-636025
-630447
-625770
-622263
-613971
-611822
-610448
-601428
-600129
-598952
-580105
-578273
-567760
-559237
-558666
-557973
-552457
-549173
-547751
-543799
-532215
-528543
-524252
-521839
-518458
-515319
-507785
-504824
-501879
-498373
-494863
-490180
-489000
-468960
-468473
-465365
-464985
-464289
-463332
-460288
-459082
-455241
-452070
-451631
-448370
-441586
-440855
-439840
-435017
-428441
-420364
-418584
-413690
-403845
-403281
-401371
-399584
-399157
-393138
-391510
-386634
-386237
-382059
-376792
-373961
-372728
-368467
-366135
-362490
-359299
-357589
-355319
-353300
-351756
-348128
-342092
-337175
-333791
-329887
-327657
-315241
-310023
-301308
-298114
-293693
-292550
-288779
-287313
-286986
-282150
-278501
-273650
-273457
-265781
-263741
-261002
-258340
-257890
-255263
-249003
-246455
-246332
-235776
-235167
-216440
-216159
-212138
-211728
-204312
-200861
-199299
-197671
-197090
-195651
-192156
-186787
-184584
-183026
-176341
-174737
-174673
-168744
-161145
-158502
-152467
-151967
-149978
-149525
-147991
-142124
-139755
-133934
-130789
-127746
-127357
-120699
-117386
-113197
-110113
-96408
-87038
-80614
-80368
-79957
-76913
-73457
-70430
-69963
-55145
-48386
-41711
-39441
-38400
-33543
-29258
-25098
-16932
-15558
-10437
-9793
-6731
-1047
3611
4714
7629
12615
21463
22166
28241
33160
37273
38167
44847
45093
52683
59449
63301
63558
69062
73717
74396
87012
91148
93723
102141
102503
103845
108942
111685
113697
115019
119491
126837
132393
133307
136454
139460
141034
142596
142945
144590
150677
157994
162574
164944
170772
177218
177499
187578
192598
195268
196864
208285
210852
220030
227930
229529
231329
241890
253385
254722
278076
291998
292166
296058
306279
313582
322934
324942
329309
329478
330514
334097
335641
337620
343935
356574
357550
364532
370117
374024
381303
381482
382475
384865
385021
385175
398720
398787
404058
408910
414020
421659
422246
422873
426125
431769
434707
440419
441430
444548
448335
450436
450551
451134
456341
457252
468481
468690
475920
481811
485319
489415
491521
492882
494046
498860
518714
522044
522289
524909
529081
531021
533194
536048
536588
542849
545039
546247
552117
556858
560369
560821
563538
565844
569138
569391
570708
573833
574518
576302
583117
588170
595099
597765
600462
603238
603968
606302
608373
610955
615763
623985
631317
631367
641046
641558
643273
649189
650917
653684
654128
655363
659131
661841
662999
673625
673662
675428
679307
696735
700789
706975
709020
710721
710960
716046
716686
721257
726127
728753
737137
738223
743424
744183
761072
762535
765408
765659
766436
767622
768038
768858
771767
776455
778396
778528
784192
788889
796515
806500
809049
810588
810674
818326
820980
825776
826769
844880
852270
858020
861118
867158
869461
878183
901171
903747
913087
928527
935474
937044
938210
949519
953105
956085
958767
967107
968045
970546
970872
975608
975820
982673
987579
988998
995024
996697
997439
1004595
1005231
1008755
1009093
1010535
1021090
1022449
1027088
1044261
1049038
1052406
1061237
1069987
1073464
1073982
1074643
1075554
1077066
1081699
1082084
1089791
1091817
1093562
1095698
1097412
1100687
1103040
1110188
1117146
1118127
1121490
1134592
1136733
1141167
1144705
1145765
1159006
1162137
1167002
1171356
1173157
1173634
1173666
1173674
1177122
1183575
1184576
1185887
1190781
1196511
1196974
1201448
1205656
1214840
1226379
1236511
1238892
1241284
1249776
1252921
1258958
1259982
1265923
1283357
1294451
1294841
1297953
1299027
1299834
1301118
1305885
1306759
1309772
1310633
1311455
1321269
1325540
1334176
1335600
1336820
1337060
1356519
1375229
1375528
1383353
1384438
1385727
1392559
1392790
1394530
1394688
1403696
1410105
1412094
1414031
1417916
1423837
1425926
1426727
1427286
1432187
1445429
1450753
1456637
1456898
1457081
1458935
1466563
1468816
1471658
1473376
1474080
1489458
1500663
1511122
1511780
1521529
1526738
1532108
1545891
1550372
1554588
1561214
1562049
1564895
1566364
1566866
1571753
1574287
1575134
1584494
1590049
1591950
1593213
1598393
1602251
1605058
1607566
1607944
1609787
1610757
1611448
1620123
1621159
1621905
1622148
1625400
1628290
1629349
1634096
1635035
1639846
1641010
1644301
1649544
1649883
1652905
1653158
1656368
1663440
1667203
1668548
1680872
1681464
1684991
1685475
1689442
1691783
1692773
1693792
1694625
1695935
1695998
1697216
1700470
1700533
1704342
1711986
1713681
1718787
1719902
1720549
1722846
1724335
1731682
1734439
1739822
1742366
1742656
1745279
1749421
1757516
1758582
1764998
1766823
1767528
1770055
1771856
1774141
1780758
1786020
1787303
1791784
1794650
1795542
1797617
1799999
1800709
1807910
1810607
1812741
1813174
1817185
1822952
1823351
1830437
1830627
1833140
1836468
1836997
1837639
1838803
1839388
1841482
1842837
1843676
1848387
1853256
1853274
1853479
1854421
1855435
1857283
1860055
1862821
1863347
1874723
1874904
1885071
1890360
1894376
1894418
1896578
1905115
1906976
1910787
1915406
1922316
1924273
1924339
1926290
1926882
1931933
1935414
1938101
1940751
1952013
1952347
1954174
1954563
1956642
1963010
1963105
1972399
1980497
1983426
1987457
1989923
