-1991747
-1983750
-1982773
-1982409
-1981672
-1976122
-1974806
-1972244
-1969949
-1969508
-1966899
-1964797
-1955516
-1946203
-1944610
-1940802
-1940351
-1940263
-1928622
-1927319
-1918792
-1913852
-1910862
-1909506
-1898582
-1894812
-1888544
-1888137
-1886965
-1886360
-1885304
-1884705
-1875454
-1874404
-1873297
-1872542
-1872427
-1866504
-1862441
-1856157
-1854161
-1850972
-1842477
-1838439
-1832766
-1828744
-1825700
-1825392
-1825011
-1824141
-1823296
-1823093
-1818772
-1815636
-1812262
-1811946
-1809548
-1808486
-1802718
-1794418
-1793869
-1786074
-1769929
-1769094
-1763412
-1761924
-1758807
-1757155
-1753213
-1751172
-1745010
-1740606
-1739000
-1733913
-1731887
-1718766
-1714050
-1709558
-1706988
-1704961
-1703704
-1699848
-1683698
-1681194
-1669774
-1668608
-1666727
-1650508
-1647527
-1646120
-1644642
-1643001
-1639120
-1634972
-1633971
-1628833
-1627808
-1627329
-1625740
-1623612
-1617999
-1615532
-1615410
-1613041
-1609265
-1593755
-1593312
-1591539
-1590361
-1574449
-1572933
-1571402
-1569464
-1566089
-1565561
-1557782
-1545255
-1543935
-1537390
-1534071
-1533340
-1532750
-1529353
-1529022
-1528570
-1527315
-1519589
-1510016
-1508730
-1503017
-1501252
-1494127
-1486900
-1479387
-1472552
-1462965
-1461487
-1459945
-1459559
-1458864
-1457769
-1451963
-1451221
-1442654
-1438632
-1435630
-1430448
-1428602
-1426898
-1426696
-1419829
-1419186
-1413826
-1413802
-1404181
-1399854
-1394399
-1390337
-1379370
-1370730
-1366987
-1365346
-1363280
-1362879
-1358955
-1357127
-1356434
-1354166
-1351184
-1349578
-1330861
-1322818
-1318397
-1312375
-1312133
-1311571
-1307024
-1301114
-1300484
-1297372
-1295991
-1286503
-1275705
-1274898
-1272949
-1270970
-1264001
-1260322
-1254724
-1249608
-1216534
-1202228
-1201303
-1201207
-1195854
-1193289
-1189711
-1185487
-1179582
-1178716
-1177397
-1166968
-1160572
-1157151
-1155365
-1150848
-1123761
-1120312
-1119437
-1115490
-1105003
-1103934
-1102273
-1099116
-1093978
-1092653
-1088748
-1086918
-1075354
-1075007
-1070425
-1066784
-1061563
-1056262
-1053059
-1050466
-1047552
-1045853
-1037868
-1036793
-1034232
-1032097
-1030692
-1026881
-1023646
-1022795
-1020586
-1020515
-1001891
-1000016
-992795
-991178
-985800
-985287
-980112
-974618
-971832
-969041
-968817
-967822
-965369
-964009
-950131
-948864
-935535
-934708
-929123
-925586
-924821
-919554
-919042
-918777
-918636
-915456
-914772
-909762
-908713
-903890
-902720
-897927
-896917
-896686
-890313
-886609
-886197
-885144
-882374
-881509
-880927
-879478
-867887
-867721
-866401
-863625
-859376
-858383
-855169
-853054
-848546
-844210
-841593
-841429
-838659
-838467
-837470
-837045
-836876
-835504
-834074
-825310
-822253
-813374
-812754
-812111
-811496
-810664
-808899
-808446
-804647
-803666
-799694
-792566
-792522
-791523
-786260
-784976
-781077
-780496
-774813
-770645
-770153
-769202
-764990
-759715
-755292
-754012
-748961
-748053
-739823
-729085
-726236
-721614
-714907
-706775
-702728
-701617
-701566
-699744
-697543
-697523
-695434
-695048
-694304
-682255
-681095
-669868
-667726
-664444
-661485
-655131
-653343
-645468
-635798
-634149
-632411
-630877
-630829
-623013
-621096
-618550
-618179
-615423
-612681
-607731
-595778
-594104
-591207
-571576
-568801
-559632
-547539
-544747
-543982
-542330
-538648
-536221
-534751
-532369
-518963
-514251
-512466
-502181
-502170
-498245
-496877
-489012
-486843
-485945
-485372
-482649
-479000
-473119
-452166
-442983
-441070
-438027
-436883
-431948
-429507
-428694
-428659
-412748
-407850
-405756
-400329
-399637
-399328
-399233
-396269
-393061
-392211
-390284
-389609
-386882
-376343
-374040
-365013
-364897
-364373
-363780
-358305
-355804
-353942
-353800
-348087
-341227
-341173
-329630
-326577
-322546
-321837
-317433
-315719
-310912
-300427
-299757
-297610
-295756
-292348
-291678
-290429
-288482
-269163
-265574
-265490
-264416
-263201
-261409
-256259
-255914
-253187
-241376
-238160
-236869
-231517
-227242
-224908
-224327
-221520
-217728
-217001
-216101
-213308
-213295
-208218
-206572
-203362
-196086
-191563
-190465
-188872
-177380
-170281
-167180
-164230
-157602
-154825
-150489
-150140
-149298
-148326
-148231
-147815
-142827
-141639
-138829
-132762
-121611
-121587
-114232
-113812
-113267
-111839
-107854
-107608
-106883
-104421
-93939
-88317
-88093
-77466
-76278
-74737
-71552
-70164
-66248
-61383
-60512
-50862
-50604
-48984
-48096
-44948
-42697
-41754
-35997
-35207
-33995
-29707
-29631
-25876
-19907
-18471
-17843
-14671
-12043
-6867
4388
10447
13201
19593
21213
24333
25905
31859
35862
41553
44677
45176
46013
50282
53146
54723
56530
58757
66814
67211
68212
70500
77576
79457
80749
81466
82039
85664
95680
97521
109259
112370
121477
122519
123676
123974
142061
150905
161489
163983
170883
180334
181249
184336
187224
191858
193335
201228
210448
211209
214189
216163
218300
226451
228265
233228
233645
236599
237636
244770
248060
249241
254052
259337
275286
285458
287274
291654
292078
293447
293847
294508
297102
308173
310763
311492
312270
319233
319964
321388
321833
326533
333432
334697
334912
335701
338078
344260
346788
355666
358316
361314
361576
369172
372761
375067
384738
401957
402548
411922
421711
425819
428384
434187
438381
440323
446800
450786
461862
463240
470701
475072
488683
494048
498042
504760
507150
511480
514433
520569
524930
525453
527286
527438
534834
534961
546004
546155
549495
551135
556455
557094
563135
564109
568048
573918
574004
580925
588739
592250
593726
597325
601060
604753
623880
625372
627515
634927
636020
639258
642972
644460
649353
652543
654884
664022
667028
671655
674416
675923
676614
676863
676877
694575
695245
698331
706528
706872
710351
712802
713856
716386
717045
720940
725669
728926
730193
735339
748208
750383
752306
758021
767255
767626
769619
774278
777423
779060
780376
783723
786105
788454
803120
804272
812851
814282
814872
816343
816902
818376
829184
830494
832631
834044
839210
853024
854472
858149
859845
871385
873901
875586
876950
878878
881560
886623
887293
911321
913182
913313
915801
916467
923808
924637
936023
938595
945426
951499
960294
962115
964322
965377
965816
966792
969447
975608
975660
978178
979060
983321
983703
986263
991203
993594
1003022
1009252
1010872
1015997
1017379
1029491
1031922
1032107
1034689
1037012
1047920
1057668
1063910
1070883
1074141
1076664
1076918
1078334
1082086
1088659
1107077
1107824
1117426
1118989
1120268
1132282
1137398
1141587
1144002
1145567
1149500
1159273
1163195
1163459
1164824
1169755
1172374
1177332
1179117
1180456
1181301
1186563
1191600
1192553
1193245
1194263
1195480
1197351
1198415
1203870
1205270
1211938
1216730
1237880
1247473
1248836
1251523
1254694
1261847
1263738
1268168
1269138
1277450
1291086
1292938
1293772
1297156
1301357
1304263
1306302
1335701
1350986
1352856
1356026
1363018
1367506
1370552
1376769
1378976
1388178
1392170
1392768
1399211
1404908
1406122
1411154
1411428
1417554
1424599
1424626
1434936
1435146
1435506
1438741
1449335
1454694
1455030
1471480
1473163
1474222
1481878
1482655
1482984
1486176
1487099
1487363
1496237
1496746
1506527
1509000
1510400
1519846
1521772
1535780
1556003
1558970
1563058
1569441
1569783
1570774
1572340
1586490
1587403
1589885
1600166
1604943
1607668
1619641
1621884
1622710
1627470
1627481
1629470
1631582
1632543
1642274
1646043
1646322
1665359
1683744
1698825
1702473
1702560
1704712
1706582
1708502
1712388
1718599
1718731
1719676
1723063
1724335
1732103
1733975
1734978
1737054
1740846
1746971
1747244
1749545
1750818
1751600
1752258
1753799
1762622
1772004
1775836
1777640
1777720
1778359
1783992
1785406
1786843
1795872
1801572
1802991
1804609
1805505
1808796
1809154
1809865
1810522
1813958
1814116
1816420
1816764
1818169
1830787
1832978
1836473
1839964
1848487
1849110
1850185
1854431
1856739
1867946
1878884
1883074
1883301
1889184
1892522
1901785
1902339
1908110
1919083
1924778
1927535
1940849
1943254
1954953
1955302
1956891
1958619
1961705
1962372
1971058
1973278
1980010
1980241
1981120
1982088
1983704
1984219
1987782
1993953
1995787
1998379
1999321
