-1998798
-1988709
-1986808
-1980515
-1979937
-1978346
-1971360
-1966202
-1965483
-1961392
-1960007
-1953211
-1952721
-1949695
-1937662
-1936147
-1935469
-1935021
-1923520
-1922914
-1922244
-1918594
-1914938
-1911846
-1907769
-1906754
-1903345
-1897229
-1893499
-1889231
-1889037
-1879216
-1874201
-1867991
-1864093
-1852649
-1851880
-1847709
-1845835
-1842460
-1841722
-1836309
-1823710
-1814757
-1814040
-1812064
-1809398
-1802771
-1800681
-1798569
-1793871
-1782194
-1778589
-1775868
-1775390
-1775345
-1774173
-1773510
-1765326
-1764526
-1763812
-1760377
-1757334
-1745961
-1744561
-1738850
-1727952
-1726289
-1721548
-1719009
-1714002
-1713450
-1709351
-1706733
-1705634
-1703624
-1703165
-1702845
-1702371
-1697534
-1696782
-1695771
-1694893
-1694514
-1690795
-1688335
-1684894
-1683407
-1681026
-1680990
-1677190
-1676614
-1671520
-1664124
-1651625
-1644267
-1641890
-1641121
-1634359
-1630705
-1627032
-1619299
-1617187
-1614144
-1608717
-1604129
-1597946
-1597650
-1593805
-1593122
-1591282
-1587181
-1585890
-1579338
-1575323
-1570219
-1567112
-1559443
-1558140
-1547347
-1540244
-1539636
-1536460
-1533326
-1523040
-1520437
-1519650
-1499875
-1492872
-1479566
-1478767
-1477604
-1471469
-1469158
-1466617
-1463042
-1460495
-1436909
-1433391
-1428536
-1422212
-1415219
-1408653
-1407477
-1407095
-1400519
-1399751
-1396489
-1393951
-1393131
-1387460
-1386129
-1384075
-1384055
-1378813
-1375155
-1373670
-1365253
-1365140
-1364811
-1360459
-1360166
-1352375
-1346795
-1340394
-1340318
-1340275
-1334262
-1326984
-1324941
-1324261
-1316241
-1313602
-1310911
-1310607
-1306123
-1302670
-1301681
-1299936
-1297791
-1286512
-1285427
-1282396
-1279023
-1270426
-1269825
-1262587
-1262264
-1260121
-1258914
-1255678
-1251005
-1240095
-1238682
-1237932
-1236426
-1235451
-1229487
-1226720
-1214763
-1203711
-1198649
-1196281
-1195604
-1191355
-1179372
-1178565
-1177413
-1171695
-1169653
-1162960
-1162750
-1161280
-1154704
-1150759
-1147558
-1145012
-1134682
-1132788
-1131963
-1124477
-1122154
-1109987
-1104236
-1102982
-1099862
-1095819
-1089752
-1084801
-1075537
-1074179
-1070319
-1069616
-1066330
-1059328
-1057482
-1056236
-1048947
-1044547
-1035294
-1033434
-1021538
-1020166
-1014707
-1014194
-1007097
-1004929
-1002175
-1001940
-1001256
-996424
-994864
-985191
-979597
-969162
-967778
-956216
-954069
-950205
-950025
-943890
-942640
-941158
-938020
-937243
-932445
-931320
-924049
-922813
-922110
-918213
-917190
-915160
-908924
-908124
-907344
-907129
-904995
-903267
-897230
-892573
-891864
-889328
-889243
-888927
-884960
-883211
-877028
-874324
-871503
-864945
-858636
-851574
-850306
-849127
-846245
-840847
-837605
-835502
-834336
-827222
-825642
-825623
-818841
-816529
-814712
-811840
-809250
-804083
-791574
-780677
-779871
-779673
-779355
-773399
-772014
-761143
-758349
-752800
-748902
-745973
-745112
-743388
-737781
-737379
-731214
-730565
-714858
-710510
-708069
-705849
-704825
-694684
-691761
-688681
-684165
-683688
-680580
-679874
-679082
-669749
-664643
-662685
-660682
-654314
-654205
-651671
-648081
-647309
-647273
-642225
-637673
-634483
-624894
-623231
-623072
-621299
-620831
-607375
-605831
-601467
-598460
-587018
-586071
-583115
-581902
-567033
-557275
-549162
-546900
-545448
-541384
-537886
-537160
-532725
-528659
-528134
-518272
-513723
-509303
-493941
-487970
-482351
-476826
-472529
-471995
-471906
-471439
-470801
-465210
-458731
-457509
-454625
-454008
-441600
-438619
-437589
-432611
-430176
-427689
-426733
-426390
-426257
-425798
-421984
-419024
-411950
-397205
-381896
-381069
-375204
-364472
-352971
-349438
-347653
-346842
-342813
-327405
-327310
-316642
-316337
-316252
-310799
-307803
-296602
-292972
-292493
-291619
-286372
-284074
-277739
-276765
-276571
-276115
-272532
-260773
-243119
-240408
-240276
-227703
-220145
-213896
-213314
-210293
-207936
-195331
-195097
-193526
-193473
-193107
-189641
-187096
-183797
-181090
-178790
-174737
-174455
-171780
-169631
-168581
-166371
-165624
-163188
-162106
-156348
-154302
-154123
-143695
-134691
-133266
-130346
-121063
-117938
-117276
-115634
-115207
-101683
-100589
-97597
-88522
-83769
-82658
-82162
-79153
-78880
-77290
-49526
-42786
-38684
-38212
-35778
-33056
-27854
-25597
-20267
-18554
-17002
-15942
-14959
-14153
-13280
-1864
3577
10505
10880
16439
18293
19289
30253
30809
34364
36397
37058
43033
49685
51798
54976
59739
64170
65659
73239
82056
87642
88549
94012
106708
114187
129279
132567
133963
134532
136868
146241
149433
156456
163808
168927
169115
171591
171730
181594
183452
186995
193443
202142
212843
216417
218351
219824
220864
221258
222679
222993
224023
235224
235837
240026
252510
253559
267209
268308
270413
273985
274927
277347
277750
282378
291544
292499
297190
299751
306494
307576
311951
315964
324051
327259
329955
330267
330572
332184
332602
333118
337501
339359
340365
344377
351176
361227
373272
374425
388197
400750
404675
408078
412546
414803
425271
433704
438694
441670
449528
451929
454164
455116
458235
463354
466455
469752
469893
470933
478025
486000
493728
501799
502251
504076
505308
513797
519777
523001
532348
538780
558173
564945
565472
579293
586055
589889
606277
607123
607184
608767
609663
610767
618894
621897
625132
626009
631017
633112
634373
636221
636329
645349
646656
651846
656292
656908
661720
662791
667797
675593
681976
707646
708664
709818
714186
731457
735543
749600
756323
764910
768393
769179
771350
771566
779712
789503
791046
794775
797416
800518
801443
802800
811164
811632
811781
813868
822407
824043
835068
835278
843158
847567
848618
848861
852387
855713
860108
860527
860817
865153
869824
872372
872840
879895
881069
887985
890772
896492
898288
901059
903639
906109
911711
919186
923017
928650
930536
933480
936332
945504
947513
948439
951022
955579
957849
964303
967502
973713
974337
982842
986237
992681
994740
994928
997537
998206
998213
999858
1000947
1003384
1006924
1007740
1010018
1012856
1019724
1024706
1030317
1045657
1051836
1054737
1060946
1061251
1063410
1069044
1072841
1082263
1089068
1092963
1094645
1096439
1100944
1114292
1115316
1117041
1122060
1126372
1134724
1137335
1140880
1145119
1147777
1151151
1151296
1152223
1153010
1155154
1155557
1156409
1158101
1158227
1161540
1169139
1173194
1177921
1180652
1180679
1183487
1186437
1191169
1194873
1195662
1197773
1202978
1205076
1207739
1216459
1217630
1219710
1220403
1230395
1233696
1235989
1236002
1243171
1244955
1246652
1248088
1253533
1254871
1256398
1267255
1280744
1283192
1284602
1292406
1294603
1301798
1307574
1307827
1312059
1313766
1316778
1317839
1324547
1340222
1341791
1356079
1357730
1359582
1360012
1368688
1368775
1375733
1379100
1379550
1386272
1388806
1390256
1395054
1396014
1396464
1407114
1412554
1413463
1423994
1425523
1430341
1431211
1431550
1432430
1434374
1439706
1446375
1453236
1464018
1466383
1468324
1476820
1477785
1485115
1486201
1495676
1503070
1504930
1512317
1514794
1520215
1522924
1523628
1523774
1524253
1525751
1527402
1528143
1529955
1546174
1550042
1551685
1561585
1563164
1567282
1572925
1574206
1575174
1577761
1587094
1597292
1597694
1602116
1604237
1606152
1632532
1635258
1636366
1637943
1654071
1660786
1664856
1665237
1670539
1670577
1682244
1682992
1683692
1685396
1686997
1687902
1690795
1692112
1698267
1699985
1701264
1704024
1704617
1711372
1712510
1712621
1714742
1717513
1718413
1719376
1731252
1732251
1733933
1734254
1735782
1738217
1741157
1744277
1744465
1746564
1748368
1754999
1760096
1761880
1764567
1766753
1769592
1775075
1778300
1781706
1789853
1792472
1794856
1795441
1795494
1798776
1799898
1801301
1812539
1812545
1817859
1836649
1837452
1844124
1858189
1860662
1872743
1876411
1879129
1879596
1880157
1880932
1881620
1882441
1883390
1884100
1884549
1884839
1890191
1890206
1891034
1891728
1892431
1892715
1897538
1902088
1902221
1903253
1907748
1908244
1912934
1922674
1926753
1931751
1932852
1933763
1935265
1947817
1949917
1953969
1954113
1956134
1962971
1965556
1965620
1968062
1968925
1971636
1973444
1975838
1986687
1990456
1994971
1996687
1997306
1999582
