-1999144
-1997703
-1982583
-1982295
-1977442
-1976317
-1974478
-1970991
-1964619
-1959359
-1951012
-1950618
-1949365
-1946975
-1945278
-1945182
-1936483
-1928254
-1924418
-1919357
-1918889
-1904460
-1897330
-1895995
-1892485
-1888213
-1885890
-1885436
-1881865
-1879536
-1870978
-1865378
-1862084
-1861598
-1856960
-1854025
-1852248
-1847694
-1846084
-1845591
-1842923
-1840997
-1837436
-1831788
-1826494
-1823638
-1821995
-1817640
-1815266
-1812983
-1799991
-1790763
-1790262
-1785024
-1782884
-1781706
-1778974
-1774151
-1773344
-1770443
-1767171
-1764426
-1762771
-1760075
-1759735
-1754760
-1754722
-1747425
-1741992
-1739368
-1738738
-1733615
-1733290
-1732610
-1726490
-1725273
-1724768
-1724706
-1721510
-1721459
-1717591
-1714151
-1713455
-1712765
-1709829
-1707728
-1703369
-1700414
-1699589
-1699206
-1698735
-1695674
-1692694
-1691117
-1682596
-1681350
-1679695
-1667911
-1665540
-1654552
-1653759
-1651861
-1650988
-1644714
-1637486
-1635282
-1634797
-1629987
-1627969
-1627119
-1626963
-1626485
-1620713
-1611051
-1605937
-1601568
-1597823
-1596655
-1587549
-1585583
-1567185
-1562619
-1561594
-1558590
-1558092
-1554246
-1545426
-1543324
-1543305
-1540688
-1540080
-1539917
-1537859
-1527962
-1527126
-1525813
-1520065
-1514588
-1512007
-1509960
-1509008
-1507074
-1499730
-1485235
-1482963
-1479229
-1477691
-1474892
-1472817
-1469466
-1466911
-1465339
-1464226
-1464152
-1458988
-1458001
-1453425
-1445840
-1444824
-1444725
-1441676
-1437457
-1422112
-1416177
-1412126
-1408644
-1407529
-1405180
-1402496
-1393697
-1391414
-1384094
-1380562
-1379160
-1377356
-1376839
-1373144
-1367008
-1360895
-1347796
-1344603
-1342852
-1339423
-1337525
-1330720
-1329679
-1327546
-1321983
-1320677
-1318998
-1315195
-1314459
-1310646
-1309677
-1306163
-1302045
-1291866
-1288649
-1288474
-1283731
-1278049
-1277018
-1275925
-1257466
-1253736
-1250025
-1246796
-1244386
-1234726
-1221028
-1219363
-1218409
-1217673
-1209142
-1208347
-1195944
-1193971
-1189015
-1180949
-1177992
-1173681
-1167863
-1160448
-1159361
-1148439
-1142754
-1137148
-1135467
-1131082
-1120074
-1117630
-1115638
-1112936
-1107536
-1106274
-1101581
-1096277
-1095328
-1093495
-1088485
-1087501
-1087149
-1072866
-1063739
-1063421
-1053139
-1049226
-1042990
-1031440
-1031293
-1026853
-1022077
-1019635
-1015926
-1008214
-1005183
-1000223
-995825
-994055
-988941
-982319
-981651
-979518
-974994
-969690
-969388
-959874
-959512
-956839
-953245
-944974
-939857
-939618
-938399
-934646
-930338
-929400
-927789
-923763
-918417
-904770
-901656
-889162
-888306
-882900
-882894
-878681
-878206
-877428
-855656
-851869
-842402
-839515
-833463
-828955
-824954
-811688
-809915
-796100
-793424
-786027
-783792
-780820
-775768
-770865
-762297
-759684
-751838
-743061
-741752
-739718
-739642
-737611
-737294
-735145
-731703
-724904
-720892
-709376
-709154
-707410
-705411
-701245
-699495
-692782
-689282
-686818
-686352
-684199
-683998
-677141
-674510
-673451
-671461
-667083
-658762
-657423
-655814
-651094
-650544
-645901
-627099
-625785
-625181
-623017
-618419
-612231
-603398
-602547
-594042
-588357
-587740
-586688
-586126
-581676
-581439
-575382
-565147
-564747
-562294
-560104
-557005
-553235
-552103
-547576
-541565
-533773
-533711
-530896
-527509
-523253
-500288
-500271
-499976
-491829
-481067
-478420
-476752
-474747
-473436
-473228
-466435
-465135
-457467
-452299
-443436
-442092
-438043
-433232
-431109
-430098
-428941
-428017
-426737
-423996
-423469
-421904
-415500
-413947
-413402
-413031
-404404
-396890
-395230
-387983
-381287
-380093
-370759
-368291
-368192
-366562
-365236
-364390
-359526
-359107
-357219
-356457
-352132
-350931
-348888
-346172
-344950
-335012
-334708
-333734
-331723
-324172
-323570
-320474
-310065
-309682
-303554
-303517
-293097
-291761
-284703
-280993
-278402
-277481
-273367
-270612
-264971
-264637
-258242
-251881
-250987
-250433
-242652
-239077
-236527
-234658
-230522
-219960
-214388
-211366
-209579
-208768
-192878
-192808
-190365
-185518
-182436
-179962
-176550
-163250
-162444
-162281
-149641
-148164
-147776
-145647
-143127
-141653
-138171
-134540
-131587
-128841
-112299
-109643
-103620
-101899
-82956
-76801
-70633
-69296
-62319
-58644
-47964
-47553
-46524
-43948
-43682
-43583
-25523
-19272
-17609
-16692
-9693
-5731
-3520
2084
12161
24696
26740
28855
37792
40550
41198
41498
43969
48966
49068
52218
53386
60629
60837
66372
67704
71294
73371
79729
83067
87024
88463
89372
89911
91474
92872
94910
95176
98506
99902
101979
109713
110778
112660
118205
118794
119194
124254
127295
129348
136752
149215
155864
157031
158044
158332
158385
160588
164701
164796
166819
172691
180226
183315
190686
195203
198726
199842
201947
204506
213542
218642
219531
221277
224364
231303
234132
237545
244317
244688
246589
248327
251057
254819
255785
261243
261712
262740
264975
265103
266850
267720
273410
282773
287470
291437
292964
293945
295333
311707
313439
321976
322511
328029
332229
333520
338968
342211
344282
344338
344821
349702
350662
355786
356685
362118
367328
376554
379484
381041
381306
384310
388141
396247
399593
401674
402527
402548
404075
414676
423173
425824
430685
430805
431719
442354
448661
452486
455306
459622
466183
472105
481925
487394
489681
495051
499389
500761
503800
506985
512259
519957
523507
532791
535578
537448
543722
543789
548412
556962
558781
559396
560214
562223
570467
573156
573701
575331
583307
583407
583463
584892
587251
592325
592361
603873
605182
617907
634029
637047
643503
643731
647168
653016
657589
659335
666936
667815
668167
669059
679706
682101
683469
686144
687615
691481
691539
696971
698576
714152
715464
720371
721238
723008
725235
725330
728638
731611
735484
740326
742982
746840
750748
752268
752709
758672
760565
762489
771059
775660
775867
779077
779718
781770
792940
796142
799377
805199
805524
808924
809656
809946
811610
813924
826641
826801
828459
830321
831621
832057
833667
834203
835069
841435
853342
854887
857049
858983
859661
860374
860779
862037
864923
865996
871556
873791
876815
877137
877530
888305
889381
898889
904334
907591
908258
911298
914228
921426
921716
923695
925097
930478
935868
940091
953361
959394
966294
966498
967599
970666
972286
982303
985774
988065
988068
988261
996685
1002301
1003153
1003589
1004727
1008013
1008176
1008200
1012758
1015101
1019804
1030953
1031817
1032278
1035137
1043056
1044397
1052335
1062455
1063392
1066124
1071672
1086485
1088548
1093407
1097086
1098892
1100541
1104060
1108050
1108706
1110375
1113653
1119974
1121480
1131093
1138640
1139313
1140622
1142989
1146699
1149708
1151810
1157640
1161287
1165221
1168274
1170555
1171004
1174461
1180985
1184660
1185210
1191200
1194559
1194641
1195807
1195891
1197839
1201501
1206214
1209070
1214748
1219300
1234802
1243494
1256494
1269200
1271498
1282760
1284949
1287561
1288823
1291952
1293734
1300769
1301738
1301782
1304286
1305623
1314933
1324384
1330637
1333171
1341943
1342078
1343307
1343482
1346279
1348010
1349003
1352996
1358740
1362717
1362924
1362953
1363885
1376102
1376334
1376767
1386819
1395802
1402661
1403355
1403567
1407030
1420864
1424635
1426016
1430707
1435961
1436345
1443282
1444585
1455483
1458348
1458689
1465812
1466047
1479314
1488934
1490853
1493200
1500188
1512351
1521583
1521608
1524953
1526833
1534764
1540960
1544839
1548211
1553670
1554747
1558934
1560371
1561051
1578051
1581895
1594529
1596102
1608510
1610253
1617923
1619738
1623069
1645197
1653787
1660035
1660970
1661530
1663180
1666161
1667622
1668478
1674425
1683005
1683262
1702225
1709976
1718287
1728730
1730241
1738770
1742437
1745115
1752475
1755391
1761765
1786053
1789523
1799164
1800900
1812052
1812854
1813680
1814303
1814304
1823263
1825210
1827864
1836794
1838700
1841428
1847411
1849321
1860603
1864307
1868758
1869392
1872362
1877049
1880333
1880944
1881384
1884016
1884990
1887025
1890248
1897054
1910984
1912354
1916305
1918223
1927366
1930592
1931241
1939503
1940845
1944410
1945750
1948597
1949295
1950353
1955120
1956053
1958345
1970432
1972169
1975131
1987512
