-1996940
-1994217
-1985389
-1972227
-1966777
-1963088
-1962472
-1947708
-1946858
-1937309
-1936725
-1923005
-1921397
-1903371
-1902179
-1898182
-1896695
-1895025
-1886095
-1879338
-1879009
-1878392
-1874636
-1864914
-1864914
-1858086
-1857479
-1850058
-1849801
-1849552
-1842889
-1835634
-1828901
-1823418
-1822098
-1808607
-1806036
-1804967
-1804463
-1802233
-1792383
-1791794
-1790639
-1788976
-1770586
-1763780
-1763693
-1761537
-1761158
-1759136
-1758030
-1754608
-1753513
-1750605
-1747001
-1744360
-1744160
-1738112
-1735593
-1728881
-1727365
-1726303
-1719539
-1719419
-1716826
-1711941
-1711304
-1696398
-1694587
-1691305
-1689426
-1675332
-1671001
-1670506
-1667103
-1658868
-1658622
-1653928
-1650204
-1646062
-1633642
-1630549
-1630410
-1626717
-1626378
-1615543
-1611563
-1603574
-1599609
-1592551
-1588898
-1566900
-1564332
-1564274
-1552480
-1550586
-1544575
-1544024
-1538716
-1533349
-1529347
-1529230
-1525745
-1525625
-1523627
-1519867
-1517385
-1509476
-1508079
-1507868
-1506744
-1504838
-1503107
-1498136
-1492871
-1489696
-1488752
-1488008
-1482590
-1476117
-1474242
-1473974
-1472524
-1472345
-1470259
-1470205
-1468296
-1467668
-1444230
-1436013
-1434553
-1431520
-1431308
-1428844
-1413269
-1399973
-1398817
-1397873
-1389722
-1388704
-1384034
-1375618
-1373844
-1370671
-1368882
-1366627
-1360892
-1359928
-1358939
-1350241
-1335817
-1335815
-1335769
-1334467
-1333050
-1330410
-1327466
-1312371
-1309142
-1305108
-1305017
-1302817
-1299438
-1298625
-1297980
-1297314
-1286166
-1282780
-1280309
-1270713
-1267169
-1266932
-1266903
-1263979
-1262788
-1255179
-1250503
-1247852
-1235435
-1233256
-1232457
-1227883
-1222245
-1218748
-1218365
-1214446
-1210854
-1210156
-1189458
-1187135
-1185619
-1159548
-1157511
-1148609
-1142857
-1142494
-1141752
-1140548
-1135333
-1130367
-1129351
-1127760
-1123989
-1119374
-1118011
-1116591
-1115277
-1112997
-1110842
-1108212
-1106808
-1101678
-1098088
-1096605
-1096046
-1092142
-1091418
-1084847
-1075150
-1070607
-1066141
-1065774
-1063443
-1061954
-1061581
-1060059
-1059274
-1058441
-1056823
-1055361
-1053047
-1049862
-1049661
-1042218
-1036101
-1031369
-1030781
-1030682
-1021998
-1021450
-1019643
-1015366
-1011774
-1009439
-1004016
-997900
-995818
-995618
-990550
-986467
-980340
-970164
-967784
-966635
-966473
-957667
-950307
-941287
-938010
-930970
-923902
-913363
-910632
-908427
-903984
-899614
-899395
-898188
-895881
-880855
-876078
-870826
-869010
-862095
-860115
-858065
-857440
-844169
-839864
-827463
-825434
-822420
-815638
-815141
-813469
-807201
-807079
-802769
-800689
-791552
-785678
-767445
-762011
-760697
-750947
-749782
-740786
-739515
-736530
-735617
-733751
-730022
-728977
-720924
-720488
-712377
-712364
-709547
-706857
-701661
-699611
-694857
-691886
-684337
-679791
-679618
-679120
-675707
-650263
-647399
-645756
-639492
-639223
-636046
-635017
-632916
-631576
-619940
-618414
-615000
-613959
-607645
-601646
-596777
-596346
-584485
-584275
-582817
-581223
-581207
-576488
-570663
-566302
-559105
-556495
-550144
-544566
-540357
-538374
-526700
-524953
-521708
-519394
-518049
-517570
-517196
-514192
-513697
-507396
-506148
-501628
-501195
-500272
-499536
-497484
-495816
-488861
-486252
-486116
-480024
-478420
-478250
-477221
-472208
-466498
-459802
-459445
-459091
-450548
-448962
-448114
-447180
-442405
-439728
-430535
-426321
-424667
-422247
-416742
-414781
-411725
-404848
-397631
-391242
-386070
-385543
-382557
-381399
-380885
-367263
-366828
-361838
-351623
-343563
-335965
-335805
-331479
-330947
-329018
-328985
-322759
-321241
-321070
-319719
-310292
-306323
-301302
-298933
-286110
-283158
-279767
-268663
-268600
-257075
-242296
-239232
-235273
-235076
-229422
-224596
-215511
-208452
-202711
-202674
-202573
-199528
-198851
-197122
-196867
-190935
-179579
-176041
-175117
-170923
-169437
-168152
-154795
-154275
-150196
-148650
-146259
-145957
-130072
-121023
-115901
-115204
-112733
-107515
-94687
-90337
-87194
-86544
-83605
-82437
-77933
-72846
-68400
-67208
-65325
-55414
-55219
-52892
-52611
-42843
-41955
-40512
-39235
-38878
-35109
-34121
-29965
-21583
-15128
-12911
-11674
-11255
-7077
-1678
-567
-162
1812
5180
7505
7616
7851
8891
12512
16755
17870
18154
23322
26863
31530
33317
34438
36200
36446
49930
53250
53673
58626
59390
59474
59637
62759
64155
66783
69821
71734
73615
77965
80157
83795
85289
86674
87974
88393
88613
89664
90509
93941
95984
97155
99764
104873
113951
114427
114627
133431
144880
152211
157148
158418
160623
161339
164195
166812
172612
176129
178884
179301
180561
182669
183341
190183
190240
194507
195546
220659
221993
222716
226361
238906
241143
242731
247606
248188
252297
254592
256288
256313
264322
264573
267896
268972
272214
273907
277564
284603
289747
296297
296302
299323
307637
308252
311328
313633
315445
317341
317543
327502
334052
335572
339961
349059
361866
381851
384934
386533
386987
400626
401731
417277
420819
433258
434280
434465
435201
435360
436930
438707
441881
445234
448945
451226
453262
453833
475375
478196
480092
482236
483518
490340
495557
506372
513718
514793
520291
525201
528636
531686
541242
542200
546020
549008
551725
552293
552700
559244
562049
570973
572129
573049
579004
581643
583160
583369
583663
587891
604578
607514
617647
622819
624468
628042
631175
635641
639661
642940
644877
654603
672382
674336
691735
691892
697242
702470
708860
710084
717755
726986
733604
749207
753983
758612
758748
765277
769475
769817
777073
786123
788606
788758
812251
821748
824988
829570
829811
829872
830330
830394
831241
838483
838585
845115
846310
847810
852539
855112
858401
859811
872028
874260
874597
877429
877470
878921
887566
896371
903161
908110
913690
914573
918822
927209
944181
946820
949192
951417
952153
952506
959828
977216
981308
984453
985791
999605
1003018
1003099
1010228
1011385
1019954
1021816
1024614
1036171
1043462
1050937
1052516
1054930
1057801
1063087
1074536
1077075
1081866
1088183
1090911
1092538
1094805
1097012
1100359
1110559
1112743
1112995
1114147
1114907
1117059
1126597
1130251
1130364
1135127
1136790
1141304
1145907
1149288
1152660
1156017
1159659
1159989
1160098
1164217
1164795
1168904
1168999
1174609
1176464
1177455
1187159
1187766
1191184
1191276
1192378
1202382
1205297
1212758
1215439
1216222
1219120
1220020
1220407
1225779
1232682
1234490
1239475
1240832
1245521
1247646
1249463
1253455
1254651
1258018
1265185
1265214
1267092
1272467
1273464
1274382
1276552
1276873
1282500
1283058
1287071
1290376
1295424
1297353
1297429
1308613
1309024
1309776
1311253
1311795
1315169
1315388
1327907
1329011
1330328
1333227
1333941
1334597
1336615
1338123
1339040
1344496
1344839
1346769
1351587
1351983
1352478
1352596
1359443
1367291
1370724
1376895
1377639
1383763
1384364
1385864
1385959
1386435
1387123
1387831
1391240
1392624
1399189
1413757
1423166
1424254
1425221
1434756
1434899
1442156
1446566
1446964
1448962
1451473
1461445
1473485
1476305
1479357
1479391
1485037
1485596
1486919
1487344
1488336
1488614
1489085
1495787
1498109
1499906
1505733
1505969
1514758
1516389
1516968
1517151
1528068
1530343
1536155
1537271
1540922
1544727
1545317
1548767
1558674
1564064
1564680
1573899
1574134
1582517
1585449
1587032
1587874
1592053
1594435
1600025
1602103
1604526
1605110
1609804
1611827
1630931
1632822
1637358
1656001
1656582
1656602
1668793
1669293
1674618
1675190
1676906
1679818
1681342
1684303
1684532
1685693
1685908
1690788
1694355
1697046
1699658
1699825
1706873
1709095
1710562
1713389
1722124
1722651
1722706
1723865
1735117
1735680
1738342
1743789
1751808
1752131
1756479
1756938
1757989
1759315
1760596
1762546
1763237
1778428
1781938
1783884
1792846
1798651
1810899
1821548
1825676
1830162
1832839
1834483
1836443
1836475
1838213
1847036
1861421
1863100
1865670
1865764
1886546
1891471
1891493
1891874
1892867
1893193
1894224
1894916
1896995
1897338
1900487
1900579
1903676
1910854
1911001
1917356
1927696
1936481
1940415
1954286
1956566
1963154
1968624
1969919
1973310
1979578
1989582
1999350
