-1991629
-1987061
-1981491
-1976300
-1971575
-1966603
-1963825
-1959503
-1959073
-1953649
-1952077
-1951751
-1951494
-1938048
-1936246
-1934586
-1934421
-1932739
-1927811
-1925262
-1924439
-1919059
-1918890
-1917231
-1916599
-1911247
-1910477
-1905073
-1900999
-1898578
-1895022
-1891029
-1888065
-1885908
-1885417
-1875787
-1866492
-1865075
-1858944
-1857362
-1855369
-1848737
-1846438
-1838017
-1837107
-1836331
-1833377
-1826878
-1824021
-1815794
-1815217
-1810941
-1808031
-1800443
-1791075
-1785774
-1781866
-1774792
-1770391
-1761583
-1753769
-1752185
-1751692
-1749073
-1743224
-1738317
-1736899
-1733241
-1733182
-1727448
-1715888
-1706508
-1704205
-1695324
-1695291
-1694398
-1689677
-1686454
-1685724
-1678641
-1677257
-1676286
-1668020
-1666897
-1666230
-1658178
-1658065
-1654618
-1652830
-1650000
-1647422
-1645781
-1645747
-1642607
-1639705
-1637865
-1633067
-1631625
-1630238
-1628316
-1622938
-1622814
-1604631
-1601194
-1592181
-1589110
-1588335
-1586177
-1583980
-1565983
-1565603
-1560962
-1555826
-1554938
-1551019
-1548327
-1542933
-1540288
-1532855
-1530719
-1513580
-1510719
-1508871
-1501492
-1500016
-1498345
-1494010
-1493298
-1480312
-1479091
-1468707
-1467360
-1466587
-1461627
-1455367
-1454740
-1453804
-1449608
-1438412
-1438408
-1436851
-1434064
-1432023
-1427805
-1426139
-1424536
-1423737
-1419621
-1418496
-1405965
-1402542
-1397824
-1397569
-1396837
-1395545
-1394962
-1389864
-1386292
-1385146
-1384892
-1384601
-1383552
-1382288
-1372505
-1370779
-1368090
-1366619
-1364218
-1361639
-1358459
-1356124
-1354671
-1352933
-1349221
-1341082
-1340367
-1337716
-1326715
-1326331
-1325445
-1325070
-1324985
-1316014
-1309710
-1302640
-1298269
-1292853
-1290443
-1288262
-1285781
-1282083
-1280074
-1275615
-1274949
-1271959
-1270074
-1268488
-1267806
-1264328
-1264047
-1256429
-1255535
-1253935
-1251697
-1251392
-1249902
-1241411
-1237337
-1227006
-1211089
-1208525
-1200532
-1193065
-1189699
-1187699
-1182443
-1181148
-1174596
-1170012
-1167136
-1160721
-1152980
-1132623
-1131413
-1130252
-1127205
-1126361
-1126318
-1123505
-1116736
-1116592
-1115914
-1112999
-1110199
-1107640
-1097873
-1093565
-1091853
-1090809
-1074904
-1074457
-1073365
-1072698
-1070335
-1070193
-1062151
-1053665
-1051906
-1051680
-1038600
-1037120
-1035736
-1034923
-1030665
-1026342
-1023534
-1015120
-1014411
-1013670
-1010613
-1005712
-1004097
-1002572
-1002024
-995521
-991494
-979157
-975976
-971998
-970032
-967777
-964702
-964394
-960053
-952974
-950989
-947067
-945142
-943081
-942461
-940002
-938666
-938115
-930363
-923313
-919609
-914889
-911598
-904776
-897406
-893219
-878516
-874700
-874221
-873489
-872209
-865235
-863962
-863216
-861054
-859945
-859633
-850647
-846750
-846265
-846069
-841201
-836651
-830210
-823985
-795512
-790553
-786092
-767346
-766817
-764247
-761830
-754338
-749266
-744328
-736949
-733254
-732116
-724981
-724476
-723384
-722842
-718997
-712492
-708588
-706233
-701976
-701916
-701909
-696443
-694379
-693099
-692751
-690510
-690085
-689135
-689071
-687915
-682732
-676280
-668828
-666307
-664447
-649862
-647361
-647107
-642793
-633324
-627277
-623987
-617242
-608356
-604679
-601627
-599731
-581542
-577980
-577024
-576293
-576227
-567324
-565406
-560912
-552193
-551707
-549121
-547068
-545670
-531438
-531150
-528910
-525074
-518232
-510420
-505276
-494974
-489001
-481347
-480802
-477646
-477010
-472528
-466732
-464450
-454054
-450305
-444800
-436569
-433541
-433272
-431355
-429820
-428774
-425242
-425105
-423833
-422517
-416357
-413497
-404880
-403024
-401093
-400311
-391694
-390461
-389987
-386482
-380804
-380467
-376981
-376189
-371222
-370528
-361836
-346709
-338307
-337090
-333637
-332955
-331706
-329488
-329282
-326322
-312215
-309551
-305750
-300162
-296914
-293236
-291084
-290356
-287240
-283471
-281329
-278256
-267893
-267331
-265836
-265395
-264408
-262441
-260160
-259284
-249031
-247277
-241114
-236226
-232398
-230541
-211687
-211451
-202288
-198998
-191927
-190088
-185508
-184013
-181822
-181134
-180330
-179452
-178002
-173989
-172479
-171115
-170108
-167271
-159737
-157056
-151469
-145895
-144017
-142411
-137330
-132279
-127156
-123563
-121320
-120701
-113829
-112732
-110966
-110012
-106710
-104475
-96012
-95419
-92416
-88491
-87680
-77381
-76177
-74290
-70202
-68822
-65012
-58336
-53625
-49518
-46271
-41353
-39347
-27901
-27892
-24491
-23529
-10419
-8556
-8511
-8477
-8132
-7230
-2666
-2503
-75
4423
8383
16104
16458
21704
28713
29747
35097
39370
40988
43401
56375
56817
58773
63404
64391
64927
69671
72138
73192
80287
92550
95616
96956
98606
101292
103461
112301
126277
126718
133643
134491
135082
137583
138378
145128
147255
147735
155837
163498
163693
167398
168940
172743
180579
185651
205887
209333
220169
221465
222170
222471
224827
225283
225397
228571
229790
233521
238237
242647
243863
246337
255875
255929
256384
267383
271110
275374
275790
275808
278620
279988
280427
282067
285347
293843
299520
302294
308487
310601
317263
322238
322243
325662
327173
334743
345827
358982
364732
374522
379922
385638
387702
397007
407095
407606
411490
423181
423269
424934
426450
428860
429928
432474
432748
436339
436740
440126
441423
446968
447744
449488
454300
456359
460667
461322
465323
466660
467297
478957
484005
485955
492058
495242
499868
504801
509922
515096
525028
533632
535434
538594
540676
542457
544176
546008
549839
550232
550943
552139
553799
558777
564208
566597
567250
570439
570748
573752
575184
575267
575270
579147
579652
585978
590587
590861
591876
601091
602225
602606
603583
606230
608809
612733
617635
628047
629557
636677
638782
643007
646166
647404
655427
660349
660660
662544
663572
663578
663954
667565
681226
683943
689286
699053
699133
700972
701320
702261
703169
703286
711611
711806
716556
721809
722515
728491
743233
743798
760415
760916
770801
780071
781295
787441
805796
806189
809999
810933
814758
816811
829479
836304
842090
852747
853496
865901
881066
888200
888237
892933
900612
910342
911836
914861
917347
921195
921200
925678
928285
929696
933807
936181
937328
937552
940546
947511
952807
959518
962987
964095
986526
991655
1001743
1003235
1011545
1011790
1018283
1020352
1026597
1028069
1028688
1039038
1045174
1045922
1047110
1047603
1064350
1065345
1074345
1075213
1083074
1083482
1086306
1093662
1101156
1106258
1111838
1113266
1114023
1118595
1121843
1123021
1123024
1126332
1131846
1132260
1133218
1134089
1140816
1141614
1143495
1144115
1144850
1156543
1158760
1160953
1171354
1178631
1190990
1195100
1198136
1208264
1210744
1212869
1225234
1230156
1230602
1231158
1235187
1247633
1249950
1252156
1252349
1254175
1255734
1257650
1260678
1260696
1265954
1270404
1271194
1281042
1281477
1282737
1285743
1288225
1288670
1294862
1297985
1300523
1301273
1302454
1304385
1306394
1318617
1321011
1323213
1326594
1331943
1332241
1337302
1341734
1346572
1348218
1348846
1352924
1355121
1369106
1369344
1385145
1393761
1395531
1398881
1403685
1404121
1406102
1407833
1412100
1417920
1420552
1424777
1426618
1435363
1436451
1442867
1453603
1455246
1459935
1467935
1469422
1472259
1478665
1480328
1494410
1498959
1507808
1508355
1518944
1521968
1524494
1526351
1527975
1528283
1531310
1535788
1545509
1550712
1556253
1562354
1567340
1570009
1572423
1572734
1573024
1585769
1593732
1594211
1598086
1611096
1611215
1611737
1611979
1623331
1628575
1632788
1639140
1641734
1644834
1645720
1647291
1650736
1653082
1656865
1657478
1659061
1659416
1662673
1663232
1680258
1682239
1686579
1697801
1700851
1701145
1703454
1703912
1708085
1710970
1719136
1720281
1723175
1728221
1742847
1753158
1759136
1767344
1771310
1772870
1782935
1795128
1810095
1813031
1819814
1820543
1822038
1823862
1826902
1842512
1848654
1849622
1851624
1859816
1860817
1861578
1862433
1870395
1872385
1873669
1881098
1891699
1895654
1899657
1903334
1915114
1919611
1923864
1926628
1935253
1936248
1936736
1937274
1939998
1940786
1941612
1942196
1944018
1950443
1955660
1956495
1963651
1966248
1969662
1973172
1984892
1984930
1986187
1986258
1987269
1990699
1991890
