-1997459
-1988923
-1983486
-1976484
-1974081
-1970609
-1965684
-1960902
-1958461
-1957303
-1956152
-1953496
-1948316
-1940590
-1938297
-1937517
-1921566
-1918625
-1916018
-1914512
-1910412
-1897864
-1891829
-1886531
-1882960
-1881551
-1872347
-1867098
-1865816
-1864727
-1853640
-1851175
-1843505
-1843282
-1839368
-1833555
-1833477
-1833230
-1832543
-1825838
-1821887
-1821593
-1819171
-1818989
-1814406
-1813776
-1807806
-1806929
-1805227
-1804779
-1802284
-1799911
-1799562
-1795667
-1794634
-1794139
-1794043
-1791354
-1776659
-1770427
-1766193
-1754733
-1753595
-1749229
-1746280
-1744160
-1744049
-1741547
-1735405
-1730439
-1727239
-1727003
-1725881
-1723731
-1721310
-1717909
-1715001
-1712901
-1710811
-1708491
-1705751
-1703702
-1703437
-1701187
-1699014
-1697212
-1695540
-1695481
-1692150
-1690479
-1685768
-1684202
-1678366
-1675201
-1672504
-1662376
-1661578
-1659176
-1658514
-1657325
-1656415
-1654599
-1653858
-1653816
-1648165
-1647555
-1644122
-1639554
-1632322
-1631590
-1603911
-1598231
-1597470
-1596855
-1596629
-1592749
-1591863
-1590139
-1584838
-1584116
-1581905
-1578664
-1576471
-1573837
-1573514
-1570834
-1570469
-1561618
-1559268
-1556459
-1549466
-1548125
-1546118
-1538759
-1534591
-1533556
-1531141
-1525302
-1522638
-1521121
-1519174
-1515793
-1514850
-1514357
-1511041
-1510335
-1509597
-1506240
-1504503
-1500415
-1498052
-1497142
-1496311
-1496273
-1492226
-1490863
-1489056
-1488690
-1487513
-1486736
-1486026
-1484345
-1474829
-1472801
-1464328
-1450465
-1448702
-1439186
-1434039
-1425218
-1422278
-1418792
-1410084
-1408729
-1404652
-1403139
-1403051
-1402070
-1400590
-1399518
-1368223
-1366642
-1361892
-1351905
-1350479
-1347556
-1337539
-1337177
-1332581
-1323076
-1320416
-1318520
-1316433
-1316410
-1302809
-1300573
-1299861
-1280815
-1279816
-1276882
-1273009
-1271024
-1265760
-1261936
-1261308
-1260403
-1259966
-1259679
-1256394
-1243113
-1241543
-1235785
-1234647
-1231622
-1224752
-1223051
-1222942
-1222524
-1206460
-1198452
-1198165
-1187032
-1180142
-1171734
-1168242
-1167786
-1160850
-1145284
-1144217
-1142168
-1140905
-1137443
-1124418
-1124056
-1123814
-1120476
-1115746
-1108680
-1102490
-1093158
-1086271
-1085665
-1081717
-1078388
-1078310
-1075690
-1075388
-1067058
-1062400
-1062070
-1059411
-1059008
-1048528
-1043524
-1037874
-1035545
-1034784
-1032966
-1030181
-1028985
-1024450
-1020383
-1014780
-1014568
-1010890
-999017
-998637
-993539
-989412
-982288
-979988
-978237
-978139
-976339
-968564
-963480
-962478
-959962
-959508
-951414
-948234
-947576
-943117
-939139
-937657
-937182
-931995
-931559
-929419
-923641
-922177
-918483
-918080
-916454
-915728
-914345
-912656
-912617
-909193
-903507
-898577
-894295
-885819
-881029
-877679
-877600
-875968
-875620
-874837
-867556
-866798
-864781
-861394
-854664
-841295
-840732
-839251
-836987
-832438
-831787
-826086
-825871
-824443
-818453
-814150
-812007
-810424
-806203
-803302
-789380
-787876
-782187
-781077
-779450
-778042
-777193
-775169
-766464
-765329
-764054
-756770
-744418
-743109
-736192
-735604
-734265
-727545
-725938
-723027
-717191
-716235
-708152
-698820
-697560
-694509
-678149
-677781
-673265
-671743
-669260
-668971
-662045
-661399
-660163
-659537
-657651
-654370
-652529
-650807
-639872
-628435
-626608
-625697
-625468
-623009
-616027
-605368
-604825
-603821
-590521
-586069
-579010
-578644
-573551
-561665
-553437
-551939
-551706
-547747
-540549
-534504
-534108
-533244
-533228
-529286
-527663
-520728
-519898
-514093
-513514
-511590
-508573
-496862
-482569
-481709
-473710
-473076
-465871
-465480
-463904
-458137
-453368
-448126
-443150
-440713
-434561
-430213
-415211
-414642
-410628
-407481
-404375
-399671
-393180
-392436
-387911
-386785
-381625
-379846
-368127
-366161
-360461
-359609
-345241
-333000
-324237
-317065
-316893
-311042
-309727
-308894
-308325
-308088
-306919
-306883
-302629
-292862
-287251
-283010
-282604
-281968
-277809
-276428
-272677
-256658
-240442
-235481
-234821
-230285
-226600
-222481
-222392
-217249
-215809
-212506
-211616
-207551
-207264
-203008
-199618
-195550
-195385
-193473
-191044
-187904
-182591
-180288
-179805
-176177
-175562
-174434
-173709
-162843
-159484
-142517
-138495
-134490
-130935
-127233
-120895
-118708
-115502
-103555
-99092
-97690
-96677
-92568
-91432
-89431
-88081
-85539
-83062
-75317
-72533
-70145
-64404
-61738
-59021
-54151
-50882
-50555
-49988
-48251
-44460
-44219
-36704
-35942
-28436
-27737
-19638
-19169
-16494
-6055
-2028
34
9004
9107
17205
22751
31786
37955
39001
45488
59189
60521
69338
72402
74956
77717
80018
80435
83274
92850
94770
96457
97577
101352
110965
112265
113551
138185
141747
142467
144367
150682
159762
163247
167516
172840
177329
181998
199724
207031
210651
212102
213341
213762
221836
228170
233254
233987
235531
248399
252215
253634
254458
256281
260928
262626
264769
267997
272688
273496
274183
276019
279595
279639
280051
282862
288483
293976
295161
297881
299574
304648
306417
308913
312459
312857
314616
316293
320567
323247
326938
329728
330607
333439
334300
338377
340085
348320
365546
366139
372872
378959
381487
389353
394573
395312
400171
403499
408167
410572
413942
423850
428393
428999
429488
446751
450803
452025
454362
468617
469434
470836
471453
472685
474271
494087
494355
495514
499354
512340
512524
514297
517998
520566
521860
523147
529114
530304
534256
534852
548183
552066
554394
555768
560293
562843
565375
567668
568211
571546
574257
575045
577906
581276
591484
594236
594816
602433
616245
617720
618667
619702
623267
625280
629516
630296
634391
644169
654842
655496
655896
658652
661391
662905
666176
670519
675628
678701
681218
684253
685560
689034
707868
709911
711595
715113
715796
717742
720944
725257
728462
735039
736612
746451
753850
779828
780350
782643
783187
788295
791686
796544
797026
798235
799399
799712
805076
806431
808237
809246
811531
814336
818405
819734
819958
826302
827908
828914
829599
831435
831660
835403
839554
841360
844398
847472
851893
852900
860732
863584
864252
866957
868277
879154
879820
880332
880357
883005
884467
885448
893046
899634
904120
915089
916335
916369
919760
922415
926958
928791
944819
945835
947726
948088
955514
956280
958000
960302
960734
961153
961808
964056
965939
969279
974468
987189
989399
999332
1000203
1001558
1012942
1014373
1016360
1032694
1036906
1043400
1062047
1067833
1071510
1074176
1080991
1082916
1085023
1085375
1091411
1091916
1092267
1095432
1095707
1096188
1097478
1098131
1100203
1116321
1118041
1121276
1121650
1124377
1130871
1131855
1135024
1136300
1136822
1143674
1157334
1160974
1169572
1175764
1192733
1202043
1206085
1209619
1210598
1214390
1218595
1218943
1231673
1232653
1238345
1242639
1243649
1247780
1248244
1259484
1261999
1263025
1271449
1273427
1275713
1280470
1280564
1286780
1289422
1289480
1291354
1294372
1297578
1312137
1320693
1320974
1328449
1333213
1338150
1343246
1352140
1353375
1355659
1356837
1358599
1361158
1370813
1377350
1379070
1387455
1388339
1388932
1389694
1393015
1400994
1402263
1403537
1405572
1407318
1408344
1411447
1417461
1418982
1421327
1422004
1424275
1426598
1428006
1432317
1439771
1445624
1446669
1449182
1453862
1456810
1475756
1478822
1481545
1491023
1495621
1498529
1500990
1505114
1505682
1506541
1507991
1510214
1510229
1512452
1514111
1531047
1544804
1549183
1549237
1554537
1565978
1568891
1574185
1574452
1574563
1575138
1605523
1608487
1614334
1620209
1620301
1637650
1641425
1641466
1642264
1646301
1648430
1648600
1650028
1660982
1663186
1670601
1677390
1677696
1678016
1678597
1682867
1682885
1683445
1684218
1685299
1694390
1699257
1707203
1712255
1714152
1716978
1721844
1731520
1736504
1738466
1739389
1742182
1747340
1756418
1763217
1767045
1768813
1775054
1778653
1784139
1786636
1791159
1797266
1797512
1802579
1810924
1822708
1826432
1829424
1843700
1843913
1845857
1848943
1850966
1856507
1858708
1884829
1888697
1889814
1894090
1895835
1895871
1899187
1913610
1916072
1922759
1927148
1943276
1946293
1947240
1955267
1956539
1972045
1977077
1981607
1986966
1991955
