-1992256
-1992006
-1991829
-1984704
-1983040
-1977788
-1977295
-1972101
-1967983
-1966587
-1963075
-1962393
-1961801
-1949564
-1948657
-1946340
-1940165
-1939837
-1939314
-1939127
-1927891
-1920980
-1915324
-1910059
-1901112
-1900808
-1899268
-1899195
-1895677
-1894438
-1891106
-1882542
-1873822
-1871374
-1864585
-1863195
-1860620
-1851688
-1844735
-1840143
-1833031
-1831197
-1828749
-1828553
-1821191
-1820671
-1816840
-1809535
-1809396
-1807853
-1805555
-1800615
-1800356
-1799795
-1792030
-1787293
-1783877
-1780965
-1780860
-1779669
-1775390
-1773133
-1770547
-1768057
-1764822
-1763134
-1751807
-1749908
-1746076
-1745301
-1735167
-1734473
-1732363
-1728619
-1723751
-1720314
-1712190
-1711128
-1711038
-1704969
-1695760
-1693762
-1688415
-1685171
-1681276
-1676516
-1675344
-1672113
-1667640
-1666560
-1664192
-1662327
-1656906
-1656467
-1652538
-1651219
-1651067
-1649645
-1648193
-1646786
-1632951
-1630678
-1627863
-1623209
-1618132
-1616999
-1615546
-1612798
-1612451
-1604142
-1602448
-1598053
-1591627
-1591448
-1579687
-1577804
-1573620
-1570508
-1568343
-1567410
-1567206
-1563444
-1562372
-1554807
-1553876
-1551341
-1551254
-1547502
-1544184
-1543898
-1543657
-1542938
-1540512
-1539222
-1538525
-1537549
-1534686
-1529088
-1527426
-1525955
-1524216
-1510814
-1510685
-1508963
-1508956
-1502514
-1497998
-1494867
-1491599
-1491263
-1488446
-1469341
-1461229
-1458136
-1456992
-1453908
-1446316
-1442293
-1434394
-1434110
-1420825
-1418397
-1415111
-1414254
-1409757
-1403950
-1402003
-1398754
-1389030
-1379613
-1378529
-1373699
-1364772
-1361819
-1361288
-1352878
-1351258
-1346073
-1338028
-1336309
-1336305
-1330079
-1329896
-1329103
-1327444
-1325460
-1322923
-1320841
-1316753
-1316285
-1304279
-1302138
-1297321
-1289795
-1286483
-1282893
-1282771
-1276678
-1273671
-1270439
-1267250
-1261402
-1254702
-1250364
-1242994
-1236702
-1232522
-1228648
-1224606
-1217802
-1215069
-1208612
-1203586
-1194298
-1192778
-1190341
-1182536
-1175116
-1172188
-1163877
-1162847
-1160951
-1152450
-1151365
-1144507
-1136683
-1134704
-1132100
-1124525
-1113699
-1100214
-1098731
-1097927
-1094828
-1094217
-1080929
-1074543
-1073157
-1067761
-1065845
-1058698
-1057803
-1056664
-1054152
-1050731
-1035938
-1033909
-1022121
-1020979
-1008713
-1005518
-1005293
-1003678
-991630
-986074
-985136
-983263
-977934
-970027
-967667
-966098
-965125
-964419
-963697
-958241
-953379
-946644
-940666
-937984
-927315
-917220
-911732
-909369
-902277
-902205
-901356
-897113
-896506
-895274
-894199
-893860
-890082
-886881
-885487
-879523
-878361
-878221
-875072
-870806
-867116
-864506
-855666
-851030
-847186
-841463
-839450
-837171
-831818
-825449
-819697
-818615
-818440
-817484
-812729
-808013
-805523
-801624
-796626
-795896
-785813
-784733
-784273
-777416
-775529
-773166
-761105
-758581
-750673
-744615
-741620
-731336
-727879
-718886
-716918
-716460
-716369
-712675
-710230
-705872
-702527
-697069
-693621
-690289
-688227
-685889
-673978
-668974
-662701
-657784
-656561
-655393
-654514
-653618
-646538
-643792
-643570
-641136
-639707
-636187
-628610
-626438
-615736
-611862
-604678
-601926
-597433
-591092
-584868
-579109
-570703
-568490
-562983
-559485
-558818
-557021
-555530
-554337
-545806
-545641
-544385
-541531
-533726
-531319
-526904
-526140
-524536
-521634
-513087
-512633
-507883
-504177
-503311
-502622
-497409
-497069
-493970
-487114
-477630
-468293
-467367
-459446
-455954
-452008
-443654
-443395
-441279
-440148
-435170
-426114
-423457
-420636
-420263
-419233
-413347
-405714
-398422
-397540
-386710
-383567
-380204
-374708
-355751
-354175
-353728
-353568
-346278
-335019
-321736
-311887
-306793
-304058
-295500
-288576
-288179
-285368
-280480
-278417
-277783
-274505
-263527
-256947
-254851
-249178
-245929
-243077
-241274
-240344
-238083
-234651
-233057
-229152
-220956
-220213
-217164
-217023
-208460
-201312
-200208
-194524
-194113
-193197
-189337
-189052
-187674
-184543
-177219
-168693
-157689
-156490
-148329
-140852
-136815
-134161
-128844
-117217
-116853
-116628
-113925
-112782
-111938
-111737
-110658
-109094
-107815
-105779
-100879
-100580
-100498
-100019
-92335
-91484
-90288
-89802
-88784
-87144
-85130
-71919
-70962
-70041
-67756
-67565
-67388
-55335
-48638
-47607
-45984
-45727
-45222
-41516
-33571
-33050
-22815
-21018
-18462
-12573
-4959
-3808
7976
9209
10767
15423
16270
18633
23703
24959
25920
28940
30841
35396
35409
37830
41269
52292
60337
64105
67407
69040
77899
79715
83504
88103
97964
101134
105380
106295
107911
114494
114566
124972
128502
129071
134540
141636
144418
170830
171829
171874
180054
182598
186490
192304
193504
193875
195732
198726
202084
217095
233254
233930
234453
239315
240862
240887
243380
252045
257404
266321
273081
274007
274193
282515
286526
288739
290125
293223
294457
297381
300076
308020
317538
320648
330640
331982
336382
337305
338620
341202
343476
343805
346405
358733
360722
367229
369576
376650
379857
387484
394765
400715
400726
402674
405426
408923
413018
416326
420013
420019
420739
427786
429472
437907
438669
442405
442919
443144
457161
466262
467768
468058
470320
475918
482901
493622
494948
502143
513114
514861
515243
517547
519276
528670
531655
531921
535324
536354
541196
545448
546576
548967
552972
553035
555336
559069
575790
579574
580341
581626
589818
591662
592814
598247
602137
609193
611096
611143
616924
626089
631731
632856
636849
642436
642900
646675
646791
646816
647176
648201
654087
654096
656083
656388
657884
659123
662439
680367
681640
685155
685673
687224
698482
700925
706367
707954
708892
718775
721849
725501
729159
731445
731575
732200
736122
736723
736730
741504
742597
744285
746609
746719
748187
749227
749865
753965
756191
760717
762328
762868
763443
766210
770206
783079
785131
787908
789250
794843
801367
803457
814990
815376
818235
827341
831922
832653
834494
837912
838671
845636
847594
854761
859332
860187
864044
871380
871766
872646
876854
887290
896951
897475
897586
898735
910534
911492
913426
916136
917046
917699
919955
926447
928096
932915
935066
936895
949837
958213
960715
962458
967584
971875
975538
976315
982834
983629
997917
1002428
1005454
1025570
1027209
1028652
1033242
1035375
1050197
1054853
1055356
1055482
1061431
1066226
1069931
1078742
1083681
1087763
1090801
1091574
1091798
1096701
1102880
1105746
1120180
1121165
1129320
1131135
1141133
1142059
1143257
1143388
1146131
1146446
1146890
1148549
1150791
1150910
1153115
1155461
1167880
1170820
1185894
1188848
1190420
1192283
1196812
1205349
1205993
1209604
1214457
1219445
1227768
1229620
1241774
1244026
1248203
1252814
1263208
1264855
1266275
1279773
1284842
1288176
1288218
1292097
1292486
1294944
1299944
1308063
1309061
1311513
1312804
1316497
1320610
1328609
1330204
1330243
1331000
1344350
1346160
1347318
1350688
1362406
1364476
1366355
1373200
1374101
1378436
1384896
1385520
1386060
1386842
1390097
1391568
1391881
1399198
1412828
1419407
1422064
1425015
1434186
1434338
1436178
1446223
1448486
1451165
1451712
1453760
1462776
1465692
1466277
1469292
1469550
1482026
1485319
1486795
1496986
1497358
1497902
1509651
1510041
1512082
1523273
1526696
1529810
1530918
1540817
1541934
1543620
1546748
1554420
1558594
1560525
1563174
1566882
1569669
1571313
1571362
1573116
1587137
1587556
1587666
1595881
1600998
1606314
1610635
1612038
1617096
1617996
1620858
1621302
1623815
1630676
1639253
1644892
1648930
1653242
1670807
1683849
1695993
1696898
1697674
1702619
1704628
1704648
1713025
1714137
1716746
1720894
1723113
1723637
1727767
1734239
1741368
1745631
1746137
1755822
1756082
1765106
1767813
1768496
1779042
1780710
1781260
1785016
1785040
1786232
1797720
1801259
1809371
1821916
1827339
1840955
1842500
1843949
1860198
1860392
1861735
1869638
1876335
1877608
1878282
1883831
1890884
1896633
1900631
1902379
1904045
1906665
1912611
1918958
1922279
1926235
1930502
1931478
1934578
1938225
1938357
1945128
1946442
1952079
1954803
1956754
1957174
1962707
1963092
1965953
1969775
1980562
1983129
1986836
1987727
1988681
1991439
1996494
1997590
