-1998820
-1988268
-1979226
-1977400
-1977083
-1973408
-1972298
-1970979
-1960910
-1959609
-1955841
-1950745
-1949050
-1944463
-1942051
-1934575
-1934346
-1924395
-1922442
-1919980
-1919709
-1918356
-1912653
-1906130
-1901828
-1899096
-1895934
-1892423
-1881490
-1877873
-1876184
-1873090
-1859466
-1858470
-1847596
-1846037
-1845615
-1842633
-1840518
-1833697
-1831866
-1830766
-1829150
-1827876
-1817224
-1816403
-1815550
-1813664
-1811606
-1808046
-1795892
-1792983
-1792454
-1789956
-1787629
-1787456
-1786929
-1784582
-1780808
-1771059
-1765175
-1762417
-1760265
-1758569
-1757752
-1755630
-1755290
-1751883
-1749975
-1740167
-1733939
-1732728
-1730638
-1725029
-1718757
-1718557
-1718406
-1712220
-1705311
-1704339
-1702939
-1697014
-1695759
-1694257
-1689714
-1687184
-1676091
-1668902
-1665027
-1661467
-1657398
-1628443
-1621520
-1620105
-1615883
-1590148
-1587230
-1584371
-1581235
-1579216
-1578767
-1575262
-1573758
-1566790
-1559255
-1538610
-1537307
-1536704
-1525822
-1524107
-1518847
-1517681
-1517528
-1515458
-1514400
-1508946
-1504878
-1503154
-1501052
-1500690
-1499988
-1491510
-1483948
-1475090
-1474822
-1468635
-1464642
-1462049
-1461380
-1460153
-1458897
-1457754
-1451051
-1451039
-1449646
-1447398
-1436373
-1429110
-1425081
-1420044
-1414864
-1412852
-1410274
-1408041
-1403566
-1396867
-1394798
-1393763
-1391198
-1385410
-1371789
-1370973
-1362392
-1359171
-1355860
-1354431
-1345982
-1341960
-1338207
-1335552
-1333998
-1329818
-1323698
-1321464
-1307337
-1307099
-1306904
-1297317
-1287741
-1286567
-1282527
-1280129
-1275349
-1272612
-1268304
-1265780
-1265106
-1261293
-1259956
-1256499
-1256482
-1228984
-1227464
-1218715
-1215336
-1213298
-1206846
-1201655
-1200107
-1194289
-1192018
-1184467
-1181406
-1171701
-1171474
-1170733
-1170246
-1170130
-1167047
-1166769
-1161144
-1160718
-1157905
-1156108
-1152899
-1148997
-1147564
-1144052
-1143190
-1141570
-1141344
-1130554
-1127758
-1126024
-1123997
-1122813
-1122514
-1113492
-1112199
-1111011
-1110903
-1110653
-1100353
-1096462
-1095796
-1092498
-1088266
-1085421
-1083661
-1078263
-1074215
-1062703
-1061804
-1059435
-1059433
-1059105
-1054865
-1049679
-1043991
-1043177
-1038082
-1031735
-1027334
-1022997
-1021406
-1021142
-1015589
-1010934
-982384
-981278
-978560
-967655
-961396
-960813
-959857
-953299
-940283
-930813
-930140
-929906
-922265
-921304
-920783
-919486
-918828
-914404
-913510
-908514
-906356
-895645
-881741
-881043
-869062
-868079
-866723
-865813
-864117
-861712
-855892
-854676
-854484
-854455
-852003
-850278
-849840
-847941
-843593
-837775
-835709
-835506
-809904
-803018
-801898
-795766
-787031
-769406
-766932
-765247
-759210
-756977
-753024
-723809
-717695
-715428
-713890
-710350
-708493
-708423
-705126
-701925
-700324
-699252
-690058
-687182
-678747
-676882
-675122
-672910
-672623
-669684
-666798
-665825
-659075
-650090
-649668
-639730
-636535
-630244
-628349
-625672
-622733
-616477
-603165
-601458
-597381
-576140
-573398
-570157
-568086
-563063
-551011
-548924
-547147
-546833
-541176
-532663
-530129
-528325
-527631
-514649
-511928
-511839
-503609
-501657
-498085
-497745
-495778
-495171
-483987
-481416
-479835
-476270
-471629
-470640
-470012
-469821
-465341
-464118
-456685
-450978
-436559
-434597
-433824
-432834
-432330
-428188
-428154
-419292
-416311
-414762
-402849
-397226
-396676
-393901
-389535
-388915
-386354
-386042
-384927
-384797
-383222
-378250
-377225
-368609
-365845
-365186
-361323
-360468
-352775
-348703
-347178
-343714
-342701
-333016
-332447
-327933
-322813
-317546
-314327
-311740
-303354
-299679
-296651
-290390
-287613
-284367
-283461
-282209
-269213
-266711
-255342
-253113
-247161
-244510
-237364
-236927
-236241
-236145
-234596
-221362
-217158
-215795
-213321
-211921
-211066
-209744
-206417
-196053
-189677
-188197
-185384
-185037
-183074
-182117
-178857
-163849
-163513
-159704
-155941
-153106
-151535
-150681
-149338
-144863
-141044
-136647
-136583
-135752
-135451
-127808
-126633
-126228
-119363
-119194
-116813
-115337
-106380
-106065
-104218
-90433
-84609
-77807
-76761
-74751
-72327
-56474
-53261
-49601
-45845
-42269
-41875
-41640
-40926
-26303
-9818
-7708
-7625
-7540
-3053
4963
6535
11194
15906
24695
32153
35463
38219
44180
44252
44990
49606
55297
56689
56911
63216
67483
68683
70072
70146
71170
74970
83289
85712
99519
100282
106689
111093
114865
123406
126975
128438
128705
128889
131056
134426
136669
138103
139720
141115
141917
146319
147547
150471
169191
174562
175396
176221
177617
179032
179584
183434
186074
189860
192142
197872
198053
198447
203311
206227
213535
214448
216005
225822
228388
234001
244221
252768
252890
258744
261387
262255
264773
265917
271985
277567
285060
291980
293454
294599
299294
305213
308309
312212
321074
322270
322670
324816
324852
325664
328981
332098
338081
345622
349645
350195
351806
352275
356002
356537
357180
361307
361601
363841
369396
371771
374634
377966
396348
404722
435771
440521
450073
458589
461900
463792
471854
474201
477005
488189
490059
490759
490801
497473
499152
500652
502784
504194
509005
509446
510716
512389
513755
514125
521379
523766
524611
527363
535801
540850
541999
543862
544860
545537
547782
551479
552231
554242
557632
562824
562941
565735
576378
580840
581993
589542
590910
597879
601267
604227
604290
608794
616013
617471
618808
619101
620098
621209
629119
643202
647944
649901
655325
662014
662395
666718
674342
674391
684796
685084
692492
697707
702826
703291
707973
714075
715018
724026
725732
734736
742556
744314
748634
749920
751067
755019
757788
758624
759145
760369
760989
760993
761952
762574
764559
768203
768293
775887
780563
788601
791981
796114
797484
797540
800782
803827
808915
809607
810983
812727
813162
816913
820340
821348
823081
827866
845447
849707
851957
855585
857321
858743
859375
864564
872148
877200
878376
879442
883340
884596
887609
888459
890187
898935
901830
902041
906145
911060
912738
922149
928392
929605
939637
947924
951117
952974
961433
968196
968941
969416
969442
972389
976003
979260
980731
985693
1000279
1012105
1012784
1016370
1017972
1018683
1032805
1035091
1036330
1042800
1043946
1046822
1049622
1051713
1053209
1057533
1063634
1064597
1067658
1074757
1078735
1083226
1091367
1091761
1095327
1095883
1102942
1103458
1103707
1104107
1119109
1121746
1122544
1123431
1124513
1143359
1144826
1147971
1151436
1152721
1162830
1175704
1176281
1194306
1199318
1200936
1211996
1212259
1213449
1225174
1243047
1247010
1251490
1261120
1266519
1276246
1289892
1290589
1292827
1303681
1308013
1309352
1312744
1313537
1317261
1318659
1319867
1320976
1329456
1334049
1335287
1345117
1349658
1350506
1351115
1359259
1362284
1362742
1367847
1367965
1369419
1372695
1373564
1374900
1376376
1378987
1383029
1384684
1393689
1403541
1403559
1403977
1412854
1426795
1427043
1427415
1429417
1430703
1435091
1446865
1450521
1451147
1458337
1458477
1458987
1465990
1469578
1470627
1472760
1477133
1482219
1485406
1487302
1493547
1500570
1502874
1504318
1507537
1508137
1508242
1517066
1517540
1517739
1518408
1526197
1527093
1528421
1536444
1540424
1547984
1548602
1548956
1550808
1552189
1572971
1583654
1584075
1586645
1588183
1600137
1602672
1609930
1611658
1612726
1614654
1614986
1620306
1620659
1624987
1628938
1629078
1632542
1634727
1637431
1638752
1639421
1640204
1646491
1650704
1655028
1657061
1667446
1678058
1683368
1684049
1686207
1687868
1689824
1699165
1702198
1703074
1711101
1719360
1722843
1727254
1736053
1736182
1752108
1753750
1759749
1760575
1761539
1761572
1761965
1766713
1773618
1774225
1779335
1782972
1784776
1793964
1797006
1797927
1801551
1804484
1804653
1804676
1811621
1816244
1817113
1819228
1823230
1827592
1827689
1829127
1833551
1835693
1835974
1840923
1849332
1850832
1851911
1854282
1856785
1857309
1858184
1860542
1865020
1865314
1868108
1868809
1888817
1890656
1892100
1892967
1900769
1911005
1928768
1934946
1940468
1943857
1943919
1947471
1951438
1954705
1958607
1962706
1966489
1975506
1981190
1982991
1989834
1995290
1995968
1999370
