-1998266
-1986233
-1984079
-1979571
-1968688
-1966797
-1957556
-1956864
-1948316
-1944221
-1930590
-1930583
-1926268
-1922034
-1919696
-1918691
-1910177
-1905059
-1898591
-1895403
-1894420
-1888968
-1872923
-1866483
-1852208
-1846850
-1844523
-1844378
-1842375
-1841652
-1826133
-1825441
-1824814
-1823157
-1820950
-1820501
-1813277
-1793340
-1788232
-1787111
-1784085
-1784074
-1781065
-1776364
-1772554
-1768766
-1767567
-1766910
-1765389
-1762211
-1756440
-1755216
-1750545
-1746588
-1741582
-1741054
-1740089
-1739471
-1738637
-1737849
-1733310
-1732973
-1727630
-1714800
-1711346
-1709576
-1702354
-1700182
-1689725
-1686489
-1685804
-1682259
-1682051
-1680800
-1675591
-1668153
-1665564
-1660012
-1659057
-1658268
-1648096
-1647583
-1645091
-1638604
-1638540
-1637152
-1632736
-1620350
-1615586
-1613671
-1598485
-1596224
-1575477
-1563681
-1562872
-1557739
-1551554
-1550166
-1532885
-1532610
-1528577
-1525903
-1517193
-1512296
-1508696
-1507391
-1504656
-1499623
-1491269
-1486679
-1482458
-1480840
-1475784
-1474279
-1471111
-1466430
-1462284
-1461610
-1459818
-1457089
-1456766
-1450658
-1438557
-1435384
-1428863
-1427242
-1423579
-1410394
-1402514
-1395406
-1395221
-1394720
-1394004
-1393651
-1391626
-1390938
-1389873
-1387304
-1386516
-1385709
-1384353
-1380669
-1373683
-1372669
-1368050
-1361682
-1360150
-1352986
-1336243
-1326267
-1324661
-1322750
-1322745
-1319590
-1315215
-1314128
-1312929
-1305136
-1301284
-1300327
-1294746
-1294134
-1288741
-1284783
-1279719
-1273564
-1271951
-1271897
-1264545
-1263832
-1262529
-1253949
-1253093
-1246365
-1229474
-1228540
-1227955
-1227287
-1226885
-1223999
-1215679
-1215606
-1208934
-1207195
-1192444
-1191379
-1187356
-1186533
-1186499
-1183294
-1179593
-1174875
-1164014
-1160017
-1156690
-1147751
-1133206
-1131477
-1128717
-1125923
-1125750
-1124914
-1121819
-1120513
-1120063
-1119711
-1118819
-1117083
-1114090
-1112529
-1098040
-1097067
-1096817
-1094495
-1090863
-1087485
-1080128
-1079500
-1078750
-1075648
-1072003
-1071652
-1068161
-1060791
-1059221
-1059018
-1056207
-1048723
-1042477
-1041722
-1038782
-1038541
-1038453
-1038331
-1037667
-1027821
-1023049
-1021559
-1020850
-1013658
-1010396
-1003489
-997558
-995127
-994133
-993796
-987394
-978763
-978386
-977679
-974171
-970813
-966111
-965558
-961485
-960029
-958364
-953474
-949834
-941732
-936041
-933935
-926842
-926549
-925407
-918445
-916534
-912179
-905763
-898230
-892395
-891955
-891850
-891808
-891800
-881595
-872527
-871177
-864706
-858837
-858098
-853958
-852402
-845445
-843290
-841830
-836134
-832508
-825863
-817052
-812347
-811249
-801112
-798796
-796127
-794388
-784255
-782184
-777545
-777129
-771444
-764931
-753539
-753105
-751830
-749581
-745942
-745590
-745074
-740593
-739680
-739040
-735303
-726788
-724084
-723429
-718738
-718664
-718470
-715051
-710400
-710129
-705166
-696436
-689866
-672204
-670321
-665594
-661985
-661250
-658375
-650062
-646921
-646080
-643249
-642169
-641718
-633688
-632637
-626225
-625113
-622443
-615999
-612016
-609100
-609046
-601906
-595857
-591371
-590184
-588893
-572352
-571498
-571391
-569149
-566333
-565598
-565551
-565228
-564987
-556342
-554725
-546311
-543011
-542988
-541380
-537892
-535304
-533912
-532210
-531924
-530011
-523492
-517867
-510393
-506418
-506091
-503723
-499055
-497407
-496006
-486253
-484734
-482517
-473999
-459420
-457188
-450733
-447066
-447022
-445827
-444744
-444279
-436906
-433803
-433428
-431023
-428212
-427809
-426234
-419869
-416354
-411898
-411408
-411002
-404551
-403945
-400547
-399382
-397141
-396870
-393543
-376515
-375970
-368542
-361358
-359093
-356081
-350548
-343149
-339478
-338506
-336641
-334555
-333200
-328449
-324747
-320117
-320064
-315310
-313484
-310223
-302027
-301222
-297867
-275562
-274209
-273563
-272862
-266891
-260384
-254077
-252645
-245086
-234241
-233148
-229179
-227992
-213803
-212964
-211575
-208945
-206866
-197948
-197945
-197221
-195947
-195761
-195461
-189204
-187019
-177828
-175035
-174792
-174682
-174274
-168845
-168653
-166671
-165841
-158050
-157173
-154376
-150783
-150122
-146004
-138725
-133701
-129342
-128667
-118448
-117692
-117417
-109590
-107408
-105532
-104743
-103713
-100198
-99808
-98524
-97069
-90952
-89968
-88623
-82582
-79514
-78218
-73758
-72547
-70380
-53495
-35624
-33395
-32935
-30077
-28433
-18212
-17311
-14670
-4184
8415
9367
10932
13631
14810
15444
17432
20119
32467
44120
46082
53876
54545
57677
70985
89634
96318
102951
106231
111737
119490
120502
122451
127369
129787
130188
143426
148531
150308
154066
154997
156673
168869
169041
170339
173184
180100
180800
181228
186571
188335
194321
195625
202578
205462
205763
210306
212311
217924
218269
219149
220930
223499
225577
228453
236471
237287
240018
244971
258762
259002
260033
262761
266168
269967
285349
285899
288158
289287
291433
297090
297894
302106
305654
309976
311456
317589
317875
318181
320471
322454
324020
343152
347538
350219
350364
352803
358646
364006
379348
398845
401838
402491
405088
408958
410388
412304
413605
414805
418112
418867
419419
425668
431064
434248
434664
438713
450014
453044
460795
461426
464432
469626
475212
477679
479331
484753
487221
488475
492095
498589
511718
512467
516401
517664
535702
536251
538012
538329
540721
541142
543159
544283
545917
550709
552718
558509
559858
574597
584707
585127
610226
613148
616208
616212
617804
619607
639918
641521
643345
643586
643741
646963
648713
650019
653664
653905
659705
659940
667267
669993
672086
674979
675435
676725
678660
683435
694661
697279
697842
701247
707813
708640
715221
715566
715709
716420
721083
726306
731030
735374
735833
736587
738655
739085
741351
743859
747195
751246
751650
752280
758491
772998
774026
781852
788695
791890
805187
805910
815495
826459
834571
838232
849591
850171
850419
855145
855171
855206
855586
859582
859902
864036
866167
866551
885129
891287
902406
903288
903499
916114
916320
920490
923808
930094
930325
930870
933904
934703
939377
943524
949276
950326
951481
956880
960700
969969
970412
972220
976393
977998
990393
995014
996861
998384
999330
999879
1000954
1002301
1004084
1010048
1013275
1018039
1030848
1030991
1034965
1039859
1040055
1042712
1043649
1046039
1048438
1050949
1052104
1054323
1056114
1058472
1067669
1080756
1081087
1081773
1081795
1082369
1083284
1086129
1090397
1091216
1092368
1097444
1102069
1104423
1106241
1107034
1120837
1123982
1124004
1126110
1129135
1129638
1129833
1133398
1140415
1147078
1147576
1160196
1170471
1172286
1185205
1186702
1187258
1188489
1192127
1196663
1201328
1208660
1210386
1213203
1228263
1229212
1230666
1233945
1236227
1247656
1255478
1255933
1256138
1265470
1267575
1269672
1270844
1270880
1274098
1277370
1279829
1280030
1281638
1285456
1290090
1293902
1313602
1317900
1319058
1329740
1331463
1337381
1337469
1343560
1346231
1347014
1350106
1357069
1365188
1366247
1373065
1373969
1378395
1380589
1381019
1392430
1392944
1406354
1406938
1415481
1417259
1420467
1424123
1424725
1429667
1430952
1432005
1436103
1438830
1441915
1451354
1451881
1461940
1462876
1472152
1474844
1476639
1481354
1481683
1483949
1485394
1485423
1489939
1505243
1512278
1513964
1518485
1519726
1521898
1540299
1543183
1553474
1563290
1570167
1576901
1579952
1580339
1580720
1581795
1589682
1592080
1593263
1594263
1594766
1599911
1601770
1611452
1611630
1612324
1621371
1624139
1624429
1625673
1637126
1638601
1643612
1644507
1645003
1646097
1648956
1656891
1659744
1660031
1660745
1660912
1678140
1680066
1693903
1699744
1701866
1707270
1709364
1709407
1709571
1712727
1713730
1722630
1723106
1724217
1732427
1733781
1736006
1736768
1737820
1742094
1748362
1750539
1753244
1753513
1767453
1767821
1768800
1771561
1776009
1792365
1794184
1795386
1796112
1803833
1808116
1814312
1816618
1823737
1830900
1831273
1844352
1846341
1856741
1860197
1860331
1860466
1871164
1884455
1894643
1901696
1907201
1910966
1910967
1913789
1916695
1919675
1921989
1923156
1932749
1935288
1937432
1950203
1954632
1962431
1963466
1964834
1965956
1968371
1979304
1983232
1985217
