-1997965
-1997464
-1989364
-1987698
-1987342
-1986035
-1983926
-1980787
-1979217
-1976164
-1968134
-1962439
-1953677
-1952794
-1950985
-1948130
-1945706
-1944155
-1943284
-1938472
-1932329
-1926352
-1912403
-1909749
-1909681
-1897107
-1895504
-1879406
-1877876
-1875708
-1870530
-1870409
-1870077
-1858304
-1857437
-1853625
-1852872
-1842816
-1839548
-1836633
-1834766
-1832482
-1820372
-1819049
-1818511
-1809491
-1808647
-1797036
-1794042
-1793701
-1789566
-1787349
-1786049
-1780258
-1775588
-1774244
-1772503
-1768090
-1765898
-1765832
-1765523
-1764072
-1750128
-1747548
-1745645
-1743244
-1742734
-1740678
-1731213
-1727417
-1718929
-1710631
-1706917
-1705399
-1703530
-1693150
-1691930
-1688905
-1687884
-1686666
-1681375
-1677645
-1669031
-1668065
-1667210
-1665952
-1665000
-1650192
-1650112
-1648547
-1640269
-1639188
-1638698
-1636236
-1635599
-1620423
-1618634
-1612549
-1608228
-1607963
-1596330
-1595581
-1594662
-1590760
-1587981
-1583501
-1569334
-1561277
-1561025
-1559990
-1559489
-1557436
-1554294
-1553729
-1552149
-1546857
-1543216
-1543112
-1535604
-1532962
-1528257
-1525932
-1525835
-1525823
-1524007
-1520568
-1519123
-1515853
-1510446
-1507158
-1504339
-1495770
-1484185
-1482468
-1479058
-1477990
-1471949
-1467126
-1465284
-1462436
-1460793
-1459581
-1457361
-1457334
-1449196
-1448535
-1448335
-1437746
-1428896
-1426471
-1422772
-1410922
-1407643
-1407395
-1406159
-1403445
-1402592
-1402519
-1393603
-1391905
-1382080
-1370755
-1370594
-1370576
-1370479
-1369071
-1367241
-1364602
-1362881
-1353428
-1349484
-1346941
-1345210
-1342484
-1339361
-1334579
-1326385
-1324181
-1315436
-1315293
-1314446
-1312822
-1300458
-1300439
-1297777
-1293901
-1291454
-1290247
-1286777
-1286143
-1283302
-1281442
-1278955
-1278205
-1271489
-1268076
-1254383
-1253963
-1250441
-1250210
-1241236
-1236416
-1229885
-1220806
-1220743
-1218213
-1211858
-1211166
-1210916
-1208473
-1203819
-1202670
-1199165
-1199077
-1192996
-1170803
-1167557
-1166973
-1159224
-1158811
-1158160
-1156744
-1146757
-1142987
-1130250
-1126446
-1122942
-1114202
-1106598
-1103831
-1093152
-1091936
-1086413
-1083013
-1082392
-1082314
-1080303
-1075708
-1063942
-1058417
-1055320
-1050840
-1044493
-1040586
-1033098
-1027798
-1025929
-1012725
-1010183
-1008362
-998683
-996594
-992017
-987777
-985603
-984255
-978797
-976711
-969772
-969250
-963276
-962028
-961773
-959500
-958881
-957588
-950710
-947104
-941546
-934754
-930143
-899083
-895099
-894903
-894075
-886656
-885681
-882822
-880502
-879235
-877021
-873329
-870112
-869870
-864630
-858876
-858309
-856908
-851207
-845891
-843657
-843414
-840685
-838350
-830992
-830824
-827932
-827376
-827177
-823462
-818682
-818214
-811321
-811110
-801514
-797220
-796751
-793675
-778036
-768306
-760548
-755216
-753619
-752509
-752502
-751213
-743483
-741602
-735400
-730277
-729717
-725951
-722216
-717713
-715840
-714560
-700054
-699688
-689320
-686444
-676867
-666304
-655886
-655291
-652087
-640912
-629559
-626390
-624327
-621532
-613102
-607937
-606651
-601892
-599871
-598361
-596700
-596226
-593279
-592260
-579120
-576136
-567277
-559158
-559015
-557710
-554017
-550607
-547612
-544064
-538498
-536773
-534274
-532454
-526264
-516639
-515616
-515510
-512817
-508541
-502008
-499539
-496553
-489719
-483339
-479970
-478768
-476708
-475071
-469911
-468284
-467551
-466216
-462747
-462260
-450011
-448948
-436360
-429787
-425519
-425298
-414510
-413730
-410207
-408566
-407345
-406749
-405342
-404953
-402951
-401486
-401215
-394082
-389911
-388944
-384231
-380018
-370934
-367222
-365725
-362477
-360585
-358864
-353377
-352493
-342037
-339941
-338911
-335540
-330861
-322630
-314543
-310427
-301697
-298804
-296558
-294673
-288507
-288237
-281652
-281394
-280531
-277421
-276697
-274946
-268415
-260898
-257400
-254904
-251135
-250523
-247911
-246214
-242468
-242283
-235985
-229098
-217346
-215485
-214377
-200460
-195642
-190405
-187048
-185826
-185200
-176712
-168587
-163706
-163647
-155357
-151768
-146406
-143817
-140574
-136378
-136369
-134526
-133767
-119295
-117903
-109787
-108746
-106301
-105709
-104821
-104451
-99443
-97519
-91977
-81231
-73617
-66410
-64542
-62784
-59665
-57188
-56543
-53532
-51172
-48232
-45734
-42931
-42721
-42601
-42393
-34943
-30059
-24012
-22518
-21568
-20937
-20249
-15852
-15599
-7074
-4270
-2827
-2141
-542
12390
15115
16107
16948
19295
19704
19785
25532
29572
31740
35095
37081
39542
40442
42279
45286
45541
67249
77201
92035
95198
96297
100131
102482
111078
113966
114082
114553
125287
125380
128478
135492
136946
137899
138068
139358
144177
144382
145841
151457
152291
153760
153987
165508
169926
183348
192902
197949
201082
202962
229882
231197
232613
239269
241668
244433
245353
246414
257933
260710
263146
269031
269976
278983
294396
300545
304734
308853
315292
317038
319181
322022
322087
323339
324786
326097
335328
353848
357972
360277
360840
362475
365838
387861
390111
397894
401492
406931
409811
410039
411640
417743
425450
430690
433658
454553
457714
464438
464624
467385
470315
476602
476965
479068
484176
484252
485240
489951
502271
506928
513717
514054
518124
519246
526011
529364
532067
532442
536167
552557
556637
556822
558280
585769
592869
594095
608389
609449
610835
616891
620830
624875
632853
646474
646859
647312
652710
659280
676541
678755
678991
679236
681502
683246
683384
687856
689630
694604
694668
695216
696480
701897
719266
719441
720487
723399
726176
726756
729177
729619
730152
730648
732088
742173
747485
748665
761432
764519
765483
766864
770293
776001
782987
790951
805249
806045
806604
816557
818219
836609
836610
838156
838194
842115
843185
846478
847406
848298
852445
856212
857054
858488
858693
861722
865069
869689
872955
877083
884416
884696
888005
890437
896364
911167
915435
915859
925058
925626
927955
928658
934390
934563
943174
947254
952277
954145
965743
965967
981586
982170
985188
987033
989428
992995
993521
995656
996865
1017677
1018075
1021805
1022884
1027714
1029574
1032267
1037588
1045905
1045947
1059925
1060630
1063118
1065496
1069607
1071970
1072515
1072962
1083678
1088946
1089213
1090429
1093943
1094595
1095680
1098073
1099755
1101450
1103855
1104749
1110677
1113028
1115932
1120326
1125383
1130817
1134913
1138303
1138826
1142449
1143535
1144427
1146575
1156420
1160482
1165444
1173432
1182282
1185100
1191385
1192589
1193849
1194599
1200367
1200933
1201117
1201962
1204703
1204800
1207919
1208694
1208900
1211249
1211993
1214212
1217190
1222903
1223754
1229229
1229991
1234460
1235870
1241969
1243433
1245457
1245510
1248408
1266256
1273217
1288809
1288928
1289304
1295943
1307019
1315979
1317801
1320194
1321386
1323452
1323554
1323678
1327449
1329756
1329887
1331682
1338538
1338727
1338964
1343162
1347611
1350833
1352989
1353066
1365873
1372105
1372391
1377550
1377574
1379150
1389945
1393556
1399582
1400077
1407497
1415559
1418575
1418967
1422863
1423894
1424852
1425995
1427017
1429960
1439506
1441814
1449966
1450201
1466177
1470388
1472196
1473463
1480024
1483490
1486208
1487341
1492024
1499583
1517150
1517717
1521861
1521960
1522673
1523133
1535585
1535934
1536046
1536244
1542477
1551368
1558811
1563103
1567918
1571917
1575449
1576314
1578030
1580368
1595135
1604187
1605385
1605749
1607034
1617249
1619579
1633185
1637848
1641367
1645773
1648118
1651630
1655890
1659845
1663245
1670583
1676371
1686325
1690337
1691934
1696106
1705868
1712078
1714142
1716026
1720261
1720559
1724379
1725301
1727389
1728514
1743020
1745059
1748236
1748608
1748875
1755025
1755075
1755666
1758745
1760410
1760727
1767725
1769334
1769856
1771601
1772563
1772915
1773870
1773926
1774957
1778182
1779968
1781378
1784908
1791453
1801981
1802148
1802370
1806333
1807011
1807933
1808855
1816715
1819689
1821518
1822889
1824112
1827565
1830246
1836260
1836638
1840382
1845166
1847215
1852841
1858987
1872808
1891515
1891740
1906201
1908998
1909827
1911186
1911861
1916506
1917156
1919010
1920741
1921140
1924754
1925595
1931715
1944781
1946615
1952519
1955643
1958112
1962056
1969407
1973269
1974380
1979884
1993536
1994513
