-1997624
-1991977
-1989239
-1986543
-1986173
-1985008
-1980319
-1977388
-1974555
-1965726
-1964742
-1958259
-1952327
-1945385
-1930164
-1928191
-1922878
-1913968
-1912895
-1910548
-1903502
-1899127
-1889343
-1885686
-1875529
-1875338
-1870990
-1867538
-1853722
-1851323
-1847758
-1847213
-1840697
-1839861
-1835047
-1827374
-1823446
-1821121
-1819247
-1816056
-1813418
-1812971
-1812808
-1808021
-1806947
-1802744
-1797270
-1795553
-1794685
-1785043
-1779414
-1778336
-1778030
-1771138
-1768177
-1766612
-1766066
-1762558
-1761989
-1752633
-1749980
-1745552
-1741907
-1736197
-1733100
-1730313
-1723705
-1721734
-1716642
-1708799
-1706875
-1703121
-1701147
-1697228
-1695769
-1683291
-1681991
-1681655
-1679436
-1679025
-1674406
-1669480
-1663056
-1660711
-1658325
-1651120
-1648620
-1648253
-1647198
-1645914
-1643148
-1637196
-1635079
-1634475
-1633718
-1621625
-1617958
-1615687
-1604942
-1604392
-1602543
-1599809
-1586632
-1583131
-1582981
-1567480
-1566408
-1565782
-1564091
-1562129
-1559827
-1548970
-1547947
-1539020
-1533549
-1532287
-1530229
-1529263
-1525622
-1524696
-1523705
-1523632
-1517408
-1515697
-1515396
-1514729
-1510073
-1507019
-1506854
-1506818
-1506178
-1501061
-1496425
-1494780
-1488325
-1486250
-1477118
-1461762
-1460311
-1456355
-1438334
-1435138
-1434761
-1434249
-1430665
-1430221
-1429957
-1425874
-1420446
-1419050
-1411567
-1408346
-1399094
-1395895
-1394360
-1382276
-1381655
-1380443
-1376643
-1365250
-1362970
-1359594
-1353339
-1348207
-1346792
-1335728
-1334821
-1332522
-1328624
-1321833
-1318750
-1313790
-1313644
-1311635
-1311545
-1310400
-1308294
-1304219
-1303124
-1299725
-1294408
-1289617
-1287512
-1284437
-1280732
-1278554
-1278551
-1276054
-1272237
-1269604
-1266662
-1261165
-1254017
-1244527
-1236273
-1234857
-1232882
-1231644
-1222546
-1217336
-1211693
-1211641
-1209387
-1206981
-1203139
-1196422
-1190129
-1189737
-1189667
-1184381
-1183503
-1178811
-1164219
-1163828
-1162336
-1151980
-1150822
-1150525
-1146898
-1144798
-1134600
-1121649
-1121146
-1116946
-1116345
-1115582
-1115305
-1115188
-1114151
-1111353
-1111126
-1106579
-1092834
-1084321
-1084234
-1070753
-1066295
-1058362
-1050123
-1049459
-1046616
-1046584
-1042251
-1041914
-1041343
-1038107
-1031969
-1030432
-1026692
-1025322
-1022133
-1021270
-1011345
-1010578
-1010262
-1005193
-1005191
-997782
-997363
-986666
-983102
-981751
-979989
-969379
-960649
-958574
-953641
-950712
-950056
-945938
-940636
-938866
-937377
-934400
-932051
-930024
-923915
-918391
-910258
-908864
-903486
-900737
-894488
-884537
-882372
-882174
-878326
-878160
-871431
-870728
-864163
-863491
-862446
-858947
-855201
-855180
-855018
-854474
-846655
-844599
-843520
-838102
-834011
-821314
-816198
-816161
-815204
-809418
-808579
-807803
-805975
-804256
-803964
-798810
-798090
-794309
-790704
-788199
-787901
-772189
-764595
-759108
-752524
-748442
-746879
-744699
-744358
-732225
-731502
-730603
-728683
-719272
-717186
-715863
-709857
-707913
-704215
-702674
-702120
-701945
-699626
-691631
-688287
-685992
-678881
-677970
-675817
-675804
-669888
-661502
-660328
-655675
-650955
-650201
-649309
-645553
-644279
-639966
-632430
-632200
-628031
-627691
-627122
-627057
-626490
-618742
-617868
-610086
-606049
-597278
-593286
-591333
-590706
-586200
-582653
-580646
-576202
-575440
-572019
-570098
-569208
-567412
-558647
-558390
-554883
-554465
-552311
-544614
-542732
-540572
-537963
-531855
-531324
-529677
-525467
-524385
-521407
-519361
-498517
-491803
-483402
-454941
-454439
-452311
-446680
-446448
-444101
-443148
-440374
-438793
-437963
-433798
-426717
-423875
-417402
-415229
-410104
-406503
-405707
-392093
-383470
-382021
-378438
-378304
-377144
-375160
-370444
-369937
-361119
-359741
-359056
-357954
-357756
-349320
-339522
-334538
-329854
-316294
-307967
-304225
-302181
-287518
-284443
-283913
-279174
-276829
-268191
-266704
-266499
-262005
-248326
-246776
-237178
-236165
-223756
-221190
-220356
-212235
-200618
-185336
-181944
-179281
-179244
-177544
-168363
-163618
-161395
-158087
-157459
-150904
-149809
-148408
-146496
-131031
-130884
-130644
-127520
-101699
-100733
-92930
-87600
-83148
-76900
-75434
-70549
-69824
-68095
-65198
-64902
-64870
-63693
-60064
-57729
-56290
-55471
-53982
-46868
-46058
-44592
-38844
-38674
-30468
-28726
-28404
-28248
-19590
-10872
-2019
1953
3567
12471
14506
16278
16963
17144
19749
21378
24755
32390
38140
38753
45651
46041
47223
48323
53821
60427
64469
67522
72236
81731
85971
92503
96028
96089
110473
110752
111135
111481
120605
124019
125069
133419
133892
138219
141864
153255
162555
166304
171308
180775
186080
190149
197376
199469
200854
205771
211563
213553
219710
221595
234163
239976
245109
261725
265294
266128
269981
274018
275263
278546
284865
286967
288272
288640
289188
303836
307114
307778
316452
318000
331321
342502
347238
348466
350831
353288
364893
384158
386548
388068
388180
392916
397764
397879
400444
404198
404403
405062
405620
413661
424648
429520
430771
430903
434827
437488
438216
442205
447067
449781
449983
450482
453007
458174
460022
460294
463442
477604
484826
488881
494883
499612
501913
504662
505757
507513
514476
516108
517975
518376
518647
521099
523374
523766
527774
532154
533806
535180
536092
539765
551159
551638
552076
557895
563423
567545
574428
576525
577496
587960
588156
588325
591634
593266
599870
605070
609800
610080
611055
629922
631192
634151
642497
645559
647001
651658
655283
656800
661374
664365
664748
666042
673420
683129
683411
687581
690582
698889
711781
712943
714139
745436
748405
761046
764632
766380
766936
769135
769260
769813
773488
776106
779560
789759
791702
799082
800319
800703
810231
817355
821282
829989
830647
831371
832099
832224
832907
838586
842741
847243
851039
855015
874423
877631
887126
889150
890176
893721
893763
897859
901589
906929
907277
908764
923797
929800
933148
937223
938395
942687
943304
948375
948697
950671
959599
961408
967022
968562
969794
971202
976464
978242
992153
994593
994742
999059
1001841
1007408
1014440
1015400
1015718
1021651
1024432
1026626
1027330
1028080
1034569
1038197
1039089
1041865
1050557
1067770
1068963
1074031
1074537
1077246
1080423
1084342
1084487
1084609
1086498
1091061
1107987
1114093
1114815
1116164
1116170
1123194
1123333
1127106
1127266
1129373
1135761
1136852
1139376
1140292
1142161
1142529
1148783
1158776
1159747
1161871
1162239
1165782
1166591
1171095
1173406
1175778
1179694
1184557
1190091
1193248
1193808
1195671
1198395
1201914
1203601
1207331
1214971
1220773
1224646
1225118
1225814
1234014
1234802
1235344
1236899
1239129
1244114
1244254
1248774
1256275
1256548
1262080
1271804
1275826
1281009
1281074
1285684
1297650
1297764
1302840
1303754
1309657
1320576
1323224
1330776
1333634
1336828
1338592
1342763
1346425
1346488
1349842
1350167
1352168
1352779
1355965
1359707
1363410
1365408
1371022
1371834
1373515
1376143
1387294
1389592
1390586
1391356
1394994
1399833
1400931
1402286
1410316
1412447
1412694
1425921
1429600
1436231
1437578
1442248
1448672
1449247
1451204
1454383
1455116
1455899
1462247
1466919
1469832
1472372
1474412
1482139
1482868
1484017
1490546
1496325
1504630
1519166
1522820
1530862
1535391
1540699
1548239
1554414
1556307
1563264
1566004
1568438
1576574
1584313
1590702
1591711
1595954
1597461
1598045
1609051
1621010
1622104
1628368
1629041
1631263
1633586
1634857
1638868
1648084
1660482
1661206
1664507
1666933
1667737
1671087
1677223
1680852
1682078
1687333
1688054
1697722
1706195
1708284
1709872
1724711
1725779
1726282
1730269
1731266
1734538
1734891
1734968
1738211
1750132
1750433
1756544
1765035
1766884
1769760
1770604
1773809
1778842
1779132
1781656
1793042
1793349
1795938
1796776
1814404
1814933
1816075
1835511
1840839
1841674
1842950
1848334
1857522
1861907
1862894
1864423
1867189
1869562
1871362
1872242
1880889
1882173
1884710
1885034
1887807
1898217
1898807
1899686
1914371
1927697
1937090
1938512
1946203
1950575
1955909
1956598
1965323
1967793
1967917
1969496
1970576
1975352
1977894
1979544
1981269
1996064
1997165
1998650
