-1995499
-1994557
-1984657
-1983292
-1982206
-1976475
-1969997
-1964128
-1963187
-1957108
-1955149
-1946557
-1946289
-1939399
-1930408
-1927382
-1924906
-1922471
-1918665
-1917577
-1915021
-1908753
-1905993
-1904710
-1895410
-1890326
-1888953
-1888922
-1885244
-1882080
-1881053
-1877037
-1867694
-1862557
-1861312
-1858963
-1858851
-1857825
-1849738
-1847149
-1843112
-1842553
-1839088
-1835201
-1826840
-1826107
-1822356
-1817101
-1816065
-1807897
-1796839
-1796551
-1794723
-1792295
-1790840
-1789644
-1786046
-1767139
-1762717
-1755097
-1746714
-1741279
-1736475
-1734511
-1733045
-1728179
-1725273
-1725013
-1723956
-1722054
-1716987
-1716924
-1706704
-1701624
-1699059
-1697980
-1695074
-1690930
-1688728
-1688591
-1668753
-1666146
-1665899
-1663488
-1660791
-1659817
-1655887
-1655011
-1644580
-1644219
-1642524
-1641271
-1638873
-1637080
-1634969
-1631426
-1631094
-1624446
-1621387
-1616189
-1613934
-1612447
-1612446
-1610627
-1605046
-1597095
-1594852
-1591383
-1582741
-1582186
-1578485
-1574323
-1571990
-1570987
-1569233
-1566534
-1561899
-1555194
-1546730
-1537007
-1528140
-1526196
-1519766
-1519205
-1517403
-1514293
-1510704
-1498152
-1492820
-1487596
-1486933
-1481858
-1479277
-1469440
-1459792
-1456751
-1456682
-1445896
-1444565
-1442912
-1429540
-1419194
-1409449
-1405797
-1399003
-1398095
-1397639
-1394852
-1394041
-1383892
-1370847
-1368315
-1359526
-1359307
-1357752
-1333896
-1329628
-1327671
-1327424
-1324730
-1320449
-1319137
-1311158
-1309124
-1307696
-1304210
-1304106
-1302692
-1285511
-1284890
-1282272
-1276729
-1275113
-1272072
-1266867
-1238063
-1236650
-1234137
-1231983
-1227263
-1226810
-1221945
-1221245
-1220283
-1219383
-1212836
-1212642
-1211392
-1209626
-1206836
-1202672
-1201889
-1200998
-1198284
-1193526
-1186345
-1185892
-1185453
-1181163
-1180893
-1175408
-1174582
-1164920
-1159903
-1159169
-1158780
-1156534
-1151388
-1149623
-1144040
-1140602
-1139293
-1132650
-1128727
-1121091
-1117408
-1116611
-1108212
-1100837
-1097848
-1093727
-1091589
-1091416
-1085152
-1055420
-1051710
-1043605
-1034258
-1033473
-1030257
-1029268
-1029182
-1019075
-1015791
-1015167
-1007930
-1002681
-1000364
-997341
-995783
-993314
-982988
-977313
-976453
-973974
-965749
-957734
-955588
-950365
-945785
-941598
-936701
-935086
-934949
-933075
-925800
-925243
-910651
-898645
-891880
-885400
-883907
-867711
-867467
-866467
-866107
-865944
-863416
-862938
-862627
-859756
-856636
-854776
-851412
-845601
-841601
-841550
-837184
-836388
-835209
-833242
-832672
-831808
-830274
-828800
-824873
-823382
-822357
-819451
-815062
-814357
-813365
-812866
-802444
-798804
-790862
-789485
-788943
-788693
-788538
-782754
-778208
-770225
-761275
-758012
-747445
-739919
-738550
-736986
-736261
-729496
-727037
-717679
-708986
-699572
-683845
-681821
-680299
-672206
-669762
-663456
-663025
-654056
-653460
-645334
-644558
-639893
-631208
-625772
-622354
-619716
-619245
-619050
-618721
-607943
-601824
-597250
-591628
-586991
-586470
-585386
-582202
-582064
-580485
-574360
-573987
-568306
-560604
-559014
-555555
-550860
-550520
-541890
-538443
-537696
-525932
-525545
-519944
-519935
-519482
-513384
-510733
-507613
-500405
-495093
-491061
-485018
-470094
-466632
-462860
-459165
-455225
-435749
-435323
-430593
-422369
-417760
-415878
-411389
-409559
-405094
-403557
-402010
-393783
-391818
-390329
-373443
-370589
-368383
-367127
-361981
-359500
-347721
-346268
-341158
-336517
-333801
-322976
-321754
-317633
-315364
-307014
-306851
-289594
-280257
-278862
-271720
-264838
-252434
-251651
-251258
-250068
-232747
-232688
-230225
-227355
-221412
-213369
-212701
-207756
-204172
-201128
-199619
-198804
-179514
-172786
-168950
-168755
-167797
-165083
-163384
-160249
-158127
-157168
-155007
-149814
-142992
-142559
-130522
-127570
-126481
-119848
-119071
-116237
-115617
-114983
-113641
-108516
-108114
-103118
-98708
-97476
-92405
-88271
-88164
-74963
-72925
-72589
-71193
-68907
-67743
-66341
-66273
-45893
-44886
-44330
-37601
-33534
-31570
-27792
-27659
-13934
-4698
9609
19863
20307
20937
41693
41707
42814
47253
52027
52113
57403
65965
67732
69865
74375
76073
76145
87299
91584
97889
97901
100096
103586
105874
109363
111600
113431
118055
119568
125179
126210
126795
131346
138282
144109
144975
148155
152433
152502
154267
154945
155776
160108
171850
177447
187712
192447
192868
193935
196051
197419
198409
199830
200358
206974
207426
219225
220267
232745
233582
250662
253558
266878
267720
279242
280715
281326
289235
292403
299259
306132
312115
318609
319563
332022
333883
346399
348416
352993
368349
372472
376927
377529
377900
382337
386120
387001
388339
393311
393451
393559
400554
401161
408043
408590
409011
410165
421078
421330
429818
431884
440581
445555
447579
448379
455796
464912
466901
485724
490433
492758
497630
498368
498901
499746
511493
519072
519763
520968
525693
541561
542287
543794
546227
560329
561606
563142
563836
566069
570088
571293
574065
576879
578810
588351
594178
594964
599357
602242
602821
610713
613098
621661
622768
623057
634597
636276
637342
651763
653395
672547
681535
687372
690393
690917
693689
696384
701046
701528
708639
708863
710232
714830
717295
721001
722047
723755
727739
738888
740683
740696
741735
749866
757638
759171
759318
763881
764287
765109
777044
778621
780637
789412
790502
792485
793610
797056
799022
808613
809542
820515
820951
824896
830080
833146
834777
840844
845523
849398
857809
858508
863459
868465
877291
880062
880665
884817
889589
891367
895197
908421
908798
918922
923736
923823
925018
925567
927101
932549
939152
940437
942160
944960
947003
947155
947800
948371
948994
953159
955440
956271
958679
961476
962727
963295
963712
964239
970578
976435
978127
978960
979377
981405
982188
987926
999866
1000294
1007337
1011723
1012291
1015048
1015536
1017483
1020542
1024881
1027224
1027864
1028996
1029036
1029465
1037848
1038343
1040439
1044064
1052210
1057570
1058265
1059326
1063609
1065920
1069582
1071915
1075486
1080086
1081011
1085406
1086772
1087177
1091419
1093643
1096324
1101217
1104249
1105414
1105684
1105690
1106527
1109499
1112564
1114461
1117578
1121071
1128971
1129007
1129442
1130701
1131111
1141959
1145516
1146049
1147134
1147384
1150787
1152953
1157511
1158425
1162663
1162889
1163670
1164029
1168026
1168116
1171778
1179862
1180516
1181815
1184505
1185228
1188171
1190920
1193870
1198577
1200757
1204966
1206767
1207181
1208823
1213803
1213870
1219071
1222406
1222625
1223051
1224698
1228919
1241552
1242783
1245178
1247773
1248936
1249036
1254302
1277529
1279197
1282276
1288056
1288381
1291174
1295265
1302914
1304564
1318473
1320861
1321206
1321651
1322220
1326410
1328847
1333523
1335060
1344913
1351311
1353787
1366793
1373296
1386256
1388944
1390557
1392344
1392745
1393291
1396792
1397609
1401855
1409181
1410141
1413935
1414592
1417562
1421809
1426599
1433948
1437004
1442658
1446339
1448605
1452118
1454913
1461059
1461544
1461676
1465888
1466549
1466718
1475097
1477454
1482624
1491494
1494340
1495324
1497464
1503926
1505846
1506058
1506876
1510182
1510355
1523533
1523850
1526192
1531655
1531946
1535441
1537048
1537598
1539402
1542049
1543857
1545618
1546962
1547667
1550492
1555936
1559692
1566003
1578723
1578800
1596544
1598782
1602537
1605012
1605058
1619489
1622614
1624629
1626443
1627646
1631802
1645800
1649184
1654041
1654537
1662157
1663676
1664198
1664980
1673569
1676862
1679934
1685592
1692650
1698127
1711542
1728978
1730410
1730973
1731350
1733037
1735559
1744747
1745195
1748583
1755698
1764754
1765163
1772864
1783974
1790320
1796106
1798407
1801568
1804644
1805833
1806302
1807235
1810939
1812726
1813906
1817156
1821424
1828426
1831684
1834582
1837795
1844176
1847947
1848950
1850434
1851721
1857519
1859725
1861858
1866441
1867393
1868152
1878101
1881936
1889448
1894655
1896397
1897113
1904912
1921896
1924199
1927206
1932057
1937393
1939851
1941427
1943889
1946965
1949247
1955606
1963710
1968879
1969314
1974043
1974573
1977953
1979517
1984640
1986769
1990225
1992344
1995872
1998584
1998880
