-1988865
-1987757
-1986033
-1979197
-1976831
-1970655
-1963084
-1962455
-1957823
-1957071
-1941931
-1939301
-1938412
-1937025
-1934658
-1930410
-1930407
-1927368
-1911067
-1907281
-1906997
-1901281
-1895560
-1874640
-1869627
-1867054
-1865603
-1863058
-1862625
-1856454
-1852462
-1848622
-1844462
-1843681
-1840010
-1831649
-1830590
-1828535
-1826602
-1822825
-1820077
-1819187
-1804578
-1800160
-1791241
-1786535
-1782691
-1782303
-1780900
-1779258
-1777783
-1769217
-1767451
-1766889
-1765143
-1761709
-1756404
-1748986
-1746655
-1743300
-1741472
-1741225
-1739514
-1738777
-1735756
-1732922
-1726860
-1719690
-1716917
-1715105
-1712255
-1711006
-1705091
-1703759
-1700971
-1700273
-1691669
-1679687
-1679233
-1673518
-1667557
-1664395
-1663579
-1661260
-1654740
-1653948
-1651466
-1650825
-1650319
-1649681
-1649235
-1646511
-1626930
-1625200
-1624622
-1623400
-1622155
-1622050
-1618175
-1615011
-1612206
-1611512
-1610396
-1606680
-1605398
-1601534
-1590160
-1588273
-1585541
-1578221
-1576926
-1569898
-1567302
-1565073
-1562366
-1558308
-1555485
-1550750
-1542876
-1540500
-1540071
-1534528
-1533482
-1527178
-1523016
-1520437
-1518328
-1505415
-1505200
-1504792
-1502660
-1499022
-1493211
-1490614
-1490343
-1488218
-1483443
-1480956
-1475454
-1471137
-1465777
-1461356
-1460886
-1447455
-1441150
-1432565
-1430913
-1418224
-1414229
-1413859
-1412352
-1393744
-1391341
-1382459
-1381538
-1369875
-1353780
-1346326
-1344444
-1329715
-1319136
-1315351
-1312222
-1308082
-1295181
-1294055
-1293722
-1291421
-1289707
-1288971
-1286724
-1283512
-1281517
-1279968
-1275391
-1273779
-1270300
-1265634
-1261645
-1261588
-1257304
-1251543
-1251277
-1249671
-1248217
-1243531
-1240661
-1240404
-1231239
-1225493
-1223218
-1219949
-1218341
-1216654
-1215917
-1209162
-1208411
-1202046
-1201561
-1200384
-1195717
-1194467
-1190145
-1186825
-1184232
-1179264
-1179091
-1177284
-1171073
-1167974
-1166367
-1163542
-1160141
-1158316
-1156573
-1155553
-1154771
-1153023
-1151945
-1146868
-1138554
-1129768
-1129723
-1118964
-1110652
-1109478
-1099930
-1096616
-1094832
-1089821
-1085863
-1084864
-1084269
-1083765
-1083415
-1076881
-1063558
-1059261
-1058725
-1058043
-1057564
-1055963
-1054792
-1022768
-1016245
-1016058
-1012821
-1009302
-1002985
-1002895
-1002627
-997799
-993427
-987072
-978048
-973172
-957391
-953511
-950189
-945700
-942268
-939475
-938949
-937065
-935888
-935765
-927906
-924189
-922698
-921979
-920387
-918144
-914964
-908489
-905129
-902134
-901937
-899035
-894974
-892968
-888968
-883022
-877599
-870636
-864002
-863306
-862632
-860042
-850746
-837789
-834421
-834090
-833242
-831356
-829405
-828618
-825136
-825022
-822901
-822701
-822375
-821046
-819612
-815770
-809648
-798105
-792209
-787245
-787078
-785986
-780245
-776440
-772048
-768890
-767109
-766363
-764503
-760973
-750222
-746712
-745458
-741017
-740651
-729731
-728088
-716058
-708299
-708030
-706021
-704591
-700490
-696974
-694726
-694066
-692883
-689825
-686813
-685062
-682477
-676993
-669564
-658803
-656245
-653742
-646388
-641854
-639123
-637946
-637164
-629090
-624313
-623376
-621512
-618533
-616468
-616018
-611568
-604544
-601851
-600718
-598470
-589979
-587631
-579011
-574250
-568755
-566063
-564328
-563779
-563619
-562544
-553448
-547373
-541112
-538900
-534429
-530777
-528484
-522682
-518630
-512504
-511822
-511780
-509816
-509754
-502221
-502177
-499111
-482490
-466977
-464110
-460912
-460319
-455690
-455261
-442965
-441735
-440953
-434867
-433855
-430892
-423383
-415934
-413175
-411338
-402610
-401742
-396609
-395217
-393907
-389679
-386430
-378523
-375035
-359812
-354363
-351309
-347725
-339104
-337016
-334526
-332355
-326351
-324029
-321323
-320304
-320146
-317407
-312664
-310474
-307410
-299990
-299499
-298788
-292981
-292329
-289899
-286724
-286504
-284497
-283487
-279292
-274278
-271126
-261789
-256110
-251666
-239721
-231250
-229851
-227810
-226379
-222317
-215417
-212739
-211364
-210899
-204439
-198211
-190898
-185823
-185161
-184354
-182344
-179915
-172807
-171743
-170509
-149714
-144508
-144415
-135461
-135414
-132954
-125124
-123869
-121405
-114081
-109168
-107400
-105833
-103097
-98255
-97100
-94800
-87793
-84996
-82760
-78847
-74002
-73488
-71486
-70048
-69045
-67995
-67991
-60049
-59644
-56384
-52463
-35341
-34318
-34002
-32791
-32321
-29019
-27416
-26852
-25289
-24337
-14310
-5363
-5081
-3362
8149
10759
13408
21097
23089
27193
28471
30470
37759
44393
44919
56054
78312
84347
84373
90239
90947
94000
103777
106700
106888
110076
112399
116979
118835
123518
126086
138323
144185
145583
157434
157905
158041
160859
170209
170301
173001
173722
177637
179857
180190
204196
204267
206072
206371
214756
219461
221994
224821
247424
249888
250590
251492
252472
253341
261193
263437
263738
273012
280457
280458
284598
285479
291005
291618
295623
297346
301881
302134
310135
315074
317105
325038
327593
328744
345311
374634
378293
383809
395034
399023
411263
411484
415430
418492
418758
418838
423721
426237
432768
436128
447887
449892
458588
459762
466296
469454
475546
477158
480115
486984
487166
490377
490671
493386
500238
503249
509173
514825
518005
520836
528937
528939
529633
542499
543323
544450
550894
555896
567059
574376
576220
577571
590978
593180
595633
600111
601749
618454
619191
623230
624548
628053
640249
644861
648846
649014
650728
654947
656965
661383
662568
662712
669160
670290
670829
678154
681821
684453
692420
696474
698982
701302
711540
725904
730636
732106
732130
732551
737478
738232
739441
744102
751848
752686
752950
753257
756242
757793
759807
761622
765640
769579
774025
774654
776370
783875
785907
786206
788085
788882
792049
793291
800244
802437
809732
813924
815091
818248
819956
820170
823918
830824
832875
834070
837495
842333
849954
852529
864120
870104
873719
873722
874374
878636
878905
900290
906148
908534
912925
913633
915268
919518
922287
922557
925274
930168
933128
934649
945340
952563
961944
967387
973532
987745
988485
993125
993803
999562
1001856
1003998
1006571
1007065
1007204
1027871
1028183
1033589
1050055
1064418
1086750
1089484
1090029
1108310
1112912
1115244
1115699
1130719
1134668
1139512
1140754
1141270
1154327
1157040
1157119
1160815
1167805
1169977
1175135
1176191
1178036
1180369
1181021
1183538
1187267
1190269
1194633
1198087
1199396
1201299
1213790
1216256
1216821
1220437
1232625
1233990
1234381
1242755
1247606
1249904
1250331
1251420
1253408
1254873
1257858
1260306
1274819
1274913
1278470
1278629
1281126
1282314
1283437
1295477
1295670
1296250
1297037
1301091
1317268
1319653
1321695
1322703
1327414
1331900
1333412
1336949
1346707
1357751
1359598
1368439
1375735
1378798
1386095
1386144
1387153
1389929
1394631
1395425
1401596
1404124
1404248
1405273
1405389
1407527
1421358
1437363
1437939
1440245
1440278
1444193
1447125
1448608
1453590
1456645
1474905
1475920
1478160
1491031
1492491
1498025
1501721
1503623
1508677
1516978
1522469
1523104
1529168
1535450
1536643
1536980
1537983
1538142
1544525
1544566
1544673
1555897
1556007
1559733
1569177
1573018
1574158
1582546
1586091
1589428
1600789
1606084
1614617
1616223
1617731
1618899
1619138
1622483
1623242
1625623
1631890
1636889
1642624
1644604
1648320
1650243
1652725
1656457
1657041
1662464
1663028
1667099
1668428
1669002
1677879
1678003
1681812
1682210
1682217
1683462
1691047
1692613
1697790
1700812
1701705
1702383
1704282
1706654
1707449
1708569
1711905
1717926
1718347
1721135
1721364
1728373
1730171
1731365
1733440
1737019
1745480
1746697
1750891
1754839
1755263
1764058
1765590
1765708
1773892
1787259
1795912
1796456
1806791
1810662
1816163
1820279
1826255
1828189
1830915
1832155
1832362
1840847
1841297
1842908
1850155
1852635
1852928
1854030
1855264
1859120
1860596
1864810
1869970
1874659
1875203
1879309
1879694
1879796
1883289
1886917
1887093
1888659
1892310
1895817
1896389
1900777
1908486
1909510
1911834
1914948
1915345
1915864
1916553
1922199
1923369
1923453
1923855
1928732
1928978
1935474
1939741
1944765
1947828
1949782
1955790
1962084
1963697
1981063
1981067
1981451
1981533
1985505
1987326
