-1995354
-1994080
-1993785
-1978831
-1978193
-1974493
-1968301
-1958291
-1951669
-1951391
-1949265
-1948003
-1947096
-1944858
-1941275
-1934231
-1931780
-1921491
-1920478
-1915465
-1906254
-1894798
-1884547
-1877045
-1873779
-1870902
-1848735
-1847896
-1841211
-1840531
-1838968
-1837119
-1830888
-1829939
-1823229
-1822369
-1815111
-1805521
-1803029
-1802734
-1800552
-1786618
-1778924
-1776677
-1774870
-1771263
-1770377
-1767716
-1762984
-1759857
-1759290
-1758157
-1753887
-1743785
-1742565
-1736135
-1733918
-1733273
-1729934
-1728705
-1722255
-1721654
-1720773
-1716112
-1709345
-1705624
-1702991
-1702203
-1700097
-1698022
-1692670
-1684553
-1677970
-1677303
-1667815
-1666237
-1662049
-1639051
-1638678
-1632042
-1628545
-1624419
-1613081
-1610813
-1607204
-1602968
-1602281
-1596737
-1594003
-1573563
-1571230
-1570862
-1569984
-1568714
-1566889
-1561446
-1560821
-1556287
-1550081
-1545892
-1533500
-1530856
-1526253
-1506348
-1503241
-1502386
-1502346
-1500494
-1497701
-1490115
-1481033
-1478231
-1477726
-1474500
-1474471
-1462679
-1455884
-1442705
-1436684
-1431169
-1429857
-1428301
-1423557
-1421243
-1405009
-1404983
-1402671
-1398062
-1392712
-1387206
-1382843
-1380505
-1377495
-1368187
-1360316
-1352404
-1345810
-1344662
-1341873
-1341294
-1340736
-1338160
-1337522
-1334045
-1321267
-1302832
-1286218
-1276469
-1275701
-1275524
-1272134
-1269945
-1269159
-1267879
-1267076
-1267010
-1266931
-1262586
-1260355
-1258986
-1256120
-1254821
-1254502
-1252015
-1250176
-1249782
-1248045
-1243821
-1242903
-1238450
-1232259
-1230455
-1228476
-1223534
-1219498
-1212752
-1206947
-1206698
-1201199
-1198653
-1196285
-1193900
-1193588
-1191518
-1188866
-1181498
-1181154
-1180402
-1180152
-1173669
-1172503
-1172228
-1167663
-1155569
-1155498
-1153836
-1152924
-1151661
-1151042
-1150152
-1136908
-1130640
-1130531
-1129366
-1125029
-1123324
-1118363
-1103717
-1102672
-1101542
-1098472
-1098161
-1085604
-1085089
-1084269
-1082331
-1082271
-1081849
-1078701
-1076668
-1073858
-1067841
-1062819
-1057663
-1057168
-1055582
-1047435
-1045492
-1031016
-1025073
-1015484
-1012615
-1011044
-1005244
-999038
-998992
-995863
-994798
-994356
-993889
-985247
-983451
-980620
-967338
-961843
-957094
-954749
-953184
-948541
-942310
-938165
-929368
-926843
-924650
-922798
-922628
-922417
-916039
-908875
-907029
-906814
-900129
-897586
-891020
-890091
-881712
-877172
-876129
-875610
-873500
-873045
-869355
-867591
-866991
-864957
-857011
-847271
-844696
-836342
-836160
-834545
-834116
-832312
-831531
-830689
-828340
-827044
-826373
-822094
-817944
-817061
-811195
-801915
-793552
-786125
-784455
-784106
-782284
-778805
-774453
-772959
-772874
-770082
-765511
-765416
-764717
-763237
-763198
-761967
-761381
-755426
-751971
-751251
-741837
-740932
-738765
-732518
-718112
-713279
-712179
-711781
-708288
-706171
-699805
-699496
-696800
-692420
-681800
-679499
-676304
-666822
-652760
-646028
-637095
-633317
-630747
-629824
-628699
-626091
-619413
-617559
-615389
-604009
-602994
-600686
-597326
-596549
-594740
-593868
-590004
-589485
-580103
-577023
-572795
-570722
-567135
-538511
-537422
-536398
-534240
-526434
-519673
-517612
-505393
-501022
-500996
-499895
-483987
-478576
-477726
-477109
-476457
-473446
-466399
-465926
-460663
-451672
-451558
-432140
-431221
-431189
-427459
-426134
-425456
-424303
-414656
-414184
-413654
-407443
-404941
-399265
-396804
-396717
-392444
-390490
-390053
-388736
-379292
-378681
-372914
-372546
-370342
-366187
-363668
-362081
-360173
-358759
-356899
-346176
-343612
-336661
-325584
-323389
-317756
-312592
-308594
-304979
-304699
-292959
-292416
-287746
-286257
-285984
-271767
-269371
-266007
-262616
-262178
-260369
-259056
-255980
-253382
-253090
-252286
-251379
-248188
-241771
-239242
-235781
-232497
-221606
-218701
-218338
-214300
-208430
-204582
-202874
-202482
-196236
-194874
-190705
-188261
-187396
-182319
-180236
-178726
-177017
-172226
-164389
-162678
-158475
-157261
-157069
-155087
-152397
-138186
-135683
-134330
-117010
-115689
-113053
-111620
-99533
-98426
-97019
-95431
-91771
-91208
-85231
-81577
-80269
-77836
-77330
-76372
-76226
-74420
-66813
-54875
-49349
-42899
-40547
-33321
-33177
-32224
-19076
-15412
-14923
10598
13516
19221
20704
21100
23270
26522
33910
35075
36284
38447
43239
45256
52248
55440
59416
59724
64276
68294
81874
82140
83662
89068
91873
93003
100564
100642
108352
110681
115632
123313
126662
128156
133655
136489
148024
162353
171838
175590
186429
188538
193503
194735
195229
195691
197100
208240
217012
226772
227494
229811
233103
238234
241984
244278
246038
246093
260894
260997
263230
265970
269458
274054
275054
276534
277858
278785
292000
298253
310484
311651
313293
314113
314715
317799
323296
326517
327706
337160
338629
346934
361642
361656
369141
372358
375327
379848
382432
386342
386562
390316
394529
396838
405386
411032
411150
411189
413059
413877
417208
429557
433918
441743
442776
444471
453333
455742
466083
479619
480444
482039
500051
500293
501460
508513
510216
510316
516866
519685
522095
531829
533451
533678
534624
537788
555734
558979
559902
567462
572749
575014
577689
581200
581233
584064
584350
584372
585172
599650
599889
609413
612561
612902
622029
623242
633964
634668
638920
642761
648079
648845
649377
652898
659089
667997
681776
683524
684384
688213
689542
690356
691977
692622
697974
700410
708610
712992
715584
718913
726654
729196
732722
734414
739649
750601
755268
761578
762378
762797
770451
771303
771645
772444
775484
784284
785241
788891
794269
795561
795821
797950
803538
804847
805968
806300
813671
815770
815833
825201
827797
827991
828574
841171
841818
846256
854967
855263
857156
859641
864437
869398
878561
885916
886840
897143
901856
909545
917021
927120
932448
934821
935705
939510
940030
940177
943303
943605
946952
962006
963438
976445
982542
984642
985890
994711
997920
999535
1002943
1017462
1029938
1033905
1036304
1037352
1045166
1049032
1049444
1056666
1056842
1064677
1070633
1072135
1072450
1084480
1084933
1088548
1100913
1105788
1108006
1108023
1109535
1109709
1120872
1121906
1122447
1130819
1132179
1135177
1139202
1143390
1145099
1145206
1147473
1148796
1172485
1172552
1173094
1181533
1182137
1182693
1185108
1185334
1188539
1191788
1192950
1204131
1214769
1215037
1219001
1223468
1229196
1230601
1235676
1236682
1237504
1240482
1241654
1246031
1262599
1271241
1274134
1275928
1283473
1284725
1288150
1292167
1301963
1307438
1307456
1308115
1309528
1313615
1313730
1318643
1332789
1339243
1347846
1349932
1351975
1352658
1353930
1355695
1356341
1368746
1371958
1374207
1383320
1386175
1386582
1389818
1392373
1396361
1397684
1400731
1400784
1404256
1406994
1412515
1416771
1418666
1427902
1435336
1437449
1439026
1440870
1441698
1447691
1450906
1455173
1455548
1458609
1468591
1472915
1474170
1484716
1486491
1489842
1497131
1498107
1498527
1500066
1502160
1502956
1519149
1526085
1526459
1528784
1538873
1539683
1541795
1544393
1544544
1549691
1550448
1550790
1554749
1555861
1556361
1558416
1563738
1563871
1564294
1564423
1565936
1571788
1572256
1574547
1578645
1585420
1589402
1590939
1592299
1600104
1600186
1601527
1607475
1608661
1612267
1612744
1623478
1627483
1635027
1643387
1647129
1647405
1652080
1653325
1655040
1661338
1665643
1667886
1683635
1685796
1686703
1688724
1702413
1712643
1716824
1717702
1719551
1724004
1724670
1725449
1731067
1734069
1735848
1738725
1738765
1742436
1743860
1744535
1748698
1754599
1754987
1764621
1767597
1768143
1773246
1774438
1777678
1784306
1790553
1795558
1797954
1798769
1803481
1805335
1808190
1814951
1815240
1816110
1819106
1824800
1825467
1834416
1840070
1840944
1842551
1844642
1845442
1848532
1850506
1852360
1854724
1860774
1862439
1863732
1865323
1865878
1871311
1875420
1878497
1885180
1886486
1886790
1899832
1900132
1900340
1900521
1903926
1905499
1914101
1918848
1920136
1927223
1936955
1945045
1946197
1946821
1949042
1949684
1955863
1957846
1966697
1967660
1972779
1974987
1982112
1988448
1989062
1993573
1995882
1998606
1998963
