-1999207
-1996535
-1992573
-1985763
-1984663
-1981746
-1977284
-1974372
-1968170
-1967710
-1967684
-1963758
-1962729
-1954658
-1949286
-1942620
-1937657
-1934606
-1930707
-1929944
-1926838
-1925317
-1925271
-1907332
-1902312
-1899937
-1898680
-1884487
-1884347
-1881139
-1880532
-1879566
-1878821
-1876142
-1871157
-1870578
-1868666
-1862422
-1861678
-1860340
-1856052
-1850340
-1847441
-1842700
-1837957
-1837924
-1833583
-1831688
-1826101
-1825205
-1823224
-1820608
-1814834
-1814708
-1810927
-1804986
-1802570
-1794124
-1792094
-1791855
-1786605
-1763929
-1755841
-1751152
-1743823
-1743611
-1742091
-1736269
-1728413
-1728210
-1725071
-1724778
-1722004
-1718798
-1715663
-1708178
-1707971
-1705512
-1698105
-1695956
-1689785
-1680539
-1680426
-1658115
-1655376
-1653569
-1652049
-1643393
-1642523
-1638692
-1637042
-1635861
-1633643
-1632969
-1631569
-1625251
-1620896
-1617122
-1615463
-1613659
-1611439
-1607570
-1604162
-1600078
-1598645
-1597738
-1592406
-1590358
-1587242
-1583985
-1573915
-1573879
-1568735
-1565623
-1565156
-1543673
-1538162
-1528338
-1525042
-1520866
-1520493
-1515485
-1513890
-1507094
-1503615
-1499050
-1495632
-1494055
-1493460
-1493069
-1484487
-1483256
-1483018
-1476175
-1464591
-1449371
-1447919
-1438634
-1436875
-1419827
-1417275
-1416597
-1415979
-1411882
-1406403
-1395061
-1394853
-1391515
-1380775
-1378427
-1375867
-1374181
-1371406
-1369635
-1367170
-1365291
-1360099
-1357513
-1357488
-1356593
-1353387
-1352425
-1351555
-1350273
-1342334
-1338990
-1322957
-1305230
-1299830
-1295813
-1294853
-1294553
-1294538
-1289818
-1287642
-1280315
-1277640
-1277501
-1268836
-1268502
-1267963
-1266794
-1261658
-1244517
-1236006
-1234979
-1234366
-1232507
-1229261
-1228773
-1224466
-1218023
-1215239
-1213431
-1213162
-1211476
-1205836
-1194232
-1190965
-1188800
-1186424
-1186395
-1183695
-1183389
-1182877
-1166087
-1161153
-1155443
-1153131
-1132796
-1131020
-1125448
-1122880
-1120193
-1117502
-1116953
-1116540
-1114296
-1112024
-1110907
-1107856
-1107020
-1105318
-1099918
-1099559
-1098955
-1097226
-1093030
-1057565
-1057245
-1050805
-1040377
-1036549
-1035594
-1034959
-1027079
-1025818
-1024677
-1021100
-1020573
-1016564
-1014355
-1010423
-1000976
-995404
-990587
-987778
-964198
-957377
-947220
-943982
-942908
-939578
-939417
-937683
-927237
-927083
-920808
-919638
-918768
-904234
-902039
-897807
-887177
-881226
-878695
-878695
-877543
-876917
-876379
-875879
-875338
-874985
-874591
-873056
-869966
-868123
-862016
-856935
-855437
-851269
-837291
-833518
-831982
-830958
-827088
-824672
-822775
-822501
-822298
-822015
-814925
-811692
-811329
-811230
-810222
-809421
-808968
-807967
-804861
-804270
-799062
-798105
-791204
-789184
-788659
-786667
-786501
-783025
-773360
-766296
-764881
-763698
-761679
-758947
-740231
-735322
-734534
-728750
-727537
-725620
-715957
-709468
-699103
-695118
-694718
-683332
-683069
-676543
-668100
-666344
-665466
-663542
-660864
-650556
-643505
-631035
-626583
-626497
-619007
-617294
-615625
-612766
-612639
-608475
-603352
-601263
-598467
-597741
-592125
-591608
-590240
-588959
-583624
-583434
-579308
-577271
-576674
-572702
-571958
-571949
-555675
-551104
-542626
-537076
-534137
-530732
-517773
-512020
-510210
-507833
-503238
-501247
-500638
-493917
-488337
-487555
-471751
-461055
-456939
-455518
-453924
-445983
-443420
-443052
-435250
-427383
-424021
-421962
-420583
-418902
-418847
-412114
-409259
-403338
-397427
-396533
-389725
-385471
-382475
-377884
-372443
-367391
-351179
-339331
-334557
-332000
-331268
-328934
-325992
-323705
-322215
-318213
-315910
-299261
-298609
-295590
-293886
-293740
-289170
-288503
-288162
-287676
-286912
-285481
-279654
-279107
-270340
-262367
-261364
-251861
-247465
-244041
-238652
-238148
-234032
-231799
-230133
-230085
-222393
-218510
-214619
-211932
-203763
-201997
-196453
-195435
-191442
-188999
-182250
-181570
-175765
-175246
-173382
-169858
-165209
-160982
-140491
-135188
-126875
-122546
-121487
-121054
-120634
-117638
-115456
-108737
-106036
-104475
-98434
-98125
-97285
-93217
-92639
-90449
-89568
-84714
-81576
-78961
-74323
-72233
-71481
-67426
-62827
-59933
-57792
-54666
-53278
-52359
-49262
-42006
-37224
-34580
-33712
-16052
-13594
-10973
-3650
-649
792
3099
12164
19428
39250
39922
42407
42933
43740
54208
60869
62334
62563
64731
66383
66487
69209
71636
79223
87312
89720
95381
98131
98212
106663
109180
110533
112379
118864
121067
124729
127910
136030
143167
167691
173205
174863
177967
178905
179180
180874
181711
184852
194879
195518
199684
201651
203175
204882
207184
213286
214306
216053
218244
219883
220288
222654
222716
224667
228385
231173
233648
237035
239426
251231
253187
259699
264535
265551
273382
278875
284810
288526
289685
290444
298425
299227
301931
322088
330231
331267
332377
332738
342355
343816
351975
355189
356909
357770
357944
359304
359632
364647
366225
371521
373944
376551
376957
392190
397196
397843
398096
401240
403559
405358
408975
414595
415382
421887
423333
426583
426952
432154
433752
440386
443400
452017
459197
461372
464140
465432
470882
471949
472401
479004
480274
484537
491417
492785
495294
497495
499168
499563
500560
510585
512511
512802
513395
519422
521080
530550
530682
533353
534423
536174
536385
537088
548845
550600
555595
558401
558622
560044
560423
568305
583754
583906
589566
591809
592208
595794
603469
609357
613305
628622
641167
643606
648671
651359
682346
683668
686253
698015
702320
703117
706366
712678
728800
732419
739963
739972
740977
746150
750278
755885
756919
757265
759164
761182
762184
763387
768752
769132
773392
785587
787633
792846
806851
808460
812556
822507
824609
828655
835200
840789
847032
848812
849464
852483
854512
857514
860459
862512
878769
878933
880232
886513
887889
889264
890003
892672
894336
896792
897216
899733
900234
904610
906054
908264
914079
915203
926258
934960
940889
949752
961662
973265
982901
983624
985854
987693
988117
998461
1002883
1003360
1006503
1007160
1008514
1013691
1014367
1014413
1017289
1025100
1033863
1034365
1038868
1044711
1051350
1058462
1058931
1059353
1068826
1073316
1077212
1081614
1084937
1091486
1091831
1092840
1096389
1097560
1098097
1098991
1099181
1107590
1108235
1112310
1117790
1118205
1119882
1125638
1134425
1136022
1136480
1140838
1141426
1141450
1143040
1149612
1151273
1151717
1153974
1155665
1159593
1159650
1163774
1165819
1168659
1169009
1177143
1177414
1183729
1186859
1197023
1211329
1214782
1217001
1219826
1221000
1221733
1234980
1245029
1246624
1255019
1255137
1266564
1280889
1292213
1293489
1298243
1301309
1302443
1312115
1314006
1316661
1317108
1325050
1338286
1338437
1344506
1344860
1345693
1346877
1350012
1352659
1354737
1359140
1363723
1374010
1381831
1385396
1386733
1398880
1402879
1406639
1407269
1407758
1412330
1419643
1422026
1422862
1424027
1428503
1429498
1441018
1442699
1447635
1448695
1457674
1468109
1472247
1472629
1473811
1473908
1480811
1485548
1489832
1491858
1494329
1499846
1500970
1501185
1505716
1508912
1516345
1516723
1518784
1519221
1526356
1533140
1536796
1542168
1556453
1561530
1562292
1562641
1578987
1579257
1582285
1583976
1591897
1592511
1594255
1596142
1598193
1600030
1601234
1603404
1606046
1614213
1617849
1623926
1634760
1636306
1640080
1644533
1645823
1656575
1661434
1671114
1674143
1676132
1678124
1678486
1680739
1682991
1683334
1683380
1685200
1690459
1698127
1701064
1712528
1719404
1721334
1721854
1729740
1730621
1732054
1733410
1735370
1746622
1746824
1754069
1754145
1757883
1759957
1762264
1765435
1765785
1767715
1770743
1772494
1777933
1780856
1785441
1787302
1790887
1794332
1794576
1795454
1801342
1805119
1809631
1811451
1831120
1834529
1837549
1840491
1845223
1847763
1853821
1854548
1855403
1860387
1860538
1870959
1874984
1889403
1892131
1898032
1906462
1912715
1916584
1920388
1926319
1928922
1933529
1937002
1938886
1945320
1947351
1947687
1948054
1957119
1960987
1965336
1967591
1967760
1969057
1971568
1976936
1977988
1979765
1984090
1986388
1986963
1990383
1991586
1996151
1997116
