-1998194
-1997038
-1996809
-1996426
-1988001
-1987518
-1981120
-1970967
-1956084
-1955736
-1950716
-1947540
-1942455
-1938764
-1938587
-1935594
-1933384
-1932711
-1930673
-1917007
-1915154
-1909718
-1905581
-1889575
-1889546
-1887896
-1876945
-1874012
-1869468
-1867851
-1867299
-1865364
-1864738
-1863316
-1863036
-1860600
-1840611
-1840054
-1839738
-1836924
-1832949
-1814048
-1808692
-1803529
-1799988
-1790118
-1783013
-1770045
-1764489
-1758805
-1751859
-1744662
-1743529
-1739755
-1738105
-1734082
-1730721
-1726497
-1726270
-1725887
-1724800
-1723173
-1722961
-1718954
-1715942
-1709198
-1707406
-1707235
-1703228
-1696623
-1691578
-1683304
-1682576
-1675336
-1672894
-1669362
-1668697
-1664878
-1656826
-1648363
-1637888
-1632421
-1625893
-1625367
-1620393
-1618902
-1617087
-1604517
-1597872
-1579173
-1572472
-1571531
-1568819
-1559354
-1554948
-1549800
-1549453
-1548498
-1545516
-1543988
-1540915
-1534016
-1533183
-1528954
-1523806
-1517887
-1510504
-1506310
-1504930
-1503362
-1501099
-1497770
-1492473
-1492136
-1489226
-1485673
-1485666
-1482270
-1481227
-1478436
-1470211
-1462005
-1457664
-1456740
-1455692
-1444254
-1442752
-1440427
-1437305
-1418954
-1418854
-1416187
-1414725
-1412675
-1412412
-1409349
-1400716
-1399141
-1399023
-1396990
-1392084
-1384576
-1384003
-1377689
-1375755
-1375051
-1370490
-1362019
-1351176
-1350319
-1349384
-1345256
-1336509
-1335104
-1332188
-1330293
-1317927
-1314920
-1313380
-1311742
-1311442
-1310103
-1301981
-1300140
-1297695
-1297543
-1296254
-1291887
-1283548
-1280416
-1276450
-1273654
-1267713
-1267426
-1266937
-1264594
-1264496
-1263981
-1258124
-1250749
-1250293
-1235624
-1227318
-1220622
-1220424
-1219853
-1219199
-1208456
-1207006
-1205334
-1198684
-1196708
-1195829
-1192895
-1189284
-1179466
-1177305
-1176025
-1166927
-1163383
-1149242
-1147997
-1147801
-1143553
-1141943
-1141613
-1141159
-1139590
-1137358
-1135441
-1123293
-1123160
-1108223
-1107855
-1104203
-1103789
-1095109
-1094887
-1092494
-1088745
-1088702
-1087878
-1087437
-1085442
-1076413
-1072757
-1071594
-1063244
-1062174
-1062071
-1060686
-1053707
-1042276
-1033746
-1021288
-1017863
-1014751
-1013572
-1012110
-999831
-997866
-992271
-987116
-984163
-978312
-977292
-970335
-968146
-966824
-964095
-958546
-951596
-948477
-948161
-946753
-944596
-940736
-931440
-930171
-927382
-927050
-926830
-922449
-918876
-903314
-899991
-894103
-893950
-891569
-885264
-875589
-868347
-864751
-863259
-863068
-849199
-840932
-836153
-830635
-829899
-828647
-826062
-824952
-821333
-804464
-804461
-795731
-792798
-788623
-787668
-787535
-787184
-783598
-778827
-776194
-773550
-772007
-767234
-766051
-758827
-757617
-754424
-742350
-741938
-737621
-732464
-729220
-726891
-709614
-702136
-699934
-699866
-689352
-687676
-684715
-679369
-676236
-672291
-669567
-668411
-661135
-660986
-660286
-659682
-658824
-656997
-654056
-652529
-652166
-651082
-649378
-646547
-637204
-631500
-628495
-624190
-621602
-616824
-607915
-600111
-593576
-588987
-586154
-572379
-567445
-561044
-560010
-557492
-548301
-544967
-544388
-543012
-539806
-524919
-518004
-517591
-508697
-497706
-496956
-493573
-484797
-483503
-479392
-473002
-472773
-472583
-470438
-467879
-464632
-461395
-454728
-452489
-452442
-445567
-441808
-439995
-432843
-431080
-428197
-421079
-418384
-407663
-404133
-395450
-395326
-395033
-394329
-389246
-388958
-384412
-382132
-380455
-378297
-365271
-361425
-359760
-358805
-355434
-349010
-348192
-347457
-345404
-345153
-340388
-339298
-339196
-335041
-333006
-328463
-314958
-313956
-300981
-299136
-297516
-286634
-277997
-271810
-264946
-261666
-253752
-251739
-247430
-242120
-236396
-231976
-222501
-217839
-212819
-212809
-210757
-184612
-179566
-177858
-167542
-162924
-161080
-158033
-157244
-153219
-142648
-142465
-141632
-140616
-138396
-138223
-134802
-132792
-127929
-120742
-116592
-115478
-115442
-106942
-102210
-90510
-87757
-69658
-68125
-60062
-47457
-41354
-39597
-38279
-33927
-32526
-30260
-29234
-24454
-18674
-17999
-10638
-9314
-8797
4886
5151
6443
6746
7192
11041
12330
13554
15110
16135
25826
26423
31004
33295
34778
40641
46910
48922
49068
54806
59309
60106
64289
76282
79664
81035
83424
84311
93280
97292
99464
100591
107431
108583
112343
120544
129301
129589
134838
134876
140277
143075
145513
164545
170658
172530
174260
176259
177851
178226
180794
184438
185777
185869
188334
190511
191278
196935
198526
210052
216073
221512
221980
222104
226840
230326
232978
236454
240412
248547
249003
249005
254738
255973
256807
257710
286165
294983
299675
301833
304175
306769
308198
311534
312864
312942
312958
315231
316825
321968
322548
325336
328371
332413
332493
334897
336796
337937
340903
357104
364114
372391
383201
384265
388433
388875
389199
392604
397524
399177
399219
399379
400079
409952
412078
412939
413894
420037
423443
426272
438989
439129
441029
442411
463648
463928
467350
470863
472607
473285
485571
487948
497543
499358
501516
505951
506698
508372
514963
517596
517632
523089
527075
532980
538520
540627
543058
543158
545966
548124
550375
553681
554335
557759
560944
563330
564684
568062
571999
576267
593529
603792
603969
611320
617790
623250
627620
634044
639198
643375
645432
651011
665358
667095
672912
674346
676662
679015
680486
684557
688851
697019
699398
700646
702687
703829
707036
713209
717253
720875
724884
727575
730873
736018
736309
740013
744174
745059
746147
761561
761936
762083
764361
767397
767402
772072
778974
780628
782374
784582
787061
792654
794963
796329
797662
798967
801593
805457
809359
818319
823816
823947
827153
832108
832730
835351
838059
846757
858300
860648
862776
864660
869155
870020
873430
889982
891364
896048
903747
906000
907391
927092
929172
933280
933580
935483
941619
946314
948779
953916
962754
965462
967236
968871
969038
971669
976285
981039
983531
986342
990730
991593
992923
994143
997603
1000616
1002753
1003236
1003868
1009095
1009407
1012144
1014291
1014989
1019394
1032295
1040265
1040321
1040790
1043260
1050368
1057166
1058356
1059432
1072618
1081196
1082378
1083370
1093627
1094762
1101123
1102226
1102507
1103531
1106420
1109631
1114736
1119073
1125308
1125697
1134328
1134386
1138813
1150064
1153884
1154618
1161376
1165820
1165968
1178255
1182012
1182360
1184318
1190598
1190970
1197308
1204976
1205866
1213416
1214317
1219220
1229010
1232544
1233823
1234314
1239017
1239668
1243933
1256061
1257767
1262490
1265037
1265607
1265679
1267056
1270867
1275567
1283117
1287209
1288670
1293126
1300960
1308157
1315069
1315287
1316641
1341101
1342669
1343680
1346939
1349556
1354133
1355185
1355990
1357934
1359370
1360875
1368211
1371977
1374818
1378464
1379940
1381201
1381792
1385821
1390648
1391531
1392734
1396524
1400071
1402428
1404547
1408065
1409549
1409898
1410327
1420135
1427921
1428119
1433460
1441507
1449075
1449340
1451007
1455617
1468846
1470168
1474311
1475275
1476936
1484367
1492663
1493743
1498617
1501151
1502023
1504052
1509012
1510480
1520458
1521566
1535737
1541595
1541597
1547784
1550369
1551682
1552473
1556702
1559084
1559318
1560985
1565740
1566956
1572145
1577846
1580173
1583730
1584005
1585334
1585997
1586467
1587859
1590986
1593062
1594194
1594248
1594950
1606258
1615342
1618450
1618622
1627218
1629433
1633313
1634368
1634433
1634560
1636980
1638168
1642748
1647663
1649890
1653465
1654865
1659960
1670294
1672683
1673033
1673369
1676666
1677326
1688316
1690411
1694499
1695155
1695858
1701811
1706998
1707383
1712356
1715744
1718735
1720549
1734348
1741778
1744808
1751552
1758747
1766037
1769304
1777472
1778054
1778238
1782836
1783696
1790770
1793914
1798442
1801181
1819388
1820306
1828952
1831835
1834911
1839187
1841481
1848804
1849555
1852219
1854874
1856465
1862107
1863972
1867185
1872135
1879331
1894976
1899242
1903040
1905205
1905371
1915597
1919651
1922596
1923825
1927557
1934170
1939983
1945401
1947285
1947892
1949786
1953313
1956385
1956691
1971376
1972207
1980013
1983881
1985831
1986632
1994418
1996829
1997547
1998577
1999343
