-1999808
-1998432
-1994175
-1984893
-1983334
-1983330
-1978419
-1975523
-1974819
-1967509
-1965909
-1963975
-1953959
-1940596
-1934489
-1916958
-1916376
-1908728
-1908700
-1908091
-1905737
-1891269
-1888702
-1872444
-1870283
-1865721
-1862717
-1862334
-1857919
-1855229
-1850253
-1839368
-1838272
-1837308
-1835760
-1832512
-1829091
-1827907
-1826258
-1825161
-1817180
-1814385
-1811197
-1808870
-1808819
-1808590
-1807013
-1806730
-1806160
-1800344
-1797581
-1794918
-1789901
-1789734
-1780684
-1777629
-1773278
-1772692
-1771864
-1760658
-1754923
-1753333
-1752570
-1748820
-1743241
-1740048
-1735975
-1734840
-1730507
-1727792
-1722613
-1718143
-1704749
-1700591
-1698601
-1695910
-1691242
-1689477
-1684745
-1683992
-1681862
-1681159
-1680102
-1677626
-1672751
-1665858
-1662051
-1633729
-1633096
-1630324
-1627083
-1618557
-1610888
-1602848
-1601812
-1593401
-1590423
-1587809
-1585837
-1584824
-1582914
-1579284
-1578306
-1576437
-1576428
-1571022
-1568067
-1567543
-1560977
-1558441
-1556204
-1556172
-1554036
-1550538
-1550428
-1548155
-1547102
-1546611
-1526704
-1514243
-1513196
-1510280
-1510013
-1506493
-1504591
-1502594
-1499643
-1499157
-1494430
-1492298
-1488857
-1488597
-1488054
-1485269
-1480986
-1476293
-1475388
-1471404
-1467979
-1449717
-1433632
-1427387
-1423525
-1423157
-1422684
-1422655
-1422468
-1414986
-1408502
-1406538
-1406315
-1405187
-1401076
-1400029
-1398447
-1398414
-1396981
-1390561
-1390418
-1384497
-1380818
-1377649
-1373095
-1368193
-1365286
-1361684
-1353240
-1350183
-1344635
-1334002
-1328821
-1325610
-1320384
-1313217
-1304878
-1303675
-1299773
-1298819
-1297462
-1295499
-1283066
-1282050
-1281975
-1279305
-1271702
-1269580
-1266756
-1258765
-1252351
-1248303
-1246179
-1244365
-1242087
-1241830
-1240718
-1239921
-1237876
-1237471
-1236809
-1235696
-1225036
-1222348
-1221854
-1220345
-1220055
-1218741
-1216954
-1216362
-1211992
-1211557
-1210988
-1207966
-1201178
-1201160
-1199474
-1195236
-1189714
-1188144
-1183167
-1177266
-1172165
-1169406
-1168660
-1167710
-1148877
-1137405
-1134817
-1121985
-1120562
-1119789
-1118760
-1114952
-1111411
-1111308
-1108480
-1105475
-1101819
-1092156
-1081907
-1071332
-1058362
-1054192
-1050025
-1041472
-1036306
-1030163
-1026251
-1026175
-1009079
-1006257
-1005526
-1004186
-997361
-994119
-989378
-985929
-985414
-983720
-970133
-962974
-962941
-956800
-945324
-942321
-935845
-935517
-934154
-930518
-923377
-922982
-919528
-915023
-911822
-905742
-904320
-904005
-894784
-891803
-890913
-890786
-871041
-870922
-870525
-870349
-866270
-858878
-857700
-856044
-853244
-849151
-838893
-835197
-824233
-816626
-815393
-807770
-803986
-803039
-800960
-800583
-796992
-787891
-779035
-778842
-778352
-776260
-775590
-774451
-771524
-771484
-771070
-770232
-769062
-764090
-762771
-752426
-747825
-741760
-738506
-731381
-721692
-707611
-706235
-700518
-698030
-697444
-692460
-679846
-676875
-676476
-672620
-668597
-660305
-659124
-651184
-650607
-649870
-643680
-640911
-639344
-639034
-637816
-626410
-624492
-619571
-617875
-614496
-611811
-609025
-601079
-595178
-589443
-586520
-584078
-576652
-576533
-562844
-559877
-558529
-554922
-549407
-548666
-547872
-547374
-544953
-538738
-536567
-533515
-533156
-531728
-531325
-530935
-525728
-525368
-512282
-508129
-493649
-492517
-482278
-479727
-479296
-478734
-464275
-450992
-450773
-449727
-444793
-438893
-433184
-426240
-426175
-418291
-413762
-410114
-409452
-405884
-405238
-396716
-395382
-387027
-386885
-384724
-378487
-376060
-368116
-362121
-360529
-358162
-356864
-350211
-344617
-339193
-331408
-328894
-324688
-321244
-316924
-307513
-307109
-306590
-306416
-301239
-298071
-297201
-296584
-291860
-289870
-288835
-278726
-276903
-274989
-271337
-266792
-261883
-254629
-251221
-249961
-248666
-247514
-247084
-244594
-240593
-234401
-227384
-225943
-223673
-214647
-211342
-211126
-211114
-210627
-204380
-195244
-194931
-191757
-187460
-181073
-178246
-173371
-165518
-161767
-161533
-159472
-159430
-153081
-146502
-131366
-125643
-122343
-122098
-122009
-116469
-114296
-113647
-107560
-104470
-102917
-102436
-101237
-99247
-98070
-94771
-93012
-90693
-83767
-83323
-73069
-72046
-69526
-59069
-58033
-47602
-46374
-34506
-33747
-28749
-28128
-25833
-21403
-18951
-18799
-15483
-10016
-8751
4061
5860
6550
14863
15664
16540
19166
25934
28473
28863
38241
39246
45442
48794
50384
50958
54084
59364
60875
64904
66436
67988
75948
78273
94761
103435
106608
107325
107507
108692
122108
123506
123516
124613
138192
138907
140048
140708
141367
142165
146518
147550
148463
149274
159562
160303
163087
163735
172978
185076
203158
210807
219976
226930
227144
232706
239032
240884
255696
272328
272357
273321
284551
288093
289175
296601
299667
300924
301292
303775
304043
307104
314732
317131
325265
336407
340322
343220
345597
346207
352373
354990
364150
364307
374407
392994
394733
406403
410954
412382
414227
415543
417748
418035
421068
423995
425615
432115
432326
437741
438141
438585
439413
448388
454434
456440
456517
468599
473064
473685
475220
482033
488190
493375
494827
495229
500820
500908
510422
513608
513999
520036
521113
522839
526800
528889
537063
537314
541517
547511
548831
552316
556749
557963
569066
573562
573939
578671
579489
580507
582313
582938
586479
588855
595381
596610
597502
600553
603591
604625
606081
610113
610335
611090
611549
613865
614488
627281
631428
633782
642522
642843
643844
644461
650305
650726
651214
656312
667421
669439
673857
686722
693107
695243
704360
705176
709107
718398
720921
738650
740282
742074
744379
744890
745091
750722
751096
753139
755368
763895
771694
780079
780516
783781
788708
790926
797872
801858
802800
805365
806174
807238
808354
811891
815908
817323
822834
824995
829283
833987
847610
848173
855579
867474
876474
877137
883133
885767
897628
899327
901844
910486
913496
913879
917552
922261
931000
931038
934183
939565
941650
942583
945806
950488
951853
951933
953731
959438
960314
960648
963119
968498
970450
973236
994425
1001855
1003442
1006936
1009191
1009348
1010693
1013401
1014393
1045711
1051426
1057601
1059687
1064986
1071276
1078531
1084320
1087875
1088135
1088823
1091551
1101035
1102671
1105722
1106872
1111918
1123079
1125333
1127684
1134177
1135128
1137035
1137051
1139647
1139815
1140292
1147846
1151945
1154933
1157244
1159203
1165150
1166582
1175142
1178597
1183262
1188214
1190212
1191411
1193451
1195777
1209118
1218967
1220818
1223154
1224691
1225381
1228619
1235330
1236983
1241451
1241922
1242329
1245706
1260023
1260386
1261874
1262090
1263822
1264596
1266096
1276104
1276974
1287030
1290715
1295303
1295898
1297886
1305576
1309598
1312037
1315565
1318465
1329249
1334896
1335773
1348856
1350484
1353342
1355082
1355592
1361517
1361850
1362525
1390454
1394893
1399731
1410678
1411675
1411896
1417408
1418224
1419943
1422521
1429338
1432417
1434986
1438874
1442394
1445269
1452864
1457364
1461978
1463248
1485813
1494844
1495894
1503193
1507141
1507643
1508768
1518429
1522266
1522635
1532729
1542712
1547088
1558847
1562894
1563382
1565454
1569011
1570874
1577922
1583394
1592422
1592754
1595076
1602238
1610189
1612192
1612219
1618657
1619869
1621128
1624408
1630302
1630815
1634043
1636493
1640264
1641198
1642859
1647258
1653368
1658643
1664796
1665222
1666394
1666786
1668886
1669694
1675152
1679139
1685026
1686780
1687753
1690356
1700494
1702839
1707570
1709753
1712244
1713323
1714497
1715046
1716680
1718813
1719207
1725104
1727047
1732151
1737663
1738777
1745768
1749932
1751690
1757210
1762638
1763204
1770720
1771398
1777289
1783805
1786846
1789290
1791712
1792673
1796825
1799089
1805790
1817068
1818981
1820419
1820830
1822137
1830475
1832320
1832508
1832841
1839062
1841525
1845195
1846955
1853168
1860750
1862705
1868509
1873122
1874867
1876205
1876801
1880167
1882438
1890445
1891203
1894124
1896070
1898082
1902005
1906561
1908625
1912691
1913671
1919548
1927207
1930489
1931103
1943699
1944859
1945636
1946389
1948028
1949488
1955775
1958183
1959015
1968771
1970326
1979073
1981771
1987357
