-1998710
-1996969
-1993087
-1992255
-1989726
-1988212
-1984195
-1979018
-1969884
-1969213
-1964903
-1963047
-1956830
-1953381
-1948538
-1948403
-1946405
-1944322
-1938735
-1938099
-1937806
-1930812
-1930541
-1929623
-1928661
-1922990
-1922794
-1922108
-1921658
-1919815
-1919065
-1916278
-1909125
-1907915
-1904302
-1903947
-1903437
-1894913
-1894358
-1891036
-1888728
-1884355
-1883286
-1880636
-1877023
-1875015
-1870355
-1867346
-1862222
-1860838
-1859837
-1858263
-1855935
-1838841
-1836038
-1832661
-1828680
-1821232
-1817987
-1810609
-1808971
-1806063
-1797802
-1790006
-1787455
-1784543
-1775474
-1767312
-1756721
-1754903
-1754420
-1752687
-1748622
-1739975
-1736773
-1732926
-1722943
-1720945
-1717045
-1708031
-1705007
-1699252
-1691695
-1681000
-1678576
-1678497
-1676631
-1664408
-1662331
-1657775
-1654248
-1651305
-1645383
-1628937
-1628629
-1621803
-1615739
-1612493
-1599001
-1593351
-1589121
-1588762
-1583755
-1583132
-1581839
-1577126
-1574033
-1573540
-1570954
-1567470
-1562406
-1560512
-1559773
-1558897
-1551816
-1540504
-1538866
-1537402
-1531316
-1528644
-1522293
-1517900
-1517027
-1516341
-1515400
-1505743
-1493703
-1488256
-1483822
-1479151
-1470008
-1469383
-1463815
-1462360
-1460449
-1457520
-1457182
-1450555
-1446690
-1440918
-1435748
-1427327
-1427011
-1415150
-1413403
-1411175
-1408381
-1407923
-1402652
-1399140
-1399093
-1395533
-1391834
-1391309
-1390980
-1388249
-1380809
-1379501
-1377108
-1376417
-1373809
-1367116
-1359577
-1356316
-1356014
-1353195
-1347457
-1346737
-1345006
-1343987
-1342111
-1341692
-1338302
-1336635
-1336292
-1333356
-1329289
-1328745
-1326125
-1324117
-1323608
-1310590
-1310379
-1309168
-1292172
-1284593
-1282898
-1277907
-1275765
-1274689
-1268763
-1262677
-1258479
-1244908
-1241800
-1233376
-1228790
-1228493
-1221308
-1217733
-1217609
-1216097
-1215194
-1211258
-1202116
-1201243
-1199060
-1193262
-1183286
-1170622
-1170158
-1168745
-1167390
-1166360
-1162591
-1161716
-1161555
-1160726
-1159402
-1150152
-1150005
-1145302
-1144584
-1144257
-1142289
-1139702
-1138220
-1126599
-1124418
-1116359
-1115474
-1109487
-1109157
-1103279
-1102821
-1092044
-1090058
-1082845
-1081975
-1072400
-1071988
-1070493
-1068159
-1065062
-1062641
-1058261
-1057008
-1051365
-1049533
-1042402
-1040262
-1037010
-1033656
-1018954
-1017815
-1014851
-1014840
-1008290
-1007671
-1006933
-1006381
-996180
-992903
-972182
-969146
-968355
-966584
-961330
-952724
-947418
-944527
-943330
-941911
-937489
-930880
-928880
-928699
-927169
-924173
-919949
-919836
-913531
-902777
-897504
-894280
-890937
-890754
-886952
-885664
-883901
-876640
-871456
-866587
-866293
-863375
-862396
-861853
-859863
-854596
-853496
-852605
-851116
-845304
-832765
-831617
-820562
-818448
-817682
-810341
-804682
-803825
-802182
-799367
-796986
-795327
-788433
-786685
-774794
-768139
-763618
-754909
-746681
-744034
-737451
-736875
-733177
-727302
-725243
-723089
-721410
-719784
-718488
-709746
-709254
-707861
-703390
-702806
-692477
-685530
-682644
-681936
-680950
-679447
-669396
-662587
-658261
-653096
-652302
-649675
-637818
-636211
-633943
-631007
-627299
-622489
-620101
-612405
-609710
-609703
-607086
-604725
-604323
-585614
-580378
-580179
-576568
-571000
-565642
-564926
-561442
-554145
-544877
-542513
-535062
-523573
-517642
-516435
-515150
-507458
-502261
-500702
-497280
-495493
-493216
-488096
-482221
-477341
-475289
-471232
-470087
-464575
-461514
-451789
-449192
-438965
-435239
-418675
-414567
-409374
-403623
-397299
-394003
-383149
-379444
-375973
-372598
-368649
-362785
-362416
-361810
-357578
-357153
-343386
-341119
-336765
-331224
-327557
-324898
-320359
-318622
-302286
-296541
-282147
-279226
-277584
-274083
-272999
-268354
-262237
-261189
-249889
-245849
-235395
-232684
-232509
-224555
-221706
-218219
-218191
-213974
-212003
-210578
-210365
-206278
-205452
-203503
-199982
-199037
-192919
-181980
-167071
-166870
-166353
-166082
-165967
-164081
-162271
-141895
-126736
-122856
-118994
-118473
-118392
-117225
-113825
-111919
-105208
-104528
-104319
-104253
-101096
-100830
-96599
-94719
-91086
-87459
-87023
-76999
-72882
-69059
-64862
-60978
-60848
-60600
-56285
-55488
-51496
-51110
-43695
-33895
-33818
-33734
-32980
-32664
-31193
-28707
-27878
-26488
-19795
-19792
-15328
-12488
-12379
-6903
-6069
-3964
-3242
-2681
-1969
4926
5176
5592
6547
8381
8939
10759
12655
16593
22667
24521
34495
38264
66713
67960
72552
73453
81626
82521
87174
89053
92067
92200
94619
101436
104900
108326
119438
120598
128782
135483
136350
142562
143386
146412
150603
152118
157593
165132
174703
178147
190926
195285
198117
202957
203782
205367
208283
210424
215071
215913
216729
217102
225956
238098
238140
241926
248800
252195
253659
254754
256092
256207
257580
258734
264064
267007
273645
274988
276098
277355
278513
279974
289220
293407
294948
298626
300491
304439
306408
306515
313386
315422
316651
326944
328653
332736
350374
350868
354586
361183
361702
369684
386271
390597
392573
399755
400251
401137
401666
421610
429089
429912
431001
439923
441968
446296
446595
458525
469721
469818
471171
474950
477869
477982
479744
483829
484472
489092
494764
520540
528542
531833
532498
533353
533378
533627
535081
544591
544725
546602
555720
557732
564044
567616
578850
579719
580963
583468
585015
585727
586807
601811
604891
614277
620613
620863
631038
631092
642259
645001
653713
663619
671828
675775
678556
686204
688323
690273
694811
700297
703084
705141
705350
706693
708782
710429
717504
734714
735743
737963
739250
739952
740804
742793
744741
745280
749076
753997
758027
764053
765642
769414
772683
774713
778337
784535
789050
790139
796903
798893
800539
802305
803847
808205
812293
828859
840497
856095
861296
863456
873681
874267
877838
878225
884282
886171
889790
890427
890767
897682
898520
906187
907092
911640
924520
928427
928781
928924
930690
930944
936740
944793
946708
958578
962427
964526
987861
996582
997093
1000664
1001524
1006970
1007537
1012437
1012885
1013221
1016834
1020067
1021079
1022943
1025641
1027290
1028375
1041820
1045613
1045832
1046207
1054775
1056877
1058709
1059477
1062938
1077725
1078779
1080023
1081179
1082189
1088288
1089330
1097268
1099281
1104556
1105182
1110918
1122152
1122575
1129676
1131895
1136861
1140969
1142482
1150039
1153847
1154641
1155718
1159036
1163126
1164343
1164575
1169499
1172666
1176038
1176093
1177205
1180185
1187386
1187627
1194872
1208801
1209127
1213341
1219654
1223992
1231394
1235600
1236423
1238271
1238945
1240418
1241271
1241426
1250796
1251776
1252658
1253587
1253692
1258709
1275302
1288471
1290150
1292538
1296716
1296865
1300222
1305673
1306006
1306052
1309074
1311681
1317652
1323410
1332885
1360704
1361639
1364586
1376366
1382308
1383505
1383794
1384521
1386242
1401848
1404044
1415502
1419287
1420069
1424258
1426991
1429188
1430494
1436365
1438785
1438807
1439490
1440681
1441660
1443118
1447122
1449936
1450357
1459924
1463088
1463781
1465337
1466248
1467239
1469600
1474347
1474417
1477862
1479603
1486378
1489471
1496751
1498440
1521239
1521888
1526189
1531900
1533194
1533920
1539221
1566525
1568683
1571642
1571652
1582732
1584938
1585480
1589078
1589226
1590876
1593340
1597896
1599045
1603254
1608143
1612339
1615714
1620465
1621386
1621522
1626164
1644394
1644978
1646547
1649363
1651446
1661071
1663362
1663934
1669082
1673529
1674860
1675512
1678184
1678336
1684939
1685097
1686604
1687074
1690900
1691058
1695388
1701672
1704249
1718254
1729117
1740690
1743989
1747455
1748056
1749176
1749734
1754489
1762188
1768368
1770195
1770845
1789378
1793697
1798951
1801819
1805928
1807148
1811273
1813863
1814926
1819157
1820867
1821749
1825204
1835091
1842497
1846333
1851001
1851410
1853958
1860799
1862574
1876476
1877990
1885247
1887351
1891097
1892405
1894038
1897580
1899385
1902757
1902983
1904387
1923385
1924475
1925064
1926812
1927972
1932604
1934467
1935576
1939075
1940694
1946358
1949499
1950459
1950904
1962609
1967691
1968951
1970453
1973961
1975740
1981568
1988122
1989384
1994076
1994721
1995502
1996644
1998799
