-1998932
-1996563
-1996256
-1994219
-1988647
-1977921
-1977775
-1974266
-1972065
-1959750
-1950452
-1950081
-1948766
-1947114
-1943923
-1938866
-1937794
-1932491
-1931137
-1927750
-1927073
-1926089
-1919239
-1918061
-1912158
-1911214
-1908725
-1908529
-1906667
-1903772
-1891097
-1890424
-1887657
-1887152
-1882659
-1873620
-1867272
-1864025
-1863263
-1862747
-1852691
-1851220
-1849101
-1848326
-1845955
-1836906
-1831135
-1824331
-1822854
-1822523
-1817241
-1810370
-1809893
-1801454
-1798236
-1797766
-1797643
-1783413
-1779105
-1779092
-1778015
-1775345
-1771777
-1766968
-1766543
-1759094
-1749803
-1748788
-1738937
-1735536
-1734299
-1733992
-1730185
-1727076
-1715080
-1712708
-1711915
-1702505
-1695913
-1695461
-1690588
-1687433
-1686853
-1685898
-1684903
-1669380
-1667638
-1664572
-1662843
-1662768
-1656276
-1649626
-1647004
-1646320
-1644687
-1641192
-1636389
-1634543
-1622560
-1619806
-1613523
-1609035
-1608719
-1608618
-1606888
-1600811
-1599774
-1597327
-1593235
-1589332
-1585161
-1581664
-1579984
-1577387
-1576451
-1576184
-1571313
-1571009
-1570678
-1569417
-1564165
-1561688
-1561390
-1560452
-1554999
-1542848
-1542829
-1538723
-1531934
-1527058
-1526409
-1521845
-1516140
-1515426
-1513050
-1510127
-1506521
-1506234
-1506135
-1501878
-1501390
-1500115
-1496155
-1495332
-1491647
-1489508
-1484219
-1479613
-1478823
-1474934
-1464917
-1463714
-1456859
-1447854
-1446182
-1438267
-1429114
-1425232
-1417653
-1417213
-1417051
-1413974
-1413063
-1410931
-1407864
-1407670
-1403796
-1395426
-1371492
-1371118
-1370789
-1368559
-1367743
-1365434
-1365368
-1363003
-1355836
-1350528
-1346415
-1345566
-1344363
-1340740
-1333515
-1330713
-1328251
-1322188
-1315559
-1314336
-1309601
-1307241
-1304705
-1298162
-1292611
-1285771
-1284262
-1283411
-1277969
-1268647
-1264042
-1261333
-1260068
-1258932
-1258114
-1254201
-1250741
-1250015
-1245901
-1238622
-1235920
-1223240
-1221984
-1221505
-1216500
-1215388
-1205572
-1201638
-1199872
-1197432
-1194518
-1192667
-1191907
-1179363
-1178352
-1177309
-1175363
-1172838
-1168585
-1167274
-1167209
-1164611
-1162909
-1158058
-1153570
-1142552
-1142130
-1127596
-1124994
-1114630
-1113111
-1108934
-1102104
-1101860
-1094125
-1093273
-1091480
-1090722
-1089996
-1089079
-1086083
-1082568
-1082229
-1078541
-1074282
-1069967
-1061443
-1061047
-1056832
-1053021
-1052887
-1049155
-1043534
-1043295
-1033582
-1033204
-1027076
-1021516
-1015841
-1010953
-1007290
-1005890
-1004211
-1002116
-999397
-998966
-987295
-983030
-978835
-975827
-959406
-959077
-956926
-954869
-949648
-947552
-947381
-943345
-928932
-924354
-909978
-907013
-905037
-904605
-902024
-894375
-883269
-883174
-874034
-869495
-864538
-852699
-845434
-843503
-840171
-833797
-832968
-817313
-814899
-807143
-806238
-804108
-800857
-798952
-798778
-796604
-793180
-787605
-786695
-775770
-773439
-762441
-758421
-757269
-754453
-753447
-742619
-740949
-740629
-739963
-737136
-736894
-733048
-730743
-729164
-719497
-717340
-715116
-707713
-703574
-702288
-702009
-697498
-695362
-694384
-688900
-685415
-678235
-672690
-672103
-671849
-671025
-660574
-655129
-649134
-644093
-643716
-639498
-634605
-624635
-624191
-622259
-618835
-618545
-614434
-603553
-594892
-586336
-585233
-580260
-579440
-568414
-564707
-562813
-558820
-553265
-549898
-547705
-529623
-528997
-528653
-523548
-521274
-517669
-511520
-504243
-499873
-498410
-495208
-487988
-486077
-471711
-471587
-471107
-468370
-467532
-459503
-458095
-447213
-443984
-443382
-443081
-441745
-441603
-439877
-435639
-429483
-426747
-426660
-421322
-421023
-416828
-412563
-409944
-409173
-394976
-387160
-385484
-383603
-382969
-381697
-366070
-350656
-341310
-335518
-330241
-327756
-323381
-305282
-299560
-299061
-295485
-292441
-292200
-291194
-288425
-282352
-281851
-281118
-278513
-278409
-278228
-277648
-275981
-275860
-272435
-268860
-267269
-266909
-262886
-246351
-243602
-231862
-223935
-223835
-221226
-196195
-192341
-192209
-188357
-181510
-180013
-170048
-167005
-165409
-164096
-161824
-157860
-149476
-147280
-137036
-135589
-129670
-129312
-128748
-126901
-124025
-120529
-120443
-119294
-117926
-107303
-103419
-103099
-102953
-101700
-101104
-89453
-78941
-72503
-66252
-65725
-49758
-44353
-43395
-43172
-27921
-21592
-15978
-10077
-7479
1848
4091
5761
7754
24336
30043
34256
34670
39227
45973
46261
47103
48608
52488
53525
53737
57241
66247
70958
77834
79045
80216
83536
91096
92953
96492
102225
123296
123741
129639
131292
132087
133836
134949
135097
137849
140580
159454
159457
170169
177124
178347
179638
181599
192501
205966
214882
218282
220005
220069
222987
223603
230712
232168
232284
237600
237699
238320
247592
248342
257184
257423
257919
257941
258731
268993
275208
284405
286960
289835
295332
300299
300772
310150
311829
316886
320306
321351
324774
333002
334150
335951
342979
345111
345827
346119
353323
368097
369995
373233
374850
380634
380643
381879
382401
385750
386192
394437
402154
405178
414575
418371
423067
426512
430435
437040
447915
454447
456205
459078
460456
467080
469822
469939
474624
475268
478486
478883
484889
486789
487097
487527
489274
492169
493347
498105
501464
506083
507793
507956
510882
515693
519879
527848
528673
530219
531456
538986
542586
543194
543389
550364
556110
562053
564194
569479
569772
572400
576996
578421
578483
585546
587277
590865
598202
602560
604523
633364
642778
646652
651822
652984
653967
655683
659770
665188
675082
676180
688085
690055
696014
702849
710772
710979
717773
725520
730238
730736
730801
737348
740535
740993
751602
757759
762142
762537
762942
767312
772572
775147
786461
787095
787138
798190
798750
800021
803714
810081
813093
814030
817068
834450
836506
837945
838788
850498
851986
852712
861944
866780
866937
871280
871446
875969
879486
879704
892396
893578
897797
900740
907220
909961
913096
914977
917780
919550
923243
924885
924926
927978
929683
932025
932762
935288
948438
952006
952478
955448
958837
972922
983331
983441
996061
996615
997820
999044
1001003
1005909
1007762
1015807
1016918
1019392
1024463
1030127
1032826
1033933
1035786
1051301
1062198
1066741
1067069
1069337
1073954
1081280
1091541
1092800
1096326
1105011
1113652
1114167
1123556
1127782
1131293
1134294
1134784
1136452
1138073
1138158
1140634
1147633
1148654
1151094
1158151
1160644
1163898
1175333
1176638
1180414
1189616
1191881
1194348
1204982
1210177
1213871
1215786
1216521
1218214
1223550
1225112
1228852
1229248
1231102
1231493
1242752
1244282
1246007
1249408
1254211
1257262
1261513
1262015
1262143
1262224
1265366
1265639
1271792
1276432
1281381
1286424
1287078
1316094
1321416
1321576
1323514
1338051
1341472
1342258
1344430
1346585
1349045
1355359
1355584
1356682
1359342
1361975
1363332
1363567
1370409
1374363
1376755
1382445
1386957
1388991
1392125
1394074
1394602
1401750
1404472
1408658
1411732
1413711
1428397
1429193
1430162
1434141
1449248
1460181
1464656
1464953
1468007
1469552
1470575
1470676
1472653
1473670
1486862
1493200
1494554
1497295
1500760
1501886
1508009
1516224
1516732
1520521
1521467
1522592
1527825
1533714
1537341
1542617
1546385
1546923
1548446
1551676
1552024
1555327
1556502
1562139
1571710
1573553
1574210
1581084
1588756
1592740
1594138
1595209
1605541
1610073
1611525
1617995
1618020
1633563
1634068
1637063
1639795
1644009
1649667
1651171
1652178
1656434
1657328
1657356
1659898
1660935
1665732
1670145
1681560
1688122
1697038
1697777
1699422
1701264
1708042
1711938
1720931
1729672
1734243
1735294
1746541
1748636
1750061
1751480
1754199
1757874
1759762
1765024
1766080
1766905
1773958
1780657
1787192
1791944
1793745
1795790
1799595
1801070
1801619
1801967
1806606
1811789
1818504
1824692
1824747
1825311
1828915
1831201
1832341
1835246
1841514
1842830
1843057
1843813
1852946
1866136
1872355
1891935
1899762
1902024
1909239
1909301
1913963
1914598
1914727
1918316
1920404
1920564
1922889
1929004
1932869
1934881
1936171
1939006
1947262
1949230
1951797
1961005
1961178
1963006
1967390
1974833
1976110
1977191
1978077
1986499
1989267
1993649
1994447
1994487
1999535
1999628
