-1999702
-1981577
-1979612
-1977768
-1972653
-1971316
-1965602
-1960164
-1958025
-1957542
-1953498
-1949416
-1936458
-1930658
-1930056
-1929517
-1927106
-1927082
-1927012
-1925351
-1924863
-1923815
-1914476
-1909878
-1906848
-1902135
-1898100
-1895414
-1892952
-1891821
-1891176
-1889161
-1885801
-1878117
-1877813
-1875838
-1874118
-1872539
-1869044
-1867942
-1865580
-1854637
-1854083
-1852065
-1843534
-1831205
-1830755
-1822179
-1821781
-1820390
-1818629
-1817453
-1811983
-1803271
-1794105
-1770579
-1767774
-1765032
-1759739
-1757758
-1757722
-1749425
-1748732
-1747465
-1741952
-1738515
-1738470
-1731978
-1731629
-1720792
-1709171
-1708359
-1705695
-1696858
-1687841
-1685436
-1679314
-1669420
-1667031
-1665652
-1663216
-1662205
-1657961
-1657289
-1655201
-1653973
-1650706
-1650536
-1649195
-1648564
-1646449
-1644639
-1642987
-1638661
-1637723
-1633894
-1622465
-1616632
-1611081
-1608825
-1608467
-1600432
-1588867
-1587976
-1587847
-1582434
-1582060
-1578702
-1575872
-1571256
-1561586
-1560282
-1557787
-1557778
-1551739
-1549955
-1544461
-1538381
-1536844
-1529835
-1528892
-1517043
-1512266
-1508578
-1507153
-1506399
-1503811
-1500315
-1493618
-1489931
-1485523
-1482410
-1482235
-1477065
-1476026
-1470599
-1469841
-1463481
-1460334
-1460264
-1448852
-1444298
-1429755
-1427105
-1424836
-1420113
-1419705
-1412369
-1399834
-1395224
-1394419
-1393803
-1393390
-1389169
-1388789
-1378485
-1370763
-1370021
-1363142
-1362625
-1358273
-1356540
-1346823
-1342881
-1336550
-1334793
-1328033
-1325383
-1322597
-1319527
-1316820
-1315968
-1314941
-1313296
-1308123
-1307002
-1300593
-1286202
-1285853
-1273841
-1272962
-1271469
-1270807
-1257461
-1257426
-1255748
-1242376
-1238674
-1237446
-1234789
-1233966
-1232048
-1220933
-1213779
-1208151
-1205538
-1201129
-1195684
-1194342
-1190196
-1187798
-1187638
-1183074
-1176576
-1170728
-1169687
-1158168
-1157961
-1141944
-1140754
-1140593
-1140309
-1134900
-1134103
-1131603
-1128614
-1127233
-1121096
-1116654
-1116193
-1114907
-1111285
-1099671
-1096618
-1096363
-1094294
-1089843
-1089238
-1080066
-1079107
-1075927
-1075129
-1072429
-1072316
-1067988
-1055559
-1055418
-1054777
-1048387
-1037029
-1035216
-1034805
-1032912
-1030734
-1030535
-1028812
-1025507
-1023319
-1021893
-1021649
-1016821
-1010045
-1008471
-1005912
-1002154
-997946
-995616
-983694
-980391
-978536
-978149
-976842
-972711
-967757
-962792
-961821
-957917
-951064
-941078
-940494
-936533
-935953
-934910
-926012
-924085
-923382
-923248
-921662
-902320
-892934
-891191
-879026
-872054
-869979
-868443
-860471
-859207
-856318
-852890
-845774
-840718
-840635
-830736
-827945
-820707
-818169
-810786
-808331
-796644
-796097
-794462
-792477
-786934
-782661
-777018
-768496
-766020
-764000
-759774
-740432
-740359
-739084
-736780
-735762
-735552
-735310
-732516
-729633
-714073
-697838
-697209
-693221
-690931
-688137
-687291
-685041
-672692
-668554
-661322
-661280
-647931
-643703
-640744
-640366
-628852
-628504
-626547
-623523
-622499
-613319
-608201
-602793
-602615
-600559
-599339
-597631
-593403
-589494
-585332
-584639
-582738
-575159
-572795
-562715
-561696
-559546
-554865
-552990
-545598
-541583
-536564
-532694
-532531
-526684
-524481
-521288
-516182
-513957
-502500
-498717
-494762
-486979
-477361
-476049
-470340
-470319
-464637
-458817
-448153
-441222
-437586
-435489
-428325
-418855
-409834
-408804
-405622
-400384
-396967
-367400
-367034
-363715
-353054
-350640
-343430
-335886
-335819
-335621
-331747
-329547
-320435
-318815
-316758
-316718
-315409
-315222
-295044
-294607
-292502
-291053
-288789
-280673
-279293
-277496
-275258
-270265
-269855
-268280
-267985
-264295
-253133
-248781
-246120
-242552
-242100
-238234
-230407
-228580
-226495
-224114
-217906
-205296
-205062
-203377
-197859
-196739
-192909
-188802
-188085
-187024
-185036
-179747
-176626
-173902
-172774
-171618
-171155
-159317
-156885
-145046
-141925
-136648
-135486
-130610
-122806
-119676
-116487
-116098
-109615
-108047
-103727
-101921
-95610
-90920
-89582
-89046
-85656
-84698
-78819
-70933
-70891
-66432
-65765
-65670
-55905
-51178
-43983
-25285
-19088
-14271
-7845
-6168
-4174
8393
8861
9374
13741
18125
22768
25660
32905
42562
42897
44113
48448
57304
64437
69953
71598
72665
78949
79238
81338
82845
100042
109337
112017
114952
126537
128026
131080
138772
140145
144707
145447
148447
155143
159807
161860
167541
168498
172943
174211
174667
175615
182432
184288
186475
187443
191785
197863
201649
203599
210406
216053
218091
218771
218819
232045
232916
245684
246888
248355
249686
253932
253977
254870
255147
258084
261855
263706
268979
269718
273729
283646
287442
289517
290232
294715
297319
305619
306378
308939
309595
310644
312156
312179
313205
316680
317779
334732
341435
343492
344457
344969
353483
355233
356512
367051
373990
375225
375261
380229
383381
388863
392030
396712
398056
401566
421017
422476
422940
425776
428724
451023
451446
452442
455713
456699
469997
478165
479850
482709
487092
489896
490096
491302
491826
494519
495784
495929
496232
498224
503517
504156
507784
511087
511958
512541
515105
515214
518168
518545
520276
524373
528714
532113
537188
539556
550611
551521
555866
560454
561989
564177
565835
567417
568057
569619
573033
585078
593773
594116
599858
600995
609789
629413
630995
639418
644974
649414
656516
657089
660351
663437
664303
665689
665863
668227
668422
670262
671774
676842
679837
691591
693264
695956
699685
699808
700999
707773
724249
724473
738019
744625
757079
758544
759650
761844
768478
771806
774877
776070
785286
788952
791833
793304
807514
809178
814909
821327
824260
825374
826744
828082
828470
830891
837109
840369
846830
851053
852524
855604
857147
861587
863228
868430
877203
877631
879567
885163
885384
885761
888319
892135
902152
907964
913042
915616
926954
935670
936236
938978
939045
940251
942407
946072
947491
954563
956773
969479
972126
982804
982993
988904
989194
994356
995483
996365
1000848
1001884
1004302
1005641
1005903
1006574
1010989
1014082
1014414
1014576
1017609
1019673
1019697
1022710
1031191
1042453
1051436
1054817
1054973
1056224
1057871
1058033
1060718
1061987
1065964
1071936
1078170
1083639
1083986
1088729
1090603
1094279
1095452
1097260
1099677
1102349
1105160
1116968
1118877
1127736
1130178
1135698
1139814
1145106
1145487
1150296
1150871
1151868
1161224
1165392
1166518
1166863
1167188
1172076
1182573
1198753
1200016
1206285
1208505
1208661
1211849
1214307
1217274
1220630
1223295
1229942
1230751
1238349
1243530
1248971
1250106
1252893
1254398
1255855
1256572
1258894
1267523
1268029
1270599
1271343
1273349
1274624
1278332
1278737
1281325
1284677
1294076
1295014
1295667
1295763
1303885
1307318
1324321
1325808
1329261
1337933
1343834
1357618
1367017
1368142
1368453
1369695
1370560
1372404
1376951
1378849
1385083
1392522
1393199
1394802
1396791
1397278
1397803
1406944
1409877
1411749
1416685
1417879
1420900
1423260
1431757
1437646
1439026
1442062
1460627
1469896
1473790
1473800
1476221
1476233
1479911
1490257
1492658
1501570
1508350
1510450
1514624
1515532
1520358
1536186
1541505
1543075
1543401
1546409
1550210
1550411
1550844
1566982
1568233
1571548
1575332
1577716
1578578
1578833
1585617
1588550
1595890
1596775
1600078
1600852
1602333
1606280
1606949
1607917
1608681
1610942
1614363
1620578
1626134
1626213
1630694
1646459
1654412
1655270
1655815
1659905
1660523
1661066
1662877
1664750
1668159
1690221
1690789
1691043
1698283
1708981
1715977
1716350
1719399
1720301
1723640
1733714
1737685
1741489
1741724
1743658
1748576
1749941
1760521
1762097
1765162
1767009
1770315
1771033
1773509
1779700
1781746
1783733
1788512
1793643
1793722
1797696
1804272
1806236
1810052
1813018
1815158
1817502
1818208
1820140
1829489
1834448
1837852
1838161
1840316
1841334
1846592
1851967
1859415
1862437
1867137
1873164
1880251
1880921
1891709
1892407
1898382
1905396
1905680
1906304
1922183
1923530
1925495
1929158
1930914
1935217
1935791
1941824
1944585
1956590
1961026
1962132
1964991
1968124
1970042
1977671
1978122
1989195
1991947
1998279
1999129
