-1997735
-1993620
-1987836
-1987584
-1968609
-1956751
-1950990
-1945954
-1941225
-1929535
-1928105
-1922286
-1918704
-1918163
-1914309
-1909675
-1909159
-1908401
-1904455
-1898823
-1897916
-1896082
-1896016
-1895005
-1893614
-1884756
-1884718
-1884353
-1883839
-1882460
-1879231
-1875511
-1872753
-1872009
-1870985
-1865347
-1865330
-1864159
-1850795
-1849384
-1846221
-1844886
-1843867
-1838840
-1831115
-1808981
-1796917
-1796634
-1796327
-1787277
-1786038
-1785586
-1782839
-1782542
-1774249
-1772566
-1764318
-1757118
-1755694
-1747268
-1742432
-1740050
-1738729
-1738410
-1737645
-1733360
-1732503
-1725783
-1722028
-1718591
-1714910
-1710008
-1704528
-1695632
-1690999
-1686717
-1680751
-1679007
-1678268
-1677031
-1674814
-1669586
-1668263
-1658011
-1648332
-1645394
-1641626
-1636486
-1622834
-1612927
-1611771
-1600047
-1595240
-1595236
-1593166
-1592273
-1586418
-1582156
-1580272
-1572281
-1556068
-1544442
-1541646
-1540858
-1537674
-1537314
-1530903
-1525298
-1523454
-1519323
-1511264
-1505793
-1498467
-1497252
-1494047
-1493803
-1492676
-1488941
-1486765
-1475452
-1473513
-1470369
-1466241
-1465394
-1449530
-1442986
-1433806
-1429819
-1424218
-1418198
-1417938
-1417327
-1398329
-1389675
-1389083
-1388874
-1388407
-1382909
-1377692
-1373933
-1372078
-1372003
-1369018
-1355681
-1342351
-1342344
-1339163
-1337853
-1325013
-1322240
-1320538
-1311508
-1309240
-1304123
-1301590
-1297797
-1294087
-1291383
-1281619
-1278796
-1273457
-1272689
-1272505
-1267438
-1264600
-1260494
-1252368
-1242660
-1241023
-1240700
-1240376
-1233350
-1230530
-1229579
-1229540
-1228555
-1227188
-1220066
-1212935
-1211278
-1203078
-1202142
-1200565
-1199666
-1197359
-1196552
-1195129
-1180923
-1178681
-1175289
-1171208
-1170838
-1169131
-1154676
-1153478
-1151371
-1146562
-1146299
-1145926
-1143166
-1140715
-1128925
-1126686
-1123696
-1122711
-1119480
-1104895
-1101170
-1093591
-1092221
-1091312
-1091127
-1090592
-1088186
-1081792
-1069695
-1069661
-1063572
-1061115
-1058498
-1058388
-1057325
-1057233
-1042043
-1041090
-1038062
-1038012
-1031319
-1029010
-1009747
-1008673
-1007469
-1006849
-1003547
-994921
-987251
-983600
-982811
-979709
-975630
-971901
-971692
-969924
-965679
-964939
-957238
-954637
-951713
-946685
-944885
-943156
-941438
-931742
-931723
-928360
-925947
-924032
-922545
-919446
-918054
-917113
-908064
-902722
-900417
-892760
-890501
-887567
-881039
-878699
-877357
-871555
-871427
-861863
-861327
-855798
-853944
-848018
-843008
-842182
-841045
-835699
-823570
-819695
-819441
-814670
-809852
-806264
-803070
-801794
-796994
-792769
-792561
-787948
-781447
-777744
-775551
-769689
-766108
-764486
-759011
-752590
-745291
-742318
-741801
-729287
-714436
-714258
-709402
-702694
-701874
-699765
-697069
-695781
-675702
-674096
-668753
-666168
-663657
-662023
-653422
-652566
-651005
-646842
-639304
-638220
-635552
-633763
-632862
-630378
-628540
-622869
-622279
-614125
-613208
-613203
-612750
-610273
-607789
-604386
-599908
-592850
-591141
-589000
-586259
-580502
-576620
-573950
-571839
-570716
-567191
-561163
-558851
-555633
-555364
-554743
-554397
-553609
-547963
-546443
-545116
-543159
-539634
-532828
-527963
-524401
-519032
-518014
-517503
-510640
-510097
-508025
-500265
-491967
-487874
-481732
-477281
-475063
-474148
-470612
-470375
-466084
-465928
-463602
-463096
-462428
-459777
-454633
-454398
-452359
-451412
-451298
-448443
-447879
-445911
-445007
-444359
-442150
-418321
-415909
-412924
-411689
-410216
-404133
-395760
-391417
-385508
-380197
-378226
-365452
-365222
-363599
-357757
-357257
-357030
-352380
-350545
-348164
-346739
-346084
-345346
-343096
-340473
-338098
-336867
-334898
-320042
-316911
-312086
-311899
-311607
-310556
-302251
-300517
-296333
-287425
-283463
-282509
-281602
-278381
-272519
-270887
-262965
-252576
-249864
-243035
-242706
-234656
-232185
-229551
-228608
-228468
-220771
-220215
-214462
-208432
-198550
-196144
-182255
-179424
-178047
-177815
-177168
-174844
-173312
-170845
-162364
-156054
-155793
-154879
-138170
-131503
-131244
-129451
-123565
-112450
-111404
-105822
-96946
-91240
-90457
-88166
-87964
-87299
-85631
-83336
-78694
-75624
-71813
-65441
-61225
-58074
-57901
-53074
-49813
-47767
-44669
-41761
-41531
-24521
-21339
-19783
-17750
-16416
-9653
-8695
-4163
670
18886
19797
20949
23049
30566
35197
39397
39640
43264
43778
46472
47597
53000
53366
63039
63568
65741
83808
84247
84674
86700
93288
98819
99019
101685
105150
110046
116351
116856
120121
124400
127924
131484
134624
140472
144556
145709
147263
148719
149946
150167
153155
154046
154066
170577
174951
175074
177080
179011
186568
188092
191730
193243
203951
206790
213858
227135
228873
239843
252116
254487
259401
261704
263753
264299
267960
280434
282442
283123
284595
287823
293928
294316
296271
308601
310123
310786
310927
311102
313202
313679
314425
314593
316670
321554
329698
332368
339259
342026
344988
348730
355701
355779
362323
367970
368733
380296
405981
414460
424529
426645
428648
429439
437148
441344
444192
445863
446935
448907
451469
456507
458468
466112
469421
472418
482970
490701
497339
498411
498569
499562
501689
503155
503906
512060
518456
528648
529542
529951
531200
534183
541866
546789
550657
551954
561010
562048
563382
568666
577706
582199
582926
584033
588264
589067
602799
603076
607484
612305
614319
619568
629153
630955
631264
631274
632774
635150
637297
639559
647752
654563
657441
664592
671017
671402
672211
675069
679985
684100
686366
692216
702204
713072
725919
728336
731707
732655
742534
748842
751141
760578
764626
765703
766727
768564
769328
772048
778942
786221
787640
790191
798069
798786
799635
804035
806287
807432
817839
825216
827448
830843
834139
846216
860694
861688
864281
867888
868186
872049
873159
875326
875653
875771
881022
881537
884756
886295
890335
891400
898585
899258
900513
901656
903313
905020
906099
912464
917834
918934
931910
940937
943134
943680
948829
957042
957756
960806
972714
973059
979231
979715
981427
990204
992389
992512
998535
1000914
1004546
1006583
1006948
1010697
1014908
1015567
1015817
1025137
1038879
1040968
1048438
1048560
1051476
1054656
1062396
1062460
1065913
1069101
1072821
1076271
1083850
1086363
1090706
1092622
1096815
1105700
1106332
1110362
1110496
1122931
1124906
1126887
1135598
1138910
1145083
1154117
1155153
1157435
1159007
1160079
1162321
1170103
1179554
1179596
1184687
1196428
1199610
1200013
1201626
1208762
1209951
1217000
1221612
1224160
1229042
1229590
1229783
1232974
1233980
1236506
1242471
1242918
1253590
1255737
1260107
1261491
1277713
1281527
1289132
1291120
1297564
1301358
1309803
1313178
1317050
1317772
1320241
1331936
1353570
1360885
1365483
1378621
1382370
1383505
1384197
1385851
1389409
1390027
1395271
1397187
1405148
1407732
1411780
1422550
1424165
1425687
1427578
1438001
1439909
1446691
1446735
1452678
1459128
1461025
1462187
1464294
1465460
1467381
1467780
1473536
1477321
1482282
1495684
1496960
1497139
1503786
1504066
1504272
1505548
1509736
1513173
1519312
1519942
1531625
1534291
1536947
1538030
1541008
1549419
1549801
1558310
1558952
1561460
1562807
1565416
1571863
1572348
1574870
1581726
1597626
1598643
1598996
1606868
1607956
1609330
1610590
1616293
1617272
1624678
1629120
1637188
1638826
1639901
1640245
1642317
1644418
1655048
1656578
1669348
1670151
1676796
1679820
1682303
1683841
1690896
1692011
1696901
1705552
1715636
1721448
1722542
1722561
1724220
1728073
1728849
1736187
1737031
1746967
1748692
1759530
1764097
1764172
1766671
1766869
1774538
1781366
1782799
1791009
1792961
1795167
1798337
1801679
1810795
1812443
1815566
1815850
1818395
1821835
1822542
1830657
1837364
1837957
1842934
1847012
1859810
1865239
1866160
1876099
1877883
1881045
1883369
1900526
1903573
1912462
1922354
1922354
1924511
1926778
1930644
1933486
1934875
1937277
1939076
1939295
1946443
1948508
1949206
1950421
1954206
1955846
1962175
1964418
1967240
1967747
1968918
1970185
1976430
1977715
1978154
1978199
1982299
1986575
1992779
1993139
1997211
1998786
