-1993287
-1990634
-1985281
-1982739
-1980419
-1978836
-1975431
-1964772
-1963543
-1954162
-1952284
-1947656
-1944914
-1943629
-1941285
-1929494
-1926762
-1925186
-1923085
-1916534
-1915045
-1909871
-1908866
-1903390
-1902864
-1901937
-1898293
-1896673
-1895155
-1884654
-1884527
-1875538
-1875063
-1869318
-1868163
-1868111
-1862458
-1861964
-1849384
-1844136
-1840525
-1834292
-1825970
-1818420
-1817657
-1815651
-1809102
-1806430
-1798475
-1794773
-1783014
-1776514
-1764202
-1755252
-1739857
-1738373
-1738202
-1731030
-1727153
-1725201
-1722149
-1721000
-1719677
-1709174
-1706960
-1692658
-1683895
-1683845
-1683421
-1672859
-1671703
-1663943
-1661629
-1657380
-1656224
-1654139
-1650942
-1649376
-1646160
-1642666
-1637559
-1634403
-1634027
-1633094
-1628283
-1624558
-1622633
-1614766
-1607511
-1606802
-1599792
-1587227
-1583117
-1580986
-1577033
-1570692
-1562632
-1562204
-1559694
-1559079
-1557485
-1550912
-1549160
-1548694
-1528217
-1528194
-1525461
-1523048
-1522918
-1514991
-1511474
-1501647
-1500171
-1497242
-1494499
-1485845
-1481852
-1474996
-1467225
-1467164
-1463673
-1462671
-1458182
-1451913
-1439140
-1437491
-1436304
-1435161
-1431475
-1430221
-1427194
-1423375
-1422382
-1421220
-1417790
-1416945
-1416339
-1411414
-1407579
-1407345
-1405428
-1403920
-1402155
-1392716
-1392078
-1388346
-1387965
-1385689
-1382787
-1381255
-1378941
-1374565
-1372044
-1370550
-1368310
-1365159
-1364797
-1364457
-1364171
-1361702
-1361446
-1354654
-1350982
-1350253
-1349426
-1340472
-1336721
-1335972
-1327568
-1326847
-1323256
-1318758
-1316509
-1312662
-1307096
-1306136
-1305416
-1297678
-1287123
-1287073
-1280812
-1278168
-1277792
-1268972
-1268182
-1262808
-1260130
-1254288
-1250491
-1245931
-1239603
-1219426
-1214091
-1191734
-1191220
-1187999
-1185877
-1175273
-1174484
-1165411
-1146922
-1146883
-1142586
-1141890
-1141279
-1134177
-1133025
-1129838
-1119504
-1119325
-1108695
-1099462
-1099317
-1098049
-1095388
-1090881
-1090144
-1085389
-1079868
-1075342
-1074152
-1069120
-1068180
-1065744
-1057596
-1055416
-1052668
-1049669
-1049367
-1047943
-1045671
-1040342
-1037927
-1035560
-1033862
-1033126
-1031679
-1030774
-1028306
-1023212
-1019048
-1017612
-1015181
-1013256
-1010956
-1009125
-1006495
-1002836
-1002398
-1000353
-993650
-993128
-984617
-980718
-976915
-976726
-969717
-966543
-961513
-957385
-955516
-954680
-950595
-943869
-939262
-932540
-930954
-930365
-929437
-927767
-925645
-925209
-909461
-909018
-907575
-903546
-892333
-892264
-889759
-884089
-872109
-871404
-869506
-855083
-849633
-847674
-844515
-841819
-841237
-838333
-835572
-831837
-823343
-822598
-808048
-806492
-803838
-797700
-795378
-792671
-792162
-785581
-775383
-774399
-767194
-758227
-757509
-755797
-754333
-746874
-742964
-738404
-734744
-732682
-729404
-727690
-726069
-721780
-720176
-713188
-707097
-706455
-698833
-698730
-696955
-695460
-684031
-683455
-682896
-681892
-678190
-677480
-665943
-655030
-647447
-646492
-645178
-644877
-641856
-641702
-641336
-640109
-639053
-637130
-636779
-635698
-635471
-634346
-633005
-632544
-629844
-625648
-625041
-620713
-620235
-620228
-613821
-613261
-608004
-604589
-602975
-602133
-596169
-589450
-583329
-574853
-573689
-571818
-568360
-562096
-558383
-557676
-555029
-548850
-547343
-538708
-538257
-536290
-535880
-515235
-513527
-500562
-499502
-495926
-491451
-491099
-490311
-483611
-483220
-481236
-479226
-478473
-473882
-470370
-464799
-463827
-459237
-454961
-453308
-446213
-444081
-441630
-429552
-426090
-418583
-398559
-398428
-392511
-391373
-389265
-373258
-372293
-369821
-364151
-363055
-360099
-357978
-354927
-352562
-345051
-344292
-343334
-342742
-336563
-328945
-322326
-319984
-316071
-315231
-309589
-309049
-303289
-300575
-298353
-295948
-294601
-287632
-282067
-280759
-280061
-279885
-277669
-277321
-274911
-273064
-266429
-264100
-255441
-254724
-247128
-224180
-222335
-221562
-213586
-213209
-208695
-205734
-185243
-184192
-178564
-175230
-163325
-160023
-157744
-144038
-136578
-132873
-129953
-118847
-118818
-117737
-112901
-112111
-111925
-111815
-110004
-102252
-95560
-87045
-81276
-72130
-70784
-63804
-53009
-49064
-38052
-37813
-37182
-32511
-32206
-25754
-20984
-7850
-959
-938
6161
21632
23487
33012
46955
54654
58331
60244
69125
70025
78514
83736
86090
86669
93887
94955
95876
99813
100641
100900
106753
110284
112591
114864
134306
135846
143015
151625
153439
156788
167107
170043
171956
174921
181265
185587
186538
194384
199214
202622
210409
224970
225387
228995
230360
233366
235156
237896
240384
241279
244461
244780
247728
248339
261483
263346
264511
269107
269155
269297
272166
273476
276685
276897
279254
283514
288577
289780
290115
290794
303095
304336
309642
311736
316640
318893
323540
324598
328277
339724
340129
348172
349266
349927
351139
353105
362720
364132
364552
364715
376917
390077
394228
396926
397954
403781
405859
407501
408145
415829
425748
434348
437540
450225
452401
454115
464336
468255
474797
475477
479654
485084
485476
485868
490916
496502
498600
499373
502790
503048
505660
511248
512942
518723
520123
521404
524475
524574
530877
533109
536333
536494
536665
537930
544664
547726
557049
559983
561603
562234
571605
581205
585625
586398
588975
589449
589689
591867
595736
598875
599172
599675
606585
607297
614402
625859
626509
631943
637008
643577
643870
647827
647948
655092
656931
662410
674446
683626
685197
689146
692233
693190
695022
700150
700668
702217
712898
714271
724001
725667
728020
728431
733916
742217
751711
758138
758667
764794
767974
768008
768230
775479
776821
780560
782248
783000
795574
796762
797524
805322
805600
815444
817968
820147
822626
823049
826072
827131
827509
832763
833670
836632
838969
845226
860030
864537
877006
879757
880024
882190
883225
887834
896006
896915
900198
900443
902234
903587
905388
907001
911911
917072
917880
919475
925313
931494
931715
934096
938254
938905
940484
946125
947025
948502
950884
953255
960036
968682
974228
974388
981465
986092
990654
992622
993697
994923
998145
999784
1008395
1009933
1010917
1029140
1036514
1036734
1050315
1051564
1056422
1056939
1061228
1064296
1069757
1071585
1075071
1080890
1081344
1085436
1087512
1091223
1097544
1099427
1110421
1121119
1123158
1126054
1127427
1127740
1130979
1131281
1132158
1134122
1138105
1150854
1151381
1152866
1155399
1160904
1177355
1181266
1190931
1194700
1200133
1202212
1209865
1210898
1211432
1213455
1218517
1220835
1222101
1232191
1239500
1248789
1259073
1264677
1268593
1269760
1273125
1274999
1277076
1279458
1282722
1283348
1285592
1288159
1292178
1298157
1305102
1311629
1313310
1315821
1323228
1323649
1324118
1324280
1325873
1330766
1338573
1345825
1345973
1354667
1356075
1356334
1356808
1371762
1375838
1377808
1381065
1383893
1386481
1395667
1399446
1400243
1400755
1403448
1407091
1415752
1416469
1419862
1425598
1439640
1441703
1442052
1445725
1448538
1452272
1454916
1468734
1478194
1481624
1485824
1492239
1494621
1499535
1502710
1503562
1526904
1532338
1542183
1545002
1547515
1548936
1549432
1551727
1554079
1555574
1556137
1560173
1560421
1564767
1572350
1579035
1579720
1581393
1585800
1586759
1590897
1599879
1608165
1620539
1623083
1624660
1624753
1633626
1634244
1637076
1637562
1637910
1639470
1648475
1652585
1653587
1654597
1657009
1659746
1661282
1662596
1668336
1673658
1679732
1679987
1682054
1689554
1689937
1690275
1690667
1695915
1698495
1699618
1700658
1701203
1703047
1704160
1711623
1716682
1717017
1725709
1731689
1736080
1739460
1742825
1744275
1746152
1753046
1755438
1761200
1761846
1762914
1771131
1775121
1776016
1785599
1789398
1790601
1793710
1797860
1798933
1804711
1808557
1814563
1815576
1817916
1821740
1822159
1824636
1832101
1843830
1848844
1855258
1856792
1857611
1861927
1864242
1864576
1865020
1865896
1867928
1877636
1901528
1904354
1907044
1911450
1912384
1913456
1915608
1921571
1921681
1929656
1935333
1937329
1944650
1950017
1951041
1956473
1960230
1966893
1969287
1973768
1976051
1976318
1976657
1978570
1981367
1992100
1996159
1996602
