-1996323
-1989981
-1987066
-1987065
-1981051
-1979476
-1977033
-1975103
-1975049
-1972544
-1954285
-1944102
-1943592
-1942020
-1938217
-1931109
-1928657
-1922047
-1920843
-1908854
-1905098
-1905016
-1899151
-1883387
-1882913
-1882382
-1877880
-1875515
-1873626
-1870573
-1868811
-1862667
-1859593
-1859312
-1858087
-1857630
-1857336
-1853249
-1849602
-1839413
-1829821
-1829621
-1812189
-1810101
-1808151
-1796442
-1779231
-1775382
-1772307
-1766283
-1762609
-1755825
-1753437
-1752620
-1742828
-1739201
-1738964
-1735401
-1731534
-1729300
-1726933
-1724566
-1723089
-1719238
-1718791
-1715817
-1712476
-1708804
-1708657
-1706991
-1703074
-1690926
-1687942
-1683137
-1681626
-1673828
-1672934
-1663448
-1658259
-1656857
-1646720
-1644177
-1638002
-1637936
-1637810
-1635582
-1634899
-1624768
-1617234
-1616262
-1606547
-1589309
-1576725
-1576208
-1573545
-1569700
-1568051
-1537916
-1536783
-1531974
-1522078
-1521045
-1518170
-1516969
-1516746
-1513797
-1513318
-1512134
-1511104
-1507178
-1504785
-1500805
-1500565
-1497073
-1490326
-1482386
-1481004
-1472421
-1446837
-1445859
-1441118
-1440498
-1435706
-1431775
-1423012
-1419887
-1415768
-1412845
-1409096
-1407088
-1397534
-1394852
-1368171
-1347779
-1334999
-1326477
-1325298
-1320428
-1312735
-1304107
-1304088
-1296189
-1295398
-1294168
-1293316
-1289030
-1288941
-1285407
-1283571
-1281193
-1274595
-1264211
-1254216
-1251821
-1250100
-1249912
-1238185
-1231311
-1231239
-1218559
-1217398
-1215978
-1214285
-1212792
-1205178
-1205085
-1203017
-1190224
-1184353
-1179385
-1174991
-1172500
-1171110
-1168192
-1160086
-1159414
-1156811
-1154435
-1154137
-1149934
-1147776
-1144386
-1143887
-1143562
-1132732
-1132495
-1131113
-1129426
-1127996
-1122070
-1119363
-1116083
-1114587
-1114011
-1103260
-1099895
-1096022
-1085622
-1075616
-1075316
-1070606
-1068970
-1057460
-1056093
-1054740
-1047581
-1044526
-1037912
-1036509
-1031080
-1027595
-1019132
-1015369
-1010833
-1010617
-1009721
-1004707
-1003210
-993851
-985304
-984190
-981960
-980882
-974498
-970652
-968445
-967766
-963127
-962081
-961913
-961208
-960572
-955536
-955442
-950809
-948987
-947697
-947057
-942340
-932609
-931917
-930333
-927819
-926530
-920866
-916209
-916117
-915227
-911122
-908599
-897604
-894148
-892250
-889429
-888974
-879561
-878857
-878600
-877137
-874463
-873141
-864178
-862326
-856494
-852262
-848686
-848411
-846324
-844458
-834882
-833477
-828472
-823619
-818184
-807671
-797843
-797370
-791963
-789808
-783464
-779563
-779313
-777347
-771568
-768233
-765130
-764199
-764108
-762045
-759290
-758995
-757650
-753039
-743853
-741744
-729290
-725239
-724469
-722138
-722037
-720995
-717939
-716588
-711860
-709647
-705350
-702650
-691311
-688306
-686510
-683370
-669558
-665505
-664724
-658645
-649558
-645282
-639137
-632263
-629034
-622041
-615309
-615178
-609830
-607748
-605082
-604860
-601743
-597062
-589116
-581136
-575166
-570410
-568107
-563737
-560709
-555939
-554998
-546126
-545295
-543406
-542616
-533502
-531879
-527517
-526289
-518005
-514101
-511879
-510411
-504246
-503290
-492255
-486546
-481846
-477611
-474355
-473931
-470018
-466132
-453377
-451076
-450957
-443683
-441154
-440203
-430501
-429571
-428201
-422220
-419629
-413660
-406594
-402904
-402772
-402539
-397669
-394764
-389678
-389097
-378584
-375194
-373697
-371354
-366808
-366737
-366264
-364829
-363341
-349951
-349401
-344498
-342645
-340098
-337865
-333784
-333440
-331031
-326722
-326449
-326335
-321731
-319452
-317166
-313400
-311471
-307161
-306019
-295581
-290905
-287597
-285990
-284959
-284825
-282433
-281275
-277437
-273480
-273111
-265849
-265687
-260945
-249319
-246460
-232835
-230992
-225483
-216914
-204391
-198207
-197643
-195147
-193291
-186677
-186213
-185731
-185630
-184264
-173111
-171177
-171080
-169528
-165077
-163081
-160459
-158604
-157453
-156128
-154618
-153648
-151651
-149307
-139871
-138725
-136601
-135959
-133906
-130722
-124909
-119062
-118207
-118050
-116487
-115669
-104345
-100428
-99345
-99278
-89592
-87943
-77859
-77061
-75385
-74887
-68645
-61618
-51014
-43592
-42564
-37199
-37073
-30894
-30296
-23523
-10702
-9900
-1300
4046
5163
8604
12498
28564
29034
33307
34680
38485
45840
48792
48796
57314
61806
70614
72736
74600
82992
89062
94537
97565
97631
102434
108042
110265
110839
118797
120262
121561
122893
124838
126501
143914
146463
161115
161488
171891
174931
175053
177714
192699
197294
197378
199275
205478
206582
207483
210505
211473
215682
216242
216960
219678
223082
223686
226664
227197
228222
233929
252947
253086
263835
266326
270363
272902
277397
278317
284000
289558
291839
292763
299490
304383
314487
316000
337061
347284
352278
359260
361240
365393
368969
371995
373678
373864
377736
377931
380195
382327
384810
385795
387386
392235
396380
405789
407914
410411
417351
425589
425993
427830
437745
440668
441631
444230
446751
450358
471658
473922
476525
481925
483689
485736
489498
490635
495417
498082
499554
499852
513514
516691
516797
520409
520993
525682
526686
526957
527396
530488
533880
538669
545601
548933
549067
557557
557697
558892
559437
559885
560964
563403
566338
568900
576197
577106
579118
587256
587712
589781
590795
591089
591998
596732
600302
600797
600864
601071
601561
601924
602116
608025
621260
625919
629141
632912
639965
643823
644085
647470
649902
653243
655718
656691
659565
660029
662800
664514
666650
671456
671737
672068
673031
676308
677270
683704
685768
687490
693332
693602
695876
698352
698482
699123
699595
700967
703757
714959
715923
723183
724702
726821
727078
727344
727755
733245
734217
735407
736270
739432
741582
742435
757707
758862
771228
772596
777623
782822
787386
797141
802698
805178
807140
809521
819550
825604
827285
827561
830844
833075
833938
837058
844677
845700
847113
847401
854638
855183
875819
882105
882496
887498
888701
889321
889558
891822
897088
899027
903419
906364
906634
932417
936479
943968
945454
946159
949760
970981
978443
983898
994550
999514
1005177
1008804
1013345
1020111
1021075
1045701
1051457
1052246
1053659
1054717
1056471
1058616
1077950
1080647
1088156
1093645
1101384
1104150
1104838
1109706
1116004
1116436
1128702
1136553
1137306
1141033
1142075
1149256
1158285
1159612
1162410
1164328
1170173
1177822
1182793
1193910
1194179
1197886
1198855
1199067
1201515
1204298
1207824
1208263
1219336
1219701
1225743
1236817
1244439
1244552
1247544
1249772
1252395
1257586
1269796
1283296
1283718
1295205
1298129
1300713
1300754
1302348
1303023
1307295
1308187
1308537
1314858
1315353
1334369
1336506
1340051
1342286
1345604
1347576
1354164
1355664
1364695
1372720
1382183
1383475
1386758
1389018
1394416
1404394
1406822
1406996
1409213
1410985
1411582
1413052
1413380
1417596
1422704
1426370
1426507
1430173
1432059
1432409
1433890
1434866
1443818
1446227
1462713
1465599
1474991
1480108
1481995
1486011
1486289
1487442
1491878
1494318
1505465
1505935
1508522
1510624
1512305
1524442
1524757
1535725
1546377
1547185
1548873
1549040
1549061
1550965
1555377
1557696
1558035
1569275
1582216
1584818
1591391
1592598
1597460
1599679
1599903
1601807
1602994
1608886
1610113
1610452
1612617
1629439
1631330
1632201
1632297
1634829
1643706
1646445
1650505
1653852
1655256
1658549
1659354
1674161
1675155
1677800
1679873
1682246
1682314
1683212
1691848
1694550
1696501
1697891
1704120
1705054
1705230
1709669
1710807
1713765
1723025
1725208
1728627
1729187
1736608
1741272
1741332
1742201
1745245
1745537
1746272
1746364
1752915
1754338
1766318
1766439
1767159
1769817
1770662
1770925
1771780
1772794
1776229
1777468
1783221
1793620
1795944
1802703
1807524
1811262
1811719
1812807
1819272
1820934
1821861
1832937
1838938
1839103
1839804
1842304
1845857
1847196
1848209
1852427
1855850
1861596
1861778
1862254
1864444
1866157
1866271
1878364
1880655
1882750
1887436
1895103
1903456
1905637
1906655
1909022
1910473
1910511
1918604
1921116
1934600
1937296
1940984
1944133
1944865
1960641
1961077
1963745
1965290
1971695
1973486
1975548
1976730
1988964
1990126
1991983
