-1998906
-1981451
-1981407
-1972274
-1970402
-1968059
-1966001
-1965597
-1965587
-1961144
-1951641
-1947588
-1945840
-1940924
-1939526
-1937812
-1936160
-1935109
-1933874
-1926207
-1910629
-1909965
-1908458
-1903890
-1896483
-1895825
-1880506
-1877301
-1874539
-1870910
-1870373
-1861264
-1845250
-1836702
-1834155
-1833526
-1832003
-1826842
-1826173
-1812717
-1810689
-1806687
-1792855
-1784910
-1780448
-1773835
-1772553
-1772117
-1770610
-1768283
-1766322
-1762982
-1762896
-1752378
-1751966
-1736795
-1732962
-1730518
-1728724
-1716637
-1715041
-1710908
-1708799
-1704984
-1703262
-1701057
-1695819
-1691168
-1685713
-1681638
-1681600
-1680257
-1674499
-1673292
-1672365
-1671591
-1665801
-1664802
-1660846
-1660378
-1655219
-1654460
-1653140
-1651719
-1644126
-1643350
-1637058
-1633220
-1631439
-1623167
-1614935
-1613602
-1613011
-1611732
-1609475
-1609147
-1604681
-1604507
-1603951
-1600168
-1599883
-1598229
-1596141
-1588835
-1577608
-1567016
-1562236
-1558359
-1549214
-1547104
-1541339
-1532861
-1524672
-1523865
-1522252
-1519368
-1514833
-1514646
-1514228
-1511489
-1504673
-1504164
-1504070
-1501429
-1497405
-1494468
-1482041
-1476870
-1461288
-1457748
-1456201
-1456102
-1455245
-1453631
-1449802
-1448612
-1446776
-1445323
-1443775
-1432850
-1422112
-1421465
-1421291
-1420908
-1420838
-1403701
-1402875
-1393569
-1390815
-1384581
-1384410
-1377756
-1376407
-1371276
-1362832
-1351878
-1348322
-1347617
-1338854
-1338024
-1329979
-1329811
-1329083
-1328725
-1326591
-1324165
-1323410
-1323050
-1321032
-1320226
-1319589
-1317426
-1312492
-1311304
-1303444
-1297577
-1295193
-1292919
-1290851
-1289662
-1284696
-1272597
-1272320
-1271155
-1267739
-1262390
-1261138
-1259298
-1254616
-1252332
-1250211
-1250173
-1248516
-1246445
-1245021
-1234751
-1227217
-1224611
-1214845
-1213642
-1211485
-1210366
-1204620
-1201892
-1197269
-1192914
-1192694
-1182590
-1180380
-1178679
-1178084
-1163586
-1157568
-1153337
-1142973
-1142012
-1135157
-1131904
-1129385
-1128333
-1125018
-1124565
-1117659
-1115748
-1114433
-1113439
-1110620
-1105307
-1103185
-1092426
-1085080
-1081712
-1070280
-1070278
-1069478
-1064819
-1063557
-1061561
-1057247
-1053665
-1047458
-1043490
-1040068
-1039638
-1036197
-1025342
-1021036
-1020264
-1017392
-1015727
-1015332
-1009361
-990471
-987275
-986479
-984843
-974226
-969266
-966492
-965884
-965800
-964953
-964322
-963428
-963013
-961677
-959549
-956188
-950968
-948754
-945151
-943565
-943057
-940561
-938997
-933635
-931439
-927656
-904921
-903422
-901282
-897235
-892092
-884070
-882981
-876812
-876454
-871533
-863218
-863008
-862806
-858002
-857888
-857677
-855691
-847010
-843433
-843188
-838195
-837722
-833806
-830602
-827291
-824136
-819516
-816608
-808105
-807726
-800813
-799742
-796119
-795489
-794047
-792792
-791291
-789074
-786732
-785813
-785353
-774380
-772339
-766958
-756222
-748998
-747546
-742318
-737158
-734659
-733959
-725629
-724290
-714422
-712404
-711130
-709615
-709232
-707252
-707193
-696903
-686388
-681726
-679529
-676912
-671187
-670217
-666395
-665955
-647620
-642158
-638741
-634908
-628738
-626798
-626167
-623471
-622426
-613546
-606058
-597823
-594689
-593599
-592718
-585327
-582148
-572820
-570497
-566220
-557655
-548211
-548077
-542903
-540368
-538841
-533603
-532736
-520908
-511833
-508760
-506996
-506506
-504261
-494952
-483905
-483534
-479650
-474917
-469328
-466237
-460641
-452654
-452339
-451707
-448301
-445880
-444229
-437781
-437413
-436942
-436867
-434241
-428757
-427154
-426917
-424132
-419646
-419012
-412595
-411250
-410141
-408282
-407338
-398794
-391679
-388531
-383360
-377640
-377369
-376664
-372954
-372663
-365307
-363931
-363899
-359256
-357766
-352614
-352441
-351867
-350308
-348594
-347154
-343390
-341629
-340905
-339920
-336310
-327385
-321782
-318250
-315928
-313134
-308827
-305817
-299847
-283373
-281789
-280100
-269318
-268968
-265159
-257671
-255908
-251433
-237790
-233415
-229018
-227765
-223557
-208109
-207770
-206369
-202570
-195945
-191217
-188909
-180170
-174019
-167211
-164542
-158774
-158451
-153535
-150677
-146624
-143999
-142477
-141687
-134394
-131803
-129524
-122748
-122618
-118740
-115589
-111422
-109837
-107996
-106933
-102747
-101634
-101430
-94204
-94052
-89539
-78878
-69918
-64698
-61978
-58494
-57896
-52069
-51072
-49776
-44627
-44484
-42077
-32220
-31867
-30667
-27576
-12951
-12800
-3477
-2855
-920
-709
145
5402
8994
10586
14954
23338
23814
34751
37066
37080
38119
45339
53494
55106
58251
62202
73437
73488
82231
84548
95197
100283
102289
106234
106679
108078
114780
119489
120859
121119
138678
145290
150467
153001
164618
164784
169144
170011
170113
179641
180014
184962
185630
186165
190134
192758
193632
195040
199285
201785
202839
204862
215215
226615
230064
230588
235284
241517
245982
246967
249632
253842
261174
262769
268469
270553
272117
273415
281388
282399
289311
290626
294966
296812
297493
308188
309685
312162
317835
324144
329246
339404
346191
351783
352090
354217
356691
358231
373917
377055
378979
386327
387229
388317
396183
403809
406494
406858
413376
429227
430146
430904
435560
441535
444208
445112
447954
448549
460228
467206
468765
470195
471108
474180
478360
484490
488823
489906
491617
497952
504000
505277
505899
512734
520930
521196
521891
523892
539040
539160
542886
543103
560567
563778
563860
564028
569668
572237
573233
583320
584088
586494
589272
590119
598194
599250
601856
613709
615146
619361
620283
621465
627940
634822
639334
647084
652841
664078
667826
675203
680049
685657
694542
695481
698617
700558
705312
705652
707662
709736
710748
711386
711625
724009
725266
733923
742481
749851
755998
759040
765141
772354
774355
774562
781884
784958
785036
786978
789919
790826
792218
794209
799481
799901
801226
802226
812239
818538
821025
824665
827722
827974
831303
834548
840478
841019
847364
856510
859312
885139
891583
894322
900348
903818
907252
908687
912176
921841
926665
929533
932068
932542
938135
940878
943624
947403
949803
950577
952135
960931
968309
968450
970956
976521
980611
982223
982492
985897
987743
993610
998297
1003931
1008217
1008474
1015418
1016924
1028596
1041413
1042733
1043264
1045079
1048987
1049934
1057443
1059098
1060173
1062914
1067352
1071414
1074370
1075460
1079403
1081734
1082221
1092446
1095578
1100463
1103947
1104523
1112398
1121997
1123144
1126267
1129383
1142209
1143311
1143910
1152703
1159148
1162216
1162930
1167186
1171986
1175602
1180467
1189254
1189480
1191923
1192209
1193188
1193509
1194258
1201349
1203940
1204767
1209065
1212930
1214781
1221593
1233652
1234688
1240815
1241781
1250467
1251987
1255603
1263379
1263773
1267417
1267830
1273865
1274201
1274605
1284772
1287399
1291070
1293125
1293486
1301205
1303140
1304655
1305567
1305967
1310026
1311258
1316492
1319703
1320393
1323357
1326778
1329919
1336236
1338892
1339640
1343340
1348387
1354857
1375311
1386906
1403011
1404857
1409488
1413176
1414267
1426851
1431558
1433083
1445984
1450613
1455650
1459308
1459753
1461359
1462367
1463708
1463923
1474110
1482279
1484524
1496213
1503723
1504671
1506765
1508351
1520278
1528781
1530766
1530862
1533402
1537071
1537825
1540173
1543058
1545160
1563712
1567574
1570411
1571249
1581701
1585873
1587101
1596808
1599989
1609770
1611338
1613106
1617681
1618946
1622008
1622527
1624517
1633638
1643225
1646960
1650585
1651311
1653314
1655595
1667411
1668005
1671467
1676057
1677776
1680754
1697415
1718215
1740359
1740628
1743797
1744527
1747011
1753963
1756336
1759165
1763783
1768948
1773109
1781151
1786632
1787669
1788578
1796585
1798019
1800809
1805004
1806653
1807410
1807746
1807925
1809264
1810028
1814883
1822298
1823337
1829065
1829264
1835005
1848457
1850821
1853073
1853902
1854617
1855379
1859967
1868937
1873859
1876482
1877268
1882955
1892004
1897411
1897860
1901481
1903413
1903587
1904334
1908120
1911198
1912648
1925262
1926175
1927376
1929852
1931472
1939313
1939478
1945243
1946343
1949969
1955958
1959409
1959541
1967218
1972034
1972675
1973658
1976855
1978210
1978806
1979084
1980144
1982442
1984063
1987290
