-1994857
-1988323
-1980434
-1967050
-1967027
-1963108
-1962455
-1962134
-1957976
-1952074
-1949174
-1949072
-1946315
-1942091
-1940297
-1938425
-1930365
-1925533
-1912889
-1911630
-1910172
-1904591
-1894703
-1890820
-1888066
-1885895
-1882282
-1878425
-1877788
-1870600
-1870582
-1868935
-1868371
-1864737
-1859702
-1856091
-1850318
-1845623
-1840102
-1834777
-1831104
-1821014
-1818897
-1818565
-1813351
-1812754
-1808194
-1805899
-1805363
-1794567
-1794458
-1793956
-1792126
-1783235
-1780734
-1779449
-1773396
-1770477
-1762538
-1752688
-1750902
-1749310
-1744022
-1736030
-1730571
-1725266
-1712805
-1711160
-1710774
-1706679
-1702821
-1700462
-1699261
-1696582
-1695792
-1690508
-1685590
-1676179
-1670781
-1663395
-1659344
-1657579
-1642092
-1641174
-1640943
-1637275
-1629698
-1624689
-1620832
-1617334
-1615239
-1612103
-1606253
-1604531
-1602243
-1596380
-1594081
-1583036
-1581979
-1580299
-1575471
-1575366
-1565698
-1561620
-1560152
-1557334
-1555794
-1554910
-1552408
-1538970
-1535642
-1532693
-1528164
-1528063
-1526931
-1524976
-1523072
-1513964
-1507974
-1503432
-1499772
-1498983
-1498668
-1497899
-1497261
-1497176
-1495885
-1493054
-1488641
-1488127
-1485328
-1484311
-1477467
-1476949
-1471416
-1461179
-1449029
-1448164
-1441150
-1438786
-1434852
-1433702
-1431721
-1423648
-1422597
-1421102
-1420997
-1417283
-1416518
-1416430
-1414167
-1414117
-1406922
-1403154
-1396769
-1380627
-1380377
-1379485
-1378306
-1376065
-1374921
-1369983
-1367960
-1360232
-1359546
-1358431
-1351926
-1351746
-1344336
-1341118
-1338592
-1334801
-1334702
-1333975
-1331659
-1329493
-1318170
-1315480
-1313366
-1312116
-1308739
-1302972
-1301817
-1295912
-1293918
-1293090
-1292614
-1288881
-1285152
-1283517
-1280398
-1277068
-1272467
-1266235
-1257580
-1241179
-1233616
-1232073
-1223301
-1210564
-1205798
-1204484
-1202290
-1200144
-1197292
-1196633
-1187831
-1180330
-1176271
-1174077
-1172232
-1168026
-1167649
-1162414
-1161198
-1158955
-1148890
-1138851
-1137419
-1133751
-1129112
-1128022
-1124616
-1123157
-1118757
-1116911
-1111338
-1107898
-1107311
-1103432
-1102864
-1099207
-1096670
-1095892
-1091333
-1082648
-1082062
-1077178
-1076255
-1068003
-1065987
-1065381
-1055652
-1054580
-1050536
-1047558
-1044686
-1040746
-1020271
-1019394
-1017162
-1000429
-994470
-993569
-992621
-989276
-978985
-977144
-976210
-975648
-972777
-971996
-967076
-965342
-960544
-940383
-939364
-921154
-909435
-909012
-908787
-907730
-876023
-873967
-873737
-872601
-868934
-866737
-865529
-864091
-863910
-853138
-851024
-844601
-843906
-833864
-831592
-830258
-825425
-817368
-806986
-801772
-800784
-799576
-789032
-780811
-778531
-774446
-772795
-772256
-772138
-768859
-765081
-763470
-759726
-756124
-754867
-752014
-747824
-740114
-740017
-738704
-738348
-724932
-710673
-708258
-703491
-695737
-689469
-685536
-683828
-683483
-677181
-671698
-664693
-663811
-663722
-657729
-657603
-655920
-654107
-646330
-636819
-635007
-634941
-633503
-632432
-630367
-625958
-625718
-620960
-619434
-618147
-618074
-614469
-609943
-608731
-608258
-603516
-596942
-590023
-585826
-585344
-575732
-575250
-575117
-575020
-574362
-561216
-554958
-540187
-536975
-536940
-535041
-534634
-534446
-530409
-529197
-526439
-519341
-518585
-510705
-506885
-504077
-501785
-497209
-496002
-491738
-483387
-479273
-479271
-473746
-472343
-472128
-471832
-469534
-458133
-457865
-453397
-450075
-444825
-444155
-441863
-435378
-434241
-433405
-432888
-432058
-427287
-419615
-409403
-408037
-407633
-404607
-395489
-391768
-391004
-390951
-388024
-385151
-374151
-373948
-371110
-370942
-365490
-362305
-349836
-343888
-338463
-327352
-326716
-324849
-323081
-317590
-302068
-301810
-299126
-289197
-281397
-273810
-268325
-260084
-257592
-254687
-251317
-251050
-249960
-246488
-241853
-239322
-232717
-232263
-232020
-215275
-212419
-205018
-204837
-200664
-197282
-195734
-192669
-192503
-186292
-183569
-182486
-174643
-174117
-173835
-172920
-166963
-164210
-162175
-161608
-147730
-147315
-133763
-133010
-125055
-124460
-124214
-123655
-122957
-120325
-116640
-104747
-100575
-99368
-98108
-97933
-96637
-94413
-89815
-89350
-80717
-80327
-72746
-68105
-65207
-65058
-64434
-63158
-62829
-59398
-58749
-53822
-33684
-28401
-28176
-25258
-24655
-21542
-15978
-11829
-1346
6188
14047
14370
19032
23256
31715
47813
50362
57628
59267
64068
66510
77635
90686
92558
103462
106897
108211
110708
110764
111692
112765
113299
115256
124073
126320
128062
133534
135114
135587
141269
141868
142265
145102
148095
157462
159537
160647
165201
178473
180153
180574
180789
181413
194744
197476
201147
204877
212800
214197
216172
218540
222097
224221
226580
231500
233528
240299
243543
254464
257511
259436
264794
265578
265916
269283
270082
278303
279445
288338
288649
288925
289057
297124
299384
304574
306107
308647
310115
318926
320892
323048
324959
325231
334240
335066
335861
336001
337910
341959
343682
345735
346257
364992
381304
382253
383129
384303
387842
390884
394287
395261
396978
401998
402690
402720
411232
417952
423418
425210
430796
431091
432519
438021
450979
452908
458260
464172
465870
469570
470900
487142
489015
500267
500781
502500
503337
505107
506685
511609
512207
513134
521605
528112
536675
546850
548745
560586
562731
573064
573401
575993
577713
578424
584868
588540
591377
596428
600339
601584
602725
604458
604514
616804
616872
619035
620694
623949
630477
632292
638858
638919
642714
646437
661422
662357
662668
670636
673492
676099
677476
678357
686646
689315
698364
701753
707475
711033
711944
715225
719413
726438
733472
739357
748630
754805
757551
763700
764154
766336
770870
776202
776571
783660
784163
785172
787328
787585
797748
798022
805328
810909
812191
812829
816196
819678
821057
824783
825235
825597
828556
840189
842290
842923
844999
848781
850518
862332
864477
868890
869625
870588
881192
882487
887828
892089
903425
904424
904761
908533
912656
914712
923299
926444
937874
938654
940613
948473
952272
954081
956023
959596
966423
969295
992821
1000418
1003296
1011829
1012304
1012730
1016269
1020545
1024373
1027562
1027567
1028701
1030325
1036969
1043499
1047198
1050323
1051664
1061280
1070445
1071309
1074998
1075311
1082551
1088866
1098676
1099559
1105646
1106138
1118488
1119942
1120569
1124427
1128600
1138665
1139880
1143525
1145240
1153472
1164307
1166361
1172090
1173168
1177498
1178406
1180523
1180596
1183740
1192880
1195703
1196384
1202111
1206014
1212650
1218445
1223279
1229513
1231487
1241831
1243614
1246144
1249975
1253128
1257279
1257616
1258058
1260280
1266868
1266916
1270787
1275192
1278915
1283652
1283955
1286821
1287686
1287717
1287991
1289894
1289966
1290309
1294502
1294759
1301539
1307728
1310939
1314428
1321818
1324078
1338741
1341978
1343427
1345585
1353197
1361172
1364235
1367037
1368358
1371002
1371499
1372315
1385902
1386470
1387215
1389389
1393075
1393917
1397482
1408659
1417605
1418890
1425934
1426424
1435187
1442361
1443656
1443668
1444133
1444646
1446148
1456668
1474309
1475137
1479716
1483432
1485438
1489165
1490534
1497845
1498842
1505980
1507365
1507381
1514682
1516665
1522763
1523972
1524249
1527100
1531949
1540066
1540712
1545734
1550489
1557461
1558995
1569048
1570110
1573934
1575347
1578476
1578528
1584795
1586741
1589745
1590149
1590782
1594831
1599570
1612160
1616392
1618685
1624798
1629998
1635977
1638599
1642026
1643310
1644975
1646613
1651744
1652776
1653618
1661523
1662360
1665953
1674377
1678624
1686301
1691580
1692366
1693512
1695038
1700375
1706090
1708900
1722854
1725483
1729546
1731551
1739134
1748949
1749445
1751662
1754479
1756773
1769043
1771448
1780086
1783766
1787767
1789339
1791267
1794448
1803874
1806144
1807464
1812309
1812440
1828733
1829525
1829662
1832515
1838647
1850576
1855655
1857217
1861868
1865351
1866240
1872067
1873745
1875456
1881075
1887851
1890435
1891043
1891059
1892777
1910044
1910286
1911504
1919830
1920167
1931751
1931969
1938850
1948000
1959322
1967861
1977715
1978437
1980696
1980960
1980969
1981873
1985041
1987819
1989622
1990491
1998129
1999681
