-1998701
-1996383
-1988006
-1971520
-1967383
-1963378
-1962387
-1954446
-1951566
-1950142
-1948475
-1945621
-1940121
-1936753
-1932837
-1927875
-1922673
-1922511
-1920274
-1911194
-1909018
-1908502
-1904571
-1902474
-1895387
-1886788
-1884507
-1875376
-1866720
-1864722
-1863840
-1863036
-1861463
-1856981
-1855804
-1854922
-1846871
-1844237
-1843410
-1840044
-1839302
-1836393
-1833996
-1830317
-1827558
-1824037
-1818263
-1807654
-1801577
-1795660
-1795244
-1793411
-1793337
-1790879
-1788992
-1788940
-1765229
-1759765
-1756224
-1750506
-1744669
-1733264
-1727550
-1726043
-1723812
-1716075
-1716063
-1710216
-1703439
-1696268
-1696095
-1690359
-1687013
-1670073
-1662113
-1659586
-1657428
-1657279
-1655964
-1646265
-1643790
-1641917
-1639096
-1629541
-1629205
-1622759
-1622546
-1620954
-1620912
-1611257
-1610956
-1608719
-1602992
-1600838
-1599640
-1599067
-1596977
-1594432
-1591987
-1590027
-1588502
-1586118
-1585041
-1573183
-1571936
-1568832
-1568743
-1559919
-1559055
-1552572
-1549248
-1535113
-1528405
-1526343
-1523273
-1522788
-1520506
-1511824
-1506465
-1505217
-1502642
-1495927
-1495165
-1492428
-1492036
-1491309
-1472697
-1472533
-1472122
-1470215
-1466469
-1466053
-1462627
-1461323
-1452603
-1450020
-1447679
-1428293
-1421112
-1418819
-1418769
-1413964
-1403020
-1401935
-1390264
-1387497
-1382274
-1381244
-1376972
-1375552
-1374664
-1374012
-1366872
-1351530
-1350859
-1349025
-1346302
-1345262
-1343472
-1332446
-1330263
-1328328
-1328140
-1326645
-1322177
-1318297
-1306641
-1302214
-1301358
-1300116
-1295754
-1289491
-1286927
-1282471
-1275985
-1271652
-1271279
-1264930
-1264120
-1255586
-1248430
-1239983
-1231696
-1229814
-1228431
-1228207
-1224866
-1215254
-1213886
-1212046
-1211631
-1210482
-1208907
-1200495
-1192338
-1189894
-1189870
-1188292
-1182372
-1180520
-1179464
-1171099
-1168381
-1156028
-1155458
-1147503
-1145624
-1137638
-1134433
-1130039
-1127616
-1118291
-1118066
-1116458
-1116032
-1113681
-1111483
-1111061
-1106651
-1105517
-1103002
-1099407
-1090845
-1089476
-1088871
-1084313
-1081471
-1076311
-1073882
-1068293
-1062558
-1062470
-1061182
-1058761
-1058084
-1055966
-1055257
-1053687
-1051645
-1048669
-1042301
-1033319
-1031517
-1030805
-1019705
-1019023
-1017647
-1009807
-1001794
-997723
-990128
-984071
-979433
-972627
-969028
-963496
-961417
-960755
-955043
-948042
-946262
-946045
-944506
-943016
-941989
-941291
-936012
-935549
-933180
-929173
-923096
-915551
-914328
-910800
-908729
-901881
-900392
-895034
-894649
-892476
-891973
-884374
-881906
-880695
-877253
-876341
-874907
-869370
-863039
-860208
-857245
-853313
-845110
-838542
-836130
-833500
-831140
-827108
-824983
-822961
-820231
-819018
-817026
-816698
-814748
-810861
-808011
-802001
-801505
-800293
-799498
-796158
-791986
-784023
-782553
-782542
-777772
-774947
-774484
-774382
-774040
-772240
-769066
-753248
-751850
-749070
-746561
-738813
-731607
-731591
-730536
-727291
-726558
-726480
-721771
-721764
-717535
-713108
-705912
-705045
-695876
-694216
-691509
-680576
-679111
-676074
-672017
-662726
-657316
-650727
-649363
-645159
-642844
-636476
-631005
-630588
-626210
-624947
-623139
-622713
-619406
-617165
-612668
-611585
-602055
-598353
-596946
-582130
-575127
-568627
-568270
-568206
-564397
-563110
-558337
-556755
-555391
-553733
-551854
-549837
-536344
-526741
-520931
-516865
-515256
-510989
-508525
-504759
-497242
-496821
-488767
-484926
-480517
-479654
-476510
-475895
-472008
-466176
-465152
-459792
-456301
-453378
-452460
-451513
-450520
-446660
-439729
-439325
-438858
-433650
-431207
-424920
-416531
-410608
-410421
-407333
-402659
-401976
-400115
-391811
-390776
-389941
-388159
-383615
-381854
-380840
-363823
-360753
-342647
-342037
-339101
-334577
-334356
-331046
-330824
-324643
-318389
-318157
-316234
-316114
-310582
-310372
-299742
-299706
-296329
-291478
-290800
-288595
-287287
-286593
-286452
-284059
-281376
-280029
-269483
-268186
-263342
-257264
-246133
-238444
-238237
-234063
-230489
-225609
-217081
-216726
-216201
-208220
-203323
-193487
-187924
-181136
-176444
-165646
-156367
-156223
-155170
-153063
-150729
-150487
-145740
-139018
-135226
-129634
-126870
-121280
-110881
-109744
-106584
-104237
-102999
-102340
-98042
-97991
-95723
-94970
-92177
-91716
-91131
-89098
-81599
-78752
-73129
-71718
-65290
-61151
-52450
-41615
-40325
-37684
-25723
-12041
-8588
-3503
1243
5860
5860
7649
7682
8684
10957
11863
17595
18825
37468
42351
42434
46835
49084
56371
59803
67897
73243
74677
78352
86484
89108
97510
103377
109069
112576
113672
116024
119790
120044
127728
128003
131006
134892
138634
141098
144744
148196
154827
163262
168508
168599
176946
177392
184888
189242
196485
200769
205563
210961
214103
215410
222899
228334
231331
237379
238285
243133
248728
250273
251844
260458
262916
268266
269773
273339
275349
280916
283652
284326
286091
289370
289803
290948
293813
295150
300664
303073
304209
306612
319815
328529
331715
333786
334977
339784
344702
345792
347151
356413
357858
371775
374407
377493
379004
379950
380134
387728
389044
393788
396095
412729
432982
433094
434754
435076
437754
440343
440496
441555
442009
449116
449301
455717
458145
459807
475062
478267
478474
483128
483616
489633
494879
498660
499802
501568
511293
516568
517859
524210
525677
529385
533135
538915
542919
543334
554889
568547
569577
570871
577200
580663
584056
588452
592067
599204
603926
610357
614160
615275
617895
621831
626652
627399
627811
632716
639139
640836
643722
670607
676854
685113
686284
687524
690888
692613
695399
695712
697987
698226
699494
702061
702261
704631
706609
715554
730387
733075
742684
745386
752724
757882
760135
772239
772870
786964
790228
791327
806453
806488
806572
810168
814394
819210
822341
826249
827393
834847
835152
838494
841435
844508
846578
851102
860018
860396
869365
872988
873698
876465
882749
888631
905693
909551
934892
935122
940149
942867
943156
947987
973702
978793
979508
979889
982118
982779
988695
990613
991160
992174
996470
1004269
1006460
1013260
1016412
1017655
1028028
1031805
1033083
1041243
1041557
1044262
1052045
1053996
1058306
1073892
1075540
1075999
1078884
1080326
1087735
1087901
1093839
1097567
1098319
1109006
1110540
1112070
1116338
1117784
1118917
1126104
1127575
1136315
1153946
1166629
1167355
1167518
1175660
1176934
1177196
1184844
1190732
1204291
1209476
1211823
1214030
1214799
1217363
1218424
1221809
1225683
1243165
1243513
1252242
1260560
1260563
1263192
1264347
1277957
1284750
1286789
1287164
1293282
1294777
1295196
1299259
1302186
1306104
1309220
1312728
1315756
1316589
1324884
1328147
1329498
1329687
1333814
1333856
1335922
1337232
1339189
1340279
1343437
1350076
1357291
1366212
1367982
1368400
1368924
1370569
1371767
1371926
1377383
1381409
1383646
1385637
1391839
1393059
1397581
1399551
1402847
1406308
1406623
1407018
1408734
1419545
1419774
1421250
1426934
1427358
1428216
1429953
1435568
1438341
1444600
1461823
1462525
1465414
1465965
1470244
1471450
1473926
1474591
1482503
1482508
1482917
1484200
1485615
1487631
1490022
1500059
1504564
1517644
1529014
1532295
1535171
1535237
1539404
1545552
1549292
1554766
1566594
1566628
1567163
1569533
1570429
1576618
1588478
1589171
1591016
1592585
1592860
1598126
1601937
1612970
1623236
1631462
1635049
1635217
1635288
1639411
1639561
1641336
1648536
1650963
1654834
1657753
1663356
1664967
1667644
1668987
1669030
1676505
1679335
1685904
1689164
1689281
1699877
1701254
1704110
1706809
1708324
1708374
1709891
1711198
1711229
1713417
1719866
1725288
1739227
1745254
1749352
1751321
1754022
1761017
1767335
1770901
1773441
1783983
1788969
1789814
1793561
1795158
1817847
1821098
1823868
1824104
1829485
1830478
1845813
1846449
1849138
1850475
1861381
1868156
1868473
1869954
1875437
1878475
1887039
1887246
1888158
1895999
1896305
1899803
1902752
1902865
1908420
1912420
1916107
1925883
1926008
1932652
1933630
1934663
1937565
1943278
1944818
1944869
1955804
1957611
1963453
1964981
1966493
1968920
1975834
1978326
1978520
1980073
1983087
1990732
1996134
1997005
1998204
