-1989484
-1989101
-1985010
-1983292
-1982263
-1979827
-1974647
-1974317
-1971565
-1966401
-1960891
-1955089
-1954979
-1954230
-1949191
-1932019
-1929050
-1923488
-1919989
-1917262
-1912168
-1910958
-1907691
-1901318
-1899315
-1897021
-1895087
-1894048
-1892539
-1881848
-1880238
-1877755
-1874068
-1870837
-1864485
-1855107
-1844969
-1837350
-1837159
-1834882
-1830530
-1824997
-1818128
-1805997
-1802584
-1800203
-1799686
-1794388
-1782787
-1781045
-1780121
-1777697
-1775719
-1766702
-1763238
-1762830
-1761963
-1760586
-1755402
-1746613
-1745609
-1722728
-1716698
-1716652
-1716476
-1716230
-1713664
-1713652
-1712131
-1709620
-1702820
-1701489
-1700042
-1696554
-1696316
-1690250
-1676794
-1674403
-1673780
-1673166
-1670066
-1667369
-1656751
-1650762
-1644947
-1641408
-1634397
-1631230
-1627239
-1627088
-1621829
-1621140
-1617808
-1617168
-1616405
-1615509
-1612148
-1601015
-1598710
-1592694
-1592144
-1587767
-1579862
-1572994
-1572563
-1558863
-1556925
-1554294
-1553445
-1543593
-1543034
-1539155
-1538605
-1537812
-1537806
-1536785
-1536693
-1530411
-1512366
-1505284
-1501354
-1492221
-1491283
-1485904
-1485381
-1482153
-1480902
-1472665
-1472642
-1471554
-1465196
-1457153
-1454185
-1453140
-1452824
-1448874
-1439308
-1435799
-1425011
-1419172
-1412211
-1410142
-1406135
-1406039
-1391394
-1389529
-1388651
-1383526
-1370322
-1368872
-1368041
-1367068
-1364741
-1358644
-1358194
-1337239
-1336428
-1335587
-1333133
-1332978
-1332678
-1330046
-1328924
-1328568
-1326134
-1321327
-1316090
-1307425
-1307185
-1307090
-1303508
-1302486
-1299731
-1299547
-1296543
-1289579
-1285597
-1271523
-1269275
-1267087
-1262111
-1252086
-1251054
-1247648
-1244015
-1235078
-1232778
-1230535
-1230348
-1229617
-1227429
-1225976
-1221442
-1219019
-1217318
-1209601
-1206847
-1205107
-1200718
-1191328
-1190563
-1181160
-1180917
-1175906
-1173470
-1172688
-1169169
-1166354
-1166150
-1164878
-1164593
-1164260
-1160468
-1158467
-1155843
-1154926
-1151921
-1149733
-1142332
-1142115
-1140312
-1131957
-1123968
-1113723
-1113164
-1109669
-1109261
-1098292
-1096877
-1090781
-1073648
-1069513
-1067642
-1064460
-1060462
-1060252
-1053341
-1051773
-1049702
-1040489
-1037078
-1036876
-1036765
-1034031
-1030249
-1028833
-1027569
-1021173
-1018675
-1015382
-1012271
-1011525
-1008836
-1003710
-1000179
-993509
-993117
-989690
-989374
-988858
-985724
-984827
-978034
-977241
-976546
-967317
-967297
-957813
-957517
-955768
-955681
-942127
-936784
-927237
-922021
-922009
-914587
-913739
-913536
-909732
-905532
-892232
-891336
-883883
-882138
-880338
-878649
-878042
-864659
-858645
-855761
-851863
-851097
-850522
-849822
-846418
-825407
-821894
-820201
-811294
-810683
-803573
-801948
-801442
-792857
-791481
-790675
-785509
-776780
-770387
-769793
-762386
-761658
-761616
-761002
-750244
-748775
-747410
-744154
-743675
-741771
-736600
-734675
-733500
-726011
-725240
-717493
-716269
-714303
-711650
-708969
-697763
-692847
-690573
-688228
-687895
-685928
-683126
-680452
-675952
-674582
-669968
-665774
-654776
-652849
-652065
-650582
-644804
-629757
-625323
-617591
-617504
-614586
-610100
-609772
-609244
-608462
-608069
-606524
-600953
-598567
-596646
-592549
-584955
-583429
-582148
-577328
-575068
-572810
-567675
-538399
-534098
-524819
-522013
-521816
-513476
-507131
-505724
-502705
-498277
-493287
-489717
-485977
-482988
-478006
-475074
-462088
-460084
-453248
-444866
-443783
-441618
-436766
-432881
-431983
-431754
-428580
-427025
-425471
-423048
-419399
-419095
-413643
-412629
-403740
-398914
-394605
-391636
-380125
-379480
-378540
-375295
-374898
-369131
-366430
-364663
-358866
-353910
-353545
-350130
-347304
-345892
-331983
-331029
-329799
-329632
-316096
-307395
-303173
-298102
-297214
-284457
-281292
-271736
-261568
-257214
-253056
-251348
-250669
-249255
-242240
-239469
-232578
-230950
-229221
-215798
-212900
-198555
-198449
-195831
-193250
-187425
-185928
-184141
-180208
-179755
-168137
-167449
-162036
-151059
-147229
-142659
-141708
-133319
-126845
-117051
-115100
-114971
-106223
-99969
-96026
-93090
-87557
-78033
-77243
-74621
-70153
-67191
-65301
-62077
-59277
-59205
-58537
-48879
-45525
-45191
-42864
-41660
-39059
-35574
-34975
-32853
-29639
-29479
-28252
-22833
-21402
-20781
-17572
-11961
-11709
-11661
-8571
-7535
-5610
-1550
551
8036
15589
21674
26926
29376
33276
33313
44416
49317
53407
55293
58498
59757
61634
65071
80826
86613
86647
86965
87334
90340
92538
95249
106087
106626
111412
112329
119958
120165
122037
122677
124923
131863
136074
141571
147422
152305
159227
159286
164082
166567
169441
169953
170076
171917
173011
174045
177549
178245
178825
179267
187530
190005
190538
195052
206906
213757
215136
216931
247658
247835
252376
252889
253210
255995
267068
269226
270761
273030
276524
278137
289248
291937
292590
301969
307382
309786
311464
317140
320597
321381
326328
326442
327877
328076
332965
339212
348598
356640
364516
378651
378829
381787
406965
414826
414991
415785
415983
421560
422730
426469
428697
429224
429666
430540
436717
440109
441604
443102
447259
450594
453545
462801
494718
504477
504905
506094
514534
514683
515068
516879
519068
522753
522799
531685
531990
534043
534581
535213
541371
552159
553722
554148
570303
571373
574433
579909
581576
582196
588738
593986
595007
612071
612079
613477
620111
627383
629945
633687
635753
637737
641523
647075
648393
650801
664187
665606
668493
672156
673773
674498
694289
701375
708902
709829
710190
711442
712818
715479
716567
736051
740137
741503
742002
752115
754545
757396
768027
768445
771321
773688
780936
782020
783348
783613
788364
796770
799308
801706
808574
810634
822564
836809
837975
839466
861824
873382
874537
882924
887813
889354
895979
899747
930495
933416
936084
943001
947854
960561
964404
970614
973153
981488
982046
982698
987985
989819
990385
997549
998054
1000099
1015088
1023899
1024729
1032972
1035598
1038677
1039361
1039609
1044230
1050079
1051283
1052022
1055117
1058578
1061784
1068481
1073019
1073153
1076984
1078339
1081682
1082719
1083091
1091178
1100425
1101058
1105047
1105329
1106268
1111962
1112731
1114873
1117667
1119311
1136191
1138903
1143416
1147448
1147564
1160393
1162525
1165587
1167654
1168804
1170402
1171220
1179326
1182411
1184491
1189899
1190392
1193999
1202904
1209670
1210684
1215461
1221092
1233893
1235946
1242572
1258525
1259818
1266438
1267825
1271522
1274145
1280914
1281158
1282056
1288868
1292833
1293828
1295165
1299479
1300720
1304799
1306927
1311388
1311390
1311792
1311833
1312152
1314207
1314816
1314850
1315678
1317871
1323462
1324642
1324835
1343747
1345808
1347755
1350679
1356864
1365154
1366297
1366349
1366674
1367160
1371936
1379869
1384876
1387907
1395122
1397787
1400678
1420279
1422868
1424746
1428254
1436800
1440874
1448768
1454752
1457089
1459476
1459844
1461611
1464876
1469630
1475000
1476571
1476780
1485944
1495195
1496396
1498123
1499321
1508050
1511242
1517936
1521592
1523811
1525107
1528238
1528445
1535233
1547875
1549818
1549919
1557608
1560896
1562747
1563332
1563885
1565735
1568432
1571669
1574287
1580156
1582707
1584252
1589699
1593214
1596093
1599267
1602240
1606332
1616589
1623894
1625981
1628232
1637932
1641570
1644700
1651731
1664751
1665825
1667430
1668274
1669425
1670091
1678366
1679425
1681175
1681791
1686311
1686595
1693914
1698343
1699830
1703277
1714599
1721504
1724862
1728808
1746154
1749505
1750220
1751459
1752066
1754542
1761086
1761846
1763406
1767842
1768607
1770157
1775862
1777691
1782195
1784391
1786029
1786651
1789635
1792894
1799801
1803537
1812832
1813012
1813460
1813954
1816102
1819050
1824068
1840018
1841664
1841896
1844411
1847505
1857084
1857297
1858142
1859145
1863427
1865050
1868637
1868791
1879652
1883150
1893831
1894281
1896456
1896609
1896661
1896855
1902789
1909541
1911208
1914770
1914775
1915692
1920129
1921082
1921739
1923776
1925214
1932082
1932295
1932402
1932808
1933407
1940664
1949768
1952121
1956078
1957295
1957943
1974006
1981275
1981907
1983368
1987022
1987250
1987650
1988200
1991334
1992036
1992357
1995285
1996095
