-1994826
-1985845
-1976445
-1974782
-1971707
-1962995
-1955895
-1951316
-1949437
-1946913
-1941453
-1927016
-1924015
-1923862
-1923394
-1923270
-1919216
-1918578
-1913491
-1910080
-1905959
-1904831
-1904521
-1899646
-1894580
-1894157
-1879131
-1869584
-1869299
-1868241
-1866556
-1861869
-1859164
-1852710
-1852170
-1849907
-1840846
-1822153
-1815794
-1814493
-1812675
-1811420
-1809154
-1805152
-1802528
-1802150
-1798302
-1797492
-1786364
-1778906
-1774662
-1773686
-1772056
-1770131
-1760298
-1752824
-1746058
-1743871
-1739563
-1738367
-1737149
-1729259
-1722580
-1721582
-1719199
-1718997
-1714703
-1708083
-1708011
-1707502
-1707436
-1702346
-1700081
-1699207
-1694753
-1692729
-1685179
-1680301
-1677937
-1675548
-1672220
-1669781
-1666487
-1664437
-1662239
-1660025
-1659389
-1658970
-1648588
-1644896
-1644668
-1643161
-1640113
-1630412
-1624460
-1623386
-1613480
-1612888
-1605468
-1605050
-1595661
-1595599
-1595588
-1590801
-1587183
-1585574
-1577443
-1577114
-1571069
-1562378
-1561592
-1555764
-1550390
-1549421
-1543858
-1542715
-1541984
-1537712
-1536210
-1536111
-1530620
-1525669
-1523861
-1517784
-1507861
-1503881
-1503397
-1500011
-1499133
-1499041
-1498068
-1495706
-1492790
-1486426
-1483996
-1482811
-1481161
-1475454
-1474313
-1470567
-1459893
-1456845
-1454996
-1449666
-1446568
-1438233
-1437023
-1432612
-1424755
-1414540
-1413429
-1408011
-1401925
-1399018
-1394261
-1392297
-1390771
-1370710
-1362972
-1361577
-1359155
-1357431
-1353660
-1341201
-1338001
-1337184
-1331767
-1327492
-1325218
-1310603
-1309870
-1308679
-1308658
-1300904
-1296170
-1283598
-1277491
-1275337
-1272761
-1252750
-1242825
-1238765
-1234157
-1233120
-1225385
-1224339
-1223068
-1218902
-1216703
-1214452
-1197978
-1195669
-1194495
-1193778
-1186129
-1183803
-1181569
-1181323
-1169661
-1167898
-1166239
-1157551
-1156197
-1152058
-1146488
-1142662
-1134682
-1130639
-1128035
-1125709
-1121762
-1113303
-1112670
-1111336
-1110178
-1102284
-1100348
-1096000
-1087653
-1086276
-1082698
-1082690
-1080872
-1070051
-1068055
-1066179
-1058594
-1051000
-1049556
-1048783
-1044723
-1042332
-1041325
-1040443
-1040217
-1038467
-1038275
-1034769
-1026392
-1016931
-1015888
-1015589
-1008527
-1005561
-995936
-987762
-981508
-981160
-979342
-978899
-977846
-972029
-971090
-959463
-958366
-955742
-955494
-955266
-946618
-946406
-941907
-938792
-936757
-936596
-932842
-927607
-925428
-920932
-910854
-907832
-897084
-895835
-894973
-884310
-882258
-882192
-881594
-880943
-875320
-873748
-869152
-862459
-853560
-849354
-846565
-841254
-832894
-829997
-826373
-826006
-825852
-820104
-818727
-813746
-782252
-778282
-768175
-760440
-759743
-755063
-750256
-750212
-747116
-738602
-735234
-732158
-725244
-717601
-716301
-716145
-714770
-709508
-704767
-699333
-696720
-694804
-687042
-684230
-681624
-680077
-677082
-671657
-670318
-648856
-643569
-641199
-640011
-630574
-630545
-625061
-619707
-618929
-610031
-608775
-600434
-600248
-594607
-591923
-583219
-580500
-577744
-575569
-569403
-569142
-563288
-560164
-557625
-554347
-553953
-549280
-545168
-542665
-541343
-539715
-538955
-538617
-528045
-526415
-522495
-522345
-519359
-514232
-510287
-501314
-491932
-490625
-489938
-488817
-482104
-473258
-472697
-470885
-468661
-462264
-459688
-457437
-456291
-454024
-448205
-445163
-432485
-430534
-428591
-428244
-427614
-426455
-424047
-419290
-416754
-403571
-402018
-396154
-384375
-381942
-379369
-377076
-374820
-371662
-369385
-366267
-361956
-360605
-359206
-352377
-348115
-344018
-341082
-333754
-331695
-314542
-312489
-305047
-300019
-299472
-292834
-288399
-284410
-281737
-280099
-275612
-275475
-273905
-273164
-270023
-268353
-263758
-263670
-259444
-256215
-248120
-237251
-235924
-233032
-230164
-227274
-226118
-225470
-220084
-211562
-211153
-207327
-194515
-185368
-179850
-178777
-173876
-172876
-166851
-155484
-154477
-145285
-140756
-136669
-130389
-130075
-126272
-122981
-116557
-113091
-105142
-100183
-97377
-96513
-90314
-86836
-78491
-72327
-56748
-39516
-33549
-32781
-21305
-20875
-19349
-18466
-11260
-10911
-9745
-5299
-3624
12291
16842
16876
19862
28585
35715
35874
40660
43911
59442
59655
60578
71306
92504
100587
100864
100928
104389
105707
112809
117257
117893
119370
123820
130994
134963
139639
139969
140679
141662
142303
143125
147835
155426
157403
160307
163375
169142
170595
171547
172241
173513
182254
183166
185695
195014
195555
196886
199425
214567
219787
222181
223492
226511
239301
239873
240402
245076
248884
250235
251048
254497
258120
265426
278118
289259
292420
297322
301074
303969
305807
306486
309229
310028
313187
313762
316525
318110
330946
338399
345144
366074
368675
376418
380829
382876
384911
386708
397305
397646
400730
401050
406404
412148
419631
420043
428149
436257
436876
439364
439775
441399
445061
457056
460426
460844
464324
464702
466472
468503
473770
481397
490994
494780
496822
501401
503422
505199
505615
505629
505769
513256
518840
521608
521936
528477
531422
533244
536138
539070
544692
551272
553147
563302
573587
577147
581067
581700
592977
595949
600598
601586
604308
606559
614043
614727
621220
621764
625137
630933
632721
637618
643859
644427
645014
647802
650831
653574
654532
656212
657733
670751
674347
677938
678126
678362
678377
680479
680559
681066
692440
694019
695336
697037
699745
702826
703560
703984
704172
707590
710389
713786
728374
733726
745277
748823
753330
759718
763718
764713
765305
766892
772973
773793
775079
775616
776889
778257
779405
781978
783168
786951
789160
794646
799616
800976
801865
803269
803615
805650
806647
808496
811243
813101
813957
814171
820438
824123
826863
834411
837785
843198
845797
847636
848150
861586
867281
874787
875746
881761
884562
887346
888815
905447
907992
908071
909923
910712
917700
917753
920275
922800
925797
927233
929572
929647
934549
934802
935856
944091
953959
955168
959392
970040
972137
978085
982901
983401
991473
994242
996886
1004818
1006486
1008860
1013987
1018908
1019053
1019982
1020280
1022204
1022924
1026503
1028616
1042050
1045028
1045668
1048215
1062482
1063464
1067172
1067409
1070605
1073279
1084345
1089653
1090958
1099175
1105114
1123122
1123653
1126048
1131852
1138439
1141608
1142071
1143761
1150252
1158697
1165054
1168484
1168745
1170122
1176128
1180720
1182378
1184173
1191715
1193671
1196827
1197253
1197875
1200611
1207187
1208504
1209920
1215050
1216947
1217947
1219126
1220714
1221639
1224841
1228444
1233514
1233538
1236805
1239464
1241009
1245115
1246083
1247608
1251027
1252166
1255172
1258395
1262066
1262572
1264509
1265023
1269834
1274394
1274554
1278560
1278811
1281395
1281505
1282093
1282701
1283502
1289586
1297878
1298403
1300206
1302347
1306880
1308179
1311043
1313359
1315238
1324204
1328692
1334431
1335479
1341417
1342720
1343638
1347174
1363000
1365418
1381439
1382978
1389366
1390020
1391189
1396916
1402573
1408247
1410934
1425076
1427517
1431083
1432438
1439868
1445438
1454765
1455264
1455291
1455475
1462615
1462665
1473908
1473977
1479954
1480992
1483967
1486808
1495263
1502964
1513318
1516453
1518955
1520998
1528353
1530813
1549155
1552644
1552650
1552710
1552987
1558165
1561163
1563356
1565015
1571219
1571823
1576762
1586143
1595189
1598090
1604749
1605664
1607405
1615205
1615853
1616800
1617000
1618311
1620617
1621025
1624723
1624927
1626655
1633703
1635553
1635683
1639562
1642614
1655808
1658757
1661418
1662282
1669069
1671346
1678366
1680053
1680610
1683863
1697371
1718319
1723623
1724185
1729631
1734560
1735420
1738593
1740550
1744877
1747053
1747849
1750717
1755228
1762702
1763554
1768390
1768973
1769621
1774442
1774524
1775826
1777160
1777704
1777795
1779781
1781607
1790503
1790579
1791188
1792811
1808431
1812341
1815164
1824859
1832052
1832438
1844345
1844908
1862824
1866483
1869997
1884130
1889929
1897972
1903835
1904286
1907194
1909083
1910195
1910941
1917765
1918371
1924623
1934291
1948701
1949466
1952137
1953273
1956202
1959277
1960956
1961385
1968428
1968779
1969067
1970292
1973114
1981843
1990455
1993246
1996048
1996398
