-1995672
-1994242
-1986824
-1984913
-1983798
-1983164
-1981197
-1975981
-1962248
-1955544
-1955530
-1955188
-1946345
-1946320
-1944728
-1940651
-1940031
-1935994
-1926533
-1917874
-1917083
-1916744
-1916297
-1914237
-1907101
-1897286
-1892927
-1888987
-1881018
-1880629
-1878073
-1875921
-1867336
-1844635
-1843032
-1839763
-1831642
-1831471
-1810550
-1807299
-1806744
-1795939
-1793276
-1793048
-1793011
-1791924
-1791021
-1789825
-1788807
-1782510
-1780773
-1772387
-1771906
-1762104
-1760561
-1756472
-1754729
-1742213
-1737709
-1730544
-1711738
-1711187
-1705864
-1691051
-1667109
-1660768
-1656042
-1649537
-1647653
-1646530
-1636839
-1614345
-1611013
-1605553
-1599650
-1595060
-1593709
-1591836
-1590204
-1581945
-1580057
-1574027
-1571777
-1558883
-1558295
-1557770
-1555800
-1554259
-1552259
-1550399
-1550345
-1543032
-1540773
-1534363
-1532953
-1521648
-1516956
-1513509
-1508787
-1503101
-1501251
-1497291
-1497129
-1490722
-1484542
-1477462
-1477436
-1442197
-1433088
-1430190
-1426110
-1424946
-1421716
-1415037
-1414602
-1410961
-1397347
-1395884
-1395257
-1383335
-1378422
-1378319
-1376759
-1373085
-1371673
-1371417
-1370146
-1367306
-1366087
-1364751
-1356717
-1355560
-1352805
-1351498
-1350917
-1350111
-1348668
-1344735
-1342153
-1342049
-1340701
-1339373
-1327320
-1323747
-1317420
-1315468
-1314053
-1310381
-1299694
-1293891
-1292784
-1291067
-1290937
-1286187
-1286025
-1284604
-1282369
-1279441
-1273219
-1270684
-1266546
-1252353
-1249848
-1247581
-1243545
-1242964
-1239418
-1237150
-1234071
-1228799
-1226190
-1223150
-1219754
-1219476
-1216868
-1212917
-1212643
-1201466
-1199076
-1198401
-1196827
-1196164
-1194927
-1194825
-1194061
-1184843
-1182092
-1179524
-1178227
-1173932
-1167098
-1166758
-1166415
-1161972
-1161128
-1156743
-1155009
-1153218
-1139233
-1130849
-1129810
-1128518
-1124447
-1121978
-1120322
-1115368
-1108507
-1101891
-1099739
-1097384
-1093453
-1085119
-1079844
-1078929
-1078361
-1077881
-1076745
-1074605
-1068176
-1067696
-1067456
-1065948
-1053926
-1047413
-1046860
-1043236
-1039055
-1038646
-1025579
-1025563
-1018684
-1018014
-1013257
-1005683
-1002550
-996350
-993690
-992198
-987756
-986232
-981009
-977885
-977446
-968589
-968498
-964937
-961439
-960718
-959366
-956264
-955278
-941182
-937237
-936428
-932097
-928772
-923216
-920586
-915306
-911742
-909308
-907838
-902165
-899532
-898797
-892037
-879055
-878782
-877403
-876117
-875594
-874631
-871886
-865284
-861255
-860990
-860220
-855176
-834645
-832420
-830207
-819934
-818495
-815511
-808565
-805031
-803205
-783278
-777371
-775004
-766197
-763796
-762965
-762266
-759975
-747906
-746896
-745048
-740147
-732167
-731963
-731734
-728220
-721147
-715077
-714589
-712498
-709875
-709156
-709015
-704144
-703526
-698505
-694442
-679159
-677576
-673446
-669464
-661589
-661036
-657094
-656812
-652618
-652156
-644133
-643899
-640470
-633725
-633314
-632023
-622992
-617171
-616779
-610237
-607159
-605789
-598072
-594300
-593298
-581972
-580326
-578815
-570022
-561640
-561278
-551497
-545559
-538829
-536357
-535844
-534725
-527654
-527254
-523751
-510290
-505034
-503306
-496057
-492484
-487107
-470210
-469192
-469102
-468110
-467483
-465209
-462887
-458238
-453265
-452461
-451087
-448171
-421724
-418473
-417692
-416648
-416375
-413590
-413058
-410192
-407387
-402106
-401820
-401433
-401405
-397158
-393998
-392878
-385476
-377552
-366964
-361092
-353259
-350493
-348558
-346193
-332853
-330768
-327709
-325356
-324044
-312398
-309429
-304849
-297082
-288397
-285804
-280444
-271362
-270265
-267207
-265447
-251769
-251746
-250147
-248696
-247163
-243294
-237354
-236960
-229958
-228448
-226259
-219547
-213030
-210785
-208282
-207425
-205378
-203735
-202613
-183620
-181844
-175687
-168627
-166841
-166138
-165930
-152167
-149602
-148682
-142951
-136773
-134022
-133589
-132856
-126084
-124073
-115681
-95761
-95550
-93222
-89763
-85246
-85119
-73349
-71414
-71173
-66790
-63939
-51109
-48561
-47546
-46385
-45372
-42144
-38512
-34195
-30830
-28420
-23025
-22564
-20080
-18015
-9086
-781
2510
3541
5254
5812
5961
10653
12582
16327
18225
19469
24703
25829
26820
36441
37244
40188
42158
43125
45437
47762
49603
54809
56398
76732
80018
80379
82123
83176
85519
87289
88339
90067
93989
98175
102860
104455
107416
107888
109394
113506
117917
119247
121652
124455
128736
133124
134114
136405
138498
143777
157953
158115
158506
158724
166200
166422
167749
181524
183567
193550
203147
206638
207510
216954
223476
228524
228914
235154
237911
239836
240497
244595
244941
248185
264734
265180
270532
281461
281561
283275
288993
290582
290926
291174
292756
295129
302716
306140
309294
310139
311302
316903
317226
324178
326642
335973
339825
344922
347476
355278
355294
355441
356048
364349
366329
370486
371891
372504
376813
377413
384289
384483
385382
386657
392859
393999
396773
396872
402482
409449
410096
410202
411713
419827
423208
429574
429603
430228
432154
436435
441316
442753
443618
443960
446259
449313
455040
458275
463569
465953
466027
473447
475877
477369
491665
496931
498161
498912
506460
507302
507350
514005
518760
521355
527125
532075
533352
534091
540078
543510
544424
547143
558814
562347
564492
567852
573364
576495
576659
577860
578558
579780
580360
581574
587216
592648
593877
602837
606280
606564
606676
611078
615446
620270
620528
630526
632948
638900
647491
651951
652587
657108
658482
658828
661685
662214
662974
663174
664065
665654
667390
676491
680862
688464
689408
693656
695266
710648
711367
711572
715579
718522
725711
732057
748192
753736
759993
764585
768542
769089
782768
792240
797986
799885
813901
814191
821058
821818
823560
823865
826375
837055
837171
839978
844007
844248
844883
851853
861583
867107
870172
870563
871246
876580
879886
887058
888773
888987
894128
896236
898555
899336
926247
927000
937399
940462
943478
945799
949329
960739
966912
968223
980802
980808
982132
1002508
1002909
1003210
1011494
1012678
1013126
1017409
1019277
1021873
1024305
1028126
1029942
1036746
1037396
1037473
1042606
1042886
1045399
1046376
1052951
1054149
1064393
1082859
1086164
1087742
1092713
1092935
1104418
1106575
1113398
1113585
1118908
1120981
1123798
1127107
1128283
1136085
1137466
1138985
1141958
1146602
1146881
1160324
1165655
1167616
1172956
1175432
1181268
1184225
1186295
1186897
1188740
1193429
1194866
1195324
1203223
1204691
1205149
1205255
1206130
1211336
1215851
1217596
1219359
1221970
1233258
1241229
1244501
1244918
1252855
1255090
1261346
1263689
1268163
1277537
1282008
1286021
1286923
1290406
1296508
1299713
1301227
1302680
1308826
1311973
1312146
1321151
1331328
1333359
1333881
1338543
1340659
1348717
1354293
1360313
1364237
1370830
1374728
1374829
1386664
1392255
1396276
1399503
1399583
1401615
1406147
1408987
1411577
1411828
1417122
1418443
1424255
1429599
1438451
1440156
1443663
1451033
1451956
1456734
1462235
1464770
1468548
1470238
1470314
1473994
1474731
1476064
1477409
1478945
1481872
1487393
1496576
1498479
1505065
1511317
1516041
1522527
1525361
1530935
1532508
1537999
1542587
1544191
1545025
1554999
1566260
1576968
1577154
1577646
1580476
1581882
1583690
1587070
1595338
1595650
1602926
1604059
1604455
1606906
1608465
1608829
1612633
1615748
1616161
1618631
1619697
1619765
1620403
1629631
1630435
1630626
1630692
1631561
1635709
1645200
1645420
1652588
1653174
1654779
1658107
1664285
1672834
1681872
1686457
1686519
1688289
1690327
1693419
1703514
1713162
1713864
1714605
1730413
1731129
1740784
1746873
1757954
1760013
1762123
1764264
1769842
1779104
1779556
1781340
1789448
1791129
1791964
1795202
1796191
1797251
1799110
1800889
1803872
1803906
1812020
1812065
1819563
1822753
1827256
1827710
1828789
1829070
1830589
1832995
1833277
1833840
1834298
1837597
1843431
1850450
1851931
1853659
1858399
1858902
1869800
1871367
1875690
1876697
1877042
1884643
1898100
1905172
1910252
1911756
1912646
1919219
1921117
1921467
1924599
1926316
1929805
1933554
1953123
1975444
1980435
1985432
1987522
1990281
1998842
