-1992693
-1987311
-1987206
-1986142
-1985359
-1984615
-1978512
-1969979
-1969735
-1969289
-1962035
-1952605
-1950159
-1945015
-1941359
-1939284
-1938590
-1920180
-1915940
-1910513
-1900177
-1897473
-1893644
-1892554
-1890802
-1887913
-1884248
-1873875
-1873728
-1872417
-1870343
-1870053
-1866926
-1859779
-1846902
-1845073
-1840575
-1835683
-1835290
-1830901
-1826598
-1824154
-1794329
-1792184
-1789875
-1779232
-1775374
-1774759
-1767696
-1766745
-1766430
-1763443
-1752789
-1750250
-1749087
-1745596
-1743649
-1739702
-1733765
-1730067
-1729251
-1726339
-1724199
-1716845
-1709351
-1706212
-1702111
-1700959
-1697548
-1694541
-1690766
-1677863
-1661812
-1661602
-1652102
-1651205
-1646470
-1644679
-1643455
-1639121
-1636107
-1631381
-1630672
-1630128
-1624245
-1622398
-1616090
-1607085
-1603909
-1602171
-1599198
-1591493
-1589689
-1584752
-1582897
-1578108
-1577545
-1569670
-1568812
-1565899
-1561807
-1553219
-1536064
-1534966
-1532473
-1529638
-1529376
-1522929
-1519916
-1519620
-1517504
-1508601
-1493502
-1488231
-1487485
-1486880
-1484084
-1479556
-1478018
-1477919
-1476107
-1472344
-1469598
-1462642
-1459799
-1459486
-1458265
-1449557
-1448534
-1443055
-1441262
-1440607
-1436317
-1430001
-1425974
-1422239
-1414914
-1414847
-1402306
-1397298
-1392399
-1389130
-1386364
-1384877
-1380793
-1374913
-1374286
-1373416
-1370890
-1362918
-1360127
-1355158
-1351557
-1351288
-1351003
-1349026
-1348744
-1345148
-1344965
-1341849
-1335685
-1326855
-1318895
-1315521
-1302007
-1301312
-1291240
-1288193
-1287227
-1285910
-1285350
-1282842
-1282261
-1276794
-1270893
-1270283
-1260434
-1251022
-1247859
-1241695
-1228068
-1224399
-1217646
-1214748
-1211494
-1209610
-1205724
-1202241
-1199164
-1198858
-1197494
-1190389
-1186417
-1184776
-1175768
-1167186
-1164493
-1162258
-1160722
-1158870
-1154363
-1153503
-1151120
-1145136
-1140487
-1139111
-1138897
-1135870
-1133770
-1125667
-1125247
-1119583
-1118143
-1114289
-1113219
-1112267
-1095794
-1091747
-1082067
-1081489
-1079423
-1079331
-1077904
-1067366
-1064881
-1051933
-1037051
-1035391
-1030298
-1027991
-1024696
-1021132
-1016772
-1015548
-1015457
-1010582
-1010151
-1008427
-1008325
-1006334
-999136
-998175
-991672
-991400
-991380
-986403
-986222
-975346
-973585
-961319
-943852
-941332
-940128
-936794
-935759
-922265
-913344
-911929
-909190
-908952
-908198
-905775
-905108
-905014
-894930
-894289
-890504
-889195
-883848
-882878
-879174
-874708
-873458
-867862
-867642
-858659
-855938
-854906
-852935
-849566
-844727
-842851
-841461
-841252
-833612
-832792
-832437
-832420
-830347
-829655
-823932
-817732
-812504
-809822
-808105
-807281
-801711
-800135
-789928
-787831
-783924
-774564
-774533
-763491
-750762
-750328
-749755
-748235
-742283
-737401
-736447
-734977
-733422
-716131
-711620
-700034
-699882
-693874
-693822
-688798
-686565
-685609
-669237
-668884
-667378
-664730
-658009
-655490
-650733
-649694
-641425
-640755
-623842
-622104
-618223
-616097
-607981
-604653
-602182
-601089
-598163
-592674
-576993
-574031
-573420
-572377
-571076
-571011
-570875
-564501
-563557
-533636
-532382
-526020
-525394
-524503
-524054
-520597
-520022
-511136
-509230
-506584
-506195
-505098
-504284
-504089
-503199
-502599
-487008
-484025
-477608
-468678
-468501
-467257
-464981
-460087
-459995
-455196
-450369
-446383
-437487
-435004
-432471
-428954
-423897
-420827
-420278
-403061
-402587
-399655
-390874
-387159
-386296
-377201
-372486
-365668
-360856
-360805
-356566
-353349
-353054
-353005
-351856
-349461
-341624
-330153
-319691
-318005
-311813
-305352
-303798
-302547
-299569
-298195
-297828
-293732
-282259
-281691
-279833
-275275
-273792
-263435
-261350
-257526
-255361
-254362
-250490
-243675
-241217
-238420
-233521
-231281
-224640
-220495
-219744
-208373
-207897
-207040
-205067
-202463
-193638
-189005
-188437
-185958
-183609
-183179
-178685
-178055
-176322
-168051
-157755
-156631
-152175
-150068
-137271
-135903
-132015
-128822
-127573
-119054
-112921
-112018
-109674
-106644
-106075
-93471
-84692
-78291
-70964
-64446
-61879
-60140
-59934
-57322
-50725
-48940
-44978
-44844
-40607
-40050
-38224
-37950
-31278
-24933
-22463
-19115
-16111
-7028
-4385
-3909
-3101
-1964
1308
2002
6666
15739
17149
17449
23729
32389
38700
42034
44948
51497
60442
68788
70065
72573
73797
77907
81215
87186
97952
101888
107957
109747
115155
117208
125453
130525
137508
141902
147040
148612
151644
153907
162169
163477
167247
173048
174125
177200
184424
185633
188304
194361
194633
196289
198470
202981
207905
215166
219125
221839
223581
224128
229455
243763
244750
258170
263906
266436
269244
271694
285681
286410
293364
293926
299394
300741
303052
303805
305204
309330
310498
312102
315071
318282
319164
319442
320651
322623
333562
338298
342454
351114
352084
356845
361860
364484
365545
366314
375110
375394
377198
388165
391604
392711
398377
401138
411009
414018
428158
429709
434527
436080
439462
441296
446909
453325
458910
461881
467984
470103
470212
479927
480468
490313
499726
502807
503786
505799
506924
507578
513114
517625
519872
522471
531236
531919
532978
535314
535465
536183
538125
541323
542160
543328
545818
546192
547398
551242
557589
558621
560448
564971
566770
568178
568790
578477
581852
583751
589522
591692
594629
596083
597181
611175
619525
621399
626026
627700
628716
631230
632458
635294
636799
639102
641640
647728
654018
657720
657742
669879
670185
676634
683304
683814
683983
686925
687340
692042
692746
699449
702695
703608
704667
715880
719846
724187
725852
728525
730916
732231
735166
738695
740371
741653
749835
751370
763178
765715
767152
768619
768699
772686
775415
779150
790808
790951
794356
794422
803779
805938
815126
816602
823133
825324
830364
833441
842076
844551
846673
850240
852702
854565
861327
870676
871934
874059
888410
900476
903184
903277
904416
904693
910483
915955
927093
928140
932835
939006
940179
944750
945973
949080
952337
953640
958203
959585
959766
966872
969138
986421
1001261
1007312
1009651
1009782
1026400
1035217
1037390
1038856
1041879
1044313
1045188
1053174
1054532
1054996
1057645
1060480
1061955
1062536
1062564
1068034
1072541
1074292
1076868
1080448
1081312
1083735
1090223
1090301
1096727
1103808
1106958
1107715
1108934
1119097
1119915
1123448
1127834
1132773
1132855
1142570
1144165
1145145
1145655
1148730
1151625
1156976
1162660
1169594
1171374
1172517
1175646
1177101
1189350
1197425
1199515
1200196
1201401
1206894
1211510
1216325
1217453
1218491
1224791
1226220
1253004
1255021
1257872
1270835
1270866
1271782
1276478
1280859
1287925
1290893
1304188
1309185
1309938
1314359
1316098
1320654
1323624
1326154
1326941
1331334
1331532
1333679
1336751
1340810
1342135
1348119
1354112
1355285
1356718
1362879
1365941
1368793
1373867
1377586
1380979
1388852
1394049
1398560
1403898
1405384
1410329
1412158
1415778
1424404
1426222
1428740
1434518
1434789
1443481
1444406
1447699
1451834
1453595
1470790
1473658
1474800
1475994
1483352
1485863
1487962
1489861
1495163
1496606
1497359
1499193
1504932
1506210
1507483
1509717
1511746
1512330
1512716
1516469
1520070
1520835
1522263
1525091
1528750
1531257
1535268
1544217
1545701
1552109
1560601
1562638
1567013
1571197
1581574
1581936
1583147
1589518
1594364
1597012
1598392
1598930
1605935
1610523
1610630
1618286
1624022
1626650
1627108
1628299
1642696
1653487
1655769
1660662
1660715
1662347
1666000
1667359
1668027
1670027
1676526
1676531
1678554
1682081
1683360
1685841
1686762
1694050
1697963
1699617
1700756
1713018
1716617
1725306
1727306
1731004
1738310
1740074
1744073
1744329
1746516
1752160
1758235
1763471
1764146
1764946
1770080
1771257
1772052
1775463
1777272
1779636
1784286
1788473
1814450
1815633
1816938
1818514
1821102
1825588
1836711
1838127
1841314
1848752
1854584
1865647
1866735
1869016
1870898
1884829
1885144
1894354
1896573
1902982
1910655
1911676
1913123
1918947
1922722
1930949
1931904
1933241
1935159
1949037
1952222
1956231
1957016
1957504
1961374
1963819
1973725
1974116
1974807
1976130
1982016
1992098
1995990
1997659
1998347
