-1998518
-1988663
-1985576
-1984469
-1983937
-1980266
-1979237
-1975468
-1975433
-1974191
-1971522
-1968376
-1963567
-1953089
-1947014
-1946972
-1944259
-1938790
-1934490
-1931577
-1924189
-1923115
-1921420
-1920276
-1919659
-1918848
-1915752
-1901874
-1898756
-1897495
-1888645
-1879627
-1877619
-1873523
-1869085
-1868850
-1867673
-1866911
-1858738
-1856623
-1852999
-1850846
-1848108
-1846951
-1844753
-1841049
-1835155
-1834955
-1832046
-1830138
-1828310
-1827865
-1815033
-1813275
-1798189
-1792767
-1790555
-1790535
-1790157
-1787799
-1782977
-1775357
-1767305
-1764233
-1758844
-1756279
-1743233
-1742671
-1738404
-1737929
-1736235
-1733900
-1733192
-1724596
-1723394
-1717053
-1707732
-1696718
-1694543
-1694364
-1694247
-1691878
-1683892
-1679013
-1678299
-1677291
-1669298
-1668898
-1659731
-1659108
-1650908
-1648025
-1644598
-1642775
-1642061
-1639035
-1633819
-1632538
-1631835
-1628364
-1625882
-1617312
-1611508
-1594005
-1593069
-1592864
-1592499
-1559608
-1558919
-1558832
-1557683
-1551938
-1548384
-1545566
-1543275
-1541549
-1528573
-1526592
-1525457
-1523481
-1522623
-1519909
-1519665
-1517867
-1516669
-1509480
-1509442
-1494488
-1491967
-1477959
-1455130
-1453026
-1444786
-1442667
-1440559
-1434805
-1429318
-1426733
-1422708
-1422545
-1419788
-1415651
-1412305
-1408572
-1407368
-1405933
-1403133
-1402643
-1401923
-1401841
-1397120
-1395567
-1385562
-1383021
-1380860
-1380005
-1371260
-1369363
-1368321
-1365798
-1365713
-1360017
-1356445
-1355724
-1354744
-1350458
-1347921
-1346939
-1345593
-1344134
-1343567
-1337407
-1328681
-1326657
-1323976
-1320623
-1308177
-1301892
-1296390
-1283377
-1283280
-1267067
-1264599
-1254090
-1249043
-1248657
-1246197
-1244646
-1241255
-1241071
-1240586
-1238859
-1232998
-1224355
-1221388
-1212315
-1211791
-1208864
-1208533
-1208338
-1207944
-1198790
-1197394
-1194643
-1185497
-1180918
-1174602
-1169672
-1166573
-1164818
-1154140
-1153717
-1151224
-1150534
-1145064
-1144172
-1144114
-1143250
-1137225
-1136538
-1129662
-1126604
-1120012
-1118564
-1114460
-1111388
-1105347
-1103712
-1096390
-1094607
-1093041
-1080902
-1075813
-1067565
-1064692
-1061825
-1061698
-1054431
-1053972
-1052476
-1046609
-1045942
-1044522
-1042861
-1042506
-1039397
-1020110
-1019899
-1015561
-1014938
-1012278
-1005325
-1003158
-1002531
-998496
-996860
-995264
-990007
-979025
-973905
-971368
-950404
-947557
-946488
-945909
-945129
-944914
-939749
-935187
-932678
-917880
-907456
-906671
-903389
-901988
-898215
-892203
-891978
-890111
-884575
-884556
-883770
-883398
-883164
-870976
-864222
-863556
-856477
-851047
-849320
-846366
-842602
-842455
-836198
-835186
-834010
-831922
-826604
-825028
-823626
-822558
-821791
-815103
-809371
-808462
-806149
-805126
-803364
-803212
-798214
-793172
-786896
-786354
-785238
-782351
-780447
-775840
-774873
-773396
-772399
-770308
-764705
-749870
-749860
-749544
-747040
-743333
-741028
-738520
-737874
-732672
-729824
-724392
-723913
-720750
-714327
-707594
-707511
-706730
-696788
-694672
-686357
-685654
-678411
-673490
-673050
-663846
-662942
-660173
-657644
-654102
-648935
-648335
-636662
-636651
-635695
-632982
-626212
-625891
-619999
-615380
-604298
-603211
-599839
-597946
-597780
-594445
-593838
-585765
-581798
-572954
-569798
-569306
-567591
-564114
-561765
-551913
-550633
-548451
-543674
-538576
-537507
-534730
-532360
-525789
-519089
-518787
-515242
-513402
-513242
-510592
-501538
-496975
-495609
-493533
-491551
-485042
-482068
-468838
-461422
-461231
-450457
-445851
-442456
-435820
-417417
-416230
-414350
-409554
-408808
-407369
-405944
-402463
-391341
-384082
-383029
-365430
-363425
-362766
-361790
-355880
-352371
-348927
-348066
-340328
-339144
-333034
-328679
-313819
-306709
-306111
-303392
-295181
-293933
-293282
-290903
-277330
-271749
-269183
-267954
-261175
-258428
-255589
-253954
-251045
-247146
-237677
-230876
-229799
-223168
-218950
-218781
-217837
-216736
-208497
-193048
-190217
-189345
-187017
-166307
-164413
-164008
-162281
-161874
-161392
-156750
-138508
-137369
-135462
-127883
-123897
-122361
-119539
-99185
-98587
-94071
-93823
-87488
-83784
-77150
-67787
-65749
-62013
-61576
-60132
-59211
-53598
-53381
-53036
-47795
-44895
-40746
-34766
-33340
-27880
-26025
-16375
-13803
-7238
-5350
-947
-494
7739
8431
9358
10117
16979
18308
30806
42953
44974
49764
53220
56822
61411
67003
67287
73140
76061
81937
83674
86618
88462
90749
91345
96680
101459
104460
104503
104900
106165
106980
111220
111776
117493
117578
124123
127318
128968
129606
132973
139639
152035
159830
162166
164905
169517
172480
178676
178959
181253
182389
184678
187886
192609
195790
200558
202442
206593
208808
216001
222401
235213
239646
239695
241205
242119
244805
247031
255086
255995
260524
261512
270016
270709
271763
272405
276250
282994
284648
288452
297165
299796
299904
300450
306996
308589
311920
318649
321053
321224
323373
328071
328271
330297
346592
347627
355883
357756
365810
366227
367237
379145
383832
387788
387852
388451
390332
390808
415202
431018
439164
441765
442267
444247
449386
451680
454436
455425
456819
463863
471438
475723
483448
489163
505493
509724
509901
510706
511841
515096
516283
520862
522922
527016
527666
534605
543007
547208
547723
551050
553923
559701
561145
566269
570412
573082
575381
576872
578018
581988
585457
591104
591453
595089
600367
608310
626325
630664
635421
638089
641257
644710
655224
655941
657074
660523
664317
667778
670488
675717
675970
676138
678543
681762
688059
692257
693182
693928
694379
694450
696698
699746
702217
711059
713230
716716
717400
722091
727521
730220
730986
731267
735986
739101
741356
743210
746907
747222
749721
767588
768048
769614
771815
777105
778643
779187
784759
787455
790730
797660
799411
802040
804190
805076
806445
808217
823543
831038
831530
832144
832760
833633
835361
840791
843444
857698
859167
859349
859395
862856
868040
869929
870405
876718
880724
886698
887147
893108
895913
898235
907906
923375
923643
923886
924057
930145
941453
941792
942787
944913
948868
964308
967786
968556
985673
994149
999117
1006224
1008010
1008858
1013462
1016938
1018548
1028430
1030741
1031932
1032898
1036876
1038036
1041126
1048800
1054602
1059561
1060705
1061814
1063808
1065332
1065414
1067511
1068823
1071278
1074704
1074874
1086843
1091303
1095033
1098320
1102914
1108402
1113858
1114745
1118718
1120055
1122172
1126840
1127356
1129662
1131091
1136695
1145724
1148848
1153917
1159602
1165989
1170100
1176740
1179127
1191387
1196349
1199030
1199330
1202128
1205705
1207211
1211177
1211820
1223554
1228047
1234204
1237675
1237994
1238112
1246743
1247237
1247652
1254086
1260011
1260680
1262875
1271638
1276850
1277865
1280615
1281279
1282567
1287652
1292165
1292718
1304187
1305338
1305695
1307789
1308912
1320766
1324617
1334193
1334587
1341501
1344944
1346204
1352195
1359112
1359843
1360445
1360643
1361163
1361496
1366904
1381266
1384088
1384337
1384528
1386257
1387799
1387917
1389516
1391400
1396410
1399906
1401216
1402732
1403000
1409694
1409845
1410174
1419256
1431864
1432581
1434620
1440070
1440743
1447363
1453289
1453548
1458840
1468987
1469656
1471174
1471764
1474980
1489967
1492628
1498966
1503325
1507080
1510059
1511845
1514980
1522395
1528521
1541258
1544322
1544831
1547755
1553042
1563760
1566517
1569032
1578615
1579030
1583707
1589556
1592654
1597944
1598772
1601738
1602786
1610160
1623929
1624897
1633205
1634646
1644431
1652546
1669865
1670479
1677154
1679433
1693817
1698046
1702089
1707705
1710639
1710823
1715856
1724922
1725282
1727877
1729574
1739175
1740204
1748516
1759368
1762283
1763342
1764191
1771351
1772390
1773652
1776654
1781249
1784092
1785418
1785863
1788937
1789729
1794291
1795797
1796627
1800839
1806920
1811986
1812102
1812330
1816166
1817472
1819732
1823498
1827528
1828173
1833206
1833481
1836300
1839580
1840388
1843327
1854356
1856625
1861819
1865210
1868962
1871691
1877039
1891477
1891547
1905972
1909888
1914321
1921897
1933983
1947158
1954142
1954183
1958381
1964277
1978651
1981243
1981844
1992155
