-1997189
-1990930
-1990540
-1989508
-1987090
-1986769
-1976933
-1971466
-1970509
-1966167
-1964339
-1952176
-1950690
-1942383
-1940202
-1931273
-1927962
-1924318
-1923084
-1922247
-1921537
-1916335
-1912665
-1910663
-1904506
-1892414
-1888642
-1888357
-1879532
-1876767
-1866895
-1865181
-1858990
-1858150
-1854626
-1854231
-1853257
-1851312
-1850250
-1848206
-1847703
-1846491
-1845791
-1844246
-1842148
-1839541
-1837510
-1828268
-1793863
-1786435
-1782588
-1781913
-1781334
-1778246
-1775127
-1773743
-1771425
-1768130
-1767155
-1764765
-1760793
-1760790
-1758949
-1750476
-1747819
-1747116
-1740978
-1740762
-1734484
-1734354
-1732986
-1731504
-1720190
-1719431
-1712743
-1708413
-1704799
-1702422
-1699417
-1696665
-1691935
-1688963
-1685920
-1684293
-1679037
-1678949
-1676404
-1672655
-1669221
-1667087
-1660432
-1660306
-1650605
-1647795
-1642140
-1626696
-1625011
-1624304
-1622988
-1619431
-1615906
-1608038
-1606059
-1597966
-1589744
-1585288
-1582793
-1580261
-1579391
-1579187
-1578524
-1578031
-1577568
-1576855
-1575923
-1559720
-1549096
-1536691
-1532247
-1519330
-1515365
-1512172
-1501316
-1500673
-1499034
-1495201
-1494389
-1493908
-1485988
-1481366
-1480629
-1478865
-1478533
-1472886
-1453698
-1450981
-1438778
-1430423
-1421034
-1410817
-1408890
-1398117
-1397146
-1393965
-1389253
-1383340
-1381761
-1380499
-1375880
-1368284
-1361601
-1361443
-1354813
-1354525
-1353862
-1341113
-1340333
-1336011
-1334504
-1332283
-1324737
-1323014
-1318013
-1308970
-1308583
-1307159
-1304220
-1292979
-1283333
-1279885
-1273887
-1273825
-1272414
-1266766
-1265679
-1259420
-1257590
-1256202
-1254408
-1244448
-1243834
-1242729
-1240525
-1232859
-1231960
-1229361
-1225966
-1225149
-1224639
-1223221
-1214934
-1211588
-1210755
-1194716
-1189870
-1188345
-1184459
-1174047
-1172478
-1172120
-1155185
-1149755
-1145047
-1143228
-1142652
-1135222
-1132272
-1132100
-1132086
-1130046
-1123054
-1122807
-1115573
-1113959
-1112762
-1104877
-1103797
-1103005
-1102070
-1091471
-1087037
-1079158
-1068336
-1065478
-1064264
-1057814
-1052761
-1052582
-1052431
-1048885
-1045196
-1040366
-1039628
-1036966
-1031884
-1027988
-1027510
-1015966
-1012912
-997899
-989259
-983390
-976902
-976322
-973215
-969908
-967897
-952747
-934938
-926987
-917084
-905199
-904149
-902939
-897538
-889353
-886480
-878946
-876121
-872379
-867599
-865988
-863861
-862318
-859484
-854393
-851212
-847428
-840138
-836478
-832649
-832059
-825676
-825050
-809450
-807391
-803092
-800734
-795888
-795295
-794160
-792638
-789145
-787232
-780279
-769100
-767768
-765187
-762625
-753695
-746722
-744896
-740518
-738346
-735296
-734218
-719187
-718575
-717139
-706893
-706195
-702759
-697731
-689365
-687549
-685256
-683561
-681371
-680839
-680002
-678077
-677705
-676507
-673174
-670744
-667361
-666322
-666240
-665145
-661893
-660304
-660128
-660072
-656838
-656609
-653647
-653329
-636996
-636469
-636099
-636094
-629586
-624032
-623657
-622228
-607845
-607553
-595357
-583364
-583283
-581133
-580837
-577493
-576434
-572416
-561619
-559210
-548485
-546584
-545633
-537311
-535286
-533064
-530446
-525652
-525396
-518094
-515179
-513399
-497323
-481628
-478607
-477590
-477153
-469431
-467747
-467163
-458635
-452231
-440773
-433972
-424495
-417614
-413116
-404293
-399365
-393752
-393245
-392993
-384615
-378512
-376937
-376098
-372601
-364522
-361517
-351265
-347922
-338990
-338514
-336016
-330501
-329851
-329074
-326230
-326145
-324870
-324159
-323447
-318800
-313713
-310751
-307443
-305890
-305678
-303672
-303346
-294102
-292919
-289278
-288317
-277831
-274470
-267213
-266366
-266202
-262454
-259654
-258656
-258295
-257478
-248501
-242129
-237395
-234504
-230815
-229871
-227221
-221808
-215597
-208263
-206389
-203819
-196817
-192170
-187406
-184355
-173518
-173474
-170272
-168613
-168611
-162834
-162779
-160362
-153546
-150807
-150697
-142882
-138254
-128100
-125688
-123702
-115469
-109379
-107601
-104686
-95646
-95148
-93702
-89949
-85004
-77423
-75623
-64447
-63730
-63201
-60525
-55953
-54970
-49115
-48910
-47409
-42287
-38724
-38535
-38273
-37950
-36655
-35990
-34369
-33958
-32194
-29796
-20605
-14290
-8037
-4608
-3310
680
1477
9596
14584
16369
19951
26860
29773
35123
38114
38760
41299
46577
53890
56508
58664
58782
59112
63244
63424
67306
71643
73232
77999
79388
80173
80370
82563
83082
83677
84073
93046
93071
97128
97265
97837
98537
102132
107979
108982
110526
120001
126518
130378
144135
147570
159833
163152
166008
176123
186814
195883
203644
209695
222750
233233
236432
237365
240339
240553
244777
247152
252479
254209
259463
263147
266305
268545
279820
284274
285713
288956
289087
289536
295894
301507
303263
303814
304496
309202
310525
312854
316614
319148
319291
319800
321828
322015
327990
336552
337709
338272
338311
341502
349798
351003
355430
358128
360248
368264
368504
375820
380878
382085
391783
394553
402010
402639
410431
413052
420582
421028
426784
427590
432947
447662
453746
457453
472797
474197
474678
479170
481168
489519
490260
493192
495448
500027
510236
512824
520802
522197
522219
522850
525540
526227
532333
532378
532403
536539
537213
538067
540038
540544
553811
554084
554329
555286
565525
576344
576542
581271
582960
585141
588355
590878
596175
602948
622680
625887
629967
632726
633934
635378
636010
642006
642263
645508
647949
653415
661365
662020
663446
687074
687781
688490
689602
694070
700632
701635
703325
703598
711151
714668
718448
728816
730828
730909
733886
737448
740123
743554
749281
751218
755802
757193
757250
764259
765994
767130
768842
770049
770717
773816
797485
798636
798988
799035
801597
802744
808584
813854
814347
816539
818251
819367
821887
832771
837057
837372
837582
839968
841034
847394
849569
860390
864138
866612
866958
869601
869824
869899
888773
890762
891591
891750
893709
893922
894193
902251
904534
910475
910657
913477
913897
918877
919696
922425
933126
945543
949435
951304
952269
952871
963512
965504
968009
969828
974961
984074
989534
995496
995769
1003553
1011128
1014487
1015802
1016282
1017939
1018039
1023033
1026743
1039729
1051286
1052257
1060845
1060858
1063231
1064736
1072390
1089519
1097587
1097963
1111143
1113358
1115537
1117688
1122439
1124303
1126317
1130366
1133727
1134064
1135278
1140139
1156871
1160633
1165371
1167877
1170543
1173509
1174631
1176386
1177287
1187278
1189472
1189707
1192033
1192247
1195870
1202791
1218686
1219492
1222514
1225432
1225861
1226287
1227215
1231888
1235734
1240332
1245318
1248193
1249246
1250261
1250472
1253638
1253884
1272657
1273545
1274778
1280918
1283834
1287721
1293077
1298659
1311007
1314437
1314634
1320611
1322814
1324756
1325294
1326995
1330280
1337476
1344691
1345687
1345856
1354500
1356289
1364939
1378643
1382766
1384155
1386612
1389579
1390537
1390827
1393493
1397366
1403865
1406026
1412367
1413263
1422532
1423055
1423500
1427773
1430479
1437296
1440483
1445129
1448130
1454696
1464903
1471957
1472677
1473022
1473103
1477961
1480736
1482728
1489281
1494817
1508480
1510862
1514394
1515123
1518430
1522265
1523193
1524938
1530193
1530464
1530831
1538623
1550415
1551492
1558793
1561547
1574638
1576372
1579214
1579554
1586932
1590482
1604858
1614583
1616040
1616468
1617188
1620583
1621375
1621816
1624157
1627948
1637357
1642036
1646207
1648320
1651487
1651772
1652116
1661824
1666641
1666800
1671228
1675719
1677372
1678589
1679939
1691291
1692177
1695668
1696307
1705484
1708984
1712036
1712958
1717298
1719476
1722094
1722363
1724045
1736214
1746750
1752947
1757216
1757658
1769609
1771253
1774470
1783436
1789588
1796745
1797644
1799745
1800905
1802523
1802696
1803661
1804464
1804612
1806664
1817874
1821620
1828103
1830506
1834695
1835794
1845838
1845955
1851413
1852884
1857271
1864733
1865912
1869110
1878389
1880551
1880970
1882164
1885980
1891866
1892511
1892852
1897794
1898099
1899015
1902393
1905561
1908356
1914188
1926610
1927704
1928406
1933431
1944244
1948469
1949093
1950151
1957108
1969871
1971117
1971835
1975898
1976904
1977408
1977831
1981600
