-1989069
-1988216
-1987821
-1987649
-1978611
-1978428
-1977823
-1966056
-1964967
-1962923
-1961843
-1952467
-1946420
-1944138
-1940518
-1934347
-1920949
-1917092
-1915958
-1911185
-1909132
-1906701
-1905783
-1904141
-1903379
-1892736
-1869058
-1867064
-1861177
-1860756
-1860529
-1856214
-1847191
-1846888
-1846422
-1843903
-1841006
-1833319
-1829417
-1828969
-1828561
-1828373
-1824479
-1823585
-1823293
-1821656
-1816951
-1815265
-1804212
-1804093
-1797190
-1789031
-1779694
-1776547
-1774243
-1773831
-1771627
-1768197
-1766327
-1766208
-1754833
-1751550
-1739756
-1733002
-1732644
-1732042
-1725806
-1723108
-1723032
-1721539
-1719197
-1707005
-1704589
-1701113
-1697460
-1696537
-1693153
-1691615
-1689193
-1682431
-1670479
-1667906
-1665869
-1658383
-1657486
-1646210
-1644045
-1641935
-1641304
-1626923
-1624857
-1623035
-1620324
-1619571
-1616575
-1615259
-1604275
-1599612
-1584860
-1583775
-1575980
-1568098
-1565477
-1563656
-1562883
-1561182
-1553937
-1552637
-1547888
-1545182
-1538096
-1534215
-1529526
-1525685
-1522948
-1521817
-1520229
-1515174
-1513859
-1513197
-1509663
-1496554
-1494914
-1490010
-1483110
-1482406
-1481676
-1479065
-1475120
-1475020
-1462343
-1458833
-1455482
-1452405
-1450623
-1444653
-1439990
-1435885
-1428077
-1416577
-1415191
-1414999
-1400341
-1400010
-1397591
-1395690
-1390639
-1378327
-1372074
-1371686
-1370705
-1369523
-1369310
-1347170
-1341450
-1325537
-1320368
-1318147
-1318055
-1314897
-1314564
-1312091
-1307531
-1303333
-1289096
-1284241
-1283264
-1272096
-1271774
-1265468
-1256576
-1255971
-1253641
-1242437
-1231246
-1231099
-1229862
-1220419
-1220194
-1208343
-1207693
-1203950
-1202619
-1201960
-1198999
-1196841
-1196585
-1191362
-1189729
-1188392
-1185656
-1178679
-1174891
-1171474
-1168954
-1164287
-1161809
-1160688
-1159613
-1156054
-1153121
-1152223
-1151049
-1150235
-1146396
-1144058
-1139971
-1138440
-1136448
-1124947
-1124327
-1108949
-1101758
-1098927
-1096547
-1089121
-1082559
-1082092
-1080438
-1077378
-1077264
-1075374
-1067724
-1054758
-1053361
-1051531
-1047915
-1045489
-1034300
-1033184
-1025741
-999449
-989902
-988459
-988273
-977880
-975256
-969872
-961045
-960175
-958508
-956898
-956275
-950993
-945627
-939904
-938839
-931721
-926779
-919368
-917172
-914666
-911177
-894016
-893289
-893099
-891187
-890374
-884679
-882568
-880704
-876235
-874357
-871909
-852999
-852412
-843904
-838351
-829777
-828653
-825676
-825198
-824043
-821818
-811025
-808826
-808251
-805078
-802678
-802124
-799797
-789775
-788673
-786218
-780500
-776492
-773681
-773021
-769942
-766823
-765576
-765159
-759604
-759300
-753694
-752124
-745758
-744063
-740714
-735367
-731153
-730246
-724406
-718208
-707873
-704929
-703946
-696187
-696053
-694363
-694200
-691215
-689100
-686669
-685760
-684372
-683320
-682784
-676682
-669747
-666749
-659005
-647542
-643089
-642055
-626599
-618509
-601350
-599843
-599103
-593973
-591372
-590258
-585872
-572287
-568220
-567286
-560243
-547814
-541888
-541450
-539221
-538942
-537220
-530862
-528007
-512631
-511224
-509231
-507685
-505452
-502425
-497777
-496216
-492099
-489675
-486981
-486868
-484892
-474207
-461901
-459630
-459089
-455618
-451443
-450347
-447101
-445457
-441423
-440938
-436711
-435017
-434759
-432961
-432020
-426608
-424921
-419265
-417923
-415676
-413502
-407015
-398647
-397000
-392390
-392090
-390547
-388627
-385946
-376888
-376004
-368026
-361520
-356826
-351792
-348757
-347920
-347342
-345812
-341914
-336015
-329932
-322594
-312956
-306830
-305828
-304202
-300131
-299631
-291426
-289154
-284218
-281067
-280973
-271346
-267045
-264915
-263757
-260855
-256224
-255707
-253116
-248451
-247387
-243471
-240709
-232381
-229006
-225917
-223054
-220284
-218588
-217737
-201000
-197105
-189887
-189815
-189456
-183850
-181411
-178610
-174609
-174058
-169511
-168019
-167858
-166851
-163422
-160801
-159848
-158007
-150919
-148264
-144906
-136681
-133890
-132951
-129463
-128233
-124005
-123735
-117817
-116591
-98908
-94903
-90239
-89701
-85168
-73110
-70147
-68419
-67406
-62556
-60678
-53422
-45741
-40025
-38822
-33287
-22904
-20271
-11026
-9304
-8379
-6337
348
1658
1845
17015
17283
17570
20180
23485
26518
27993
31196
31422
37529
38165
42873
50445
50870
56147
62570
67482
76744
77414
81377
82635
89919
99907
100465
103496
106068
108606
113259
113934
115776
119858
121409
123362
125968
129146
130320
132744
135049
136595
144259
150250
155348
159698
160146
160880
174671
175883
177556
185664
192646
192689
196840
200014
201148
217017
220028
221571
226892
233197
234338
241318
243607
244096
244242
244816
245050
245238
248594
253183
265805
267863
271143
274948
283498
284461
285223
294235
300407
302576
304333
310503
316235
318267
334500
336555
340634
348825
352160
354716
355581
355671
357459
358680
362535
363113
372731
373873
374045
392030
402264
417385
425808
427608
437622
442789
446682
450798
453067
453572
456308
464063
466700
472026
474091
476912
481946
486553
486623
488525
490890
492640
498653
507171
510006
519528
519598
522124
528667
534073
535196
541271
542699
543713
544023
544887
548812
552252
554202
557312
560617
561016
565346
568572
573209
576976
581218
602565
604525
608848
616497
618114
620273
620730
641980
643644
643645
650762
654519
663524
665192
667583
674282
678090
685532
690658
704505
706716
710776
714952
720869
725435
728853
734687
736327
738308
743235
743238
749316
755546
757174
760366
760494
760782
766141
774737
778596
784135
788319
788702
791247
795505
801040
802671
807777
808158
815150
819210
822054
828820
833600
835698
838799
839859
843949
847102
851657
855002
864988
869943
871053
872181
880149
886353
893965
895857
905187
909300
910722
911118
913506
915742
923166
923749
924798
934051
939161
940351
951323
960580
963508
967122
973251
979247
981381
991907
992517
993172
994077
997700
1013391
1015128
1016232
1021182
1021966
1023717
1024062
1026679
1030789
1033189
1033944
1034085
1036652
1039540
1041727
1045180
1047352
1048198
1063627
1063893
1066976
1071734
1073108
1075317
1076699
1086905
1089704
1091472
1098614
1112694
1113609
1115188
1118775
1123453
1123754
1126142
1128516
1130597
1131006
1134279
1136314
1140519
1145650
1162155
1169429
1173830
1177445
1180194
1184191
1185030
1185527
1186695
1187478
1188225
1190344
1197562
1200097
1201680
1204296
1208515
1209124
1213201
1216241
1218369
1243411
1245287
1245336
1246007
1247150
1247323
1252273
1257272
1257414
1267229
1276722
1281954
1282929
1285252
1287186
1288744
1290554
1291854
1292039
1294373
1294456
1300068
1300356
1302974
1305665
1307600
1325498
1330302
1331038
1336796
1341663
1350614
1357264
1360250
1369819
1370472
1370932
1371527
1373180
1376109
1377266
1382832
1384697
1392369
1392948
1400444
1402681
1404363
1415871
1418637
1419450
1423466
1426817
1432645
1434891
1435081
1439035
1442628
1445482
1446566
1449667
1453138
1453237
1462594
1467469
1467592
1475167
1477295
1484777
1486342
1493457
1494329
1503319
1512878
1517073
1521958
1523884
1533592
1535134
1539141
1542870
1544222
1548413
1549921
1550317
1550788
1553047
1554078
1557154
1565822
1570323
1572725
1583272
1585504
1600310
1605360
1609503
1609935
1615929
1615965
1618944
1627169
1631133
1631371
1633552
1634641
1636385
1637547
1639008
1642132
1647112
1649182
1655266
1660687
1662583
1665790
1665959
1672186
1677406
1685615
1687142
1688066
1695822
1701864
1706988
1707925
1710086
1714195
1729249
1730149
1731709
1735923
1740624
1749217
1754647
1770324
1772391
1773528
1779485
1787803
1789561
1792269
1801631
1802648
1805324
1809475
1809982
1813681
1816528
1819994
1822428
1822554
1828231
1831392
1832220
1836202
1836775
1844634
1846915
1847929
1848142
1849174
1850367
1862459
1868663
1870999
1871269
1875723
1888326
1888439
1889614
1892784
1896332
1898132
1904983
1909780
1910275
1920179
1922416
1923456
1924322
1928896
1928994
1930665
1934683
1936144
1941715
1942347
1942643
1946683
1946695
1952287
1955478
1963445
1964854
1966773
1967906
1977160
1980954
1981817
1983631
1985398
1985795
1988183
1991211
1996901
1997547
1998987
1999380
