-1999792
-1988318
-1980249
-1977855
-1976670
-1974014
-1972660
-1970522
-1968543
-1965287
-1962930
-1945678
-1944345
-1942248
-1934981
-1933484
-1924961
-1922961
-1918462
-1918458
-1916613
-1905145
-1903922
-1902105
-1899690
-1899471
-1897693
-1896383
-1893099
-1888618
-1884955
-1881003
-1880391
-1879157
-1877433
-1875273
-1869575
-1869421
-1867078
-1864786
-1860965
-1855440
-1853246
-1851775
-1850005
-1845308
-1838372
-1832812
-1821665
-1821653
-1817746
-1810828
-1799853
-1798530
-1794631
-1793400
-1792219
-1785370
-1780628
-1779504
-1772926
-1763491
-1760590
-1760061
-1755946
-1754471
-1752633
-1752425
-1749530
-1743787
-1740697
-1736956
-1733708
-1718808
-1714964
-1713686
-1703134
-1699051
-1699039
-1698483
-1697824
-1696674
-1690835
-1690447
-1687846
-1686516
-1680752
-1679718
-1677354
-1675756
-1674855
-1666272
-1666249
-1665581
-1663045
-1657629
-1651985
-1645330
-1637989
-1637978
-1635529
-1634814
-1633314
-1627278
-1625962
-1623962
-1623775
-1623244
-1619932
-1619473
-1618813
-1617608
-1617607
-1616089
-1613757
-1613102
-1612307
-1606028
-1603498
-1602688
-1600559
-1598503
-1597053
-1595837
-1591247
-1590109
-1589821
-1580445
-1579734
-1577093
-1568772
-1567718
-1555788
-1548332
-1541458
-1538859
-1536172
-1534058
-1532415
-1530640
-1504559
-1501933
-1495605
-1494718
-1491913
-1486507
-1485022
-1484235
-1481683
-1478288
-1472619
-1472419
-1472271
-1465287
-1463566
-1462209
-1454712
-1453265
-1443956
-1442669
-1438683
-1438017
-1436043
-1435423
-1433248
-1432679
-1431307
-1430274
-1428364
-1414713
-1413262
-1399058
-1394327
-1385556
-1377372
-1373066
-1372118
-1370440
-1368991
-1366336
-1362762
-1356720
-1354141
-1353941
-1350530
-1348886
-1346030
-1317642
-1314736
-1305380
-1305012
-1300636
-1296468
-1294048
-1293340
-1287488
-1282639
-1282500
-1280114
-1277101
-1276753
-1273977
-1272397
-1271488
-1266461
-1265208
-1264501
-1261138
-1261111
-1259472
-1256099
-1251942
-1246764
-1243686
-1243436
-1237464
-1227776
-1227742
-1225931
-1224473
-1222338
-1221888
-1221175
-1213800
-1210948
-1209209
-1204235
-1202332
-1198925
-1198309
-1196849
-1196710
-1196432
-1190095
-1185801
-1180595
-1179716
-1174130
-1160409
-1148824
-1130888
-1128105
-1125404
-1123480
-1107298
-1104593
-1091117
-1089673
-1088170
-1080738
-1079801
-1077408
-1077273
-1062551
-1059765
-1057737
-1057344
-1054428
-1049058
-1048345
-1047738
-1045432
-1032241
-1031582
-1018288
-1017005
-1014424
-994881
-977990
-977089
-976696
-975602
-973687
-973591
-971125
-967846
-965379
-963101
-961556
-955735
-953062
-936886
-934302
-933171
-931765
-924333
-921216
-909817
-906789
-905356
-901236
-900250
-899543
-892623
-887825
-886371
-880467
-879031
-876473
-875715
-868772
-857838
-855714
-854998
-854399
-849625
-843710
-841400
-840730
-838363
-831315
-830164
-825890
-806099
-803816
-803612
-803229
-794071
-792254
-789732
-787471
-784360
-783972
-770491
-764853
-758441
-757779
-756760
-755492
-753719
-749530
-744164
-739434
-731721
-721720
-720469
-720152
-719395
-717019
-714418
-712859
-710382
-700815
-696854
-694232
-689538
-684027
-682065
-680456
-679072
-676946
-672285
-666567
-665572
-656894
-654617
-650778
-644628
-640528
-638288
-631534
-628554
-626873
-610959
-608441
-601324
-598876
-597999
-595766
-572138
-565967
-558631
-552760
-550542
-545529
-542489
-539549
-525411
-521218
-516617
-514732
-513634
-506248
-504956
-499887
-497650
-495625
-494015
-492674
-490731
-485812
-480050
-476228
-475693
-475540
-467981
-467681
-466852
-455839
-454461
-452922
-449563
-444929
-442370
-441611
-441026
-438990
-429185
-425537
-421460
-417917
-413828
-410912
-408970
-395753
-388107
-377663
-373369
-358313
-354828
-342399
-340532
-339294
-336310
-333220
-332750
-332525
-325741
-324631
-315147
-313542
-313284
-310454
-309879
-306754
-306641
-300586
-280181
-273623
-267515
-266587
-264478
-256412
-248822
-247496
-242846
-230268
-228899
-226076
-220060
-213867
-213792
-213041
-210703
-205562
-205187
-201168
-198982
-192213
-179299
-173611
-168948
-166306
-165880
-148720
-146464
-142552
-141259
-136399
-123548
-119381
-118488
-118314
-117500
-116394
-111852
-110111
-109195
-104056
-101655
-91998
-89337
-87603
-76487
-72000
-69814
-62664
-61378
-59687
-58913
-46464
-34599
-34569
-34010
-33577
-31994
-25094
-24572
-19835
-17670
-16659
-16325
-11313
-8817
-8567
-5822
-4265
-1858
5706
10730
11963
20849
25761
26267
31151
38887
45930
49849
54445
58793
62401
67498
69343
70925
97281
101913
104146
104809
105368
109523
112438
115965
117122
120799
123938
124535
132027
137407
150588
154335
163501
163672
170055
170730
171286
171413
172196
175062
176364
179290
183194
192114
198471
200463
201148
204189
206090
216018
217009
223171
225162
225845
227440
228900
238831
248756
249670
251409
255301
255778
257624
259300
263295
268003
275650
277229
277521
279117
282515
287384
288264
292847
302050
305409
306879
308438
319699
327263
329152
335069
335949
341168
351945
360412
362480
369964
371106
375679
378352
379884
382151
383394
383414
389883
393362
393897
394116
394613
397429
400768
403003
415665
420302
437835
444746
446715
447588
460652
463220
464805
473083
473609
479365
483766
484682
489479
491555
494467
498363
501655
505242
508656
510810
511249
513603
518329
523804
524704
528480
541517
542064
566543
569892
573758
577896
587797
592150
592429
593959
594988
595156
596715
600859
604861
605993
611042
616704
617145
617390
618916
620469
624043
633700
641687
647023
652218
656750
656837
657540
659670
661000
661987
669837
672210
677408
677978
680721
685380
686846
691134
697633
699234
700743
700847
710504
711892
711956
714403
715481
718564
722771
730595
734537
735878
740229
743901
744688
751156
756415
760992
770126
773351
774350
776014
778511
781499
788024
793323
796139
814490
818047
818808
821118
824734
826777
829899
837491
840755
841110
855710
859909
860306
863183
865313
866533
876135
877513
894266
896917
904605
910790
916414
920196
934645
936607
938648
942304
948795
949925
952535
953318
955481
955835
969548
970448
971069
980094
981219
988779
989378
993422
996945
1000570
1003255
1010352
1021163
1021849
1023527
1023733
1024437
1024847
1027920
1028983
1029396
1038086
1038446
1045126
1045793
1046667
1048603
1050791
1050831
1053857
1055597
1056356
1061714
1063194
1063351
1068252
1073516
1080698
1080738
1090024
1092726
1095188
1116548
1116810
1124776
1126726
1133313
1136335
1137640
1138174
1139777
1140600
1142042
1145713
1149745
1150502
1155751
1155976
1158621
1160733
1169961
1170563
1172099
1179665
1183413
1186273
1186387
1189826
1191388
1192197
1196642
1201165
1201407
1202137
1203840
1208270
1208633
1210764
1214258
1218196
1220788
1226608
1227313
1227377
1229193
1230136
1232114
1233998
1235132
1237644
1246323
1248661
1251169
1252250
1254175
1258161
1262341
1267627
1270675
1274938
1276906
1283149
1290053
1297574
1298434
1301173
1304057
1308164
1310126
1323277
1330129
1331653
1333065
1341042
1347950
1348224
1362585
1363951
1370440
1374727
1383370
1383887
1391663
1397875
1401902
1402773
1409744
1424953
1428441
1433158
1434733
1454630
1464623
1464648
1468210
1478486
1480731
1486896
1498569
1502589
1506225
1508821
1511192
1511791
1512038
1512572
1532867
1533095
1533846
1540343
1543417
1548811
1557260
1557463
1559712
1569264
1577908
1581678
1583691
1585462
1585988
1588771
1595287
1602173
1602342
1603671
1604449
1605557
1618001
1621372
1628667
1631368
1636456
1638269
1639226
1643594
1643895
1655845
1657236
1659734
1665185
1666620
1668034
1672706
1684719
1685518
1686336
1688217
1693648
1705021
1713033
1720714
1724519
1725490
1728107
1730686
1730688
1731592
1732883
1744507
1753956
1754782
1757184
1772495
1774835
1776904
1780215
1784252
1785208
1786332
1809133
1817808
1822868
1824408
1826097
1829365
1831498
1837460
1837746
1838309
1838389
1844074
1846483
1847190
1856919
1872614
1877183
1878266
1878956
1883796
1889081
1890084
1891372
1897192
1899288
1914804
1915587
1918298
1922290
1925449
1932312
1933381
1941409
1949281
1951026
1953227
1956027
1956062
1959546
1968928
1970625
1975441
1981230
1985270
1985364
1991447
1998622
