-1999811
-1995498
-1992787
-1987652
-1983105
-1970528
-1968109
-1967834
-1964087
-1963350
-1962608
-1962229
-1961422
-1955953
-1946969
-1945560
-1937608
-1934847
-1926948
-1926601
-1922766
-1922400
-1918031
-1914718
-1908930
-1908037
-1903100
-1901457
-1901261
-1894543
-1893669
-1893429
-1888434
-1884140
-1880475
-1874247
-1874113
-1868109
-1864459
-1862626
-1858550
-1857654
-1852411
-1850073
-1849334
-1848810
-1840436
-1835308
-1835183
-1833282
-1831946
-1830662
-1829249
-1820580
-1818338
-1815269
-1813441
-1808425
-1807942
-1807918
-1804017
-1801663
-1801390
-1795083
-1791610
-1786193
-1785652
-1784987
-1783482
-1783071
-1777546
-1776656
-1761838
-1759233
-1746823
-1742871
-1742789
-1739767
-1734173
-1727650
-1720763
-1717277
-1716025
-1714432
-1713282
-1707413
-1705377
-1704184
-1703493
-1702608
-1694599
-1686081
-1675972
-1668431
-1654376
-1651070
-1648485
-1646067
-1644635
-1638279
-1636321
-1635732
-1633279
-1609654
-1608674
-1603640
-1596896
-1591911
-1588963
-1582048
-1580483
-1579544
-1567540
-1552684
-1547358
-1540220
-1537280
-1529359
-1528083
-1527343
-1525307
-1520310
-1520304
-1512878
-1511712
-1506169
-1502583
-1500308
-1488179
-1483451
-1482210
-1477739
-1474937
-1471977
-1466456
-1466447
-1459833
-1458821
-1456080
-1454519
-1451516
-1449840
-1444404
-1442292
-1441740
-1440573
-1433437
-1433075
-1430617
-1426923
-1423234
-1417934
-1407416
-1404906
-1395275
-1381424
-1372517
-1368860
-1366191
-1356060
-1348682
-1344989
-1342795
-1333338
-1330951
-1325100
-1322702
-1321747
-1314213
-1312546
-1299767
-1297397
-1295943
-1295776
-1294408
-1289893
-1286997
-1279098
-1278934
-1275774
-1275101
-1274720
-1273335
-1272597
-1272443
-1266217
-1265518
-1256984
-1256084
-1254257
-1250802
-1249201
-1240949
-1240926
-1239426
-1238018
-1237337
-1231524
-1230157
-1228923
-1223739
-1221015
-1216346
-1214714
-1212953
-1211375
-1205924
-1204120
-1202898
-1201824
-1199143
-1194344
-1191329
-1189736
-1188834
-1185983
-1180106
-1176547
-1173892
-1171031
-1165084
-1165072
-1161375
-1157426
-1134237
-1132105
-1130392
-1128039
-1122905
-1117514
-1108613
-1108014
-1101479
-1101331
-1094554
-1089237
-1089174
-1088055
-1085547
-1083669
-1081541
-1080818
-1075409
-1075301
-1069401
-1047027
-1039376
-1035187
-1033652
-1033219
-1033146
-1027297
-1015588
-1008338
-1000187
-999866
-995382
-990265
-981578
-981540
-979473
-973916
-964609
-957598
-955867
-955335
-945013
-942340
-938946
-938064
-935148
-930966
-925433
-914581
-913629
-905238
-901346
-900299
-896924
-892988
-891351
-891299
-888954
-883085
-880091
-874633
-865785
-862774
-858628
-855070
-852529
-851355
-851071
-850155
-847099
-832930
-829155
-829081
-828765
-825608
-825447
-825378
-819437
-818383
-807764
-806308
-795664
-794648
-793808
-790870
-789388
-783075
-781272
-770109
-768863
-768163
-760071
-759918
-755715
-754674
-752207
-733748
-728209
-727875
-724417
-716579
-711105
-711015
-710927
-704495
-697953
-677225
-669930
-668594
-666763
-666668
-661490
-660849
-655072
-649879
-649841
-649194
-646736
-646679
-635931
-630141
-621605
-616702
-615715
-614230
-605174
-582572
-582538
-580405
-577774
-571828
-550815
-549985
-543589
-535938
-533039
-530646
-523549
-518642
-504182
-504015
-503058
-495667
-495345
-489219
-488672
-485318
-482245
-475348
-475100
-470403
-469881
-466831
-460575
-453238
-446813
-445644
-443092
-442858
-440758
-440705
-432004
-426550
-423273
-412653
-409327
-408346
-404426
-403737
-391178
-389477
-386432
-386389
-382216
-380046
-375907
-375738
-375263
-373147
-372427
-370376
-367486
-364097
-361640
-358479
-354700
-351231
-347454
-347130
-346746
-345968
-345880
-344950
-341605
-339647
-337264
-337019
-332177
-329832
-327005
-325773
-322990
-317992
-314388
-311293
-310211
-308975
-292388
-289215
-282763
-278258
-275124
-271112
-270104
-266878
-266143
-252131
-251265
-244908
-240041
-224193
-223763
-223136
-205620
-203708
-199373
-194767
-194690
-189018
-188078
-184793
-184314
-179750
-172855
-172837
-162456
-162413
-161939
-161683
-160036
-155287
-155221
-152394
-149712
-135827
-133712
-131616
-123270
-122582
-111297
-90066
-87867
-85506
-83821
-78724
-76452
-74511
-71016
-68824
-62340
-58879
-58526
-44528
-40589
-38697
-38344
-37651
-33899
-15596
-11667
-11532
-8029
-1721
3687
18715
21893
22084
27941
30165
31390
35813
38292
38655
42052
45549
48835
51110
53724
67232
67386
72407
74974
75311
81193
114266
136444
147412
159329
165639
174246
174754
175853
176370
180473
192526
198054
205606
206745
206928
213436
215941
216520
224939
233307
233322
240128
241463
247405
250407
254106
254460
255863
261275
263072
265927
271086
273150
282396
289346
291333
295810
296927
300461
302862
309462
315820
322391
323136
324642
335817
341993
348377
350087
355016
355199
355449
356991
361840
363055
374619
376923
380756
382810
387224
392006
392112
395487
397552
397587
401249
401869
407456
410340
412396
413044
413913
414309
415902
416251
419009
423305
424793
426672
432352
446953
447369
449083
450378
451590
455531
464242
466753
466931
469093
471936
472902
477569
479779
486679
488244
498791
509295
515880
522321
530139
533373
537894
540426
540544
544842
549367
549901
562231
562392
565550
567891
575321
576252
580852
581005
581409
586926
589776
593611
594334
594777
596110
599612
601562
606935
608058
608951
618525
627183
629356
631677
632010
633822
634237
646766
647253
649200
649823
650259
652336
652414
654148
655085
655222
667055
669268
670203
675835
677707
678201
681313
682130
682376
688976
691320
691671
691971
692198
692489
692985
701513
710014
710995
713006
714160
714862
717090
726429
731793
734612
744330
745767
756438
756592
757354
764886
783313
786298
788148
788277
792830
792832
798401
814286
815030
819762
822293
822831
834368
839604
840566
845049
845509
849230
855740
858526
874251
881463
902257
911985
915911
918244
920187
924559
928443
929280
930027
930767
931228
935609
942304
945435
949414
950462
951183
952259
953086
964571
964994
967879
970144
978285
984934
985031
987861
988557
1006405
1013426
1017306
1019742
1021289
1021636
1029777
1039657
1051904
1054549
1054986
1055083
1056066
1057383
1062478
1065938
1066202
1076791
1078933
1080673
1084049
1090872
1098078
1101677
1104882
1105139
1106991
1111375
1111685
1115705
1115973
1118436
1119122
1125097
1130026
1130681
1133532
1137849
1139029
1141799
1143354
1145439
1148532
1153166
1153580
1162153
1164803
1166410
1168664
1173477
1174315
1186439
1189688
1191858
1196837
1202812
1203704
1206424
1219801
1224093
1224897
1225659
1226042
1228104
1229696
1230970
1232907
1234072
1236104
1237141
1238996
1239321
1260159
1277884
1279586
1280792
1281018
1282937
1283234
1284425
1296023
1304443
1308510
1313404
1320177
1324478
1327615
1336989
1338083
1338195
1351586
1352897
1358076
1364486
1365125
1366443
1378878
1379557
1384853
1385468
1388240
1394115
1396971
1397508
1401598
1403423
1424029
1424500
1431798
1433181
1435025
1436391
1436858
1439174
1441064
1441271
1442483
1444067
1446856
1447978
1450828
1450973
1451785
1465459
1467887
1468084
1470255
1471850
1478930
1485375
1487080
1489491
1505323
1511334
1515132
1515770
1517671
1524587
1526994
1527923
1531779
1532083
1532477
1533878
1536468
1543050
1548841
1557594
1559030
1562424
1574001
1580221
1581106
1584544
1593849
1595265
1599754
1602571
1608990
1611669
1618990
1625811
1638291
1643315
1649992
1653867
1657814
1658836
1662700
1667623
1672856
1673131
1681578
1681816
1682982
1684138
1686213
1691433
1694254
1695957
1702089
1703837
1706216
1709549
1709731
1715759
1717367
1719251
1737846
1743448
1746153
1747170
1751392
1759697
1761603
1779240
1780589
1782574
1785036
1788219
1797802
1800755
1802273
1804034
1807340
1807615
1810734
1812014
1813830
1817576
1817895
1821019
1836936
1837488
1841632
1845332
1847492
1848082
1848722
1852776
1855174
1855399
1857044
1864242
1868637
1875280
1875439
1877078
1878518
1880334
1892721
1893867
1897123
1900088
1902413
1921429
1926673
1935331
1939336
1944519
1945830
1949144
1949569
1949740
1952188
1956101
1966698
1966766
1966820
1975107
1978400
1978491
1980871
1997021
