-1989269
-1984712
-1981710
-1980166
-1978701
-1971527
-1968204
-1964971
-1962389
-1961652
-1960512
-1956030
-1953823
-1948581
-1943990
-1942044
-1929870
-1926237
-1920758
-1919562
-1917907
-1915947
-1915216
-1913548
-1913491
-1910673
-1907918
-1904240
-1899127
-1898415
-1888575
-1885284
-1884833
-1883539
-1883219
-1881973
-1877410
-1876950
-1872729
-1871503
-1866460
-1862476
-1859003
-1852479
-1848860
-1847597
-1847435
-1840464
-1834486
-1827890
-1827224
-1826731
-1826181
-1820816
-1817601
-1814580
-1812511
-1809056
-1808003
-1807234
-1803630
-1802356
-1796040
-1789484
-1785706
-1783657
-1777887
-1776741
-1773079
-1773043
-1767421
-1764359
-1752285
-1746117
-1743348
-1739690
-1739180
-1736825
-1731294
-1725059
-1721613
-1707752
-1704526
-1694580
-1694436
-1693680
-1690357
-1688198
-1688089
-1686024
-1682542
-1677547
-1674899
-1667784
-1661225
-1651672
-1646015
-1640193
-1635179
-1634019
-1632742
-1631123
-1630019
-1629745
-1628078
-1626894
-1623390
-1620053
-1619296
-1618907
-1615481
-1611848
-1610805
-1609175
-1608661
-1603240
-1597747
-1592271
-1571897
-1566259
-1562639
-1562008
-1553893
-1548310
-1546436
-1545032
-1535574
-1524958
-1523664
-1522650
-1518860
-1516259
-1514661
-1513584
-1512582
-1499700
-1491666
-1490925
-1487104
-1484014
-1482591
-1480833
-1477495
-1474958
-1474917
-1471659
-1456803
-1450512
-1437068
-1433458
-1426692
-1423667
-1422725
-1422092
-1413826
-1412386
-1411385
-1407867
-1406241
-1403827
-1399683
-1395103
-1393409
-1389826
-1389777
-1389333
-1375343
-1368076
-1355092
-1354197
-1347959
-1347182
-1329265
-1328111
-1326753
-1323033
-1322199
-1320750
-1298668
-1295830
-1291945
-1285669
-1277631
-1276795
-1276655
-1271174
-1264388
-1259022
-1255276
-1250277
-1249187
-1246167
-1245959
-1235808
-1226808
-1222159
-1219790
-1211150
-1208319
-1194826
-1186040
-1181466
-1179283
-1173924
-1169413
-1167808
-1163738
-1161048
-1160618
-1160225
-1152656
-1146606
-1138735
-1137790
-1129655
-1129020
-1122920
-1118381
-1114987
-1113960
-1110720
-1108800
-1101746
-1097767
-1093764
-1091504
-1089424
-1088806
-1082522
-1077352
-1070674
-1067059
-1066801
-1066156
-1063558
-1060569
-1055699
-1055348
-1052808
-1052642
-1052359
-1049016
-1043691
-1040582
-1039412
-1038233
-1036900
-1032407
-1031783
-1031157
-1019959
-1011953
-1011430
-1009585
-1009398
-1000381
-996538
-994021
-992987
-992936
-988226
-983437
-975614
-975333
-974184
-972814
-972409
-965064
-962502
-959535
-956412
-954367
-947580
-939029
-932505
-932144
-931613
-923500
-918436
-909629
-907541
-905388
-899641
-898279
-892617
-891701
-891323
-890320
-884415
-883091
-872441
-871659
-863966
-861276
-860740
-859439
-855396
-853491
-846722
-832159
-829700
-823622
-820766
-809636
-804217
-801353
-793037
-783045
-778739
-776967
-766088
-763267
-746700
-738482
-731936
-720898
-714130
-713979
-704252
-703994
-703747
-702438
-695411
-686553
-684910
-677183
-674404
-668881
-668618
-667672
-665538
-664149
-655627
-649069
-647115
-644241
-642368
-637643
-637548
-621986
-620667
-620030
-618045
-617742
-617575
-613160
-608817
-602443
-596748
-590344
-589034
-587055
-585876
-583762
-583200
-582003
-576896
-564914
-560347
-549110
-547678
-544201
-542514
-535963
-535395
-533604
-532118
-531068
-529162
-527765
-514677
-514123
-513748
-511967
-507807
-506570
-499622
-499372
-488496
-476236
-467080
-465445
-456654
-452874
-450268
-449880
-447107
-440421
-437802
-428282
-427533
-425626
-417763
-415092
-414738
-410669
-409789
-406037
-404193
-390547
-382603
-382105
-373012
-368231
-365462
-363922
-361862
-361838
-351992
-350265
-347359
-338966
-338042
-336526
-336476
-333908
-325467
-305421
-303976
-297363
-293406
-292725
-292232
-292105
-291012
-278242
-276573
-274177
-271861
-268572
-267452
-258440
-255260
-244703
-243103
-241951
-240490
-234167
-233479
-232259
-228784
-228423
-226816
-223097
-219297
-214157
-205624
-199129
-197012
-193817
-192829
-181153
-179025
-177380
-177133
-177128
-175896
-172283
-171612
-167238
-167203
-165459
-162148
-155071
-151293
-138482
-136783
-132467
-127394
-125089
-120220
-119897
-119891
-118776
-117440
-116258
-112530
-108855
-108622
-101482
-101391
-101051
-98005
-92291
-91280
-88896
-84128
-80281
-75729
-68137
-67968
-67197
-64435
-56803
-52135
-51298
-48583
-47177
-44262
-40066
-38274
-29671
-28787
-24450
-14386
-9025
-3133
3507
8478
12691
26576
46139
47663
47875
47929
49449
54291
61460
72990
74053
77755
84311
86331
86457
88652
92714
99342
100531
103359
104618
108227
111847
115400
117135
122218
122876
123258
128098
134137
135746
160586
166040
168486
175617
184335
193093
197744
199781
208137
210049
211153
217206
224346
228566
231847
232255
232903
237969
238361
249623
256549
257190
262489
270529
275560
275738
279851
280338
284560
293247
294627
296588
299157
305869
306881
307475
308298
308759
312108
316121
316288
324294
339380
349576
352852
353345
353960
355044
356462
364013
369445
370731
372643
377969
396307
403464
407158
408834
414624
415163
416559
416630
417192
417920
420454
422239
422813
424391
436325
441122
441543
441672
441785
444707
449127
450343
451185
452344
462024
462498
463523
471395
472403
477521
478249
479574
481119
481790
483455
484938
493854
494050
495632
498096
498786
499058
508316
516689
534425
535872
541794
543021
551234
553648
559203
564563
564921
566049
571374
576216
578401
580781
584262
588482
591176
591815
592599
595448
599932
607930
608295
610552
613614
615926
617614
618279
630440
636562
640287
643402
653653
675538
675892
679191
681335
683198
684704
690736
696411
697919
698328
705820
707981
710669
721073
725156
729412
735568
744332
752886
759950
766458
766959
774439
778943
779081
779931
783926
789308
791164
791925
793498
793533
802444
805687
810203
812782
815234
816404
821037
824270
832666
840961
844268
847007
851031
852180
854631
859603
864608
868746
870438
873943
875923
877607
879081
881171
882051
882443
883559
885782
891508
895210
897211
904957
908409
912952
916040
917906
922416
938155
938347
945253
947648
950702
951663
961172
961302
963911
967671
970062
972325
975551
980236
980827
982026
983724
985865
996450
1002462
1015387
1017957
1018536
1023114
1027867
1032218
1033713
1039964
1047293
1051141
1059290
1059339
1065829
1074380
1074701
1074992
1077005
1082344
1088828
1099804
1101616
1104969
1109991
1123214
1125513
1127169
1128576
1130124
1131932
1135428
1144457
1148137
1157991
1164019
1164802
1166129
1167793
1168848
1169078
1170597
1172514
1175164
1178382
1190666
1191899
1195100
1197782
1199277
1200798
1204731
1208839
1210758
1211267
1214084
1214440
1215531
1225936
1230598
1230994
1239143
1247737
1253589
1254172
1256556
1256887
1258094
1260731
1271019
1271497
1271683
1276578
1279578
1286489
1287746
1289075
1291010
1299506
1309720
1311831
1320012
1322600
1322844
1333822
1338099
1342942
1344090
1349728
1352099
1357272
1364035
1367241
1370622
1371402
1376754
1381788
1382141
1392981
1396275
1400302
1403095
1409482
1411327
1412957
1415037
1418633
1420043
1420530
1421271
1424645
1429984
1430804
1430995
1439701
1445826
1451322
1452958
1456721
1457433
1463750
1470738
1471882
1477256
1478665
1480789
1480889
1481537
1486985
1499425
1499737
1505575
1518580
1522869
1522990
1535583
1538815
1541043
1541919
1542667
1548330
1548478
1563097
1567331
1568071
1571428
1581615
1582198
1598100
1600006
1603953
1605634
1610626
1615174
1615492
1615501
1627100
1631301
1633776
1634648
1646883
1648208
1657039
1659100
1665875
1672254
1673068
1677868
1680003
1685832
1688114
1696273
1697289
1701126
1701542
1703620
1726841
1729737
1742878
1752233
1764671
1770223
1787821
1788636
1791663
1793337
1800229
1800598
1805785
1805991
1808372
1816373
1828717
1832837
1836263
1836481
1838118
1846312
1846857
1848858
1849138
1852239
1858057
1860236
1861181
1867472
1868164
1871802
1872598
1876437
1879153
1879731
1881251
1881465
1886775
1892313
1906579
1908044
1908270
1908373
1908883
1910485
1915943
1916461
1916739
1919691
1926641
1934215
1942614
1944354
1944899
1945357
1950774
1954652
1964299
1969420
1970328
1972076
1973852
1974185
1979843
1995133
