-1999326
-1998700
-1998110
-1997636
-1995622
-1986559
-1984415
-1967191
-1965582
-1964185
-1962911
-1960006
-1952992
-1952037
-1935773
-1930815
-1930628
-1928253
-1927258
-1922634
-1919017
-1918801
-1918716
-1911720
-1907004
-1905818
-1905774
-1902553
-1899111
-1890489
-1889716
-1885788
-1877901
-1876223
-1875198
-1874708
-1871458
-1859697
-1845638
-1843898
-1825514
-1824690
-1816110
-1808637
-1805665
-1799882
-1786907
-1780583
-1772339
-1769860
-1765107
-1756542
-1748498
-1743860
-1742677
-1738651
-1732991
-1732168
-1727375
-1727117
-1724261
-1723875
-1721461
-1715824
-1711149
-1709172
-1701906
-1697187
-1694729
-1692090
-1691677
-1691178
-1678917
-1677766
-1677591
-1675692
-1675417
-1662164
-1658181
-1647374
-1646597
-1640846
-1637280
-1630521
-1626939
-1613464
-1611184
-1610875
-1610315
-1598376
-1595976
-1594122
-1586904
-1583846
-1583658
-1581938
-1575380
-1571209
-1570760
-1567086
-1559406
-1557269
-1555279
-1552426
-1551371
-1551321
-1546340
-1544305
-1544255
-1542828
-1538941
-1531951
-1529368
-1513979
-1513961
-1510425
-1508847
-1507589
-1503378
-1495028
-1493993
-1491765
-1489875
-1487106
-1487014
-1480793
-1477184
-1476939
-1476199
-1469196
-1463376
-1460316
-1457034
-1456558
-1454685
-1453821
-1452392
-1452032
-1451303
-1450072
-1445935
-1439645
-1436909
-1435296
-1434392
-1426543
-1423563
-1418790
-1405741
-1404895
-1398704
-1397294
-1396368
-1396009
-1393816
-1392031
-1391948
-1384578
-1378577
-1363145
-1361668
-1361139
-1342216
-1339989
-1332337
-1329697
-1327474
-1318596
-1317537
-1316187
-1314784
-1308943
-1304161
-1303852
-1299190
-1298154
-1297969
-1294567
-1287293
-1286896
-1285859
-1285727
-1283783
-1283258
-1281950
-1274011
-1269928
-1257925
-1249762
-1246651
-1245719
-1244168
-1233560
-1222956
-1213981
-1212400
-1206200
-1206081
-1202438
-1199973
-1197877
-1194530
-1193847
-1188263
-1182454
-1178827
-1174776
-1172354
-1171317
-1170769
-1169656
-1166657
-1152517
-1151679
-1150624
-1150124
-1148964
-1145444
-1144684
-1143623
-1140123
-1138766
-1134381
-1131502
-1129064
-1126510
-1118234
-1090945
-1079818
-1076993
-1069207
-1064940
-1061840
-1055230
-1050907
-1048391
-1048139
-1042953
-1041437
-1038782
-1026709
-1025279
-1024636
-1017756
-1013774
-1011137
-1002688
-996173
-994730
-989429
-981609
-980387
-977043
-974688
-972168
-971447
-955269
-948650
-944058
-942980
-937728
-935816
-934851
-930022
-922646
-916252
-915522
-909231
-908006
-902395
-895834
-889472
-885412
-883558
-877873
-875318
-870963
-859119
-855558
-852128
-850647
-838759
-837581
-833721
-831740
-829980
-829739
-829288
-828001
-826073
-825802
-824815
-824239
-823483
-817377
-817034
-815968
-812304
-812014
-810807
-808805
-801228
-800062
-799968
-799218
-798193
-796949
-795079
-775171
-772482
-770846
-767637
-761188
-759867
-750806
-748395
-745959
-724184
-722543
-717820
-717567
-717342
-707288
-705735
-702031
-701132
-687199
-669071
-666016
-655598
-648265
-643871
-641609
-618738
-617297
-615453
-607657
-607142
-602608
-590838
-579561
-576747
-576697
-574443
-574344
-567935
-567503
-563466
-558053
-556116
-552295
-545128
-544756
-535938
-528675
-526634
-524950
-524404
-522791
-518503
-510424
-508851
-503991
-503253
-502903
-502374
-499587
-498478
-498276
-497998
-496663
-496223
-495482
-493778
-491247
-488391
-485764
-484695
-481959
-480018
-471847
-467275
-464824
-457716
-451156
-450877
-444088
-442774
-438728
-429751
-423214
-385843
-383588
-382347
-361781
-359281
-355562
-352101
-350483
-346870
-344032
-341987
-339083
-336862
-336538
-336278
-331912
-331907
-331601
-329148
-323389
-322155
-318409
-317298
-303995
-295435
-288032
-285797
-285654
-285227
-265845
-261473
-247691
-245453
-243450
-241757
-241741
-233337
-231123
-217155
-213002
-209841
-205648
-202890
-199943
-189980
-188484
-188205
-188130
-187459
-186568
-185395
-183451
-179827
-177463
-177262
-148918
-147240
-141355
-134407
-130129
-129582
-114923
-106122
-97910
-95007
-92880
-91905
-91011
-87750
-86415
-83443
-81988
-81227
-81176
-80346
-75030
-67619
-66539
-58563
-56139
-56067
-53915
-52777
-51952
-47570
-47139
-40535
-27215
-26531
-21742
-11736
-11470
-6864
-5220
-1956
7447
13722
17518
19610
23794
37134
40220
53629
55086
63744
67333
74451
78481
80709
84680
91225
93269
96039
123904
125696
127398
127949
130220
140644
141938
149717
158958
167257
172202
181970
182199
183244
183455
184373
184441
184770
185148
186229
187279
188286
192435
193276
196357
198959
201941
204811
205178
208747
211864
225096
230495
237070
241645
244535
245413
250813
255471
259173
261839
269127
270465
271966
273388
284439
298513
302853
306317
308455
309756
311641
313488
314043
331942
333386
342482
359987
367365
368663
369293
371248
377229
388560
389433
392775
396712
397286
405390
412841
412936
420080
420283
420564
426513
429279
431359
431441
434785
436776
440512
446101
449667
450179
457227
464626
464677
472940
475410
475854
484224
493509
494849
497433
504545
505153
509325
513029
520806
520967
522192
536830
543007
545639
545897
547414
549569
555253
556287
559183
561079
565632
572658
579212
583917
595516
597925
598610
603439
604817
607436
607640
607660
607955
608837
609618
617807
631009
638412
645242
645376
647656
649738
661762
662592
668795
671346
678150
679534
686649
704343
704675
713209
716394
716416
718375
721471
722161
723647
730471
736063
736688
741269
741343
743178
743450
751422
752378
753420
753598
754036
754594
758874
762908
764449
767292
775168
777034
782020
785386
787728
789849
791163
804311
806592
812139
815944
816862
819279
821896
823715
829159
830947
845675
847132
849859
855081
857608
857970
858632
860766
872703
875876
877830
878573
880253
881594
882443
883809
884363
896038
897087
897362
898878
911765
913281
918827
927258
928460
934460
934845
942069
943000
943896
970779
971180
976179
980328
988768
989155
994358
1014192
1014435
1018069
1019561
1025307
1027742
1028874
1032498
1040055
1047189
1048263
1051452
1052064
1063487
1063968
1067600
1070647
1071192
1071967
1078308
1082052
1086289
1086655
1088506
1089843
1090793
1093247
1097016
1098725
1102945
1109407
1110062
1113392
1116440
1122533
1123044
1125238
1126547
1139902
1145303
1146141
1147449
1148734
1155808
1159768
1161721
1163771
1167236
1168897
1183784
1188176
1189550
1197639
1201051
1203447
1205489
1211182
1212739
1218487
1219058
1222107
1223691
1234109
1242306
1244518
1253541
1255591
1255703
1257823
1260378
1266191
1268005
1275607
1284959
1290573
1291462
1307667
1311178
1317100
1319486
1323102
1325499
1325660
1329752
1330976
1333178
1333905
1337526
1341309
1343681
1346315
1349551
1351754
1353871
1357283
1361264
1361597
1362767
1363480
1370050
1372080
1374495
1374759
1378561
1386116
1386858
1389776
1390421
1393971
1398435
1400612
1403993
1404105
1407178
1415533
1419151
1419530
1420632
1428277
1432386
1433824
1441787
1447610
1448363
1449117
1456497
1459856
1466774
1469643
1469839
1471267
1473559
1480242
1482970
1483824
1483865
1487127
1487873
1494000
1496008
1496935
1505751
1512857
1514887
1516626
1519478
1525380
1525642
1525866
1533619
1538670
1546398
1548631
1551029
1556334
1557252
1557941
1559408
1559415
1560042
1583733
1584751
1588917
1595895
1597005
1600756
1607690
1609389
1612536
1614780
1622761
1625540
1626302
1628703
1632900
1633907
1635122
1642667
1644212
1653099
1654369
1658826
1661622
1663670
1666022
1667155
1668517
1674163
1675299
1679782
1683989
1683998
1690148
1690705
1693819
1696774
1702854
1705954
1709963
1710824
1710937
1712127
1716416
1721152
1721432
1722751
1728135
1728785
1735374
1736635
1739627
1742168
1745791
1748860
1751064
1753923
1762050
1763834
1766317
1769086
1771567
1771921
1778826
1790872
1795925
1796868
1801693
1802153
1809633
1811409
1824674
1839456
1846100
1846667
1851129
1852693
1861558
1865161
1870200
1870320
1873994
1876448
1883866
1895869
1899629
1901783
1910340
1912204
1914289
1914326
1914620
1916630
1917635
1926206
1928023
1928424
1928977
1930577
1930871
1935483
1935969
1939052
1941525
1942284
1944039
1944567
1956092
1956227
1958563
1964261
1975323
1984327
1986915
1997110
1998788
