-1999453
-1984909
-1975554
-1975371
-1973196
-1968960
-1964445
-1959141
-1954937
-1954082
-1953814
-1953016
-1952225
-1951880
-1949237
-1944284
-1931958
-1928358
-1926957
-1920121
-1917225
-1907963
-1898987
-1896361
-1883655
-1874369
-1870940
-1865372
-1860149
-1852992
-1850940
-1848819
-1845154
-1838931
-1835934
-1831414
-1830426
-1828137
-1823559
-1822610
-1818600
-1816560
-1811665
-1805020
-1805003
-1798072
-1796003
-1790582
-1790537
-1784805
-1779097
-1777693
-1777662
-1769195
-1755468
-1753643
-1750663
-1750275
-1747807
-1747497
-1747235
-1740994
-1740613
-1735374
-1732267
-1715418
-1707873
-1705082
-1702344
-1699352
-1693355
-1686059
-1680067
-1676477
-1673087
-1671410
-1668445
-1659305
-1643381
-1639010
-1636646
-1634221
-1629375
-1628284
-1625410
-1625351
-1624481
-1622754
-1622368
-1620798
-1610702
-1601439
-1598970
-1594190
-1589172
-1586107
-1584364
-1581145
-1579784
-1578695
-1578513
-1576264
-1563068
-1556346
-1552615
-1546604
-1538451
-1536907
-1530851
-1526618
-1523477
-1504635
-1503136
-1502400
-1501643
-1499414
-1496731
-1495543
-1493505
-1492946
-1486822
-1482997
-1475200
-1473787
-1473425
-1463711
-1457406
-1456339
-1456045
-1453526
-1448351
-1446378
-1444307
-1441927
-1436504
-1431870
-1431496
-1428199
-1427082
-1424297
-1417600
-1417563
-1414585
-1414053
-1408757
-1406111
-1405005
-1402171
-1398707
-1398701
-1390330
-1383770
-1379450
-1377063
-1363643
-1360902
-1355584
-1353750
-1348986
-1346387
-1337220
-1336679
-1333018
-1325628
-1321697
-1315388
-1309772
-1308169
-1307111
-1306306
-1298452
-1291007
-1288845
-1286943
-1278657
-1271637
-1262408
-1262169
-1257360
-1251067
-1245240
-1244843
-1241338
-1236649
-1232113
-1219173
-1215579
-1210135
-1203069
-1202315
-1197294
-1196419
-1188231
-1188162
-1179180
-1178051
-1174892
-1174672
-1169073
-1166797
-1166524
-1166221
-1163259
-1160157
-1159979
-1158915
-1149273
-1147512
-1147447
-1140682
-1138120
-1134276
-1132177
-1130362
-1125985
-1117874
-1117110
-1113074
-1110107
-1108437
-1105370
-1105214
-1098562
-1095555
-1093467
-1086174
-1084931
-1073369
-1069183
-1068375
-1065649
-1059865
-1058844
-1048273
-1046033
-1042321
-1040906
-1040416
-1031948
-1028522
-1027163
-1026206
-1025735
-1024942
-1023918
-1023912
-1014347
-1009220
-1002427
-1002115
-985607
-984582
-979513
-978750
-973247
-970602
-969918
-962231
-961152
-947803
-944077
-942653
-939901
-935448
-935379
-934561
-924757
-917290
-911586
-910531
-906876
-906087
-887441
-887195
-880922
-877789
-873852
-870942
-869666
-869449
-865805
-865331
-859650
-859123
-857985
-852171
-849818
-848215
-842893
-842294
-841882
-841243
-840008
-838237
-826633
-821910
-815834
-813405
-809751
-809688
-803715
-803597
-801230
-801080
-796656
-791687
-787840
-777977
-776956
-770618
-767921
-757925
-752219
-751900
-751484
-747832
-738892
-737941
-736403
-732514
-730996
-730992
-730364
-730195
-689221
-684080
-682786
-682761
-680888
-672065
-671296
-669948
-658570
-652929
-647439
-638259
-637287
-636959
-629137
-620038
-615506
-614131
-608832
-605872
-599020
-596739
-588124
-580322
-572025
-570623
-567080
-565447
-549524
-545840
-543586
-538121
-534095
-525287
-517040
-516832
-515635
-512684
-510926
-506344
-499091
-498805
-494090
-494027
-493803
-493233
-490504
-483053
-482985
-482615
-470338
-466992
-463098
-458973
-458613
-457696
-450225
-448113
-437868
-434808
-429084
-426259
-425773
-422250
-415114
-411861
-404915
-401454
-399286
-399158
-396634
-393050
-390794
-389044
-383189
-378040
-377346
-376096
-373833
-373552
-373469
-359325
-353721
-351628
-340908
-339771
-327104
-323039
-315917
-311586
-286995
-285460
-284963
-281395
-271819
-271674
-270740
-262536
-259481
-259236
-258194
-253130
-250545
-248987
-242917
-240711
-239462
-239186
-236797
-225837
-220686
-210888
-210404
-208271
-207432
-206504
-203395
-202210
-194295
-193499
-185082
-184139
-183316
-178252
-177122
-169496
-166089
-157516
-150558
-143439
-141519
-140780
-140690
-135091
-133501
-130062
-127665
-123884
-108508
-104778
-104222
-102100
-98999
-95251
-94867
-92842
-92516
-91284
-84105
-81279
-77823
-77047
-75511
-73893
-70211
-66966
-66719
-63207
-58700
-57608
-52761
-50244
-46148
-30239
-27802
-19269
-18511
2196
2220
7640
7770
11391
12310
13386
18254
19918
20020
20576
24606
29703
30313
32552
35627
47119
47920
58233
61383
71349
72812
73931
76226
83024
94200
102265
113411
114000
114460
115760
120430
125287
131374
136446
137771
138019
147898
152339
161924
173926
176085
185359
188047
191085
194681
195050
198841
200354
200740
204539
205861
210187
211164
228437
229297
235166
241284
241949
244287
247604
250195
250233
252795
254017
257707
258487
258649
259013
259767
266593
273834
274164
277061
281911
283109
287983
293947
294747
296557
301556
304149
307467
307524
314858
315231
333697
341597
344158
344349
351344
352924
356264
358187
363116
365928
370052
373680
376953
384433
384542
392035
393763
394010
397366
399846
406083
410808
411260
412748
421277
424361
426851
429150
430523
431685
434620
446812
455256
458782
459581
463337
467679
484107
484678
486630
486969
487044
490669
491648
492299
494272
500046
503317
504907
511041
513625
515095
515577
515685
518153
519990
524429
524859
528324
529044
529220
529555
533372
534334
540764
541536
550174
551263
553160
553467
554904
557955
560089
564787
564835
571709
575072
579192
580031
586716
587497
591530
594988
598617
599730
601110
601903
602269
603893
606466
611947
624171
628522
630285
633836
638251
638419
638440
640973
641038
643646
650862
654445
658976
661796
662688
664882
675182
679158
683680
684702
685319
687547
687760
687931
689141
689923
690757
709939
717453
735875
737297
737593
739993
753053
760526
762163
770932
771558
776621
796263
797414
798893
809852
811237
814388
817314
817823
822650
824104
827147
836097
841595
843011
848617
848995
853369
855642
874847
877131
878013
886712
899243
906223
916141
928275
932144
935466
950351
951042
957298
960941
961818
963622
963783
973828
976667
983075
985068
990727
991475
995703
1004383
1010937
1024039
1024808
1031686
1031721
1035369
1043850
1046877
1048783
1049270
1053837
1054294
1057639
1059727
1070337
1072892
1073301
1077936
1083229
1083414
1087049
1087268
1090133
1090546
1091369
1096436
1104143
1106141
1110799
1116245
1119962
1130574
1141378
1141446
1145083
1145943
1146163
1146356
1151359
1157961
1163602
1166324
1169396
1170061
1170085
1171163
1171851
1178111
1191584
1201460
1202278
1205812
1207227
1213174
1219846
1221115
1227081
1235113
1243219
1255045
1259989
1260902
1261132
1261421
1264432
1268746
1274757
1278584
1279034
1289992
1296690
1307490
1316020
1317836
1318423
1318732
1320047
1328628
1329762
1330718
1331707
1334735
1335676
1339087
1343663
1350776
1362327
1367234
1367653
1378868
1382540
1394819
1397647
1399733
1400428
1404419
1405090
1407824
1413921
1422645
1422715
1424186
1424708
1429442
1429532
1435347
1435460
1452594
1453724
1461855
1475256
1476160
1479283
1483126
1486102
1489641
1492548
1492877
1498835
1500343
1503601
1512789
1515242
1518530
1528186
1529935
1531409
1532993
1537929
1538300
1539919
1541931
1545986
1553796
1559736
1560908
1565835
1572535
1577904
1582028
1584214
1587932
1589754
1589757
1594169
1595793
1603223
1611359
1612462
1612742
1613334
1617427
1631142
1634476
1635287
1644034
1644041
1650629
1658612
1658649
1664131
1665612
1666946
1670313
1675351
1683119
1683467
1688862
1690040
1690266
1690670
1694807
1697767
1708368
1708678
1713082
1717635
1717984
1724560
1725624
1726117
1728976
1734952
1749959
1753186
1758125
1760345
1769727
1770691
1771503
1775227
1777056
1778408
1778987
1781657
1783351
1785359
1789723
1792994
1795336
1800735
1802195
1804003
1818908
1829757
1832074
1833041
1833456
1837213
1839383
1843737
1857026
1874992
1878027
1878685
1879436
1879761
1880388
1890877
1896199
1897504
1900809
1901413
1901590
1904786
1907707
1915088
1916954
1918439
1919157
1922328
1923962
1925306
1937398
1938140
1938603
1941344
1946174
1946923
1951123
1956931
1959275
1964301
1969869
1970475
1971575
1984201
1984798
1995116
1996238
