-1995446
-1994968
-1993150
-1986577
-1985668
-1971215
-1959217
-1957355
-1950318
-1946825
-1939653
-1933165
-1928302
-1928020
-1925504
-1922829
-1921445
-1918981
-1915428
-1913626
-1913470
-1912041
-1912027
-1911053
-1908785
-1906358
-1895861
-1890942
-1887256
-1878635
-1877318
-1875141
-1865806
-1863260
-1861398
-1856230
-1854403
-1851311
-1850367
-1847589
-1840110
-1838411
-1837441
-1832004
-1829934
-1828870
-1823450
-1815057
-1813459
-1810050
-1805047
-1799480
-1798855
-1794799
-1784565
-1765022
-1755883
-1749548
-1747017
-1732951
-1731774
-1730601
-1723242
-1717879
-1717359
-1717323
-1712605
-1707519
-1703748
-1703666
-1702747
-1701183
-1698304
-1696227
-1695102
-1695021
-1689854
-1685581
-1684621
-1683358
-1673677
-1673027
-1668108
-1663498
-1662518
-1661996
-1661862
-1652746
-1650402
-1649709
-1647356
-1646090
-1638018
-1635206
-1634315
-1631662
-1625768
-1623296
-1622378
-1618628
-1617739
-1617386
-1616154
-1610930
-1604937
-1596787
-1591104
-1590130
-1583404
-1577034
-1570595
-1568598
-1561077
-1547319
-1545783
-1544316
-1537885
-1535445
-1534067
-1533097
-1532109
-1531494
-1528220
-1526951
-1524724
-1517375
-1507074
-1501561
-1499485
-1494296
-1492973
-1491124
-1490143
-1482182
-1482098
-1474154
-1473934
-1472493
-1472176
-1470294
-1465562
-1460975
-1454459
-1453430
-1451854
-1451256
-1447846
-1447758
-1444838
-1441996
-1437201
-1436877
-1420767
-1418029
-1417918
-1402185
-1392173
-1388664
-1387906
-1386471
-1376069
-1366040
-1353864
-1353472
-1353449
-1349485
-1345765
-1345361
-1344391
-1343897
-1342554
-1341133
-1326938
-1322872
-1321291
-1321086
-1317403
-1316549
-1315303
-1306972
-1305053
-1300394
-1297576
-1292510
-1287978
-1287018
-1286573
-1279522
-1277932
-1275397
-1273280
-1273183
-1271453
-1269578
-1261789
-1261414
-1255367
-1244552
-1227208
-1226963
-1226508
-1224663
-1224172
-1222643
-1220632
-1206767
-1196199
-1190249
-1178821
-1178154
-1173453
-1166168
-1164441
-1163097
-1156428
-1153694
-1153655
-1152175
-1147990
-1145908
-1144000
-1143656
-1131252
-1128347
-1127287
-1127020
-1120272
-1120034
-1112336
-1105909
-1102066
-1091365
-1088072
-1087465
-1080009
-1072920
-1064301
-1063308
-1057623
-1049361
-1045815
-1043611
-1036724
-1035751
-1034696
-1032212
-1028683
-1022805
-1019323
-1018873
-1007011
-998615
-978402
-977877
-976679
-975458
-964623
-963572
-962990
-962336
-959321
-956467
-955041
-945342
-944017
-930839
-921148
-918898
-907882
-901329
-881468
-880718
-879147
-878266
-876333
-868098
-867501
-866067
-859994
-859610
-859033
-858850
-857442
-850201
-845439
-845409
-845072
-836784
-831277
-831185
-826548
-821939
-814561
-811147
-807943
-797760
-792091
-790458
-778267
-771337
-769156
-766866
-766658
-765340
-756840
-750504
-749139
-748289
-746023
-745303
-742501
-738164
-733102
-731813
-729059
-713747
-705972
-701202
-700235
-699887
-678829
-678696
-675252
-674279
-671629
-654762
-653379
-643873
-639775
-635135
-626177
-624174
-619100
-618212
-618210
-607800
-607257
-596087
-595877
-592675
-592325
-589061
-588456
-582433
-573677
-571812
-571259
-569585
-569207
-565779
-555033
-549213
-544267
-543153
-540479
-539762
-525904
-523984
-511053
-510683
-509900
-506034
-505638
-504767
-501896
-497070
-479104
-478541
-473609
-468229
-463711
-463481
-463054
-449355
-444649
-439312
-430198
-428660
-427470
-426630
-418903
-414892
-409346
-406246
-400582
-398542
-396656
-394563
-393483
-393235
-392620
-390500
-384279
-377288
-376542
-372887
-372571
-367707
-364538
-354491
-349995
-347919
-346407
-341642
-337227
-334637
-327482
-326695
-324400
-319728
-318268
-309575
-308330
-306066
-299125
-291491
-282383
-278498
-274710
-271511
-264335
-263953
-257305
-255516
-246465
-242849
-242709
-238648
-236200
-233523
-232977
-217089
-214088
-207361
-206093
-203299
-200920
-199280
-193942
-180895
-179380
-178330
-177877
-172672
-171023
-158298
-154396
-143777
-141924
-137610
-134675
-134171
-132938
-131747
-130911
-130536
-129014
-126580
-118365
-108792
-108593
-108167
-108030
-103666
-97930
-97866
-88514
-83573
-76478
-75864
-75143
-72495
-65157
-62743
-58794
-58686
-56603
-53569
-52211
-40588
-36426
-33541
-27595
-24414
-19901
-19296
-13182
-11512
-11304
-7328
-7040
-4336
-3447
6458
7544
13943
19344
19787
21900
22448
25171
38507
44861
45108
45374
47594
48346
48727
59262
60713
62549
65395
65450
67113
68008
71702
76847
80261
81720
83630
85208
89141
90225
92615
93657
96049
102950
118823
120511
129217
132217
141103
146131
148089
155050
156469
164241
165524
165806
174113
175759
176063
186813
191499
196677
208429
209552
211880
212475
213648
214768
229467
230264
231363
234115
234172
239564
245451
245704
251873
252567
255812
258070
261662
265091
267827
276364
285852
289616
300489
301629
313471
314232
315833
316566
317031
320715
336428
338148
342330
344280
346149
347265
347573
351127
359361
360137
363851
364256
378647
386914
391399
392141
393719
396149
396476
403782
409589
410555
411042
417518
420598
421477
421914
422194
424260
425084
429684
429699
430948
432808
451404
461374
465475
471761
473121
482883
482952
485410
485840
498443
502531
510018
517459
520534
521426
526217
528856
529468
537051
549665
551396
559878
561764
561813
561828
566210
569654
579071
580536
581298
583558
586061
588485
593616
594342
603614
609322
609502
612508
614286
617297
620512
621035
621410
633317
633747
639720
657657
666487
671067
672733
680658
685936
686046
687150
687381
692782
694012
695148
698539
699546
700567
707162
708228
710965
713831
718873
719217
727119
738642
739460
744631
745744
747146
747592
747781
750021
750577
753624
753738
756810
766691
798724
801956
804131
805109
809665
813401
813543
815336
816013
818715
819956
820167
820762
821868
822073
826458
827512
831701
835056
839785
843172
850183
851651
856443
868694
871686
876951
882531
885281
886311
894367
900719
904053
918133
921485
921827
923967
927014
927561
929460
932670
945155
949947
950698
951856
967183
969203
976749
976990
979530
987274
988907
994754
995044
995907
1006681
1006812
1007171
1007809
1022486
1025913
1031985
1035100
1042854
1043501
1047096
1050871
1051574
1053844
1056546
1059773
1068254
1070659
1072976
1073309
1074429
1077363
1083301
1084818
1088827
1100237
1101017
1103319
1105254
1118948
1120604
1123233
1128493
1136160
1152841
1160639
1160986
1161430
1162582
1163437
1169266
1174556
1175776
1176265
1178501
1182936
1182997
1183302
1187567
1190842
1190881
1194158
1196039
1200326
1203746
1213023
1213949
1214610
1217340
1219668
1221636
1227513
1239722
1240666
1241386
1244747
1244987
1250516
1262473
1264195
1269887
1276302
1282439
1284278
1286654
1291037
1292492
1297164
1297575
1297689
1300093
1303747
1304088
1307285
1310706
1312933
1313612
1317993
1318250
1319092
1328857
1338728
1340898
1345254
1347541
1349990
1357426
1364312
1368900
1370298
1375162
1378417
1384200
1388890
1392288
1395655
1416098
1429816
1432805
1441042
1443584
1449541
1451993
1454280
1455694
1457118
1461491
1461540
1468192
1473438
1476518
1477820
1478730
1482547
1483070
1489817
1495799
1501382
1501874
1512080
1515399
1528523
1532807
1537153
1541262
1544751
1547976
1549067
1552299
1561990
1563836
1568962
1570976
1571701
1577972
1591135
1592205
1594429
1599069
1602025
1617192
1622836
1626647
1627988
1628404
1630163
1630551
1633403
1633686
1635521
1639723
1641221
1643244
1645306
1649825
1658757
1659761
1662043
1664681
1666373
1669951
1670651
1673683
1674821
1679375
1681217
1683405
1688379
1691597
1692016
1694072
1697255
1711350
1718330
1726764
1726892
1728692
1729422
1732499
1735507
1738938
1744654
1748689
1749864
1752007
1754241
1760909
1763429
1766291
1769424
1769855
1774597
1785944
1788578
1792011
1795037
1795049
1805869
1806651
1808179
1818465
1819526
1824581
1828393
1832579
1836239
1842720
1843520
1850724
1850855
1853028
1855025
1863924
1863991
1866335
1871536
1876077
1877818
1883257
1883762
1893598
1895605
1900531
1904728
1907840
1910759
1930020
1934885
1935477
1940237
1950632
1950909
1952005
1954797
1960531
1973671
1975002
1976487
1983906
1988618
1990412
1992333
