-1998438
-1997851
-1997353
-1995484
-1984862
-1984675
-1984230
-1983108
-1980126
-1978543
-1977749
-1971363
-1968919
-1962059
-1959735
-1959589
-1948245
-1945907
-1945522
-1927848
-1925885
-1924402
-1913928
-1907477
-1897319
-1892296
-1885741
-1855734
-1846708
-1842987
-1840972
-1833907
-1831331
-1831066
-1830270
-1825290
-1824903
-1824294
-1822291
-1821189
-1812454
-1806285
-1803398
-1797844
-1792891
-1791008
-1777670
-1773609
-1762801
-1762472
-1760833
-1759251
-1755547
-1751773
-1749139
-1743976
-1740675
-1739896
-1736791
-1726842
-1726336
-1725899
-1723145
-1716100
-1714490
-1710194
-1703756
-1701497
-1696363
-1695392
-1691696
-1684125
-1683290
-1682613
-1676855
-1670629
-1670009
-1666219
-1661940
-1661893
-1659858
-1649018
-1643417
-1639454
-1639182
-1637812
-1633314
-1631647
-1631582
-1631495
-1625893
-1625277
-1623054
-1620865
-1616220
-1615971
-1615896
-1615736
-1612353
-1611171
-1604103
-1594140
-1593100
-1590983
-1590299
-1587248
-1586467
-1585047
-1581929
-1571421
-1569284
-1565635
-1559609
-1552129
-1549861
-1545016
-1542285
-1542091
-1538936
-1537846
-1531505
-1521589
-1521252
-1507871
-1506420
-1504378
-1494976
-1493038
-1476609
-1475931
-1475155
-1468099
-1464566
-1447895
-1447317
-1445574
-1445318
-1444760
-1439219
-1435580
-1435361
-1434163
-1430648
-1428485
-1412360
-1409634
-1399813
-1390085
-1384614
-1383173
-1373390
-1372420
-1362483
-1357942
-1357536
-1354813
-1354723
-1350796
-1339014
-1329572
-1322995
-1319827
-1318679
-1317606
-1316598
-1312791
-1311490
-1285874
-1283255
-1280898
-1279984
-1275221
-1271913
-1271565
-1264451
-1260750
-1256216
-1254829
-1242190
-1240754
-1240501
-1235387
-1235148
-1234248
-1228061
-1217931
-1214453
-1205870
-1204376
-1190965
-1182783
-1182044
-1173070
-1171657
-1170143
-1163242
-1162907
-1156946
-1152191
-1115946
-1115924
-1113507
-1112692
-1110155
-1108195
-1104615
-1103681
-1087369
-1085212
-1081744
-1081017
-1079332
-1077016
-1076927
-1076258
-1075758
-1070128
-1067367
-1066592
-1062425
-1062136
-1057800
-1053409
-1053290
-1043058
-1042296
-1042149
-1032296
-1028675
-1027610
-1026316
-1015191
-1012412
-1004959
-1004374
-999737
-999228
-998496
-998382
-997276
-984999
-975434
-965732
-961098
-960232
-958152
-952707
-951197
-950849
-949603
-947321
-936593
-929941
-928750
-919158
-918905
-918122
-914314
-908099
-908028
-906203
-904759
-888525
-887480
-882235
-877419
-876843
-869565
-868170
-867980
-865706
-859578
-853820
-848288
-845665
-843516
-837364
-832533
-828485
-820407
-820312
-817986
-816088
-814168
-813439
-805203
-781581
-772712
-761920
-759630
-759228
-757113
-753900
-747938
-747549
-746593
-745737
-745137
-744840
-744184
-743978
-740337
-736260
-734283
-728948
-727230
-724699
-721516
-713222
-709926
-708869
-706716
-703741
-700695
-698676
-695508
-690620
-686280
-684936
-678466
-677500
-675388
-673861
-669794
-666353
-663714
-656617
-655268
-646764
-645280
-640651
-638120
-622476
-620920
-618702
-617570
-614113
-607946
-606171
-603994
-594660
-593157
-586637
-585710
-580271
-577540
-576764
-571135
-566678
-560985
-560518
-557328
-546328
-544877
-542402
-536879
-536209
-533897
-531049
-529146
-528626
-525012
-521871
-521082
-507397
-506853
-505827
-494695
-487799
-486694
-485871
-483836
-483621
-475300
-473247
-473209
-467386
-466216
-466023
-457199
-454698
-453680
-453618
-452805
-445959
-443939
-443734
-439804
-435782
-433570
-428668
-425551
-422506
-407928
-402263
-396583
-393839
-385988
-384395
-383588
-378704
-374806
-371832
-370803
-368955
-365189
-364217
-360212
-348547
-348321
-345030
-337881
-327772
-321774
-321142
-316810
-312838
-311141
-308567
-300827
-297887
-294798
-294636
-291488
-287758
-285827
-284681
-277020
-276990
-270902
-270408
-257480
-250302
-238096
-231502
-222107
-217605
-213156
-205503
-201889
-200426
-198273
-197089
-179956
-179310
-174588
-174098
-171302
-162751
-160551
-159279
-158885
-158496
-155218
-153770
-146326
-144404
-142455
-139487
-138633
-134473
-129257
-127286
-122798
-120089
-103984
-100244
-98938
-97391
-88749
-88628
-84429
-84374
-80923
-76360
-75849
-73731
-67951
-67155
-65743
-53124
-50345
-42930
-39939
-37500
-35587
-34537
-14876
-13015
-8236
-7992
-6903
-5947
-2626
-1426
12604
15296
17250
18010
18050
18165
30950
34772
35850
43992
50276
50469
57045
57085
61958
72680
79185
79456
82527
82625
86123
86725
88055
88189
91395
92902
94313
98662
99126
103409
114378
115811
115889
116907
118853
123624
126843
127822
133177
135037
141371
141923
144852
145109
146684
149723
155981
159532
167748
167814
173902
178477
179332
180013
188902
191515
197763
198884
198988
208247
216434
216686
218873
222286
225827
232636
232992
244210
246986
251136
255561
257618
265797
266729
271187
277238
277967
279675
284201
285628
286018
287279
288340
289876
293985
294208
294237
296346
303058
304391
311024
327304
333524
333721
334424
339838
347221
376844
383311
385788
386013
389726
390969
391955
395228
396040
401987
402220
405563
413480
414140
419260
419846
420373
422992
423203
429587
430611
430776
435408
435755
436738
438892
439631
442075
444560
449640
451365
456599
457528
457888
459325
461197
465487
466882
468458
469542
470394
471911
478672
484906
489584
489703
495823
503259
505255
508116
510290
520408
529745
533626
545359
546316
552241
553357
560504
566596
576097
584980
605336
610008
617029
621184
621462
626672
632534
639173
643281
648535
648936
655172
659372
659736
660961
660967
661769
664067
666666
672015
675747
677257
678379
689866
691106
691980
693078
699350
706005
707049
711210
713809
716449
719931
722565
723659
724735
726851
728081
733492
735092
736308
738229
738291
757954
760251
761552
762967
766146
771368
779711
787012
787680
791006
800813
801525
803123
805802
808087
808631
813919
821569
822876
829648
833915
840462
845450
851116
851925
851985
856610
856719
857038
864024
864259
869493
870144
875366
875871
878715
885733
885757
891175
892486
894218
899153
902294
905313
908471
908896
911118
912215
914540
916083
926443
926527
927301
931203
933539
937586
942373
945631
947942
956985
957656
965038
967121
968400
971870
981358
988262
1000417
1013575
1013616
1025366
1029438
1029503
1035014
1036680
1039649
1041843
1049640
1051240
1056057
1057784
1060453
1061836
1061951
1065597
1069177
1076450
1077375
1081840
1086434
1089947
1098125
1106217
1111731
1119876
1132992
1135382
1137866
1138072
1140333
1159899
1163617
1167770
1168993
1170251
1173109
1174693
1189005
1195838
1197963
1198928
1204974
1207513
1217880
1217900
1219248
1222621
1233433
1235908
1236312
1239511
1240855
1241587
1244344
1245190
1264452
1267785
1271657
1277698
1278884
1279898
1287044
1289723
1291299
1293575
1296383
1298889
1298951
1302874
1307991
1321746
1325634
1328052
1336697
1342164
1349972
1349987
1355020
1358372
1364057
1365877
1366393
1368035
1374605
1375689
1376939
1383195
1387881
1388874
1393663
1401049
1406305
1407631
1418665
1424030
1424368
1426577
1427149
1430757
1447048
1447182
1451420
1457186
1459678
1463338
1465474
1466378
1469655
1476653
1479441
1479601
1479627
1484728
1485444
1500196
1503771
1511261
1523574
1523744
1529491
1532415
1539928
1541773
1556056
1556205
1567965
1570977
1575436
1586062
1590941
1601313
1604988
1606340
1614433
1620005
1622363
1626375
1633779
1641778
1652620
1654693
1662959
1670336
1670796
1684271
1701136
1701818
1703771
1707345
1708904
1710079
1712885
1722815
1724532
1727222
1729380
1729619
1731690
1733146
1733352
1734634
1735795
1745947
1751538
1757387
1759303
1763726
1770706
1772704
1772893
1774046
1774947
1776334
1778202
1782466
1783138
1783171
1783742
1785994
1786569
1788072
1789558
1798475
1811662
1817523
1819527
1824540
1827870
1829375
1832272
1834211
1834356
1835760
1836786
1838326
1838661
1838975
1844687
1850558
1850787
1854934
1868388
1872515
1874680
1881164
1883918
1884722
1888846
1902816
1911848
1930063
1931110
1938918
1939239
1940606
1942268
1944025
1946456
1953726
1956327
1959809
1967576
1972405
1972640
1974956
1984516
1985929
1992462
1993202
1995291
1995624
1996554
